3 0.9880208333333333 0.37037037037037035 0.023958333333333335 0.03148148148148148
3 0.9760416666666667 0.33240740740740743 0.04791666666666667 0.025925925925925925
3 0.9421296296296295 0.30807291666666664 0.05092592592592592 0.0265625
3 0.9791666666666666 0.28055555555555556 0.041666666666666664 0.020370370370370372
3 0.9347222222222221 0.28541666666666665 0.041666666666666664 0.016666666666666666
3 0.8513888888888889 0.28541666666666665 0.03796296296296296 0.020833333333333332
3 0.7240740740740741 0.30442708333333335 0.04259259259259259 0.0265625
3 0.7606481481481481 0.26197916666666665 0.03796296296296296 0.01875
3 0.7217592592592592 0.22526041666666666 0.0287037037037037 0.016145833333333335
3 0.8319444444444444 0.25885416666666666 0.03425925925925925 0.019791666666666666
3 0.9277777777777777 0.240625 0.03148148148148148 0.016666666666666666
3 0.9074074074074073 0.22291666666666668 0.029629629629629627 0.0125
2 0.9004629629629629 0.20651041666666667 0.04351851851851852 0.0296875
3 0.023958333333333335 0.1439814814814815 0.04791666666666667 0.009259259259259259
3 0.09444444444444443 0.14322916666666666 0.0574074074074074 0.010416666666666666
3 0.38101851851851853 0.14088541666666668 0.047222222222222214 0.0078125
3 0.36527777777777776 0.14401041666666667 0.045370370370370366 0.008854166666666666
3 0.10601851851851851 0.20130208333333333 0.06203703703703703 0.009895833333333333
3 0.1449074074074074 0.19661458333333334 0.05648148148148148 0.009895833333333333
3 0.24768518518518517 0.19401041666666666 0.054629629629629625 0.009895833333333333
11 0.4921296296296296 0.19088541666666667 0.04351851851851852 0.013020833333333334
3 0.5388888888888889 0.19296875 0.04814814814814815 0.009895833333333333
3 0.8189814814814814 0.23489583333333333 0.02685185185185185 0.0125
3 0.8166666666666667 0.22395833333333334 0.02592592592592592 0.008333333333333333
3 0.8106481481481481 0.2171875 0.025 0.011458333333333333
3 0.8064814814814815 0.21015625 0.024074074074074074 0.009895833333333333
3 0.9037037037037037 0.26536458333333335 0.04259259259259259 0.0203125
3 0.8939814814814814 0.25390625 0.03796296296296296 0.015104166666666667
3 0.8810185185185184 0.24244791666666668 0.0287037037037037 0.0140625
3 0.8768518518518518 0.2328125 0.027777777777777776 0.011458333333333333
3 0.8680555555555555 0.22682291666666668 0.02685185185185185 0.011979166666666667
3 0.861574074074074 0.21875 0.02685185185185185 0.011458333333333333
3 0.8537037037037037 0.20911458333333333 0.024074074074074074 0.0109375
3 0.798148148148148 0.16328125 0.016666666666666666 0.0067708333333333336
3 0.8453703703703703 0.16302083333333334 0.03333333333333333 0.00625
3 0.8819444444444444 0.16354166666666667 0.03611111111111111 0.007291666666666667
11 0.7518518518518518 0.16692708333333334 0.01851851851851852 0.008854166666666666
11 0.7171296296296297 0.13645833333333332 0.03981481481481482 0.011458333333333333
3 0.7199074074074073 0.14010416666666667 0.04351851851851852 0.008333333333333333
3 0.6449074074074074 0.13958333333333334 0.03796296296296296 0.010416666666666666
3 0.8092592592592591 0.140625 0.04259259259259259 0.007291666666666667
3 0.8902777777777777 0.13776041666666666 0.041666666666666664 0.008854166666666666
3 0.7180555555555554 0.1265625 0.00648148148148148 0.003125
3 0.7268518518518517 0.12317708333333334 0.007407407407407407 0.0036458333333333334
3 0.7800925925925924 0.12291666666666666 0.00648148148148148 0.0020833333333333333
4 0.6805555555555555 0.12005208333333334 0.01111111111111111 0.0078125
4 0.712037037037037 0.11276041666666667 0.029629629629629627 0.013020833333333334
4 0.7657407407407407 0.11588541666666667 0.01296296296296296 0.009895833333333333
4 0.8189814814814814 0.11901041666666666 0.041666666666666664 0.0140625
3 0.5837962962962963 0.18776041666666668 0.03796296296296296 0.009895833333333333
5 0.7208333333333333 0.203125 0.013888888888888888 0.00625
7 0.7199074074074073 0.20026041666666666 0.010185185185185184 0.008854166666666666
7 0.6375 0.29791666666666666 0.008333333333333333 0.01875
7 0.6481481481481481 0.29583333333333334 0.01111111111111111 0.019791666666666666
7 0.6615740740740741 0.29713541666666665 0.017592592592592594 0.0171875
5 0.6615740740740741 0.30182291666666666 0.012037037037037037 0.015104166666666667
1 0.8634259259259258 0.42083333333333334 0.01944444444444444 0.025
7 0.8657407407407407 0.41380208333333335 0.024074074074074074 0.0265625
5 0.9634259259259258 0.3770833333333333 0.032407407407407406 0.020833333333333332
7 0.9634259259259258 0.3731770833333333 0.0287037037037037 0.024479166666666666