3 0.8953703703703704 0.4375 0.04444444444444444 0.034375
3 0.9143518518518517 0.3875 0.047222222222222214 0.029166666666666667
3 0.984375 0.43287037037037035 0.03125 0.032407407407407406
3 0.8342592592592591 0.38645833333333335 0.03888888888888888 0.026041666666666668
3 0.9083333333333333 0.34609375 0.03703703703703704 0.0234375
3 0.8356481481481481 0.32838541666666665 0.03611111111111111 0.018229166666666668
3 0.9157407407407407 0.315625 0.029629629629629627 0.016666666666666666
3 0.8407407407407407 0.2903645833333333 0.029629629629629627 0.016145833333333335
3 0.9111111111111111 0.2872395833333333 0.029629629629629627 0.016145833333333335
3 0.9555555555555555 0.29401041666666666 0.029629629629629627 0.016145833333333335
3 0.9217592592592592 0.26015625 0.021296296296296296 0.013020833333333334
3 0.8421296296296296 0.26484375 0.021296296296296296 0.013020833333333334
3 0.8472222222222221 0.246875 0.02037037037037037 0.011458333333333333
2 0.8875 0.24192708333333332 0.03611111111111111 0.03697916666666667
3 0.7777777777777778 0.3684895833333333 0.03888888888888888 0.025520833333333333
3 0.7726851851851851 0.33958333333333335 0.03425925925925925 0.020833333333333332
3 0.7888888888888889 0.3184895833333333 0.03518518518518519 0.018229166666666668
3 0.7875 0.29973958333333334 0.030555555555555555 0.0171875
3 0.7967592592592592 0.28151041666666665 0.02685185185185185 0.015104166666666667
3 0.8009259259259258 0.26015625 0.024074074074074074 0.013020833333333334
3 0.8064814814814815 0.24739583333333334 0.02222222222222222 0.011458333333333333
3 0.812962962962963 0.23020833333333332 0.02037037037037037 0.011458333333333333
3 0.8453703703703703 0.234375 0.02037037037037037 0.009375
3 0.812962962962963 0.21432291666666667 0.01851851851851852 0.009895833333333333
3 0.8245370370370371 0.19479166666666667 0.01574074074074074 0.009375
3 0.7273148148148147 0.22005208333333334 0.021296296296296296 0.013020833333333334
3 0.7134259259259258 0.24375 0.025 0.013541666666666667
3 0.6439814814814814 0.28098958333333335 0.032407407407407406 0.0171875
3 0.5787037037037037 0.29739583333333336 0.03703703703703704 0.019791666666666666
3 0.5361111111111111 0.33203125 0.046296296296296294 0.024479166666666666
3 0.5537037037037037 0.35546875 0.04814814814814815 0.025520833333333333
3 0.6796296296296297 0.34661458333333334 0.046296296296296294 0.0265625
3 0.5791666666666667 0.41041666666666665 0.058333333333333334 0.03854166666666667
3 0.6097222222222222 0.46875 0.06388888888888888 0.04583333333333333
3 0.8893518518518518 0.5057291666666667 0.05092592592592592 0.05416666666666667
7 0.7550925925925925 0.5291666666666667 0.01944444444444444 0.03854166666666667
7 0.9472222222222222 0.5515625 0.02592592592592592 0.020833333333333332
7 0.9791666666666666 0.5520833333333334 0.025 0.019791666666666666
7 0.7453703703703703 0.5184895833333333 0.016666666666666666 0.034895833333333334
7 0.6828703703703703 0.5510416666666667 0.02685185185185185 0.021875
3 0.9189814814814814 0.22473958333333333 0.01944444444444444 0.0109375
3 0.9064814814814814 0.20833333333333334 0.02037037037037037 0.009375
3 0.9324074074074074 0.20989583333333334 0.01851851851851852 0.009375
3 0.9013888888888888 0.19895833333333332 0.017592592592592594 0.008333333333333333
3 0.8282407407407407 0.18359375 0.013888888888888888 0.0078125
3 0.7319444444444444 0.17421875 0.013888888888888888 0.0078125
3 0.8074074074074074 0.171875 0.02037037037037037 0.007291666666666667
3 0.8791666666666667 0.15338541666666666 0.010185185185185184 0.005729166666666666
3 0.8976851851851851 0.15104166666666666 0.010185185185185184 0.005208333333333333
3 0.8282407407407407 0.1390625 0.010185185185185184 0.005208333333333333
3 0.7861111111111111 0.11953125 0.005555555555555555 0.0026041666666666665
3 0.8245370370370371 0.13125 0.008333333333333333 0.004166666666666667
3 0.8569444444444444 0.14244791666666667 0.010185185185185184 0.005729166666666666
3 0.8416666666666667 0.13333333333333333 0.00925925925925926 0.005208333333333333
2 0.8800925925925925 0.21145833333333333 0.030555555555555555 0.025
2 0.7671296296296296 0.16197916666666667 0.05277777777777778 0.015625
2 0.6481481481481481 0.22864583333333333 0.046296296296296294 0.03958333333333333
3 0.8282407407407407 0.17708333333333334 0.013888888888888888 0.007291666666666667
3 0.8467592592592592 0.2140625 0.013888888888888888 0.009375
3 0.85 0.20911458333333333 0.016666666666666666 0.009895833333333333
3 0.8486111111111111 0.20338541666666668 0.017592592592592594 0.008854166666666666
3 0.85 0.196875 0.014814814814814814 0.008333333333333333
3 0.85 0.190625 0.014814814814814814 0.008333333333333333
3 0.8504629629629629 0.18671875 0.01574074074074074 0.0067708333333333336
3 0.8763888888888888 0.19765625 0.01574074074074074 0.0078125
3 0.874537037037037 0.19140625 0.01574074074074074 0.0078125
3 0.875 0.18671875 0.014814814814814814 0.0078125
3 0.6967592592592592 0.17578125 0.013888888888888888 0.0078125
3 0.6768518518518518 0.1671875 0.016666666666666666 0.008333333333333333
3 0.5393518518518517 0.21354166666666666 0.05092592592592592 0.009375
3 0.5412037037037037 0.2109375 0.05092592592592592 0.009375
3 0.5407407407407407 0.20833333333333334 0.04814814814814815 0.009375
3 0.5435185185185184 0.2046875 0.04814814814814815 0.009375
3 0.549074074074074 0.20338541666666668 0.05 0.0067708333333333336
3 0.5523148148148148 0.1984375 0.045370370370370366 0.008333333333333333
3 0.5722222222222222 0.19192708333333333 0.046296296296296294 0.0067708333333333336
3 0.5722222222222222 0.18984375 0.046296296296296294 0.0067708333333333336
3 0.5833333333333334 0.18828125 0.046296296296296294 0.0067708333333333336
3 0.5833333333333334 0.18411458333333333 0.046296296296296294 0.0067708333333333336
3 0.5916666666666667 0.18072916666666666 0.03703703703703704 0.00625
3 0.611574074074074 0.17291666666666666 0.03796296296296296 0.007291666666666667
3 0.6180555555555555 0.16875 0.03796296296296296 0.007291666666666667
3 0.624074074074074 0.165625 0.03333333333333333 0.00625
3 0.6078703703703704 0.16223958333333333 0.032407407407407406 0.005729166666666666
3 0.8101851851851851 0.15859375 0.016666666666666666 0.0067708333333333336
3 0.8162037037037037 0.15520833333333334 0.023148148148148147 0.00625
3 0.8018518518518518 0.15234375 0.01111111111111111 0.005729166666666666
3 0.8004629629629629 0.14817708333333332 0.012037037037037037 0.005729166666666666
3 0.7837962962962963 0.15260416666666668 0.012037037037037037 0.005208333333333333
3 0.7648148148148147 0.14869791666666668 0.01111111111111111 0.005729166666666666
3 0.7476851851851851 0.14895833333333333 0.012037037037037037 0.005208333333333333
3 0.7768518518518518 0.11979166666666667 0.007407407407407407 0.003125
3 0.8004629629629629 0.12109375 0.00648148148148148 0.0036458333333333334
3 0.8041666666666667 0.12864583333333332 0.010185185185185184 0.005208333333333333
3 0.8504629629629629 0.13854166666666667 0.010185185185185184 0.004166666666666667
3 0.8675925925925925 0.14765625 0.01296296296296296 0.005729166666666666
3 0.8810185185185184 0.14661458333333333 0.010185185185185184 0.0046875
3 0.8824074074074074 0.14375 0.02592592592592592 0.00625
2 0.8194444444444444 0.12239583333333333 0.014814814814814814 0.007291666666666667
4 0.7583333333333333 0.10625 0.07037037037037037 0.01875
3 0.9958333333333333 0.29074074074074074 0.008333333333333333 0.01574074074074074
7 0.9939814814814815 0.290625 0.00648148148148148 0.013541666666666667
2 0.9259259259259258 0.19088541666666667 0.029629629629629627 0.022395833333333334
3 0.8472222222222221 0.22109375 0.01851851851851852 0.009895833333333333
11 0.6685185185185184 0.30026041666666664 0.03518518518518519 0.0234375
7 0.3226851851851852 0.3578125 0.013888888888888888 0.019791666666666666
7 0.3 0.37578125 0.01111111111111111 0.018229166666666668
7 0.32037037037037036 0.38515625 0.01111111111111111 0.018229166666666668
7 0.312037037037037 0.37552083333333336 0.01111111111111111 0.01875
7 0.18425925925925926 0.39921875 0.01296296296296296 0.0171875
7 0.17037037037037037 0.39791666666666664 0.01111111111111111 0.01875
7 0.2546296296296296 0.35833333333333334 0.01111111111111111 0.01875
7 0.26666666666666666 0.35833333333333334 0.01111111111111111 0.01875
7 0.3254629629629629 0.33177083333333335 0.012037037037037037 0.017708333333333333
7 0.3384259259259259 0.33125 0.012037037037037037 0.016666666666666666
7 0.35277777777777775 0.35885416666666664 0.01111111111111111 0.017708333333333333
7 0.3449074074074074 0.359375 0.008333333333333333 0.016666666666666666
7 0.18287037037037035 0.5151041666666667 0.03611111111111111 0.034375
7 0.14583333333333334 0.5341145833333333 0.03981481481481482 0.03697916666666667
7 0.11435185185185184 0.5307291666666667 0.023148148148148147 0.034375
7 0.09444444444444443 0.49270833333333336 0.03148148148148148 0.03229166666666667
7 0.32175925925925924 0.5114583333333333 0.032407407407407406 0.036458333333333336
7 0.336574074074074 0.5067708333333333 0.02685185185185185 0.03125
7 0.029629629629629627 0.53203125 0.03703703703703704 0.0359375
1 0.3069444444444444 0.4140625 0.03425925925925925 0.014583333333333334
1 0.33194444444444443 0.4049479166666667 0.03425925925925925 0.0140625
1 0.36435185185185187 0.396875 0.030555555555555555 0.011458333333333333
1 0.3671296296296296 0.38125 0.03611111111111111 0.011458333333333333
1 0.32175925925925924 0.396875 0.03611111111111111 0.0125
1 0.34259259259259256 0.3919270833333333 0.02592592592592592 0.013020833333333334
4 0.39305555555555555 0.36432291666666666 0.04907407407407407 0.021354166666666667
7 0.3412037037037037 0.35234375 0.010185185185185184 0.016145833333333335
7 0.35138888888888886 0.3515625 0.010185185185185184 0.015625
7 0.29583333333333334 0.34010416666666665 0.012037037037037037 0.013541666666666667
7 0.3171296296296296 0.34375 0.012037037037037037 0.0125
7 0.34907407407407404 0.32317708333333334 0.01111111111111111 0.016145833333333335
7 0.31990740740740736 0.321875 0.012037037037037037 0.0125
7 0.34074074074074073 0.31744791666666666 0.01111111111111111 0.0109375
7 0.27731481481481485 0.3625 0.012037037037037037 0.013541666666666667
7 0.2300925925925926 0.38125 0.01574074074074074 0.016666666666666666
7 0.199537037037037 0.4010416666666667 0.01574074074074074 0.016666666666666666
7 0.13055555555555556 0.41848958333333336 0.02037037037037037 0.019270833333333334
7 0.08842592592592592 0.43854166666666666 0.01944444444444444 0.017708333333333333
1 0.1310185185185185 0.428125 0.02685185185185185 0.017708333333333333
1 0.199537037037037 0.4080729166666667 0.023148148148148147 0.015104166666666667
1 0.23055555555555554 0.38958333333333334 0.01851851851851852 0.014583333333333334
1 0.2972222222222222 0.3463541666666667 0.014814814814814814 0.011458333333333333
1 0.31759259259259254 0.3502604166666667 0.014814814814814814 0.011979166666666667
1 0.31666666666666665 0.32838541666666665 0.014814814814814814 0.0109375
1 0.34074074074074073 0.3221354166666667 0.01111111111111111 0.009895833333333333
5 0.2810185185185185 0.36822916666666666 0.01574074074074074 0.014583333333333334
7 0.10787037037037035 0.453125 0.01574074074074074 0.021875
7 0.09351851851851851 0.45338541666666665 0.01296296296296296 0.022395833333333334
4 0.9550925925925925 0.19088541666666667 0.01574074074074074 0.009895833333333333
4 0.9648148148148148 0.203125 0.029629629629629627 0.020833333333333332
4 0.9864583333333333 0.17962962962962964 0.027083333333333334 0.01574074074074074
4 1 0.19444444444444445 0 0.006481481481481481
4 0.9393518518518518 0.13541666666666666 0.06574074074074074 0.040625
7 0.5300925925925926 0.2872395833333333 0.008333333333333333 0.016145833333333335
7 0.562962962962963 0.2421875 0.007407407407407407 0.010416666666666666
1 0.562962962962963 0.24505208333333334 0.007407407407407407 0.008854166666666666
7 0.4476851851851852 0.23359375 0.00648148148148148 0.013020833333333334
7 0.4412037037037037 0.21145833333333333 0.00462962962962963 0.010416666666666666
7 0.42777777777777776 0.2125 0.005555555555555555 0.010416666666666666
7 0.4597222222222222 0.20052083333333334 0.00462962962962963 0.008333333333333333
7 0.49583333333333335 0.18854166666666666 0.00462962962962963 0.008333333333333333
7 0.5282407407407407 0.17760416666666667 0.00462962962962963 0.008333333333333333
7 0.5532407407407407 0.17265625 0.00462962962962963 0.0078125
7 0.5625 0.1734375 0.00462962962962963 0.008333333333333333
7 0.5467592592592593 0.17317708333333334 0.00462962962962963 0.0078125
7 0.5439814814814814 0.16588541666666667 0.00462962962962963 0.0078125
7 0.548611111111111 0.16119791666666666 0.00462962962962963 0.0078125
7 0.6300925925925925 0.19973958333333333 0.00462962962962963 0.0078125
7 0.6337962962962963 0.19401041666666666 0.00462962962962963 0.0078125
7 0.6180555555555555 0.18880208333333334 0.00462962962962963 0.0078125
7 0.5856481481481481 0.17109375 0.00462962962962963 0.0078125
7 0.561574074074074 0.16901041666666666 0.00462962962962963 0.0067708333333333336
7 0.5212962962962963 0.18984375 0.005555555555555555 0.0078125
7 0.5166666666666667 0.18984375 0.005555555555555555 0.0078125
4 0.6824074074074074 0.13854166666666667 0.03703703703703704 0.015625
2 0.7282407407407407 0.14375 0.017592592592592594 0.013541666666666667
3 0.4703703703703704 0.20651041666666667 0.02222222222222222 0.009895833333333333
7 0.6087962962962963 0.19817708333333334 0.00462962962962963 0.0078125
7 0.6180555555555555 0.19765625 0.00462962962962963 0.0078125
7 0.7143518518518518 0.18151041666666667 0.00462962962962963 0.0078125
7 0.7074074074074074 0.17890625 0.0037037037037037034 0.005729166666666666
7 0.6995370370370371 0.17916666666666667 0.00462962962962963 0.008333333333333333
3 0.8 0.14635416666666667 0.01111111111111111 0.005208333333333333
3 0.798611111111111 0.14270833333333333 0.012037037037037037 0.005208333333333333
3 0.7939814814814814 0.13984375 0.012037037037037037 0.005729166666666666
3 0.787037037037037 0.13697916666666668 0.01111111111111111 0.005208333333333333
3 0.7805555555555554 0.13177083333333334 0.01111111111111111 0.005208333333333333
3 0.7837962962962963 0.14895833333333333 0.012037037037037037 0.005208333333333333
3 0.7800925925925924 0.14322916666666666 0.012037037037037037 0.005208333333333333
3 0.7763888888888888 0.13984375 0.012037037037037037 0.005729166666666666
3 0.7722222222222221 0.13723958333333333 0.01111111111111111 0.005729166666666666
3 0.7680555555555555 0.1328125 0.012037037037037037 0.005208333333333333
3 0.7652777777777777 0.14557291666666666 0.012037037037037037 0.005729166666666666
3 0.7620370370370371 0.14166666666666666 0.01111111111111111 0.005208333333333333
3 0.7597222222222222 0.13854166666666667 0.012037037037037037 0.005208333333333333
3 0.7560185185185184 0.1359375 0.012037037037037037 0.005208333333333333
3 0.7550925925925925 0.134375 0.012037037037037037 0.005208333333333333
3 0.750462962962963 0.13098958333333333 0.012037037037037037 0.005729166666666666
3 0.7472222222222221 0.1453125 0.01111111111111111 0.005208333333333333
3 0.7449074074074074 0.14114583333333333 0.012037037037037037 0.005208333333333333
3 0.7407407407407407 0.13515625 0.01111111111111111 0.005729166666666666
3 0.7347222222222222 0.12994791666666666 0.012037037037037037 0.005729166666666666
3 0.7351851851851852 0.12708333333333333 0.01111111111111111 0.005208333333333333
3 0.7439814814814815 0.12395833333333334 0.010185185185185184 0.003125
3 0.7189814814814814 0.12421875 0.012037037037037037 0.005729166666666666
3 0.724537037037037 0.13098958333333333 0.012037037037037037 0.005729166666666666
3 0.7277777777777777 0.134375 0.01111111111111111 0.005208333333333333
3 0.775 0.12838541666666667 0.01111111111111111 0.005729166666666666
3 0.7680555555555555 0.1234375 0.012037037037037037 0.005208333333333333
3 0.7625 0.1203125 0.012037037037037037 0.005208333333333333
3 0.7569444444444444 0.12473958333333333 0.012037037037037037 0.005729166666666666
3 0.7532407407407408 0.12239583333333333 0.012037037037037037 0.005208333333333333
3 0.7486111111111111 0.1203125 0.012037037037037037 0.005208333333333333
3 0.7435185185185185 0.12265625 0.01111111111111111 0.005729166666666666
3 0.8578703703703704 0.1328125 0.010185185185185184 0.004166666666666667
3 0.8319444444444444 0.12916666666666668 0.010185185185185184 0.004166666666666667
3 0.8458333333333333 0.1296875 0.010185185185185184 0.004166666666666667
3 0.8523148148148147 0.13125 0.010185185185185184 0.004166666666666667
3 0.8680555555555555 0.13802083333333334 0.010185185185185184 0.004166666666666667
3 0.8754629629629629 0.13958333333333334 0.010185185185185184 0.004166666666666667
4 0.8712962962962962 0.17604166666666668 0.0537037037037037 0.007291666666666667
3 0.8546296296296295 0.15598958333333332 0.01296296296296296 0.005729166666666666
4 0.8847222222222222 0.16536458333333334 0.05277777777777778 0.0067708333333333336
4 0.8393518518518518 0.1625 0.012037037037037037 0.004166666666666667
4 0.9971354166666667 0.16574074074074074 0.005729166666666666 0.026851851851851852
3 0.9310185185185185 0.20442708333333334 0.01574074074074074 0.0078125
7 0.7560185185185184 0.17838541666666666 0.00462962962962963 0.0078125
4 0.8097222222222221 0.1796875 0.012037037037037037 0.004166666666666667
4 0.6527777777777778 0.17083333333333334 0.02222222222222222 0.017708333333333333
4 0.6578703703703703 0.18541666666666667 0.010185185185185184 0.009375
4 0.6467592592592591 0.19557291666666668 0.010185185185185184 0.0078125
7 0.9949074074074074 0.22005208333333334 0.00462962962962963 0.008854166666666666
4 0.9416666666666667 0.17552083333333332 0.03703703703703704 0.004166666666666667
3 0.375 0.4505208333333333 0.07777777777777777 0.042708333333333334
3 0.449537037037037 0.45286458333333335 0.0787037037037037 0.049479166666666664