11 0.8738562091503267 0.019852941176470587 0.024836601307189544 0.01764705882352941
11 0.9431372549019607 0.02610294117647059 0.02745098039215686 0.016911764705882352
11 0.9300653594771242 0.011764705882352941 0.043137254901960784 0.016176470588235296
0 0.6006535947712418 0.13566176470588234 0.043137254901960784 0.03161764705882353
3 0.45294117647058824 0.3382352941176471 0.2261437908496732 0.052941176470588235
3 0.12679738562091503 0.32536764705882354 0.24313725490196075 0.04926470588235294
3 0.34901960784313724 0.27242647058823527 0.19346405228758168 0.05220588235294118
8 0.19084967320261437 0.3599264705882353 0.03660130718954248 0.03308823529411765
8 0.14967320261437908 0.3577205882352941 0.04052287581699346 0.030147058823529412
8 0.1699346405228758 0.35404411764705884 0.03398692810457516 0.030147058823529412
3 0.6522875816993464 0.4904411764705882 0.21176470588235294 0.12941176470588237
3 0.944485294117647 0.3895424836601307 0.11102941176470588 0.07450980392156863
3 0.8209150326797385 0.3448529411764706 0.20130718954248367 0.051470588235294115
7 0.8947712418300654 0.49926470588235294 0.032679738562091505 0.030882352941176472
7 0.8934640522875816 0.4889705882352941 0.04052287581699346 0.03676470588235294
5 0.8928104575163398 0.5018382352941176 0.0392156862745098 0.05220588235294118
3 0.7647058823529411 0.12316176470588236 0.04967320261437909 0.03161764705882353
3 0.7359477124183006 0.19411764705882353 0.07058823529411765 0.04264705882352941
3 0.634640522875817 0.18566176470588236 0.07450980392156863 0.0375
3 0.9261437908496731 0.03860294117647059 0.03006535947712418 0.016911764705882352
7 0.7366013071895424 0.03713235294117647 0.011764705882352941 0.016911764705882352
7 0.7568627450980392 0.015073529411764706 0.01045751633986928 0.013970588235294118
8 0.7816993464052288 0.007720588235294118 0.00784313725490196 0.009558823529411765
8 0.8338235294117647 0.00196078431372549 0.013235294117647059 0.00392156862745098
7 0.90718954248366 0.04264705882352941 0.00784313725490196 0.016176470588235296
7 0.9464052287581699 0.04338235294117647 0.01045751633986928 0.016176470588235296
7 0.9535947712418301 0.07205882352941176 0.011764705882352941 0.01911764705882353
7 0.9974264705882353 0.054901960784313725 0.005147058823529412 0.01568627450980392
5 0.9758169934640523 0.08272058823529412 0.0196078431372549 0.015441176470588236
3 0.9959558823529412 0.07450980392156863 0.008088235294117648 0.02091503267973856
3 0.9823529411764705 0.02679738562091503 0.03529411764705882 0.01568627450980392
3 0.9856617647058824 0.01699346405228758 0.028676470588235293 0.013071895424836602
3 0.9327205882352941 0.004575163398692811 0.025 0.009150326797385621
3 0.7143790849673203 0.014338235294117646 0.058823529411764705 0.013970588235294118
3 0.7078431372549019 0.026838235294117645 0.050980392156862744 0.013970588235294118
3 0.7169934640522876 0.034926470588235295 0.02745098039215686 0.01838235294117647
3 0.6640522875816993 0.03676470588235294 0.06797385620915032 0.014705882352941176
3 0.6764705882352942 0.047058823529411764 0.06928104575163398 0.016176470588235296
3 0.6856209150326796 0.054411764705882354 0.050980392156862744 0.01911764705882353
3 0.6862745098039215 0.06691176470588235 0.044444444444444446 0.022058823529411766
3 0.6725490196078431 0.07977941176470588 0.0457516339869281 0.022794117647058822
3 0.6633986928104575 0.09632352941176471 0.0457516339869281 0.025
3 0.6176470588235294 0.06948529411764706 0.06666666666666667 0.019852941176470587
3 0.5673202614379085 0.09558823529411764 0.10718954248366012 0.020588235294117647
3 0.5588235294117647 0.11654411764705883 0.09019607843137255 0.030147058823529412
7 0.6379084967320261 0.1161764705882353 0.013071895424836602 0.023529411764705882
7 0.65359477124183 0.1161764705882353 0.013071895424836602 0.023529411764705882
7 0.6562091503267973 0.11213235294117647 0.013071895424836602 0.02426470588235294
7 0.6385620915032679 0.008823529411764706 0.006535947712418301 0.013235294117647059
5 0.6699346405228758 0.014705882352941176 0.011764705882352941 0.010294117647058823
5 0.6627450980392157 0.0125 0.00784313725490196 0.011764705882352941
5 0.6398692810457516 0.02536764705882353 0.011764705882352941 0.013970588235294118
0 0.4549019607843137 0.14448529411764705 0.0784313725490196 0.027205882352941177
3 0.42810457516339867 0.15808823529411764 0.10588235294117647 0.026470588235294117
11 0.47516339869281043 0.12426470588235294 0.1503267973856209 0.03823529411764706
7 0.365359477124183 0.22316176470588237 0.03006535947712418 0.03308823529411765
5 0.12810457516339868 0.15808823529411764 0.047058823529411764 0.016176470588235296