7 0.030718954248366015 0.32830882352941176 0.032679738562091505 0.03602941176470588
7 0.050980392156862744 0.3290441176470588 0.03660130718954248 0.0375
7 0.06339869281045751 0.31470588235294117 0.03529411764705882 0.03676470588235294
3 0.19477124183006533 0.3290441176470588 0.21176470588235294 0.04926470588235294
9 0.20980392156862743 0.3011029411764706 0.09542483660130718 0.02426470588235294
3 0.34509803921568627 0.29191176470588237 0.11764705882352941 0.052941176470588235
1 0.22875816993464052 0.24558823529411763 0.06013071895424836 0.023529411764705882
8 0.31176470588235294 0.20625 0.022222222222222223 0.025735294117647058
8 0.33202614379084966 0.20625 0.02091503267973856 0.016911764705882352
3 0.42287581699346405 0.21176470588235294 0.06666666666666667 0.039705882352941174
9 0.9981617647058824 0.18562091503267975 0.003676470588235294 0.018300653594771243
3 0.9922794117647059 0.15490196078431373 0.015441176470588236 0.03137254901960784
3 0.957516339869281 0.1448529411764706 0.05359477124183006 0.025
3 0.9732026143790848 0.12022058823529412 0.0457516339869281 0.019852941176470587
3 0.9808823529411764 0.10261437908496732 0.03823529411764706 0.02483660130718954
3 0.9738562091503267 0.0900735294117647 0.03398692810457516 0.01838235294117647
7 0.9294117647058824 0.08860294117647059 0.013071895424836602 0.019852941176470587
7 0.9411764705882353 0.08897058823529412 0.013071895424836602 0.020588235294117647
9 0.757516339869281 0.40551470588235294 0.0457516339869281 0.05367647058823529
8 0.7542483660130719 0.3981617647058823 0.03660130718954248 0.0375
5 0.7692810457516339 0.29816176470588235 0.02745098039215686 0.03455882352941177
8 0.7660130718954249 0.29191176470588237 0.023529411764705882 0.027941176470588237
8 0.7699346405228757 0.2897058823529412 0.02091503267973856 0.026470588235294117
3 0.6522875816993464 0.2852941176470588 0.08366013071895424 0.054411764705882354
3 0.7339869281045751 0.24485294117647058 0.06928104575163398 0.047058823529411764
11 0.8352941176470589 0.23088235294117648 0.06535947712418301 0.05588235294117647
3 0.6633986928104575 0.2113970588235294 0.08235294117647059 0.05661764705882353
7 0.7294117647058823 0.20625 0.02091503267973856 0.03161764705882353
7 0.8281045751633986 0.17205882352941176 0.022222222222222223 0.026470588235294117
8 0.9169934640522875 0.18161764705882352 0.01699346405228758 0.022058823529411766
5 0.9163398692810457 0.18455882352941178 0.01830065359477124 0.020588235294117647
1 0.957516339869281 0.17904411764705883 0.01699346405228758 0.021323529411764706
8 0.9568627450980391 0.17169117647058824 0.01568627450980392 0.021323529411764706
3 0.6928104575163399 0.15845588235294117 0.05751633986928104 0.03602941176470588
3 0.7424836601307189 0.18051470588235294 0.05751633986928104 0.03455882352941177
3 0.7098039215686274 0.1338235294117647 0.04967320261437909 0.033823529411764704
3 0.7215686274509804 0.11433823529411764 0.04183006535947712 0.02426470588235294
3 0.7274509803921568 0.09669117647058824 0.043137254901960784 0.02426470588235294
3 0.7444444444444444 0.0661764705882353 0.03790849673202614 0.01911764705882353
11 0.7516339869281046 0.05073529411764706 0.02875816993464052 0.016176470588235296
3 0.7588235294117647 0.04595588235294118 0.02745098039215686 0.015441176470588236
3 0.7653594771241831 0.027205882352941177 0.03006535947712418 0.013235294117647059
3 0.7686274509803921 0.02022058823529412 0.02875816993464052 0.0125
7 0.7784313725490195 0.04191176470588235 0.00915032679738562 0.013235294117647059
7 0.784313725490196 0.04411764705882353 0.00784313725490196 0.010294117647058823
7 0.7895424836601308 0.04154411764705882 0.01045751633986928 0.0125
8 0.8738562091503267 0.05183823529411765 0.01437908496732026 0.0125
5 0.8751633986928105 0.05514705882352941 0.01437908496732026 0.011764705882352941
5 0.9933823529411765 0.03725490196078431 0.013235294117647059 0.009150326797385621
5 0.9985294117647059 0.021568627450980392 0.0029411764705882353 0.00784313725490196
7 0.9124183006535947 0.04632352941176471 0.01045751633986928 0.013235294117647059
7 0.926797385620915 0.052573529411764706 0.01045751633986928 0.015441176470588236
7 0.9359477124183007 0.051470588235294115 0.00784313725490196 0.011764705882352941
7 0.9562091503267973 0.04595588235294118 0.00915032679738562 0.013970588235294118
5 0.9588235294117647 0.04889705882352941 0.006535947712418301 0.009558823529411765
3 0.9431372549019607 0.04264705882352941 0.024836601307189544 0.013235294117647059
7 0.922875816993464 0.04595588235294118 0.00784313725490196 0.0125
3 0.8934640522875816 0.02977941176470588 0.03529411764705882 0.0125
9 0.9307189542483659 0.02463235294117647 0.03660130718954248 0.009558823529411765
3 0.8718954248366012 0.02463235294117647 0.02875816993464052 0.013970588235294118
3 0.8699346405228758 0.016544117647058824 0.02745098039215686 0.011029411764705883
7 0.9098039215686274 0.009558823529411765 0.00784313725490196 0.011764705882352941
5 0.8437908496732025 0.01948529411764706 0.00915032679738562 0.009558823529411765
8 0.8444444444444443 0.016176470588235296 0.00784313725490196 0.010294117647058823