3 0.9816176470588235 0.21241830065359477 0.03676470588235294 0.027450980392156862
3 0.8464052287581699 0.21360294117647058 0.12679738562091503 0.03602941176470588
11 0.6228758169934641 0.2025735294117647 0.10588235294117647 0.03602941176470588
10 0.561437908496732 0.21985294117647058 0.15555555555555556 0.04411764705882353
3 0.5601307189542484 0.15955882352941175 0.0849673202614379 0.020588235294117647
10 0.7071895424836601 0.16066176470588237 0.16209150326797384 0.03602941176470588
3 0.4888888888888888 0.3463235294117647 0.14901960784313725 0.061764705882352944
3 0.6052287581699346 0.3025735294117647 0.12026143790849672 0.04926470588235294
3 0.4287581699346405 0.29044117647058826 0.12026143790849672 0.041176470588235294
3 0.4836601307189542 0.26691176470588235 0.13594771241830064 0.030882352941176472
11 0.10392156862745097 0.2727941176470588 0.17908496732026144 0.058823529411764705
3 0.2333333333333333 0.3386029411764706 0.15294117647058825 0.05073529411764706
3 0.14183006535947712 0.3650735294117647 0.16078431372549018 0.05367647058823529
3 0.11029411764705882 0.5006535947712418 0.22058823529411764 0.0915032679738562
3 0.06066176470588235 0.4169934640522876 0.1213235294117647 0.06143790849673202
8 0.8810457516339869 0.24705882352941178 0.01830065359477124 0.016176470588235296
9 0.8816993464052287 0.2555147058823529 0.02745098039215686 0.025735294117647058
8 0.968627450980392 0.25330882352941175 0.02091503267973856 0.01838235294117647
8 0.9718954248366012 0.24669117647058825 0.01699346405228758 0.015441176470588236
9 0.9772058823529411 0.25620915032679736 0.045588235294117645 0.027450980392156862
11 0.9124183006535947 0.17794117647058824 0.08627450980392157 0.029411764705882353
3 0.9738970588235294 0.1522875816993464 0.05220588235294118 0.02483660130718954
3 0.9981617647058824 0.13660130718954247 0.003676470588235294 0.02091503267973856
7 0.26078431372549016 0.25882352941176473 0.022222222222222223 0.026470588235294117
8 0.6228758169934641 0.3272058823529412 0.01699346405228758 0.01764705882352941
8 0.6294117647058823 0.32169117647058826 0.0196078431372549 0.01838235294117647
8 0.6470588235294118 0.3235294117647059 0.01830065359477124 0.01764705882352941
8 0.6326797385620915 0.32794117647058824 0.01045751633986928 0.014705882352941176
9 0.6333333333333333 0.3356617647058823 0.058823529411764705 0.0375
8 0.9601307189542483 0.1849264705882353 0.0196078431372549 0.016911764705882352
5 0.9607843137254901 0.19117647058823528 0.023529411764705882 0.016176470588235296
7 0.8241830065359478 0.19816176470588234 0.01437908496732026 0.016911764705882352