3 0.5124183006535947 0.43125 0.1568627450980392 0.07426470588235294
3 0.31045751633986923 0.33088235294117646 0.10849673202614378 0.04852941176470588
3 0.18169934640522875 0.34816176470588234 0.09934640522875818 0.05367647058823529
3 0.5934640522875817 0.5305147058823529 0.25620915032679736 0.0625
11 0.6490196078431373 0.4147058823529412 0.13202614379084968 0.06911764705882353
11 0.44313725490196076 0.3492647058823529 0.10718954248366012 0.060294117647058824
11 0.2 0.4147058823529412 0.13071895424836602 0.07647058823529412
11 0.5444444444444445 0.2786764705882353 0.0980392156862745 0.051470588235294115
11 0.2411764705882353 0.24080882352941177 0.0718954248366013 0.04779411764705882
3 0.42156862745098034 0.15441176470588236 0.10065359477124183 0.025
3 0.5352941176470588 0.14558823529411766 0.09542483660130718 0.026470588235294117
3 0.47712418300653586 0.12389705882352942 0.05490196078431372 0.03161764705882353
7 0.5437908496732026 0.20294117647058824 0.01830065359477124 0.026470588235294117
7 0.6222222222222222 0.44485294117647056 0.03137254901960784 0.045588235294117645
7 0.5398692810457516 0.4698529411764706 0.05228758169934641 0.041176470588235294
10 0.3934640522875817 0.4625 0.20130718954248367 0.1264705882352941
3 0.0738562091503268 0.05514705882352941 0.0849673202614379 0.014705882352941176
3 0.08758169934640522 0.04154411764705882 0.05751633986928104 0.013970588235294118
3 0.134640522875817 0.03676470588235294 0.04183006535947712 0.016176470588235296
3 0.2156862745098039 0.07205882352941176 0.05228758169934641 0.016176470588235296
3 0.1633986928104575 0.06544117647058824 0.06535947712418301 0.013235294117647059
3 0.2418300653594771 0.05551470588235294 0.0784313725490196 0.013970588235294118
3 0.26143790849673204 0.03786764705882353 0.06535947712418301 0.013970588235294118
4 0.2522875816993464 0.1323529411764706 0.14640522875816991 0.04852941176470588
10 0.11503267973856209 0.12573529411764706 0.10718954248366012 0.058823529411764705
4 0.2856209150326797 0.09632352941176471 0.058823529411764705 0.020588235294117647
4 0.030718954248366015 0.12316176470588236 0.05359477124183006 0.06985294117647059
7 0.13137254901960785 0.051470588235294115 0.011764705882352941 0.016176470588235296
7 0.04052287581699346 0.06397058823529411 0.01568627450980392 0.016176470588235296
7 0.18823529411764706 0.04154411764705882 0.01045751633986928 0.013970588235294118
7 0.0457516339869281 0.03419117647058824 0.01045751633986928 0.015441176470588236
7 0.16274509803921566 0.047058823529411764 0.01437908496732026 0.013235294117647059
1 0.16601307189542483 0.05 0.03137254901960784 0.010294117647058823
8 0.06013071895424836 0.07536764705882353 0.01045751633986928 0.009558823529411765
8 0.07973856209150326 0.07389705882352941 0.013071895424836602 0.009558823529411765
8 0.09215686274509803 0.07205882352941176 0.011764705882352941 0.008823529411764706
8 0.10522875816993464 0.07279411764705883 0.011764705882352941 0.008823529411764706
8 0.11241830065359477 0.0724264705882353 0.01045751633986928 0.009558823529411765
8 0.02418300653594771 0.08125 0.011764705882352941 0.008088235294117648
8 0.03529411764705882 0.08014705882352942 0.01045751633986928 0.008823529411764706
8 0.04640522875816993 0.08014705882352942 0.011764705882352941 0.008823529411764706
7 0.26666666666666666 0.06433823529411764 0.013071895424836602 0.016911764705882352
7 0.10326797385620914 0.26286764705882354 0.023529411764705882 0.027205882352941177
5 0.30130718954248364 0.275 0.03006535947712418 0.027941176470588237
5 0.33137254901960783 0.2867647058823529 0.03006535947712418 0.027941176470588237
1 0.3725490196078431 0.30772058823529413 0.03660130718954248 0.02426470588235294
1 0.38431372549019605 0.3047794117647059 0.03398692810457516 0.03161764705882353
1 0.35359477124183003 0.28455882352941175 0.02745098039215686 0.026470588235294117
1 0.4359477124183006 0.3176470588235294 0.058823529411764705 0.020588235294117647