3 0.9830882352941176 0.3627450980392157 0.033823529411764704 0.058823529411764705
5 0.9922794117647059 0.257516339869281 0.015441176470588236 0.01568627450980392
5 0.9985294117647059 0.20915032679738563 0.0029411764705882353 0.018300653594771243
3 0.8758169934640523 0.24779411764705883 0.07058823529411765 0.03235294117647059
3 0.8699346405228758 0.2202205882352941 0.10065359477124183 0.028676470588235293
11 0.8235294117647058 0.3047794117647059 0.18562091503267972 0.04485294117647059
11 0.7777777777777778 0.17720588235294119 0.047058823529411764 0.030882352941176472
8 0.7993464052287581 0.2511029411764706 0.01699346405228758 0.016911764705882352
1 0.7986928104575163 0.26176470588235295 0.01830065359477124 0.022058823529411766
7 0.7653594771241831 0.2301470588235294 0.01699346405228758 0.023529411764705882
8 0.8163398692810457 0.1661764705882353 0.01699346405228758 0.014705882352941176
5 0.788235294117647 0.1536764705882353 0.0392156862745098 0.013235294117647059
5 0.7620915032679738 0.12683823529411764 0.026143790849673203 0.009558823529411765
3 0.7549019607843136 0.14558823529411766 0.06405228758169934 0.020588235294117647
3 0.7104575163398692 0.13823529411764707 0.043137254901960784 0.01911764705882353
5 0.7254901960784313 0.11433823529411764 0.02875816993464052 0.011029411764705883
3 0.6849673202614379 0.11580882352941177 0.04967320261437909 0.01838235294117647
11 0.6732026143790849 0.1 0.02875816993464052 0.01911764705882353
11 0.6712418300653594 0.09301470588235294 0.043137254901960784 0.01838235294117647
1 0.6934640522875817 0.0974264705882353 0.011764705882352941 0.008088235294117648
3 0.6470588235294118 0.08970588235294118 0.03137254901960784 0.016176470588235296
7 0.6437908496732027 0.09852941176470588 0.011764705882352941 0.016176470588235296
11 0.6196078431372549 0.05845588235294118 0.03398692810457516 0.0125
3 0.5993464052287582 0.05698529411764706 0.0196078431372549 0.009558823529411765
3 0.5901960784313726 0.05551470588235294 0.032679738562091505 0.009558823529411765
3 0.5941176470588235 0.048161764705882355 0.03006535947712418 0.008088235294117648
7 0.569281045751634 0.048161764705882355 0.00915032679738562 0.011029411764705883
7 0.5921568627450979 0.06875 0.044444444444444446 0.011029411764705883
3 0.561437908496732 0.03308823529411765 0.01437908496732026 0.008823529411764706
3 0.5562091503267974 0.031985294117647056 0.01437908496732026 0.006617647058823529
11 0.5568627450980391 0.029044117647058824 0.013071895424836602 0.008088235294117648
11 0.5601307189542484 0.02536764705882353 0.024836601307189544 0.008088235294117648
4 0.5294117647058824 0.01045751633986928 0.047058823529411764 0.02091503267973856
3 0.12745098039215685 0.12205882352941176 0.043137254901960784 0.01911764705882353
3 0.1633986928104575 0.10330882352941176 0.047058823529411764 0.019852941176470587
3 0.13071895424836602 0.0900735294117647 0.06013071895424836 0.016911764705882352
3 0.21176470588235294 0.07757352941176471 0.03137254901960784 0.015441176470588236
3 0.18235294117647058 0.07463235294117647 0.032679738562091505 0.013970588235294118
3 0.2745098039215686 0.05919117647058823 0.026143790849673203 0.0125
3 0.25816993464052285 0.04779411764705882 0.0196078431372549 0.008823529411764706
3 0.2856209150326797 0.042279411764705885 0.0196078431372549 0.009558823529411765
11 0.28431372549019607 0.03897058823529412 0.01699346405228758 0.010294117647058823
7 0.26666666666666666 0.03602941176470588 0.00784313725490196 0.008823529411764706
7 0.25816993464052285 0.03566176470588235 0.006535947712418301 0.008088235294117648
3 0.322875816993464 0.017279411764705883 0.01045751633986928 0.006617647058823529
11 0.3359477124183006 0.011029411764705883 0.013071895424836602 0.007352941176470588
3 0.7816993464052288 0.4334558823529412 0.10457516339869281 0.07720588235294118
8 0.6601307189542484 0.4636029411764706 0.03660130718954248 0.03308823529411765
5 0.6601307189542484 0.4753676470588235 0.03660130718954248 0.04044117647058824
3 0.47058823529411764 0.40808823529411764 0.09934640522875818 0.07205882352941176
8 0.6071895424836601 0.34375 0.03006535947712418 0.025735294117647058
5 0.6078431372549019 0.3536764705882353 0.03137254901960784 0.033823529411764704
8 0.5751633986928104 0.2540441176470588 0.02091503267973856 0.01838235294117647
5 0.5764705882352941 0.2661764705882353 0.01568627450980392 0.01764705882352941
8 0.5980392156862745 0.22426470588235295 0.0196078431372549 0.01764705882352941
5 0.5980392156862745 0.2338235294117647 0.01699346405228758 0.01764705882352941
7 0.6045751633986928 0.16544117647058823 0.01699346405228758 0.022058823529411766
3 0.5816993464052287 0.14816176470588235 0.04183006535947712 0.021323529411764706
3 0.5450980392156862 0.10808823529411765 0.0392156862745098 0.016176470588235296
3 0.24509803921568626 0.1963235294117647 0.06666666666666667 0.030882352941176472
8 0.21045751633986928 0.17205882352941176 0.013071895424836602 0.008823529411764706
8 0.20915032679738563 0.1724264705882353 0.01568627450980392 0.0125
5 0.20915032679738563 0.1786764705882353 0.01568627450980392 0.014705882352941176
3 0.3254901960784313 0.1577205882352941 0.047058823529411764 0.027205882352941177
3 0.38954248366013067 0.1323529411764706 0.03660130718954248 0.022058823529411766
3 0.534640522875817 0.08088235294117647 0.02875816993464052 0.016176470588235296
3 0.46013071895424834 0.09154411764705882 0.02875816993464052 0.015441176470588236
11 0.4509803921568627 0.07830882352941176 0.026143790849673203 0.015441176470588236
7 0.2771241830065359 0.11286764705882353 0.013071895424836602 0.016911764705882352
5 0.28366013071895424 0.11470588235294117 0.013071895424836602 0.013235294117647059
8 0.3627450980392157 0.0713235294117647 0.00915032679738562 0.007352941176470588
5 0.3633986928104575 0.07720588235294118 0.013071895424836602 0.010294117647058823
7 0.3444444444444444 0.06911764705882353 0.011764705882352941 0.011764705882352941
7 0.33202614379084966 0.06875 0.00784313725490196 0.013970588235294118
3 0.3222222222222222 0.07904411764705882 0.032679738562091505 0.0125
3 0.3287581699346405 0.07169117647058823 0.02745098039215686 0.015441176470588236
3 0.40065359477124185 0.06654411764705882 0.02745098039215686 0.013970588235294118
3 0.3954248366013071 0.047058823529411764 0.022222222222222223 0.010294117647058823
11 0.4464052287581699 0.05845588235294118 0.024836601307189544 0.013970588235294118
3 0.5183006535947712 0.06985294117647059 0.050980392156862744 0.013235294117647059
3 0.5124183006535947 0.06654411764705882 0.047058823529411764 0.0125
3 0.5117647058823529 0.058823529411764705 0.022222222222222223 0.010294117647058823
3 0.5091503267973856 0.054044117647058826 0.0196078431372549 0.009558823529411765
3 0.4549019607843137 0.054411764705882354 0.02091503267973856 0.013235294117647059
8 0.48954248366013065 0.05110294117647059 0.00915032679738562 0.006617647058823529
5 0.4888888888888888 0.05514705882352941 0.00784313725490196 0.007352941176470588
3 0.4274509803921568 0.04338235294117647 0.02091503267973856 0.008823529411764706
3 0.4065359477124183 0.039705882352941174 0.01830065359477124 0.008823529411764706
3 0.37385620915032675 0.026470588235294117 0.01568627450980392 0.008823529411764706
3 0.40326797385620916 0.0125 0.01437908496732026 0.0058823529411764705
8 0.418954248366013 0.021691176470588235 0.006535947712418301 0.005147058823529412
5 0.41960784313725485 0.02426470588235294 0.00522875816993464 0.0029411764705882353
7 0.48300653594771237 0.03125 0.006535947712418301 0.008088235294117648
7 0.4836601307189542 0.028308823529411765 0.00784313725490196 0.009558823529411765
3 0.4522875816993464 0.03529411764705882 0.01830065359477124 0.007352941176470588
3 0.45816993464052286 0.025735294117647058 0.01699346405228758 0.007352941176470588
3 0.45816993464052286 0.022058823529411766 0.01437908496732026 0.0058823529411764705
3 0.4516339869281045 0.01948529411764706 0.011764705882352941 0.005147058823529412
3 0.4470588235294118 0.01801470588235294 0.01045751633986928 0.005147058823529412
3 0.4477124183006535 0.014705882352941176 0.011764705882352941 0.004411764705882353
3 0.4483660130718954 0.011397058823529411 0.01045751633986928 0.003676470588235294
3 0.4450980392156862 0.00625 0.011764705882352941 0.005147058823529412
3 0.4464052287581699 0.0029411764705882353 0.011764705882352941 0.004411764705882353
3 0.4452205882352941 0.00196078431372549 0.011764705882352941 0.00392156862745098
8 0.47450980392156855 0.010294117647058823 0.00522875816993464 0.0029411764705882353
1 0.4764705882352941 0.013235294117647059 0.006535947712418301 0.004411764705882353
7 0.4673202614379085 0.007720588235294118 0.00392156862745098 0.005147058823529412
11 0.46274509803921565 0.0033088235294117647 0.013071895424836602 0.005147058823529412
7 0.46078431372549017 0.004411764705882353 0.00392156862745098 0.0058823529411764705