4 0.07916666666666666 0.12037037037037036 0.15833333333333333 0.05277777777777778
4 0.5652777777777778 0.13229166666666667 0.12870370370370368 0.034375
4 0.3106481481481482 0.46640625 0.09166666666666666 0.19114583333333332
4 0.27824074074074073 0.0984375 0.21944444444444444 0.058333333333333334
4 0.15 0.184375 0.06296296296296296 0.06770833333333333
4 0.4310185185185185 0.11588541666666667 0.08055555555555555 0.027604166666666666
3 0.7 0.403125 0.08888888888888888 0.05416666666666667
3 0.41759259259259257 0.4434895833333333 0.07407407407407408 0.06197916666666667
2 0.5208333333333334 0.47369791666666666 0.16944444444444443 0.1765625
3 0.34629629629629627 0.26119791666666664 0.04259259259259259 0.024479166666666666
3 0.21157407407407405 0.21536458333333333 0.03981481481481482 0.022395833333333334
3 0.05963541666666667 0.26990740740740743 0.11927083333333334 0.027777777777777776
7 0.07731481481481481 0.2643229166666667 0.013888888888888888 0.016145833333333335
7 0.08796296296296297 0.3963541666666667 0.024074074074074074 0.03125
8 0.16342592592592592 0.5520833333333334 0.030555555555555555 0.019791666666666666
7 0.09166666666666666 0.22239583333333332 0.01851851851851852 0.01875
8 0.1361111111111111 0.44583333333333336 0.029629629629629627 0.030208333333333334
1 0.13379629629629627 0.4596354166666667 0.030555555555555555 0.030729166666666665
4 0.005989583333333334 0.2361111111111111 0.011979166666666667 0.025
3 0.05138888888888889 0.2203125 0.0824074074074074 0.030208333333333334
8 0.08287037037037037 0.32526041666666666 0.021296296296296296 0.022395833333333334
1 0.08472222222222221 0.3307291666666667 0.012037037037037037 0.021875
8 0.13657407407407407 0.36354166666666665 0.025 0.027083333333333334
1 0.13518518518518519 0.37083333333333335 0.02222222222222222 0.023958333333333335
7 0.2462962962962963 0.4171875 0.02037037037037037 0.029166666666666667
4 0.20046296296296295 0.29270833333333335 0.021296296296296296 0.026041666666666668
4 0.18055555555555552 0.23125 0.01111111111111111 0.013541666666666667
8 0.14027777777777778 0.39869791666666665 0.023148148148148147 0.028645833333333332
1 0.1398148148148148 0.40989583333333335 0.02592592592592592 0.027083333333333334
8 0.16944444444444443 0.3684895833333333 0.02037037037037037 0.0234375
1 0.17129629629629628 0.37734375 0.02222222222222222 0.015104166666666667
4 0.18564814814814812 0.3927083333333333 0.023148148148148147 0.029166666666666667
8 0.14537037037037034 0.26119791666666664 0.01851851851851852 0.018229166666666668
1 0.14629629629629629 0.2674479166666667 0.01851851851851852 0.015104166666666667
7 0.17314814814814813 0.2760416666666667 0.01296296296296296 0.022916666666666665
3 0.41435185185185186 0.14817708333333332 0.0287037037037037 0.0109375
3 0.48333333333333334 0.14166666666666666 0.03148148148148148 0.011458333333333333
3 0.47731481481481475 0.14661458333333333 0.030555555555555555 0.0109375
3 0.45370370370370366 0.14921875 0.03333333333333333 0.011979166666666667
3 0.43981481481481477 0.15755208333333334 0.03148148148148148 0.0109375
3 0.5462962962962963 0.15390625 0.03148148148148148 0.013020833333333334
3 0.4884259259259259 0.1609375 0.03425925925925925 0.0125
3 0.462037037037037 0.16484375 0.029629629629629627 0.011979166666666667
4 0.7884259259259259 0.14791666666666667 0.025 0.008333333333333333
3 0.5319444444444444 0.16119791666666666 0.03611111111111111 0.0109375
3 0.4875 0.17265625 0.03611111111111111 0.013020833333333334
3 0.5041666666666667 0.18046875 0.03796296296296296 0.011979166666666667
3 0.5310185185185186 0.17265625 0.03611111111111111 0.0140625
3 0.5638888888888888 0.17083333333333334 0.03518518518518519 0.0125
3 0.5898148148148148 0.16588541666666667 0.03703703703703704 0.011979166666666667
3 0.6537037037037037 0.15807291666666667 0.04074074074074074 0.013020833333333334
3 0.5333333333333333 0.19114583333333332 0.04074074074074074 0.016666666666666666
3 0.5555555555555555 0.18307291666666667 0.03703703703703704 0.0140625
3 0.5606481481481481 0.20104166666666667 0.04351851851851852 0.015625
3 0.5824074074074074 0.19166666666666668 0.04074074074074074 0.014583333333333334
3 0.5962962962962963 0.1796875 0.03703703703703704 0.013541666666666667
3 0.624537037037037 0.18932291666666667 0.04351851851851852 0.0140625
3 0.6314814814814814 0.1765625 0.03703703703703704 0.0125
3 0.6129629629629629 0.20260416666666667 0.046296296296296294 0.014583333333333334
2 0.6777777777777777 0.18098958333333334 0.08148148148148147 0.033854166666666664
3 0.5981481481481481 0.21614583333333334 0.04444444444444444 0.017708333333333333
3 0.6638888888888889 0.20078125 0.04444444444444444 0.016145833333333335
3 0.6314814814814814 0.23177083333333334 0.05185185185185184 0.017708333333333333
3 0.6759259259259258 0.24739583333333334 0.05555555555555555 0.020833333333333332
3 0.6518518518518518 0.215625 0.04814814814814815 0.016666666666666666
2 0.7175925925925924 0.22760416666666666 0.11851851851851851 0.05625
3 0.7300925925925925 0.20416666666666666 0.05092592592592592 0.013541666666666667
3 0.7208333333333333 0.27005208333333336 0.06018518518518518 0.0234375
3 0.7763888888888888 0.23385416666666667 0.04351851851851852 0.01875
2 0.812962962962963 0.21770833333333334 0.12962962962962962 0.051041666666666666
3 0.7638888888888888 0.2903645833333333 0.06481481481481481 0.027604166666666666
3 0.8162037037037037 0.25026041666666665 0.05648148148148148 0.0203125
3 0.7962962962962963 0.26848958333333334 0.06481481481481481 0.0234375
2 0.9143518518518517 0.2484375 0.13796296296296295 0.058333333333333334
3 0.8189814814814814 0.3171875 0.08055555555555555 0.030208333333333334
3 0.8550925925925925 0.29322916666666665 0.075 0.026041666666666668
3 0.8888888888888888 0.27447916666666666 0.06296296296296296 0.023958333333333335
3 0.8875 0.35052083333333334 0.0898148148148148 0.035416666666666666
3 0.9259259259259258 0.325 0.09444444444444443 0.036458333333333336
3 0.9439814814814814 0.29765625 0.0861111111111111 0.0296875
3 0.959375 0.3962962962962963 0.08125 0.046296296296296294
3 0.9916666666666667 0.33055555555555555 0.016666666666666666 0.03425925925925926
3 0.9833333333333333 0.36898148148148147 0.03333333333333333 0.04537037037037037
3 0.9958333333333333 0.44583333333333336 0.008333333333333333 0.05648148148148148
4 0.8050925925925925 0.17734375 0.17129629629629628 0.028645833333333332