8 0.923148148148148 0.34791666666666665 0.016666666666666666 0.014583333333333334
7 0.7657407407407407 0.515625 0.024074074074074074 0.03333333333333333
7 0.7546296296296297 0.503125 0.016666666666666666 0.025
7 0.7027777777777777 0.5296875 0.027777777777777776 0.030208333333333334
7 0.675 0.5317708333333333 0.027777777777777776 0.040625
8 0.5953703703703703 0.5286458333333334 0.03518518518518519 0.036458333333333336
7 0.49537037037037035 0.4505208333333333 0.024074074074074074 0.03229166666666667
7 0.44166666666666665 0.440625 0.02037037037037037 0.025
7 0.21296296296296294 0.5067708333333333 0.029629629629629627 0.030208333333333334
8 0.22314814814814812 0.5005208333333333 0.02037037037037037 0.034375
7 0.19722222222222222 0.4817708333333333 0.03518518518518519 0.026041666666666668
7 0.5962962962962963 0.3927083333333333 0.01111111111111111 0.020833333333333332
8 0.4166666666666667 0.3796875 0.01851851851851852 0.011458333333333333
8 0.475 0.36822916666666666 0.02037037037037037 0.015625
7 0.5305555555555556 0.3609375 0.016666666666666666 0.023958333333333335
8 0.49907407407407406 0.3572916666666667 0.01296296296296296 0.0125
7 0.4907407407407407 0.3515625 0.014814814814814814 0.013541666666666667
8 0.5157407407407407 0.35104166666666664 0.00925925925925926 0.0125
7 0.5120370370370371 0.34427083333333336 0.02037037037037037 0.026041666666666668
7 0.6712962962962963 0.34479166666666666 0.01296296296296296 0.01875
1 0.7314814814814814 0.35260416666666666 0.02592592592592592 0.019791666666666666
5 0.7138888888888888 0.3484375 0.024074074074074074 0.017708333333333333
8 0.08425925925925926 0.421875 0.03148148148148148 0.01875
8 0.021296296296296296 0.4395833333333333 0.03148148148148148 0.020833333333333332
8 0.02037037037037037 0.4322916666666667 0.01851851851851852 0.020833333333333332
7 0.1796296296296296 0.375 0.01851851851851852 0.0125
8 0.20185185185185184 0.3697916666666667 0.02222222222222222 0.01875
7 0.7157407407407407 0.3333333333333333 0.01296296296296296 0.020833333333333332
7 0.7009259259259258 0.32916666666666666 0.01296296296296296 0.01875
7 0.7314814814814814 0.32864583333333336 0.01111111111111111 0.021875
7 0.7407407407407407 0.325 0.01111111111111111 0.025
7 0.7527777777777778 0.3182291666666667 0.016666666666666666 0.023958333333333335
7 0.7972222222222222 0.3078125 0.01296296296296296 0.026041666666666668
7 0.9064814814814814 0.2947916666666667 0.01296296296296296 0.014583333333333334
7 0.9787037037037037 0.2838541666666667 0.016666666666666666 0.019791666666666666
7 0.8796296296296295 0.26927083333333335 0.014814814814814814 0.017708333333333333
7 0.7444444444444444 0.265625 0.01111111111111111 0.020833333333333332
7 0.2657407407407407 0.3104166666666667 0.01296296296296296 0.014583333333333334
7 0.2648148148148148 0.3026041666666667 0.014814814814814814 0.019791666666666666
7 0.22685185185185183 0.30572916666666666 0.016666666666666666 0.021875
7 0.15185185185185185 0.31666666666666665 0.014814814814814814 0.01875
7 0.18148148148148147 0.29583333333333334 0.01851851851851852 0.022916666666666665
8 0.1796296296296296 0.29375 0.007407407407407407 0.0125
7 0.6712962962962963 0.2578125 0.01296296296296296 0.019791666666666666
7 0.6805555555555555 0.25677083333333334 0.01296296296296296 0.019791666666666666
7 0.25277777777777777 0.24270833333333333 0.016666666666666666 0.016666666666666666
7 0.39166666666666666 0.2552083333333333 0.024074074074074074 0.020833333333333332
7 0.37129629629629624 0.2838541666666667 0.016666666666666666 0.021875
7 0.3888888888888889 0.284375 0.014814814814814814 0.022916666666666665
7 0.40555555555555556 0.2838541666666667 0.014814814814814814 0.019791666666666666
7 0.3972222222222222 0.290625 0.00925925925925926 0.0125
8 0.45370370370370366 0.24270833333333333 0.014814814814814814 0.0125
7 0.8111111111111111 0.23541666666666666 0.01111111111111111 0.01875
7 0.7314814814814814 0.2671875 0.014814814814814814 0.017708333333333333
7 0.7185185185185184 0.5010416666666667 0.029629629629629627 0.03958333333333333
8 0.7342592592592592 0.4739583333333333 0.027777777777777776 0.020833333333333332
8 0.9342592592592591 0.2359375 0.00925925925925926 0.011458333333333333
8 0.9203703703703704 0.2375 0.014814814814814814 0.0125
7 0.4722222222222222 0.23489583333333333 0.014814814814814814 0.017708333333333333
8 0.4759259259259259 0.24322916666666666 0.02222222222222222 0.007291666666666667
4 0.5239583333333333 0.18518518518518517 0.9520833333333333 0.07222222222222222
7 0.02037037037037037 0.31354166666666666 0.01851851851851852 0.025
7 0.03703703703703704 0.31927083333333334 0.01111111111111111 0.011458333333333333