4 0.0849264705882353 0.04379084967320261 0.1698529411764706 0.032679738562091505
4 0.2772058823529412 0.0196078431372549 0.40294117647058825 0.0392156862745098
4 0.736764705882353 0.03137254901960784 0.5264705882352941 0.03398692810457516
3 0.9457516339869281 0.14779411764705883 0.07450980392156863 0.022058823529411766
7 0.896078431372549 0.2731617647058823 0.01437908496732026 0.03161764705882353
7 0.85359477124183 0.20330882352941176 0.026143790849673203 0.025735294117647058
7 0.8071895424836601 0.2775735294117647 0.0196078431372549 0.03161764705882353
3 0.9405228758169935 0.17426470588235293 0.04836601307189542 0.027941176470588237
7 0.7261437908496732 0.28455882352941175 0.0196078431372549 0.03529411764705882
7 0.7647058823529411 0.2838235294117647 0.026143790849673203 0.03529411764705882
7 0.8163398692810457 0.3382352941176471 0.032679738562091505 0.04264705882352941
7 0.8248366013071896 0.3422794117647059 0.02091503267973856 0.04044117647058824
3 0.8862745098039215 0.14301470588235293 0.09411764705882353 0.022794117647058822
11 0.8026143790849672 0.16286764705882353 0.04967320261437909 0.03602941176470588
3 0.8156862745098039 0.1363970588235294 0.0915032679738562 0.019852941176470587
3 0.7679738562091503 0.13051470588235295 0.07450980392156863 0.027205882352941177
3 0.7352941176470589 0.16801470588235295 0.06666666666666667 0.027205882352941177
11 0.6934640522875817 0.15294117647058825 0.058823529411764705 0.03529411764705882
3 0.7052287581699346 0.12022058823529412 0.08758169934640522 0.019852941176470587
3 0.968627450980392 0.08676470588235294 0.06013071895424836 0.016176470588235296
3 0.8758169934640523 0.08455882352941177 0.07058823529411765 0.016176470588235296
11 0.611111111111111 0.14191176470588235 0.06143790849673203 0.029411764705882353
3 0.55359477124183 0.14301470588235293 0.058823529411764705 0.02426470588235294
3 0.5470588235294118 0.07058823529411765 0.06405228758169934 0.014705882352941176
3 0.6241830065359476 0.11139705882352942 0.06666666666666667 0.019852941176470587
3 0.5954248366013072 0.10735294117647058 0.06928104575163398 0.01911764705882353
3 0.6666666666666666 0.1150735294117647 0.08104575163398692 0.019852941176470587
3 0.5686274509803921 0.10551470588235294 0.06535947712418301 0.016911764705882352
3 0.5366013071895425 0.10294117647058823 0.0718954248366013 0.01764705882352941
11 0.4993464052287582 0.13088235294117648 0.07320261437908496 0.03235294117647059
3 0.5032679738562091 0.09963235294117648 0.06797385620915032 0.015441176470588236
3 0.46078431372549017 0.09595588235294118 0.06666666666666667 0.016911764705882352
3 0.45555555555555555 0.13051470588235295 0.05359477124183006 0.022794117647058822
7 0.6522875816993464 0.44816176470588237 0.03137254901960784 0.05220588235294118
7 0.6176470588235294 0.4474264705882353 0.03006535947712418 0.05073529411764706
7 0.6366013071895424 0.5334558823529412 0.04183006535947712 0.05514705882352941
7 0.64640522875817 0.5422794117647058 0.032679738562091505 0.03897058823529412
7 0.4444444444444445 0.3786764705882353 0.03398692810457516 0.04852941176470588
5 0.12091503267973855 0.2926470588235294 0.05359477124183006 0.03235294117647059
7 0.006617647058823529 0.19084967320261437 0.013235294117647059 0.027450980392156862
4 0.1065359477124183 0.14522058823529413 0.0849673202614379 0.03455882352941177
8 0.3379084967320261 0.2889705882352941 0.04052287581699346 0.03235294117647059
8 0.30196078431372547 0.2897058823529412 0.01830065359477124 0.03235294117647059
7 0.30392156862745096 0.2786764705882353 0.022222222222222223 0.03235294117647059
7 0.35163398692810455 0.18676470588235294 0.01568627450980392 0.01911764705882353
7 0.3379084967320261 0.18713235294117647 0.01699346405228758 0.025735294117647058
7 0.3222222222222222 0.1849264705882353 0.01699346405228758 0.02426470588235294
3 0.38692810457516336 0.12352941176470589 0.06797385620915032 0.025
3 0.40065359477124185 0.09227941176470589 0.06143790849673203 0.015441176470588236
3 0.3973856209150327 0.04485294117647059 0.04183006535947712 0.008823529411764706
3 0.3091503267973856 0.04779411764705882 0.0457516339869281 0.010294117647058823
4 0.3509803921568627 0.041176470588235294 0.0196078431372549 0.020588235294117647
4 0.22026143790849673 0.04338235294117647 0.09281045751633986 0.014705882352941176
3 0.2137254901960784 0.05661764705882353 0.05620915032679739 0.014705882352941176
3 0.22549019607843135 0.05073529411764706 0.03529411764705882 0.008823529411764706
5 0.31699346405228757 0.06323529411764706 0.022222222222222223 0.008823529411764706
8 0.3176470588235294 0.06139705882352941 0.01045751633986928 0.011029411764705883
3 0.32810457516339864 0.11911764705882352 0.07058823529411765 0.025
7 0.35555555555555557 0.10661764705882353 0.013071895424836602 0.016176470588235296
5 0.35163398692810455 0.09669117647058824 0.013071895424836602 0.009558823529411765
8 0.3503267973856209 0.09375 0.013071895424836602 0.015441176470588236
7 0.3379084967320261 0.09264705882352942 0.00915032679738562 0.016176470588235296
7 0.33202614379084966 0.09264705882352942 0.01045751633986928 0.014705882352941176
7 0.33137254901960783 0.15992647058823528 0.01437908496732026 0.022794117647058822
8 0.33398692810457514 0.1547794117647059 0.006535947712418301 0.011029411764705883
7 0.2333333333333333 0.15404411764705883 0.011764705882352941 0.02426470588235294
7 0.21176470588235294 0.1536764705882353 0.01830065359477124 0.023529411764705882
7 0.14248366013071895 0.19963235294117648 0.01830065359477124 0.028676470588235293
7 0.1568627450980392 0.15073529411764705 0.01045751633986928 0.022058823529411766
7 0.04640522875816993 0.14338235294117646 0.022222222222222223 0.023529411764705882
7 0.09084967320261438 0.20919117647058824 0.0196078431372549 0.027205882352941177
7 0.1196078431372549 0.20661764705882352 0.024836601307189544 0.026470588235294117
7 0.10261437908496732 0.19522058823529412 0.0196078431372549 0.028676470588235293
7 0.11241830065359477 0.16838235294117648 0.023529411764705882 0.023529411764705882
3 0.06013071895424836 0.13676470588235295 0.10457516339869281 0.023529411764705882
3 0.03529411764705882 0.1326797385620915 0.07058823529411765 0.02091503267973856
3 0.015808823529411764 0.0869281045751634 0.03161764705882353 0.01568627450980392
3 0.01764705882352941 0.10196078431372549 0.03529411764705882 0.01437908496732026
3 0.2830065359477124 0.11801470588235294 0.06405228758169934 0.019852941176470587
3 0.24248366013071895 0.1150735294117647 0.0718954248366013 0.021323529411764706
3 0.09215686274509803 0.11066176470588235 0.07973856209150326 0.019852941176470587
3 0.19281045751633988 0.11360294117647059 0.0718954248366013 0.01838235294117647
3 0.1522875816993464 0.10992647058823529 0.07450980392156863 0.019852941176470587
3 0.09019607843137255 0.09889705882352941 0.06797385620915032 0.015441176470588236
3 0.11895424836601307 0.08639705882352941 0.05751633986928104 0.015441176470588236
3 0.161437908496732 0.08198529411764706 0.0457516339869281 0.013970588235294118
3 0.13137254901960785 0.10036764705882353 0.09019607843137255 0.016911764705882352
3 0.1895424836601307 0.09963235294117648 0.05751633986928104 0.01838235294117647
3 0.22875816993464052 0.1025735294117647 0.05490196078431372 0.016911764705882352
11 0.27058823529411763 0.10147058823529412 0.06797385620915032 0.023529411764705882
3 0.29281045751633983 0.08639705882352941 0.07320261437908496 0.013970588235294118
7 0.269281045751634 0.08198529411764706 0.01045751633986928 0.013970588235294118
3 0.2699346405228758 0.07977941176470588 0.03529411764705882 0.015441176470588236
7 0.2 0.08786764705882352 0.013071895424836602 0.013970588235294118
7 0.2281045751633987 0.09080882352941176 0.00915032679738562 0.013970588235294118
7 0.2392156862745098 0.08308823529411764 0.00784313725490196 0.013235294117647059
3 0.22156862745098038 0.08088235294117647 0.03529411764705882 0.014705882352941176
5 0.24836601307189543 0.09411764705882353 0.02091503267973856 0.007352941176470588
8 0.24575163398692812 0.09301470588235294 0.00784313725490196 0.008088235294117648