3 0.9721354166666667 0.32407407407407407 0.05572916666666667 0.02962962962962963
3 0.8569444444444444 0.2864583333333333 0.045370370370370366 0.022916666666666665
3 0.9087962962962962 0.24140625 0.03611111111111111 0.019270833333333334
3 0.8087962962962963 0.21458333333333332 0.0287037037037037 0.014583333333333334
3 0.9018518518518518 0.21484375 0.027777777777777776 0.013020833333333334
3 0.8592592592592592 0.2109375 0.027777777777777776 0.0125
3 0.8537037037037037 0.2015625 0.02592592592592592 0.010416666666666666
3 0.8421296296296296 0.19322916666666667 0.023148148148148147 0.011458333333333333
3 0.8013888888888888 0.19427083333333334 0.023148148148148147 0.010416666666666666
3 0.8902777777777777 0.18802083333333333 0.025 0.011458333333333333
1 0.8912037037037037 0.20338541666666668 0.00648148148148148 0.0078125
5 0.8888888888888888 0.19921875 0.00925925925925926 0.0078125
8 0.8925925925925925 0.2 0.007407407407407407 0.009375
8 0.8888888888888888 0.19713541666666667 0.007407407407407407 0.008854166666666666
10 0.8453703703703703 0.18411458333333333 0.027777777777777776 0.0171875
3 0.8652777777777777 0.18151041666666667 0.01944444444444444 0.009895833333333333
3 0.8375 0.18229166666666666 0.01944444444444444 0.011458333333333333
3 0.8509259259259259 0.16875 0.01851851851851852 0.007291666666666667
3 0.8282407407407407 0.17421875 0.021296296296296296 0.0109375
3 0.8273148148148147 0.16901041666666666 0.01574074074074074 0.0067708333333333336
3 0.8231481481481481 0.1671875 0.016666666666666666 0.007291666666666667
3 0.8245370370370371 0.1640625 0.01574074074074074 0.007291666666666667
3 0.825 0.1609375 0.016666666666666666 0.00625
3 0.8148148148148148 0.15833333333333333 0.016666666666666666 0.008333333333333333
2 0.8439814814814814 0.15598958333333332 0.0287037037037037 0.0171875
3 0.7833333333333333 0.15078125 0.014814814814814814 0.0067708333333333336
3 0.7787037037037037 0.14505208333333333 0.01296296296296296 0.005729166666666666
5 0.7180555555555554 0.1578125 0.00462962962962963 0.005208333333333333
8 0.7185185185185184 0.15651041666666668 0.005555555555555555 0.0046875
7 0.712037037037037 0.15625 0.0037037037037037034 0.008333333333333333
7 0.6986111111111111 0.15416666666666667 0.00648148148148148 0.007291666666666667
3 0.8194444444444444 0.15598958333333332 0.01296296296296296 0.0067708333333333336
3 0.8097222222222221 0.15208333333333332 0.01574074074074074 0.007291666666666667
3 0.7305555555555555 0.14270833333333333 0.016666666666666666 0.007291666666666667
4 0.8050925925925925 0.14401041666666667 0.023148148148148147 0.008854166666666666
3 0.7143518518518518 0.13567708333333334 0.021296296296296296 0.0046875
3 0.7407407407407407 0.1328125 0.016666666666666666 0.005208333333333333
3 0.7837962962962963 0.13255208333333332 0.012037037037037037 0.0046875
3 0.8245370370370371 0.13645833333333332 0.023148148148148147 0.005208333333333333
11 0.8902777777777777 0.12734375 0.017592592592592594 0.0046875
11 0.7638888888888888 0.13020833333333334 0.01296296296296296 0.00625
3 0.7787037037037037 0.13020833333333334 0.01111111111111111 0.004166666666666667
4 0.7069444444444444 0.10286458333333333 0.04907407407407407 0.008854166666666666
3 0.4597222222222222 0.11328125 0.02685185185185185 0.005729166666666666
3 0.48518518518518516 0.11302083333333333 0.02592592592592592 0.00625
11 0.937037037037037 0.11145833333333334 0.02222222222222222 0.00625
3 0.8532407407407407 0.11197916666666667 0.0287037037037037 0.005208333333333333
3 0.8856481481481481 0.11223958333333334 0.025 0.0046875