3 0.48954248366013065 0.4400735294117647 0.08235294117647059 0.04926470588235294
11 0.5287581699346405 0.37573529411764706 0.06143790849673203 0.03823529411764706
11 0.33464052287581697 0.3161764705882353 0.06013071895424836 0.029411764705882353
3 0.28431372549019607 0.3110294117647059 0.05359477124183006 0.025
3 0.21241830065359474 0.3165441176470588 0.06666666666666667 0.021323529411764706
3 0.29084967320261434 0.30073529411764705 0.07450980392156863 0.01911764705882353
11 0.9985294117647059 0.22287581699346407 0.0029411764705882353 0.009150326797385621
10 0.9915441176470589 0.19019607843137254 0.016911764705882352 0.01568627450980392
10 0.9509803921568627 0.19558823529411765 0.04836601307189542 0.011764705882352941
3 0.8758169934640523 0.1963235294117647 0.0392156862745098 0.007352941176470588
3 0.7816993464052288 0.19044117647058822 0.02091503267973856 0.008823529411764706
2 0.7019607843137254 0.18786764705882353 0.06013071895424836 0.013970588235294118
3 0.7568627450980392 0.18419117647058825 0.02091503267973856 0.006617647058823529
11 0.7522875816993464 0.18051470588235294 0.022222222222222223 0.006617647058823529
3 0.7346405228758169 0.17169117647058824 0.013071895424836602 0.005147058823529412
10 0.7071895424836601 0.175 0.01568627450980392 0.014705882352941176
3 0.6875816993464052 0.1724264705882353 0.01045751633986928 0.005147058823529412
3 0.7 0.16433823529411765 0.00915032679738562 0.005147058823529412
3 0.8196078431372548 0.17941176470588235 0.023529411764705882 0.0058823529411764705
3 0.8052287581699347 0.18198529411764705 0.026143790849673203 0.006617647058823529
2 0.9922794117647059 0.18104575163398692 0.015441176470588236 0.01045751633986928
11 0.3542483660130719 0.2540441176470588 0.03137254901960784 0.01838235294117647
11 0.4150326797385621 0.22683823529411765 0.03006535947712418 0.016911764705882352
11 0.46928104575163393 0.21102941176470588 0.0392156862745098 0.010294117647058823
10 0.5 0.2665441176470588 0.10065359477124183 0.019852941176470587
3 0.49150326797385624 0.25588235294117645 0.07581699346405228 0.011764705882352941
9 0.5032679738562091 0.25 0.06013071895424836 0.011764705882352941
11 0.5241830065359476 0.24411764705882352 0.05751633986928104 0.014705882352941176
10 0.5326797385620915 0.23933823529411766 0.058823529411764705 0.015441176470588236
10 0.5483660130718954 0.22573529411764706 0.06666666666666667 0.01764705882352941
10 0.5620915032679739 0.20404411764705882 0.023529411764705882 0.016911764705882352
5 0.2915032679738562 0.27794117647058825 0.023529411764705882 0.010294117647058823
1 0.161437908496732 0.3246323529411765 0.03529411764705882 0.0125
4 0.12156862745098038 0.31470588235294117 0.03660130718954248 0.020588235294117647
9 0.022794117647058822 0.3333333333333333 0.045588235294117645 0.013071895424836602
10 0.6052287581699346 0.1948529411764706 0.10196078431372549 0.014705882352941176
2 0.5738562091503268 0.18455882352941178 0.07058823529411765 0.016176470588235296
4 0.6830065359477123 0.15294117647058825 0.03790849673202614 0.011764705882352941
3 0.7274509803921568 0.1536764705882353 0.006535947712418301 0.004411764705882353
3 0.6071895424836601 0.16470588235294117 0.00915032679738562 0.004411764705882353
3 0.6104575163398692 0.16139705882352942 0.013071895424836602 0.003676470588235294
5 0.11241830065359477 0.3801470588235294 0.02875816993464052 0.016176470588235296