4 0.7673202614379084 0.06764705882352941 0.34248366013071896 0.07647058823529412
11 0.5333333333333333 0.2889705882352941 0.04183006535947712 0.033823529411764704
11 0.5137254901960784 0.22242647058823528 0.03398692810457516 0.02426470588235294
10 0.7823529411764706 0.3356617647058823 0.05620915032679739 0.04191176470588235
3 0.8549019607843136 0.2400735294117647 0.044444444444444446 0.021323529411764706
3 0.9738562091503267 0.24448529411764705 0.047058823529411764 0.022794117647058822
3 0.7209150326797384 0.14963235294117647 0.024836601307189544 0.0125
10 0.7725490196078431 0.1411764705882353 0.0392156862745098 0.030882352941176472
8 0.6431372549019607 0.3025735294117647 0.02091503267973856 0.01838235294117647
5 0.6431372549019607 0.3069852941176471 0.02091503267973856 0.016911764705882352
8 0.6398692810457516 0.2301470588235294 0.011764705882352941 0.014705882352941176
5 0.6398692810457516 0.23345588235294118 0.011764705882352941 0.013970588235294118
10 0.40588235294117647 0.13308823529411765 0.0718954248366013 0.020588235294117647
10 0.3947712418300654 0.14154411764705882 0.05490196078431372 0.013970588235294118
3 0.37124183006535943 0.16139705882352942 0.04183006535947712 0.009558823529411765
3 0.380392156862745 0.15551470588235294 0.04183006535947712 0.009558823529411765
3 0.32091503267973853 0.12463235294117647 0.022222222222222223 0.008088235294117648
3 0.25620915032679736 0.12389705882352942 0.026143790849673203 0.008088235294117648
3 0.2830065359477124 0.13198529411764706 0.022222222222222223 0.009558823529411765
11 0.21699346405228756 0.13566176470588234 0.03398692810457516 0.013970588235294118
3 0.20196078431372547 0.1275735294117647 0.0457516339869281 0.008088235294117648
3 0.5797385620915033 0.12904411764705884 0.01699346405228758 0.008088235294117648
3 0.5921568627450979 0.12610294117647058 0.01830065359477124 0.008088235294117648
3 0.5921568627450979 0.12426470588235294 0.01830065359477124 0.008823529411764706
3 0.6176470588235294 0.11838235294117647 0.01437908496732026 0.007352941176470588
10 0.9908088235294118 0.13660130718954247 0.01838235294117647 0.02483660130718954
10 0.7542483660130719 0.1264705882352941 0.023529411764705882 0.023529411764705882
2 0.7967320261437908 0.12573529411764706 0.032679738562091505 0.020588235294117647
3 0.5640522875816993 0.11654411764705883 0.022222222222222223 0.008088235294117648
3 0.5921568627450979 0.1150735294117647 0.01568627450980392 0.008088235294117648
3 0.9959558823529412 0.17450980392156862 0.008088235294117648 0.01045751633986928
3 0.9908088235294118 0.16993464052287582 0.01838235294117647 0.01045751633986928
3 0.9333333333333332 0.15110294117647058 0.01830065359477124 0.009558823529411765
3 0.9483660130718953 0.15588235294117647 0.022222222222222223 0.008823529411764706
3 0.9588235294117647 0.16029411764705884 0.022222222222222223 0.008823529411764706
3 0.9660130718954247 0.16654411764705881 0.023529411764705882 0.011029411764705883
3 0.9908088235294118 0.1542483660130719 0.01838235294117647 0.009150326797385621
3 0.9607843137254901 0.1426470588235294 0.023529411764705882 0.010294117647058823