3 0.8583333333333333 0.34088541666666666 0.07222222222222222 0.05364583333333333
3 0.8694444444444444 0.22317708333333333 0.06296296296296296 0.03802083333333333
3 0.38564814814814813 0.4703125 0.14907407407407408 0.09166666666666666
3 0.24259259259259258 0.30494791666666665 0.12037037037037036 0.06614583333333333
3 0.45370370370370366 0.38307291666666665 0.10185185185185185 0.0578125
3 0.5115740740740741 0.3203125 0.09722222222222222 0.053125
3 0.5587962962962963 0.26979166666666665 0.0824074074074074 0.04375
3 0.5958333333333333 0.22604166666666667 0.06203703703703703 0.03229166666666667
3 0.6296296296296297 0.18984375 0.06666666666666667 0.03697916666666667
3 0.65 0.16171875 0.0574074074074074 0.027604166666666666
3 0.6564814814814814 0.14244791666666667 0.0537037037037037 0.019270833333333334
3 0.5421296296296296 0.11640625 0.05092592592592592 0.0265625
3 0.7430555555555555 0.12473958333333333 0.03981481481481482 0.0234375
3 0.8083333333333333 0.12786458333333334 0.04259259259259259 0.022395833333333334
3 0.8736111111111111 0.08645833333333333 0.032407407407407406 0.017708333333333333
3 0.8087962962962963 0.08515625 0.03425925925925925 0.018229166666666668
3 0.7532407407407408 0.09270833333333334 0.03796296296296296 0.019791666666666666
3 0.7638888888888888 0.07526041666666666 0.03333333333333333 0.016145833333333335
3 0.8282407407407407 0.06796875 0.03796296296296296 0.018229166666666668
3 0.8685185185185185 0.04609375 0.027777777777777776 0.0140625
3 0.8263888888888888 0.04739583333333333 0.030555555555555555 0.014583333333333334
3 0.7837962962962963 0.04791666666666667 0.030555555555555555 0.014583333333333334
3 0.7648148148148147 0.0609375 0.03703703703703704 0.01875
7 0.9851851851851852 0.10833333333333334 0.014814814814814814 0.019791666666666666
8 0.9768518518518517 0.0765625 0.014814814814814814 0.014583333333333334
5 0.974537037037037 0.07916666666666666 0.032407407407407406 0.0125
8 0.9199074074074074 0.020833333333333332 0.008333333333333333 0.009375
5 0.9217592592592592 0.023177083333333334 0.008333333333333333 0.0078125
3 0.8388888888888888 0.018229166666666668 0.024074074074074074 0.0125
3 0.8634259259259258 0.007552083333333333 0.021296296296296296 0.0109375
3 0.8786458333333333 0.004166666666666667 0.01875 0.008333333333333333
3 0.8440104166666667 0.004166666666666667 0.017708333333333333 0.008333333333333333
11 0.8046875 0.0032407407407407406 0.022395833333333334 0.006481481481481481
3 0.8069444444444444 0.008072916666666667 0.021296296296296296 0.0109375
3 0.8037037037037037 0.013020833333333334 0.02222222222222222 0.010416666666666666
3 0.8004629629629629 0.019270833333333334 0.023148148148148147 0.011458333333333333
3 0.7962962962962963 0.0265625 0.024074074074074074 0.011458333333333333
3 0.7902777777777777 0.033854166666666664 0.025 0.0125
3 0.7476851851851851 0.0359375 0.030555555555555555 0.014583333333333334
11 0.7513888888888888 0.0265625 0.023148148148148147 0.015625
11 0.7185185185185184 0.021354166666666667 0.02592592592592592 0.014583333333333334
11 0.6462962962962963 0.023177083333333334 0.029629629629629627 0.015104166666666667
3 0.6125 0.04192708333333333 0.03611111111111111 0.015104166666666667
7 0.5648148148148148 0.025520833333333333 0.007407407407407407 0.011458333333333333
8 0.6087962962962963 0.0203125 0.013888888888888888 0.007291666666666667
9 0.6101851851851852 0.021614583333333333 0.014814814814814814 0.0078125
8 0.5671296296296297 0.035416666666666666 0.010185185185185184 0.009375
5 0.5680555555555554 0.0375 0.013888888888888888 0.009375
7 0.47129629629629627 0.04114583333333333 0.00925925925925926 0.0125
7 0.4611111111111111 0.043229166666666666 0.01111111111111111 0.013541666666666667
7 0.42546296296296293 0.04479166666666667 0.008333333333333333 0.013541666666666667
7 0.42361111111111105 0.04505208333333333 0.01574074074074074 0.0140625
3 0.37129629629629624 0.05260416666666667 0.0574074074074074 0.014583333333333334
3 0.33888888888888885 0.06484375 0.05555555555555555 0.016145833333333335
3 0.30185185185185187 0.06875 0.07222222222222222 0.01875
3 0.2625 0.059895833333333336 0.06944444444444443 0.014583333333333334
3 0.24814814814814812 0.06380208333333333 0.06296296296296296 0.022395833333333334
3 0.2111111111111111 0.06692708333333333 0.06111111111111111 0.0234375
3 0.14259259259259258 0.05963541666666667 0.06666666666666667 0.0234375
3 0.1560185185185185 0.04765625 0.07685185185185185 0.028645833333333332
3 0.0574074074074074 0.05572916666666667 0.06666666666666667 0.022916666666666665
11 0.07175925925925926 0.05234375 0.07129629629629629 0.021354166666666667