8 0.28703703703703703 0.384375 0.03333333333333333 0.022916666666666665
8 0.3379629629629629 0.3796875 0.027777777777777776 0.021875
7 0.3851851851851852 0.37447916666666664 0.02592592592592592 0.03229166666666667
8 0.3592592592592592 0.3703125 0.02592592592592592 0.021875
8 0.38333333333333336 0.3640625 0.02222222222222222 0.019791666666666666
8 0.32685185185185184 0.396875 0.03148148148148148 0.020833333333333332
9 0.3055555555555555 0.4125 0.12962962962962962 0.05
7 0.04351851851851852 0.3255208333333333 0.024074074074074074 0.028125
1 0.05648148148148148 0.3125 0.03148148148148148 0.022916666666666665
3 0.7398148148148148 0.4046875 0.1648148148148148 0.06979166666666667
3 0.9463541666666667 0.32407407407407407 0.10729166666666666 0.046296296296296294
9 0.6722222222222222 0.265625 0.07777777777777777 0.03333333333333333
5 0.5175925925925926 0.33958333333333335 0.0537037037037037 0.027083333333333334
8 0.8342592592592591 0.20416666666666666 0.016666666666666666 0.016666666666666666
8 0.8759259259259259 0.20885416666666667 0.014814814814814814 0.013541666666666667
1 0.9046296296296296 0.2 0.03518518518518519 0.016666666666666666
1 0.9416666666666667 0.20625 0.03518518518518519 0.016666666666666666
5 0.6916666666666667 0.24375 0.03518518518518519 0.025
5 0.662037037037037 0.24791666666666667 0.03148148148148148 0.020833333333333332
3 0.95625 0.27037037037037037 0.0875 0.037037037037037035