4 0.2648148148148148 0.1140625 0.1 0.021875
7 0.2518518518518518 0.14427083333333332 0.007407407407407407 0.011458333333333333
7 0.27037037037037037 0.16302083333333334 0.01111111111111111 0.013541666666666667
7 0.2787037037037037 0.16302083333333334 0.00925925925925926 0.011458333333333333
11 0.2898148148148148 0.17395833333333333 0.05 0.020833333333333332
4 0.2462962962962963 0.19427083333333334 0.03333333333333333 0.015625
7 0.30833333333333335 0.2546875 0.016666666666666666 0.023958333333333335
7 0.28055555555555556 0.24895833333333334 0.01296296296296296 0.01875
7 0.287962962962963 0.25 0.01296296296296296 0.01875
0 0.28703703703703703 0.26197916666666665 0.04074074074074074 0.030208333333333334
11 0.19074074074074074 0.275 0.1148148148148148 0.05416666666666667
7 0.16296296296296295 0.2635416666666667 0.01111111111111111 0.01875
5 0.010416666666666666 0.3212962962962963 0.020833333333333332 0.020370370370370372
5 0.01574074074074074 0.3333333333333333 0.016666666666666666 0.016666666666666666
5 0.030555555555555555 0.33697916666666666 0.03148148148148148 0.030208333333333334
8 0.010416666666666666 0.3861111111111111 0.020833333333333332 0.025925925925925925
8 0.0287037037037037 0.37447916666666664 0.024074074074074074 0.017708333333333333
8 0.06944444444444443 0.3723958333333333 0.03148148148148148 0.023958333333333335
4 0.1175925925925926 0.3223958333333333 0.11666666666666667 0.03854166666666667
5 0.2037037037037037 0.3109375 0.03333333333333333 0.017708333333333333
4 0.24351851851851852 0.3078125 0.03888888888888888 0.009375
7 0.2759259259259259 0.3177083333333333 0.02222222222222222 0.027083333333333334
0 0.25277777777777777 0.33125 0.046296296296296294 0.0375
9 0.21296296296296294 0.34427083333333336 0.07037037037037037 0.030208333333333334
7 0.3046296296296296 0.35 0.01296296296296296 0.016666666666666666
7 0.31851851851851853 0.346875 0.01851851851851852 0.029166666666666667
8 0.32314814814814813 0.33177083333333335 0.027777777777777776 0.021875
4 0.5203703703703704 0.11875 0.1 0.027083333333333334
4 0.586111111111111 0.16510416666666666 0.0537037037037037 0.011458333333333333
5 0.3787037037037037 0.2453125 0.04259259259259259 0.019791666666666666
7 0.3564814814814815 0.25104166666666666 0.01296296296296296 0.022916666666666665
8 0.3592592592592592 0.26927083333333335 0.02592592592592592 0.013541666666666667
7 0.37129629629629624 0.28802083333333334 0.016666666666666666 0.026041666666666668
8 0.36111111111111105 0.2869791666666667 0.01111111111111111 0.009375
7 0.3546296296296296 0.2916666666666667 0.00925925925925926 0.020833333333333332
1 0.36111111111111105 0.2947916666666667 0.014814814814814814 0.01875
4 0.4092592592592592 0.31197916666666664 0.02222222222222222 0.023958333333333335
8 0.45370370370370366 0.2994791666666667 0.03333333333333333 0.013541666666666667
8 0.4925925925925926 0.3 0.02222222222222222 0.020833333333333332
8 0.5157407407407407 0.2984375 0.02037037037037037 0.023958333333333335
7 0.45185185185185184 0.37552083333333336 0.02222222222222222 0.028125
8 0.40277777777777773 0.5510416666666667 0.027777777777777776 0.01875
4 0.44907407407407407 0.2520833333333333 0.027777777777777776 0.014583333333333334
4 0.4287037037037037 0.26666666666666666 0.06481481481481481 0.0125
7 0.4222222222222222 0.24791666666666667 0.014814814814814814 0.020833333333333332
7 0.42685185185185187 0.2421875 0.016666666666666666 0.019791666666666666
8 0.4074074074074074 0.2546875 0.01851851851851852 0.011458333333333333
7 0.4601851851851852 0.24479166666666666 0.00925925925925926 0.016666666666666666
7 0.562037037037037 0.2609375 0.01296296296296296 0.013541666666666667
7 0.5425925925925926 0.2578125 0.014814814814814814 0.021875
7 0.562037037037037 0.24895833333333334 0.01296296296296296 0.01875
4 0.673148148148148 0.190625 0.06481481481481481 0.01875
8 0.6787037037037037 0.23697916666666666 0.01296296296296296 0.017708333333333333
8 0.6925925925925925 0.2359375 0.014814814814814814 0.015625
8 0.6990740740740741 0.23072916666666668 0.024074074074074074 0.015625
7 0.6583333333333333 0.22760416666666666 0.00925925925925926 0.011458333333333333
8 0.6518518518518518 0.23229166666666667 0.014814814814814814 0.0125
5 0.6444444444444444 0.240625 0.02222222222222222 0.014583333333333334
7 0.7555555555555554 0.21979166666666666 0.014814814814814814 0.016666666666666666
7 0.7555555555555554 0.22864583333333333 0.01111111111111111 0.015625
7 0.7287037037037037 0.2520833333333333 0.016666666666666666 0.020833333333333332
7 0.6768518518518518 0.25885416666666666 0.016666666666666666 0.019791666666666666
7 0.6361111111111111 0.2713541666666667 0.016666666666666666 0.019791666666666666
7 0.7018518518518518 0.2765625 0.01851851851851852 0.023958333333333335
8 0.675 0.29322916666666665 0.02037037037037037 0.017708333333333333
8 0.7175925925925924 0.2869791666666667 0.01296296296296296 0.013541666666666667
7 0.737037037037037 0.2859375 0.01851851851851852 0.023958333333333335
7 0.7694444444444444 0.2791666666666667 0.016666666666666666 0.022916666666666665
5 0.5509259259259259 0.29270833333333335 0.02037037037037037 0.01875
5 0.586111111111111 0.28854166666666664 0.024074074074074074 0.01875
5 0.612037037037037 0.284375 0.02037037037037037 0.01875
4 0.6768518518518518 0.27708333333333335 0.027777777777777776 0.014583333333333334
7 0.6601851851851851 0.2640625 0.016666666666666666 0.023958333333333335
4 0.7259259259259259 0.26875 0.02222222222222222 0.010416666666666666
4 0.7953703703703704 0.265625 0.03148148148148148 0.020833333333333332
8 0.8296296296296295 0.2640625 0.01851851851851852 0.017708333333333333
8 0.8509259259259259 0.2604166666666667 0.02037037037037037 0.01875
8 0.874074074074074 0.2598958333333333 0.014814814814814814 0.019791666666666666
7 0.8314814814814814 0.25364583333333335 0.01111111111111111 0.017708333333333333
4 0.9037037037037037 0.25416666666666665 0.029629629629629627 0.020833333333333332
7 0.9879629629629628 0.2520833333333333 0.01296296296296296 0.022916666666666665
4 0.8472222222222221 0.2786458333333333 0.04259259259259259 0.011458333333333333
7 0.9583333333333334 0.2869791666666667 0.01296296296296296 0.023958333333333335
8 0.9324074074074074 0.2890625 0.016666666666666666 0.017708333333333333
7 0.9064814814814814 0.2984375 0.00925925925925926 0.009375
8 0.8972222222222221 0.2942708333333333 0.01296296296296296 0.009375
7 0.8898148148148147 0.29375 0.016666666666666666 0.025
7 0.8703703703703703 0.29322916666666665 0.01851851851851852 0.013541666666666667
7 0.8638888888888888 0.2989583333333333 0.016666666666666666 0.027083333333333334
7 0.9416666666666667 0.3140625 0.01296296296296296 0.013541666666666667
7 0.9963541666666667 0.23425925925925925 0.007291666666666667 0.018518518518518517
4 0.9027777777777778 0.16510416666666666 0.07222222222222222 0.019791666666666666
11 0.937037037037037 0.159375 0.04444444444444444 0.020833333333333332
4 0.9777777777777777 0.1515625 0.029629629629629627 0.028125
6 0.9973958333333334 0.14814814814814814 0.005208333333333333 0.018518518518518517
11 0.8703703703703703 0.1359375 0.06666666666666667 0.015625
8 0.7805555555555554 0.4046875 0.027777777777777776 0.026041666666666668
7 0.75 0.4036458333333333 0.014814814814814814 0.026041666666666668
7 0.7277777777777777 0.39947916666666666 0.01851851851851852 0.036458333333333336
7 0.7398148148148148 0.3890625 0.016666666666666666 0.023958333333333335
7 0.7518518518518518 0.3921875 0.014814814814814814 0.017708333333333333
7 0.7805555555555554 0.39427083333333335 0.01296296296296296 0.017708333333333333
7 0.7935185185185184 0.3921875 0.01296296296296296 0.015625
7 0.8074074074074074 0.38385416666666666 0.014814814814814814 0.017708333333333333
7 0.8046296296296297 0.40729166666666666 0.01296296296296296 0.016666666666666666
7 0.8185185185185184 0.4041666666666667 0.014814814814814814 0.016666666666666666
7 0.825 0.3953125 0.01296296296296296 0.013541666666666667
7 0.8324074074074074 0.38385416666666666 0.01296296296296296 0.026041666666666668
7 0.8787037037037037 0.4197916666666667 0.02037037037037037 0.03333333333333333
7 0.8787037037037037 0.475 0.024074074074074074 0.03958333333333333