3 0.17712418300653596 0.08602941176470588 0.12156862745098038 0.060294117647058824
3 0.4294117647058823 0.03308823529411765 0.08235294117647059 0.033823529411764704
8 0.8431372549019607 0.2746323529411765 0.03137254901960784 0.03455882352941177
1 0.8457516339869281 0.29375 0.01830065359477124 0.01838235294117647
7 0.7137254901960784 0.15625 0.02091503267973856 0.0375
3 0.7490196078431373 0.04963235294117647 0.04967320261437909 0.03897058823529412
5 0.14183006535947712 0.03419117647058824 0.03006535947712418 0.0125
8 0.134640522875817 0.029044117647058824 0.01830065359477124 0.021323529411764706
8 0.7633986928104575 0.26875 0.023529411764705882 0.016911764705882352
8 0.7555555555555554 0.28455882352941175 0.01830065359477124 0.014705882352941176
5 0.7653594771241831 0.2823529411764706 0.02745098039215686 0.03676470588235294