3 0.8751633986928105 0.47463235294117645 0.10849673202614378 0.0875
3 0.7398692810457516 0.4724264705882353 0.10718954248366012 0.09338235294117647
7 0.5947712418300652 0.5301470588235294 0.04183006535947712 0.04852941176470588
7 0.5620915032679739 0.5345588235294118 0.023529411764705882 0.045588235294117645
7 0.5228758169934641 0.5393382352941176 0.03137254901960784 0.04485294117647059
7 0.4588235294117647 0.5426470588235294 0.03660130718954248 0.03823529411764706
5 0.39803921568627443 0.5466911764705882 0.08235294117647059 0.030147058823529412
3 0.975 0.4137254901960784 0.05 0.054901960784313725
3 0.8333333333333333 0.3915441176470588 0.08235294117647059 0.05955882352941176
3 0.7202614379084967 0.36875 0.07581699346405228 0.05220588235294118
3 0.8189542483660132 0.3386029411764706 0.07450980392156863 0.05073529411764706
9 0.9431372549019607 0.29705882352941176 0.05359477124183006 0.027941176470588237
8 0.934640522875817 0.2893382352941177 0.01830065359477124 0.015441176470588236
10 0.7235294117647059 0.3014705882352941 0.05620915032679739 0.033823529411764704
7 0.9985294117647059 0.2607843137254902 0.0029411764705882353 0.027450980392156862
5 0.9856209150326797 0.2841911764705882 0.02091503267973856 0.021323529411764706
8 0.9856209150326797 0.28088235294117647 0.02091503267973856 0.020588235294117647
3 0.8457516339869281 0.2551470588235294 0.05490196078431372 0.025
5 0.9915441176470589 0.24183006535947713 0.016911764705882352 0.02091503267973856
5 0.9627450980392156 0.24632352941176472 0.01437908496732026 0.016176470588235296
8 0.9640522875816994 0.24154411764705883 0.011764705882352941 0.013970588235294118
7 0.9111111111111111 0.2452205882352941 0.01568627450980392 0.021323529411764706
3 0.9156862745098039 0.23713235294117646 0.08235294117647059 0.025735294117647058
3 0.7745098039215685 0.24154411764705883 0.0457516339869281 0.025735294117647058
3 0.7562091503267974 0.20625 0.03790849673202614 0.019852941176470587
3 0.8006535947712419 0.18382352941176472 0.03006535947712418 0.016176470588235296
5 0.8830065359477124 0.21176470588235294 0.01437908496732026 0.013235294117647059
8 0.8836601307189541 0.20845588235294119 0.013071895424836602 0.015441176470588236
1 0.9444444444444444 0.20477941176470588 0.02745098039215686 0.013970588235294118
3 0.9503267973856209 0.1948529411764706 0.06535947712418301 0.016176470588235296
3 0.9405228758169935 0.18933823529411764 0.06143790849673203 0.013970588235294118
3 0.9235294117647059 0.1786764705882353 0.07712418300653595 0.016176470588235296
7 0.9985294117647059 0.16666666666666666 0.0029411764705882353 0.01437908496732026
7 0.9941176470588236 0.16213235294117648 0.00915032679738562 0.013970588235294118
7 0.9974264705882353 0.1607843137254902 0.005147058823529412 0.01568627450980392
5 0.8836601307189541 0.16544117647058823 0.02091503267973856 0.008823529411764706
7 0.8895424836601306 0.16176470588235295 0.006535947712418301 0.013235294117647059
11 0.9300653594771242 0.15183823529411763 0.043137254901960784 0.013970588235294118
3 0.6777777777777777 0.17536764705882352 0.03529411764705882 0.015441176470588236
3 0.7797385620915032 0.15955882352941175 0.02745098039215686 0.014705882352941176
11 0.7686274509803921 0.14558823529411766 0.02091503267973856 0.014705882352941176
3 0.7601307189542484 0.14080882352941176 0.0196078431372549 0.009558823529411765
11 0.8281045751633986 0.1411764705882353 0.0196078431372549 0.013235294117647059
5 0.7156862745098038 0.15735294117647058 0.0196078431372549 0.008823529411764706
8 0.7091503267973855 0.15698529411764706 0.006535947712418301 0.008088235294117648
8 0.715032679738562 0.15551470588235294 0.01045751633986928 0.011029411764705883
7 0.8620915032679738 0.14779411764705883 0.006535947712418301 0.011764705882352941
3 0.7483660130718954 0.12683823529411764 0.0196078431372549 0.009558823529411765
3 0.7281045751633987 0.12352941176470589 0.04183006535947712 0.010294117647058823
10 0.7758169934640523 0.12830882352941175 0.01699346405228758 0.011029411764705883
3 0.7718954248366013 0.12426470588235294 0.0196078431372549 0.008823529411764706
5 0.7954248366013073 0.12536764705882353 0.006535947712418301 0.006617647058823529
8 0.7947712418300654 0.12426470588235294 0.00784313725490196 0.008823529411764706
3 0.5921568627450979 0.12794117647058822 0.044444444444444446 0.010294117647058823
3 0.6444444444444444 0.12610294117647058 0.04183006535947712 0.008088235294117648
3 0.7058823529411765 0.12242647058823529 0.026143790849673203 0.009558823529411765
3 0.7326797385620915 0.11691176470588235 0.01699346405228758 0.007352941176470588
11 0.7379084967320262 0.1125 0.01437908496732026 0.007352941176470588
3 0.6928104575163399 0.10845588235294118 0.01830065359477124 0.008088235294117648
3 0.7032679738562091 0.10514705882352941 0.013071895424836602 0.0058823529411764705
3 0.7300653594771241 0.10183823529411765 0.01437908496732026 0.006617647058823529
7 0.7797385620915032 0.11213235294117647 0.006535947712418301 0.008088235294117648
5 0.7705882352941177 0.11213235294117647 0.006535947712418301 0.005147058823529412
8 0.7699346405228757 0.11029411764705882 0.00522875816993464 0.0058823529411764705
11 0.7019607843137254 0.09889705882352941 0.013071895424836602 0.008088235294117648
0 0.7496732026143791 0.09779411764705882 0.00915032679738562 0.0058823529411764705
3 0.6941176470588235 0.09080882352941176 0.013071895424836602 0.006617647058823529