11 0.8277777777777777 0.23541666666666666 0.04814814814814815 0.0375
7 0.6666666666666666 0.49947916666666664 0.02592592592592592 0.06145833333333333
7 0.9074074074074073 0.5234375 0.04814814814814815 0.07604166666666666
7 0.6222222222222221 0.39375 0.03703703703703704 0.058333333333333334
7 0.7583333333333333 0.45416666666666666 0.04259259259259259 0.035416666666666666
5 0.7555555555555554 0.4713541666666667 0.059259259259259255 0.07395833333333333
5 0.9703125 0.5277777777777778 0.059375 0.06296296296296296
7 0.7157407407407407 0.36041666666666666 0.027777777777777776 0.04375
4 0.8787037037037037 0.12708333333333333 0.1574074074074074 0.0625
7 0.2518518518518518 0.4140625 0.03703703703703704 0.059375
11 0.975 0.17314814814814813 0.05 0.022222222222222223
11 0.99375 0.16944444444444445 0.0125 0.022222222222222223
11 0.7333333333333333 0.1921875 0.04074074074074074 0.023958333333333335
10 0.8509259259259259 0.17239583333333333 0.03148148148148148 0.021875
10 0.9833333333333333 0.15462962962962962 0.03333333333333333 0.025925925925925925
9 0.9973958333333334 0.35185185185185186 0.005208333333333333 0.05185185185185185
9 0.6416666666666667 0.2520833333333333 0.10185185185185185 0.029166666666666667
11 0.6574074074074073 0.22395833333333334 0.1111111111111111 0.027083333333333334
3 0.5592592592592592 0.2078125 0.0962962962962963 0.026041666666666668
9 0.5787037037037037 0.35052083333333334 0.15 0.030208333333333334
9 0.8925925925925925 0.184375 0.01851851851851852 0.01875
1 0.7518518518518518 0.2734375 0.02222222222222222 0.023958333333333335
7 0.7527777777777778 0.265625 0.016666666666666666 0.027083333333333334
7 0.6787037037037037 0.2078125 0.01296296296296296 0.017708333333333333
5 0.6333333333333333 0.40208333333333335 0.06296296296296296 0.03125
8 0.6259259259259259 0.3416666666666667 0.029629629629629627 0.022916666666666665
1 0.6138888888888888 0.29791666666666666 0.07222222222222222 0.01875
1 0.6361111111111111 0.28020833333333334 0.07222222222222222 0.01875
1 0.6194444444444444 0.31979166666666664 0.07222222222222222 0.01875
5 0.23240740740740737 0.534375 0.10925925925925925 0.05416666666666667
5 0.5787037037037037 0.440625 0.07962962962962963 0.03958333333333333
7 0.5777777777777777 0.42604166666666665 0.03703703703703704 0.058333333333333334
5 0.23240740740740737 0.321875 0.0574074074074074 0.025
5 0.3787037037037037 0.34791666666666665 0.07222222222222222 0.022916666666666665
7 0.7907407407407407 0.2015625 0.01111111111111111 0.013541666666666667
7 0.7953703703703704 0.1734375 0.00925925925925926 0.009375
7 0.8537037037037037 0.18541666666666667 0.01111111111111111 0.010416666666666666
7 0.9148148148148147 0.1859375 0.01111111111111111 0.013541666666666667
9 0.9018518518518518 0.16927083333333334 0.01851851851851852 0.013541666666666667
9 0.925 0.1734375 0.01296296296296296 0.009375
7 0.9851851851851852 0.3484375 0.02592592592592592 0.030208333333333334