3 0.5638888888888888 0.3619791666666667 0.10185185185185185 0.036458333333333336
3 0.27314814814814814 0.51875 0.09814814814814814 0.08541666666666667
3 0.4796296296296296 0.5208333333333334 0.14444444444444443 0.08125
3 0.28703703703703703 0.3098958333333333 0.05185185185185184 0.034375
3 0.4212962962962962 0.2828125 0.046296296296296294 0.026041666666666668
3 0.1824074074074074 0.2557291666666667 0.046296296296296294 0.028125
3 0.6351851851851851 0.30416666666666664 0.05555555555555555 0.029166666666666667
3 0.65 0.34010416666666665 0.06296296296296296 0.034375
3 0.5990740740740741 0.26927083333333335 0.046296296296296294 0.021875
3 0.41759259259259257 0.20416666666666666 0.03148148148148148 0.016666666666666666
3 0.4527777777777777 0.19322916666666667 0.03148148148148148 0.015625
3 0.40185185185185185 0.18645833333333334 0.03333333333333333 0.014583333333333334
3 0.24259259259259258 0.203125 0.03333333333333333 0.016666666666666666
3 0.3351851851851852 0.16145833333333334 0.02592592592592592 0.0125
3 0.3342592592592592 0.13489583333333333 0.02037037037037037 0.009375
3 0.30185185185185187 0.1375 0.02222222222222222 0.008333333333333333
3 0.2759259259259259 0.14270833333333333 0.02222222222222222 0.008333333333333333
11 0.387037037037037 0.14427083333333332 0.02222222222222222 0.011458333333333333
3 0.47685185185185186 0.15104166666666666 0.024074074074074074 0.008333333333333333
3 0.4611111111111111 0.140625 0.02222222222222222 0.010416666666666666
4 0.37037037037037035 0.075 0.15555555555555553 0.075
3 0.19629629629629627 0.23802083333333332 0.04074074074074074 0.017708333333333333
3 0.20925925925925926 0.21510416666666668 0.03333333333333333 0.015625
3 0.23888888888888887 0.19166666666666668 0.03703703703703704 0.0125
3 0.24351851851851852 0.18125 0.03888888888888888 0.014583333333333334
10 0.24537037037037035 0.16927083333333334 0.027777777777777776 0.015625
3 0.26296296296296295 0.1625 0.029629629629629627 0.0125
3 0.2611111111111111 0.15677083333333333 0.01851851851851852 0.011458333333333333
3 0.2712962962962963 0.1390625 0.02037037037037037 0.011458333333333333
3 0.2759259259259259 0.13541666666666666 0.01851851851851852 0.010416666666666666
3 0.2814814814814815 0.12552083333333333 0.01851851851851852 0.007291666666666667
3 0.3435185185185185 0.12864583333333332 0.016666666666666666 0.007291666666666667
3 0.3472222222222222 0.121875 0.016666666666666666 0.008333333333333333
3 0.3444444444444444 0.1171875 0.014814814814814814 0.007291666666666667
3 0.4083333333333333 0.11875 0.02037037037037037 0.008333333333333333
3 0.43611111111111106 0.11666666666666667 0.016666666666666666 0.00625
11 0.45185185185185184 0.12916666666666668 0.014814814814814814 0.010416666666666666
3 0.48703703703703705 0.15989583333333332 0.02222222222222222 0.009375
3 0.49537037037037035 0.16614583333333333 0.027777777777777776 0.011458333333333333
3 0.5083333333333333 0.17604166666666668 0.024074074074074074 0.0125
11 0.525 0.2 0.03518518518518519 0.016666666666666666
3 0.537962962962963 0.21666666666666667 0.03518518518518519 0.016666666666666666
11 0.5675925925925926 0.23958333333333334 0.04259259259259259 0.022916666666666665
7 0.08518518518518518 0.3390625 0.02222222222222222 0.026041666666666668
7 0.08425925925925926 0.2598958333333333 0.02037037037037037 0.023958333333333335
7 0.04907407407407407 0.2864583333333333 0.016666666666666666 0.020833333333333332
7 0.9685185185185184 0.3463541666666667 0.014814814814814814 0.026041666666666668
7 0.9963541666666667 0.34074074074074073 0.007291666666666667 0.025925925925925925
1 0.8972222222222221 0.2916666666666667 0.027777777777777776 0.016666666666666666
8 0.03796296296296296 0.46458333333333335 0.027777777777777776 0.020833333333333332
8 0.14537037037037034 0.33645833333333336 0.024074074074074074 0.01875
8 0.5546296296296297 0.28854166666666664 0.016666666666666666 0.01875
8 0.4629629629629629 0.2203125 0.014814814814814814 0.009375
8 0.3537037037037037 0.175 0.01111111111111111 0.008333333333333333
8 0.31111111111111106 0.14791666666666667 0.007407407407407407 0.00625
8 0.32129629629629625 0.12239583333333333 0.005555555555555555 0.005208333333333333
8 0.3694444444444444 0.11666666666666667 0.00925925925925926 0.004166666666666667
8 0.4259259259259259 0.11979166666666667 0.007407407407407407 0.004166666666666667
8 0.41203703703703703 0.13854166666666667 0.005555555555555555 0.004166666666666667
5 0.3555555555555555 0.17916666666666667 0.01111111111111111 0.010416666666666666
5 0.31296296296296294 0.15260416666666668 0.014814814814814814 0.005208333333333333
5 0.4629629629629629 0.22395833333333334 0.014814814814814814 0.010416666666666666
5 0.14907407407407408 0.3463541666666667 0.03148148148148148 0.019791666666666666
9 0.41388888888888886 0.14322916666666666 0.01296296296296296 0.009375
5 0.42777777777777776 0.12239583333333333 0.007407407407407407 0.005208333333333333
5 0.325 0.12604166666666666 0.00925925925925926 0.004166666666666667
9 0.3722222222222222 0.1203125 0.01111111111111111 0.007291666666666667
1 0.5583333333333333 0.29739583333333336 0.01296296296296296 0.013541666666666667
3 0.022916666666666665 0.33796296296296297 0.04583333333333333 0.018518518518518517
3 0.019270833333333334 0.3111111111111111 0.03854166666666667 0.018518518518518517
7 0.00625 0.23703703703703705 0.0125 0.018518518518518517
3 0.5 0.12864583333333332 0.04444444444444444 0.011458333333333333
3 0.48611111111111105 0.11302083333333333 0.03518518518518519 0.009375