3 0.5689814814814814 0.5369791666666667 0.09351851851851851 0.05
7 0.5782407407407407 0.5046875 0.017592592592592594 0.027083333333333334
8 0.5828703703703704 0.50625 0.008333333333333333 0.0125
8 0.5847222222222221 0.5080729166666667 0.025 0.0203125
5 0.5847222222222221 0.51015625 0.03425925925925925 0.013020833333333334
11 0.6032407407407407 0.48541666666666666 0.06574074074074074 0.041666666666666664
3 0.649074074074074 0.44947916666666665 0.06481481481481481 0.035416666666666666
8 0.874074074074074 0.5177083333333333 0.01851851851851852 0.022916666666666665
1 0.8731481481481481 0.521875 0.01851851851851852 0.023958333333333335
8 0.923611111111111 0.5247395833333334 0.017592592592592594 0.022395833333333334
1 0.923611111111111 0.52890625 0.01944444444444444 0.022395833333333334
8 0.7851851851851851 0.4765625 0.016666666666666666 0.019791666666666666
5 0.7865740740740741 0.4822916666666667 0.01944444444444444 0.020833333333333332
8 0.8287037037037037 0.4734375 0.016666666666666666 0.01875
5 0.8287037037037037 0.4765625 0.02037037037037037 0.022916666666666665
7 0.7379629629629629 0.42682291666666666 0.014814814814814814 0.022395833333333334
7 0.7180555555555554 0.42604166666666665 0.013888888888888888 0.022916666666666665
7 0.7009259259259258 0.43072916666666666 0.014814814814814814 0.022916666666666665
3 0.687962962962963 0.4088541666666667 0.0574074074074074 0.03854166666666667
8 0.7416666666666667 0.38776041666666666 0.016666666666666666 0.019270833333333334
5 0.7402777777777777 0.39140625 0.013888888888888888 0.016145833333333335
7 0.762962962962963 0.3731770833333333 0.01296296296296296 0.019270833333333334
5 0.013802083333333333 0.4703703703703704 0.027604166666666666 0.013888888888888888
5 0.16944444444444443 0.42291666666666666 0.05 0.015625
7 0.18101851851851852 0.421875 0.021296296296296296 0.019791666666666666
5 0.274537037037037 0.4317708333333333 0.054629629629629625 0.017708333333333333
5 0.26620370370370366 0.44088541666666664 0.03611111111111111 0.016145833333333335
5 0.35 0.4010416666666667 0.04444444444444444 0.016666666666666666
5 0.3796296296296296 0.34765625 0.03333333333333333 0.0140625
11 0.3013888888888889 0.36666666666666664 0.075 0.035416666666666666
5 0.4388888888888889 0.33125 0.024074074074074074 0.0125
5 0.4439814814814814 0.32838541666666665 0.02685185185185185 0.013020833333333334
8 0.4231481481481481 0.32005208333333335 0.014814814814814814 0.009895833333333333
5 0.47268518518518515 0.31796875 0.030555555555555555 0.011979166666666667
8 0.47453703703703703 0.31276041666666665 0.010185185185185184 0.005729166666666666
1 0.4819444444444444 0.3151041666666667 0.030555555555555555 0.010416666666666666
5 0.5111111111111111 0.3033854166666667 0.01296296296296296 0.011979166666666667
7 0.5462962962962963 0.2908854166666667 0.007407407407407407 0.008854166666666666
7 0.5587962962962963 0.28671875 0.008333333333333333 0.0109375
7 0.5648148148148148 0.28125 0.01111111111111111 0.014583333333333334
8 0.6402777777777777 0.24453125 0.010185185185185184 0.008854166666666666
3 0.6824074074074074 0.33515625 0.046296296296296294 0.019270833333333334
8 0.4921296296296296 0.33098958333333334 0.010185185185185184 0.011979166666666667
8 0.5004629629629629 0.33151041666666664 0.010185185185185184 0.0109375
8 0.4939814814814814 0.328125 0.010185185185185184 0.013541666666666667
8 0.5083333333333333 0.32786458333333335 0.01111111111111111 0.011979166666666667
8 0.5203703703703704 0.328125 0.01111111111111111 0.010416666666666666
8 0.5337962962962963 0.32526041666666666 0.012037037037037037 0.013020833333333334
8 0.5212962962962963 0.32447916666666665 0.01111111111111111 0.011458333333333333
8 0.5296296296296296 0.31979166666666664 0.00925925925925926 0.010416666666666666
8 0.5347222222222221 0.3106770833333333 0.013888888888888888 0.008854166666666666
8 0.5472222222222222 0.31223958333333335 0.01296296296296296 0.009895833333333333
8 0.5625 0.31015625 0.008333333333333333 0.009895833333333333
8 0.5546296296296297 0.30911458333333336 0.01111111111111111 0.0109375
8 0.5773148148148147 0.29791666666666666 0.012037037037037037 0.011458333333333333
8 0.5893518518518518 0.29609375 0.012037037037037037 0.009895833333333333
8 0.5949074074074073 0.2859375 0.013888888888888888 0.013541666666666667
8 0.6064814814814814 0.2875 0.01296296296296296 0.009375
8 0.6009259259259259 0.2830729166666667 0.00925925925925926 0.0109375
8 0.5981481481481481 0.28125 0.005555555555555555 0.010416666666666666
4 0.6171296296296297 0.278125 0.01574074074074074 0.00625
5 0.6481481481481481 0.2638020833333333 0.027777777777777776 0.009895833333333333
8 0.7018518518518518 0.23854166666666668 0.00925925925925926 0.009375
3 0.9869791666666666 0.362962962962963 0.026041666666666668 0.023148148148148147
3 0.9787037037037037 0.32317708333333334 0.03518518518518519 0.0203125
3 0.9903645833333333 0.29953703703703705 0.019270833333333334 0.018518518518518517
7 0.9550925925925925 0.31666666666666665 0.012037037037037037 0.014583333333333334
0 0.9717592592592592 0.35 0.017592592592592594 0.021875
8 0.9217592592592592 0.3690104166666667 0.013888888888888888 0.0140625
5 0.9212962962962962 0.3729166666666667 0.01296296296296296 0.015625
3 0.7453703703703703 0.3411458333333333 0.04259259259259259 0.029166666666666667
8 0.8092592592592591 0.35859375 0.01296296296296296 0.0140625
5 0.8097222222222221 0.36302083333333335 0.012037037037037037 0.015625
8 0.8587962962962962 0.3455729166666667 0.012037037037037037 0.011979166666666667
8 0.8796296296296295 0.34661458333333334 0.01296296296296296 0.011979166666666667
8 0.8796296296296295 0.3502604166666667 0.00925925925925926 0.008854166666666666
5 0.8810185185185184 0.35 0.012037037037037037 0.0125
8 0.9546296296296295 0.34401041666666665 0.014814814814814814 0.013020833333333334
8 0.9546296296296295 0.34348958333333335 0.014814814814814814 0.015104166666666667
5 0.9550925925925925 0.34453125 0.01574074074074074 0.015104166666666667
3 0.9189814814814814 0.33359375 0.03611111111111111 0.0234375
8 0.9356481481481481 0.31666666666666665 0.010185185185185184 0.0125
5 0.9333333333333333 0.3190104166666667 0.01111111111111111 0.011979166666666667
7 0.7861111111111111 0.334375 0.00925925925925926 0.013541666666666667
7 0.7800925925925924 0.33177083333333335 0.008333333333333333 0.014583333333333334
7 0.7703703703703704 0.33125 0.00925925925925926 0.016666666666666666
7 0.7842592592592592 0.32838541666666665 0.007407407407407407 0.016145833333333335
3 0.773611111111111 0.32265625 0.03981481481481482 0.0203125
3 0.7898148148148147 0.3072916666666667 0.03888888888888888 0.019791666666666666
8 0.8134259259259259 0.33567708333333335 0.012037037037037037 0.013020833333333334
8 0.8393518518518518 0.32473958333333336 0.010185185185185184 0.011979166666666667
8 0.8430555555555554 0.3067708333333333 0.010185185185185184 0.011458333333333333
8 0.9009259259259258 0.30494791666666665 0.016666666666666666 0.011979166666666667
8 0.9037037037037037 0.30364583333333334 0.01111111111111111 0.0125
5 0.9027777777777778 0.3067708333333333 0.014814814814814814 0.0125
5 0.8125 0.33958333333333335 0.010185185185185184 0.0125
5 0.8388888888888888 0.32838541666666665 0.01111111111111111 0.013020833333333334
5 0.8430555555555554 0.3109375 0.010185185185185184 0.0125
8 0.8625 0.2921875 0.010185185185185184 0.011458333333333333
5 0.862037037037037 0.2953125 0.01111111111111111 0.0125
5 0.8643518518518518 0.28489583333333335 0.008333333333333333 0.008333333333333333
8 0.8648148148148148 0.2825520833333333 0.007407407407407407 0.009895833333333333
3 0.9134259259259259 0.2828125 0.030555555555555555 0.017708333333333333
7 0.8296296296296295 0.2877604166666667 0.00925925925925926 0.013020833333333334
9 0.8101851851851851 0.2911458333333333 0.02037037037037037 0.016666666666666666
3 0.8157407407407408 0.27682291666666664 0.03518518518518519 0.019270833333333334
3 0.8347222222222221 0.2559895833333333 0.023148148148148147 0.015104166666666667
3 0.8481481481481481 0.24375 0.02592592592592592 0.0125
7 0.8652777777777777 0.24791666666666667 0.008333333333333333 0.0125
10 0.9314814814814815 0.24505208333333334 0.046296296296296294 0.016145833333333335
8 0.9671296296296296 0.2513020833333333 0.010185185185185184 0.009895833333333333
5 0.9689814814814814 0.2520833333333333 0.010185185185185184 0.009375
8 0.9680555555555554 0.23255208333333333 0.008333333333333333 0.0078125
5 0.9685185185185184 0.23411458333333332 0.00925925925925926 0.008854166666666666
8 0.8912037037037037 0.225 0.00648148148148148 0.008333333333333333
5 0.8907407407407407 0.22708333333333333 0.007407407407407407 0.008333333333333333
7 0.8800925925925925 0.21666666666666667 0.00648148148148148 0.009375
5 0.8671296296296295 0.21822916666666667 0.01574074074074074 0.007291666666666667
9 0.8699074074074074 0.21145833333333333 0.01574074074074074 0.010416666666666666
8 0.9254629629629628 0.20572916666666666 0.00648148148148148 0.007291666666666667
8 0.9282407407407407 0.19739583333333333 0.00648148148148148 0.00625
8 0.9287037037037037 0.19661458333333334 0.007407407407407407 0.0067708333333333336
8 0.9337962962962962 0.19140625 0.00648148148148148 0.0067708333333333336
8 0.9685185185185184 0.19348958333333333 0.005555555555555555 0.005729166666666666
5 0.925 0.20729166666666668 0.007407407407407407 0.007291666666666667
5 0.9287037037037037 0.19895833333333332 0.007407407407407407 0.007291666666666667
5 0.9337962962962962 0.19296875 0.00648148148148148 0.0067708333333333336
5 0.9685185185185184 0.19583333333333333 0.005555555555555555 0.00625
3 0.9009259259259258 0.2015625 0.01851851851851852 0.0125
3 0.9046296296296296 0.190625 0.016666666666666666 0.008333333333333333
9 0.9166666666666666 0.18515625 0.00925925925925926 0.0067708333333333336
3 0.8148148148148148 0.16119791666666666 0.024074074074074074 0.0067708333333333336
11 0.8226851851851851 0.16614583333333333 0.02685185185185185 0.008333333333333333
3 0.8453703703703703 0.16822916666666668 0.02592592592592592 0.007291666666666667
3 0.8439814814814814 0.16223958333333333 0.02685185185185185 0.0067708333333333336
8 0.9819444444444444 0.18411458333333333 0.00462962962962963 0.005729166666666666
5 0.9824074074074074 0.18541666666666667 0.005555555555555555 0.00625
3 0.9185185185185184 0.17083333333333334 0.02037037037037037 0.008333333333333333
7 0.9282407407407407 0.17421875 0.00462962962962963 0.0067708333333333336
8 0.9175925925925925 0.17708333333333334 0.007407407407407407 0.00625
5 0.9171296296296295 0.17786458333333333 0.00648148148148148 0.005729166666666666
7 0.9564814814814814 0.17682291666666666 0.0037037037037037034 0.0078125
8 0.9486111111111111 0.17864583333333334 0.00462962962962963 0.00625
5 0.9486111111111111 0.17942708333333332 0.00462962962962963 0.005729166666666666
8 0.9361111111111111 0.17760416666666667 0.007407407407407407 0.005208333333333333
5 0.9361111111111111 0.17864583333333334 0.005555555555555555 0.00625
3 0.9898148148148148 0.17369791666666667 0.01851851851851852 0.0078125
8 0.9458333333333333 0.1734375 0.00462962962962963 0.005208333333333333
5 0.9462962962962962 0.17447916666666666 0.005555555555555555 0.005208333333333333
8 0.974537037037037 0.17369791666666667 0.00462962962962963 0.005729166666666666
5 0.975 0.17447916666666666 0.005555555555555555 0.005208333333333333
7 0.9388888888888888 0.16744791666666667 0.005555555555555555 0.0067708333333333336
7 0.9467592592592592 0.16223958333333333 0.00462962962962963 0.0067708333333333336
5 0.9994791666666667 0.1824074074074074 0.0010416666666666667 0.004629629629629629
8 0.9708333333333333 0.16458333333333333 0.00462962962962963 0.005208333333333333
5 0.9708333333333333 0.16588541666666667 0.00462962962962963 0.0046875
3 0.9314814814814815 0.15364583333333334 0.01851851851851852 0.005208333333333333
3 0.9407407407407408 0.14791666666666667 0.01111111111111111 0.005208333333333333
8 0.9810185185185184 0.16510416666666666 0.00462962962962963 0.005208333333333333
8 0.9907407407407407 0.1625 0.0037037037037037034 0.005208333333333333
8 0.987037037037037 0.16041666666666668 0.0037037037037037034 0.005208333333333333
8 0.9763888888888889 0.1609375 0.00462962962962963 0.004166666666666667
5 0.9810185185185184 0.16614583333333333 0.00462962962962963 0.005208333333333333
5 0.9768518518518517 0.1625 0.0037037037037037034 0.004166666666666667
5 0.9912037037037037 0.16380208333333332 0.00462962962962963 0.0046875
5 0.9875 0.16197916666666667 0.00462962962962963 0.005208333333333333
8 0.9731481481481481 0.15755208333333334 0.005555555555555555 0.005729166666666666
5 0.9740740740740741 0.15833333333333333 0.0037037037037037034 0.005208333333333333
8 0.9837962962962962 0.15546875 0.00462962962962963 0.0046875
5 0.9842592592592592 0.15651041666666668 0.0037037037037037034 0.0046875
8 0.9989583333333333 0.1574074074074074 0.0020833333333333333 0.006481481481481481
5 0.9994791666666667 0.15787037037037038 0.0010416666666666667 0.005555555555555556
7 0.9462962962962962 0.1453125 0.0037037037037037034 0.00625
8 0.9875 0.15104166666666666 0.00462962962962963 0.004166666666666667
5 0.9875 0.15208333333333332 0.00462962962962963 0.004166666666666667
8 0.9944444444444444 0.15130208333333334 0.0037037037037037034 0.0036458333333333334
5 0.9949074074074074 0.15260416666666668 0.00462962962962963 0.004166666666666667
8 0.9578703703703704 0.14557291666666666 0.0027777777777777775 0.0036458333333333334
9 0.9578703703703704 0.14583333333333334 0.00648148148148148 0.004166666666666667
3 0.9689814814814814 0.14453125 0.012037037037037037 0.005729166666666666
8 0.9569444444444444 0.140625 0.00462962962962963 0.004166666666666667
5 0.9574074074074074 0.14192708333333334 0.0037037037037037034 0.0036458333333333334
3 0.9875 0.14739583333333334 0.012037037037037037 0.00625
8 0.9796296296296295 0.14427083333333332 0.0037037037037037034 0.004166666666666667
5 0.9796296296296295 0.14505208333333333 0.005555555555555555 0.0046875
3 0.9898148148148148 0.14114583333333333 0.01111111111111111 0.005208333333333333
3 0.9939814814814815 0.13984375 0.008333333333333333 0.0046875
3 0.9963541666666667 0.13796296296296295 0.007291666666666667 0.004629629629629629
8 0.9819444444444444 0.13645833333333332 0.0027777777777777775 0.004166666666666667
5 0.9819444444444444 0.13697916666666668 0.00462962962962963 0.004166666666666667
11 0.9981770833333333 0.13055555555555556 0.0036458333333333334 0.006481481481481481
3 0.9592592592592591 0.13020833333333334 0.016666666666666666 0.004166666666666667
3 0.9731481481481481 0.1296875 0.02037037037037037 0.005208333333333333
11 0.9643518518518518 0.12447916666666667 0.008333333333333333 0.005208333333333333
3 0.9708333333333333 0.121875 0.008333333333333333 0.004166666666666667
4 0.9583333333333334 0.11171875 0.014814814814814814 0.0067708333333333336
4 0.9625 0.10260416666666666 0.013888888888888888 0.005208333333333333