3 0.3686274509803921 0.4823529411764706 0.09411764705882353 0.0661764705882353
3 0.42156862745098034 0.4128676470588235 0.08235294117647059 0.05955882352941176
11 0.3901960784313725 0.15625 0.058823529411764705 0.022794117647058822
3 0.9542483660130717 0.4176470588235294 0.05490196078431372 0.04852941176470588
3 0.9444444444444444 0.2698529411764706 0.043137254901960784 0.029411764705882353
3 0.9294117647058824 0.1297794117647059 0.03137254901960784 0.019852941176470587
3 0.7784313725490195 0.19779411764705881 0.04052287581699346 0.026470588235294117
3 0.8183006535947712 0.15294117647058825 0.03137254901960784 0.025
3 0.6581699346405229 0.5378676470588235 0.0849673202614379 0.04779411764705882
10 0.6986928104575163 0.4036764705882353 0.08758169934640522 0.1
7 0.75359477124183 0.4294117647058823 0.0196078431372549 0.025
10 0.9981617647058824 0.17777777777777778 0.003676470588235294 0.04967320261437908
10 0.9922794117647059 0.11960784313725491 0.015441176470588236 0.036601307189542485
10 0.9882352941176471 0.0869281045751634 0.023529411764705882 0.03137254901960784
3 0.957516339869281 0.054411764705882354 0.03006535947712418 0.014705882352941176
11 0.9849673202614379 0.04301470588235294 0.024836601307189544 0.022794117647058822
3 0.9897058823529412 0.07516339869281045 0.020588235294117647 0.013071895424836602
10 0.9738562091503267 0.009191176470588236 0.023529411764705882 0.015441176470588236
3 0.8816993464052287 0.009926470588235294 0.022222222222222223 0.0125
3 0.8196078431372548 0.10073529411764706 0.02875816993464052 0.01911764705882353
3 0.8411764705882353 0.06580882352941177 0.022222222222222223 0.016911764705882352
8 0.837908496732026 0.19338235294117648 0.01568627450980392 0.013235294117647059
5 0.8372549019607842 0.19779411764705881 0.01437908496732026 0.014705882352941176
3 0.6516339869281046 0.14669117647058824 0.05359477124183006 0.021323529411764706
11 0.6647058823529411 0.11801470588235294 0.03790849673202614 0.021323529411764706
3 0.6980392156862745 0.09558823529411764 0.04183006535947712 0.023529411764705882
3 0.8169934640522876 0.030147058823529412 0.02091503267973856 0.013235294117647059
3 0.8104575163398693 0.016911764705882352 0.02091503267973856 0.011764705882352941
7 0.7928104575163398 0.03235294117647059 0.00915032679738562 0.010294117647058823
3 0.645751633986928 0.009926470588235294 0.04183006535947712 0.0125
3 0.6620915032679738 0.0055147058823529415 0.03529411764705882 0.009558823529411765
3 0.7601307189542484 0.031985294117647056 0.04052287581699346 0.011029411764705883
3 0.7581699346405228 0.028676470588235293 0.047058823529411764 0.010294117647058823
3 0.76078431372549 0.025 0.047058823529411764 0.010294117647058823
3 0.7620915032679738 0.020955882352941175 0.044444444444444446 0.009558823529411765
3 0.7627450980392156 0.015073529411764706 0.0457516339869281 0.008088235294117648
3 0.7666666666666666 0.011029411764705883 0.04052287581699346 0.007352941176470588
3 0.7581699346405228 0.007720588235294118 0.04967320261437909 0.009558823529411765
11 0.7661764705882353 0.00392156862745098 0.05 0.00784313725490196