8 0.9592592592592591 0.5140625 0.05185185185185184 0.046875
8 0.9546296296296295 0.5322916666666667 0.06111111111111111 0.035416666666666666
5 0.95 0.5314814814814814 0.1 0.05925925925925926
8 0.12407407407407406 0.5296875 0.1 0.046875
7 0.39259259259259255 0.384375 0.059259259259259255 0.06875
8 0.8018518518518518 0.33958333333333335 0.04814814814814815 0.0375
5 0.8046296296296297 0.36770833333333336 0.07962962962962963 0.04583333333333333
4 0.8666666666666667 0.13518518518518519 0.26666666666666666 0.10185185185185185
8 0.7537037037037037 0.265625 0.03333333333333333 0.01875
5 0.7555555555555554 0.28177083333333336 0.04814814814814815 0.023958333333333335
7 0.6944444444444444 0.28020833333333334 0.029629629629629627 0.016666666666666666
7 0.6916666666666667 0.28020833333333334 0.05 0.035416666666666666
5 0.6861111111111111 0.29375 0.07222222222222222 0.029166666666666667
10 0.3694444444444444 0.37083333333333335 0.31666666666666665 0.06458333333333334
9 0.35833333333333334 0.4203125 0.2648148148148148 0.051041666666666666
8 0.5259259259259259 0.2359375 0.02592592592592592 0.034375
10 0.6194444444444444 0.2520833333333333 0.09444444444444443 0.05416666666666667
8 0.9129629629629629 0.228125 0.02592592592592592 0.0125
8 0.9138888888888889 0.22395833333333334 0.027777777777777776 0.0125
0 0.9148148148148147 0.23333333333333334 0.04444444444444444 0.029166666666666667
7 0.9555555555555555 0.22552083333333334 0.02592592592592592 0.030208333333333334
11 0.9927083333333333 0.20925925925925926 0.014583333333333334 0.03148148148148148
9 0.9194444444444444 0.2 0.03518518518518519 0.020833333333333332
5 0.6972222222222222 0.1828125 0.03148148148148148 0.015625