1 0.4305555555555555 0.509375 0.016666666666666666 0.03125
3 0.40509259259259256 0.5 0.04907407407407407 0.015625
1 0.4092592592592592 0.4875 0.06111111111111111 0.015625
1 0.4388888888888889 0.46822916666666664 0.01851851851851852 0.020833333333333332
7 0.4824074074074074 0.475 0.02037037037037037 0.035416666666666666
3 0.5689814814814814 0.44609375 0.09351851851851851 0.0390625
3 0.4402777777777777 0.39869791666666665 0.06759259259259259 0.0359375
1 0.5912037037037037 0.41640625 0.017592592592592594 0.0203125
8 0.5930555555555554 0.41171875 0.01574074074074074 0.021354166666666667
8 0.6902777777777778 0.4505208333333333 0.023148148148148147 0.025
1 0.6875 0.4596354166666667 0.02685185185185185 0.024479166666666666
3 0.6333333333333333 0.5044270833333333 0.10370370370370369 0.0453125
3 0.7884259259259259 0.46901041666666665 0.11018518518518518 0.04010416666666667
3 0.6995370370370371 0.4322916666666667 0.08796296296296297 0.034375
3 0.6462962962962963 0.409375 0.08888888888888888 0.03333333333333333
1 0.8486111111111111 0.4640625 0.03981481481481482 0.025
3 0.8810185185185184 0.4354166666666667 0.032407407407407406 0.022916666666666665
7 0.775 0.5424479166666667 0.024074074074074074 0.03697916666666667
1 0.8546296296296295 0.5145833333333333 0.04814814814814815 0.027083333333333334
5 0.8680555555555555 0.5424479166666667 0.045370370370370366 0.034895833333333334
8 0.8666666666666667 0.5338541666666666 0.02592592592592592 0.03125
8 0.8555555555555555 0.50703125 0.029629629629629627 0.034895833333333334