3 0.2137254901960784 0.02426470588235294 0.03006535947712418 0.010294117647058823
3 0.28169934640522876 0.016176470588235296 0.024836601307189544 0.010294117647058823
3 0.3483660130718954 0.026470588235294117 0.03006535947712418 0.011764705882352941
3 0.36928104575163395 0.01764705882352941 0.022222222222222223 0.008823529411764706
3 0.3411764705882353 0.01801470588235294 0.023529411764705882 0.008088235294117648
3 0.3699346405228758 0.009191176470588236 0.0392156862745098 0.009558823529411765
3 0.41699346405228754 0.027573529411764705 0.023529411764705882 0.009558823529411765
3 0.45294117647058824 0.026838235294117645 0.022222222222222223 0.0125
3 0.538562091503268 0.027941176470588237 0.026143790849673203 0.011764705882352941
3 0.5111111111111111 0.026838235294117645 0.023529411764705882 0.009558823529411765
3 0.48692810457516333 0.025735294117647058 0.022222222222222223 0.010294117647058823
3 0.25882352941176473 0.015073529411764706 0.02091503267973856 0.008088235294117648
3 0.23398692810457516 0.01838235294117647 0.0392156862745098 0.007352941176470588
10 0.4836601307189542 0.01213235294117647 0.05228758169934641 0.013970588235294118
3 0.021691176470588235 0.2169934640522876 0.04338235294117647 0.02091503267973856
3 0.0718954248366013 0.20036764705882354 0.11764705882352941 0.019852941176470587
3 0.047058823529411764 0.18758169934640523 0.09411764705882353 0.02091503267973856
3 0.08562091503267974 0.17463235294117646 0.11633986928104574 0.019852941176470587
3 0.19477124183006533 0.20955882352941177 0.09673202614379084 0.023529411764705882
3 0.23529411764705882 0.1963235294117647 0.08888888888888889 0.01911764705882353
3 0.19869281045751636 0.18308823529411763 0.09934640522875818 0.020588235294117647
3 0.2235294117647059 0.17169117647058824 0.10718954248366012 0.021323529411764706
3 0.3418300653594771 0.16727941176470587 0.0980392156862745 0.01838235294117647
3 0.3333333333333333 0.17904411764705883 0.08366013071895424 0.019852941176470587
3 0.34313725490196073 0.20220588235294118 0.11111111111111112 0.026470588235294117
11 0.36666666666666664 0.1889705882352941 0.09281045751633986 0.025
3 0.5830065359477123 0.5279411764705882 0.09673202614379084 0.06764705882352941
3 0.7156862745098038 0.48823529411764705 0.07712418300653595 0.07941176470588235
3 0.9632352941176471 0.5032679738562091 0.07352941176470588 0.07712418300653595
11 0.9516339869281045 0.3639705882352941 0.05751633986928104 0.057352941176470586
3 0.8718954248366012 0.3613970588235294 0.06274509803921569 0.05367647058823529
3 0.9320261437908496 0.26801470588235293 0.047058823529411764 0.03455882352941177
11 0.8633986928104574 0.27683823529411766 0.050980392156862744 0.0375
8 0.9895424836601305 0.2610294117647059 0.013071895424836602 0.013235294117647059
8 0.9895424836601305 0.2665441176470588 0.013071895424836602 0.0125
5 0.9895424836601305 0.2691176470588235 0.013071895424836602 0.01911764705882353
3 0.822875816993464 0.22720588235294117 0.0457516339869281 0.025
10 0.7222222222222222 0.25073529411764706 0.06405228758169934 0.06911764705882353
3 0.7483660130718954 0.2113970588235294 0.043137254901960784 0.027205882352941177
7 0.5823529411764706 0.15735294117647058 0.01437908496732026 0.01911764705882353
3 0.7392156862745097 0.15294117647058825 0.03529411764705882 0.023529411764705882
3 0.9274509803921568 0.15992647058823528 0.03790849673202614 0.01838235294117647
11 0.8732026143790849 0.14779411764705883 0.03137254901960784 0.023529411764705882
3 0.892156862745098 0.13198529411764706 0.02745098039215686 0.01838235294117647
11 0.826797385620915 0.14411764705882352 0.04052287581699346 0.027941176470588237
3 0.8196078431372548 0.12941176470588237 0.03398692810457516 0.01911764705882353
3 0.7954248366013073 0.11580882352941177 0.03790849673202614 0.019852941176470587
3 0.7189542483660131 0.11213235294117647 0.05490196078431372 0.015441176470588236
3 0.5790849673202614 0.0125 0.01830065359477124 0.008823529411764706
3 0.8248366013071896 0.10330882352941176 0.026143790849673203 0.01838235294117647
3 0.8117647058823529 0.0875 0.026143790849673203 0.014705882352941176
11 0.7869281045751634 0.07720588235294118 0.023529411764705882 0.01764705882352941
3 0.7941176470588235 0.061764705882352944 0.0196078431372549 0.014705882352941176
3 0.8313725490196078 0.05772058823529412 0.02091503267973856 0.015441176470588236
10 0.8686274509803921 0.08566176470588235 0.043137254901960784 0.04926470588235294
10 0.9039215686274509 0.0713235294117647 0.03529411764705882 0.027941176470588237
3 0.9941176470588236 0.11960784313725491 0.011764705882352941 0.01437908496732026
3 0.9503267973856209 0.10992647058823529 0.05490196078431372 0.013970588235294118
7 0.9992647058823529 0.09934640522875816 0.0014705882352941176 0.01568627450980392
7 0.9875816993464052 0.09522058823529411 0.00915032679738562 0.013970588235294118
8 0.7679738562091503 0.05588235294117647 0.00915032679738562 0.007352941176470588
1 0.7660130718954249 0.061764705882352944 0.01045751633986928 0.0058823529411764705
5 0.9137254901960783 0.052941176470588235 0.01045751633986928 0.0058823529411764705
5 0.9078431372549018 0.016544117647058824 0.006535947712418301 0.005147058823529412
5 0.9156862745098039 0.01764705882352941 0.006535947712418301 0.004411764705882353
8 0.9156862745098039 0.04889705882352941 0.011764705882352941 0.006617647058823529
8 0.9058823529411765 0.0125 0.00784313725490196 0.0058823529411764705
8 0.9130718954248365 0.0125 0.00392156862745098 0.0029411764705882353
7 0.90718954248366 0.029411764705882353 0.00784313725490196 0.010294117647058823
3 0.922875816993464 0.033823529411764704 0.01830065359477124 0.010294117647058823
3 0.8973856209150326 0.042279411764705885 0.0196078431372549 0.009558823529411765
3 0.8771241830065359 0.051470588235294115 0.02091503267973856 0.011764705882352941
3 0.8745098039215685 0.03566176470588235 0.02091503267973856 0.011029411764705883
3 0.8816993464052287 0.028308823529411765 0.01437908496732026 0.011029411764705883
3 0.8980392156862744 0.021691176470588235 0.013071895424836602 0.009558823529411765
3 0.892156862745098 0.015441176470588236 0.01699346405228758 0.008823529411764706
3 0.8986928104575163 0.01213235294117647 0.01437908496732026 0.006617647058823529
3 0.8928104575163398 0.0058823529411764705 0.01045751633986928 0.007352941176470588
3 0.8751633986928105 0.01838235294117647 0.01437908496732026 0.007352941176470588
3 0.8745098039215685 0.010661764705882353 0.013071895424836602 0.009558823529411765
3 0.8746323529411765 0.0032679738562091504 0.01838235294117647 0.006535947712418301
3 0.8955882352941177 0.0032679738562091504 0.013235294117647059 0.006535947712418301
3 0.9183006535947713 0.008455882352941176 0.011764705882352941 0.009558823529411765
3 0.9169117647058823 0.0032679738562091504 0.016911764705882352 0.006535947712418301
3 0.8392156862745097 0.048161764705882355 0.01568627450980392 0.011029411764705883
3 0.8006535947712419 0.04779411764705882 0.024836601307189544 0.013235294117647059
3 0.8137254901960783 0.04154411764705882 0.0196078431372549 0.011029411764705883
3 0.8372549019607842 0.030147058823529412 0.0196078431372549 0.008823529411764706
3 0.8490196078431371 0.021691176470588235 0.01699346405228758 0.008088235294117648
3 0.8516339869281045 0.01838235294117647 0.01699346405228758 0.010294117647058823
10 0.8470588235294118 0.009150326797385621 0.020588235294117647 0.018300653594771243
3 0.8124183006535948 0.030147058823529412 0.0196078431372549 0.010294117647058823
3 0.8215686274509804 0.023161764705882354 0.0196078431372549 0.006617647058823529
2 0.8124183006535948 0.012867647058823529 0.024836601307189544 0.016911764705882352
3 0.8196078431372548 0.011397058823529411 0.01830065359477124 0.008088235294117648