3 0.9092592592592592 0.3645833333333333 0.10370370370370369 0.09375
3 0.6944444444444444 0.21145833333333333 0.07777777777777777 0.06458333333333334
3 0.9453703703703703 0.19166666666666668 0.09074074074074073 0.052083333333333336
3 0.9361111111111111 0.09635416666666667 0.0537037037037037 0.03229166666666667
3 0.990625 0.13425925925925927 0.01875 0.04259259259259259
3 0.8333333333333334 0.034375 0.04074074074074074 0.022916666666666665
3 0.6638888888888889 0.026041666666666668 0.0574074074074074 0.03333333333333333
11 0.5713541666666667 0.007407407407407408 0.03854166666666667 0.014814814814814815
3 0.32129629629629625 0.14375 0.14629629629629629 0.035416666666666666
7 0.4703703703703704 0.11510416666666666 0.02222222222222222 0.028125
7 0.8898148148148147 0.1265625 0.027777777777777776 0.028125
4 0.45648148148148143 0.07447916666666667 0.05 0.030208333333333334