5 0.09738562091503267 0.44485294117647056 0.08235294117647059 0.025
5 0.13856209150326795 0.4073529411764706 0.07581699346405228 0.022058823529411766
5 0.19477124183006533 0.3 0.07320261437908496 0.027941176470588237
5 0.15359477124183007 0.2713235294117647 0.0718954248366013 0.022058823529411766
5 0.10718954248366012 0.25882352941176473 0.05751633986928104 0.014705882352941176
5 0.09738562091503267 0.2386029411764706 0.05620915032679739 0.022794117647058822
7 0.3725490196078431 0.3665441176470588 0.03137254901960784 0.030147058823529412
7 0.3784313725490196 0.3275735294117647 0.02745098039215686 0.022794117647058822
7 0.4339869281045751 0.29191176470588237 0.02875816993464052 0.030882352941176472
7 0.40784313725490196 0.29301470588235295 0.026143790849673203 0.030147058823529412
3 0.051470588235294115 0.08758169934640522 0.10294117647058823 0.03398692810457516
3 0.02426470588235294 0.016339869281045753 0.04852941176470588 0.03137254901960784
3 0.161437908496732 0.01875 0.12418300653594772 0.03161764705882353
8 0.5986928104575163 0.11470588235294117 0.01830065359477124 0.020588235294117647
1 0.6006535947712418 0.12205882352941176 0.05359477124183006 0.016176470588235296
8 0.580392156862745 0.0125 0.026143790849673203 0.016176470588235296
9 0.586764705882353 0.01568627450980392 0.05 0.03137254901960784
3 0.7137254901960784 0.5371323529411764 0.08627450980392157 0.04926470588235294
3 0.692156862745098 0.40551470588235294 0.07712418300653595 0.08897058823529412
3 0.7294117647058823 0.23933823529411766 0.07058823529411765 0.06544117647058824
11 0.8248366013071896 0.34375 0.08104575163398692 0.08602941176470588
7 0.8581699346405228 0.0900735294117647 0.022222222222222223 0.025735294117647058
8 0.9313725490196078 0.11213235294117647 0.022222222222222223 0.021323529411764706
5 0.9300653594771242 0.1161764705882353 0.0196078431372549 0.022058823529411766
8 0.9875816993464052 0.13676470588235295 0.022222222222222223 0.025
5 0.9888888888888889 0.14558823529411766 0.01437908496732026 0.01764705882352941
8 0.826797385620915 0.08566176470588235 0.0196078431372549 0.01838235294117647
5 0.822875816993464 0.09558823529411764 0.01699346405228758 0.01911764705882353
8 0.8790849673202613 0.01838235294117647 0.0196078431372549 0.016176470588235296
5 0.8771241830065359 0.027573529411764705 0.01568627450980392 0.016911764705882352
9 0.8294117647058824 0.18088235294117647 0.04836601307189542 0.045588235294117645
8 0.8274509803921568 0.16801470588235295 0.02875816993464052 0.013970588235294118