4 0.837037037037037 0.09791666666666667 0.14444444444444443 0.035416666666666666
3 0.923148148148148 0.4713541666666667 0.0685185185185185 0.05
3 0.9875 0.4587962962962963 0.025 0.046296296296296294
3 0.9115740740740741 0.39010416666666664 0.05648148148148148 0.03854166666666667
3 0.9726851851851851 0.37421875 0.05092592592592592 0.030729166666666665
3 0.8944444444444444 0.32265625 0.04074074074074074 0.025520833333333333
3 0.8379629629629629 0.32109375 0.04074074074074074 0.0265625
3 0.9458333333333333 0.3026041666666667 0.03981481481481482 0.020833333333333332
3 0.8856481481481481 0.28203125 0.03611111111111111 0.019270833333333334
3 0.8393518518518518 0.2625 0.032407407407407406 0.017708333333333333
3 0.9296296296296295 0.2635416666666667 0.03703703703703704 0.021875
3 0.8814814814814814 0.2518229166666667 0.029629629629629627 0.016145833333333335
3 0.8430555555555554 0.23229166666666667 0.030555555555555555 0.014583333333333334
3 0.9208333333333333 0.23359375 0.032407407407407406 0.015104166666666667
3 0.9023148148148148 0.20651041666666667 0.025 0.011979166666666667
11 0.8731481481481481 0.2171875 0.027777777777777776 0.015625
3 0.7425925925925925 0.22135416666666666 0.027777777777777776 0.015625
3 0.7041666666666667 0.21302083333333333 0.02685185185185185 0.013541666666666667
3 0.6976851851851851 0.19453125 0.021296296296296296 0.011979166666666667
3 0.7564814814814814 0.19088541666666667 0.02222222222222222 0.011979166666666667
3 0.7083333333333334 0.18359375 0.02222222222222222 0.011979166666666667
3 0.7407407407407407 0.17994791666666668 0.02037037037037037 0.0109375
3 0.8351851851851851 0.21171875 0.024074074074074074 0.013020833333333334
3 0.8347222222222221 0.19583333333333333 0.021296296296296296 0.010416666666666666
3 0.8643518518518518 0.19010416666666666 0.023148148148148147 0.0125
3 0.8384259259259258 0.184375 0.01944444444444444 0.009375
3 0.8388888888888888 0.1703125 0.01851851851851852 0.009375
3 0.8643518518518518 0.171875 0.017592592592592594 0.009375
3 0.861574074074074 0.16015625 0.01574074074074074 0.0078125
3 0.8476851851851851 0.14817708333333332 0.013888888888888888 0.0067708333333333336
3 0.6833333333333333 0.32447916666666665 0.04259259259259259 0.028125
2 0.8231481481481481 0.14921875 0.024074074074074074 0.018229166666666668
3 0.08472222222222221 0.18046875 0.047222222222222214 0.0109375
3 0.09722222222222222 0.18229166666666666 0.03703703703703704 0.010416666666666666
3 0.11620370370370368 0.18125 0.03796296296296296 0.010416666666666666
3 0.20555555555555555 0.20833333333333334 0.03703703703703704 0.011458333333333333
3 0.2162037037037037 0.21432291666666667 0.04351851851851852 0.015104166666666667
3 0.2532407407407407 0.21328125 0.03981481481481482 0.013020833333333334
3 0.24027777777777776 0.20833333333333334 0.03611111111111111 0.010416666666666666
3 0.31157407407407406 0.20755208333333333 0.032407407407407406 0.013020833333333334
3 0.275 0.20729166666666668 0.03518518518518519 0.009375
3 0.774537037037037 0.16848958333333333 0.01574074074074074 0.009895833333333333
3 0.737037037037037 0.16015625 0.01851851851851852 0.0109375
3 0.7615740740740741 0.15963541666666667 0.017592592592592594 0.008854166666666666
3 0.7842592592592592 0.16041666666666668 0.01851851851851852 0.009375
3 0.7527777777777778 0.15078125 0.016666666666666666 0.0078125
3 0.7925925925925925 0.15026041666666667 0.016666666666666666 0.0078125
3 0.7810185185185184 0.14427083333333332 0.013888888888888888 0.007291666666666667
3 0.7708333333333334 0.13567708333333334 0.012037037037037037 0.0067708333333333336
3 0.8629629629629628 0.15208333333333332 0.014814814814814814 0.008333333333333333
3 0.8657407407407407 0.14401041666666667 0.014814814814814814 0.0078125
3 0.7050925925925925 0.14270833333333333 0.01574074074074074 0.009375
2 0.7569444444444444 0.12552083333333333 0.023148148148148147 0.0125
3 0.7759259259259258 0.12604166666666666 0.01111111111111111 0.00625
3 0.7856481481481481 0.12864583333333332 0.012037037037037037 0.00625
3 0.8018518518518518 0.128125 0.01111111111111111 0.00625
3 0.7856481481481481 0.13776041666666666 0.012037037037037037 0.0067708333333333336
3 0.8055555555555555 0.13776041666666666 0.01296296296296296 0.005729166666666666
3 0.8087962962962963 0.13125 0.013888888888888888 0.00625
3 0.8175925925925925 0.1265625 0.01111111111111111 0.005208333333333333
3 0.7953703703703704 0.12213541666666666 0.01111111111111111 0.005729166666666666
3 0.8083333333333333 0.12395833333333334 0.01111111111111111 0.005208333333333333
3 0.7731481481481481 0.11927083333333334 0.01296296296296296 0.005208333333333333
3 0.8291666666666667 0.1203125 0.010185185185185184 0.005208333333333333
3 0.8430555555555554 0.12421875 0.010185185185185184 0.0046875
3 0.8041666666666667 0.11901041666666666 0.010185185185185184 0.005729166666666666
3 0.811574074074074 0.121875 0.008333333333333333 0.005208333333333333
3 0.8675925925925925 0.13984375 0.01111111111111111 0.005729166666666666
3 0.8837962962962962 0.15416666666666667 0.013888888888888888 0.007291666666666667
3 0.8842592592592592 0.15 0.014814814814814814 0.005208333333333333
3 0.8875 0.14661458333333333 0.013888888888888888 0.0067708333333333336
3 0.8870370370370371 0.14114583333333333 0.01296296296296296 0.005208333333333333
3 0.8861111111111111 0.13776041666666666 0.01296296296296296 0.005729166666666666
3 0.8870370370370371 0.13385416666666666 0.01111111111111111 0.005208333333333333
3 0.9027777777777778 0.13229166666666667 0.01296296296296296 0.00625
3 0.9078703703703703 0.13567708333333334 0.012037037037037037 0.005729166666666666
3 0.8685185185185185 0.13567708333333334 0.01111111111111111 0.0046875
3 0.8712962962962962 0.13255208333333332 0.01111111111111111 0.005729166666666666
3 0.8777777777777778 0.12942708333333333 0.01111111111111111 0.005729166666666666
3 0.8726851851851851 0.12708333333333333 0.010185185185185184 0.004166666666666667
3 0.875 0.12447916666666667 0.01111111111111111 0.004166666666666667
3 0.875 0.12083333333333333 0.00925925925925926 0.004166666666666667
3 0.861574074074074 0.121875 0.010185185185185184 0.005208333333333333
3 0.8592592592592592 0.12578125 0.00925925925925926 0.0046875
3 0.8564814814814814 0.12890625 0.01111111111111111 0.005729166666666666
3 0.8527777777777777 0.13229166666666667 0.01111111111111111 0.00625
3 0.8513888888888889 0.13645833333333332 0.012037037037037037 0.00625
3 0.8513888888888889 0.14010416666666667 0.012037037037037037 0.00625
3 0.8509259259259259 0.11875 0.01111111111111111 0.005208333333333333
8 0.20277777777777778 0.4903645833333333 0.024074074074074074 0.030729166666666665
5 0.20185185185185184 0.4934895833333333 0.027777777777777776 0.0265625
8 0.075 0.5549479166666667 0.029629629629629627 0.0140625
2 0.8347222222222221 0.38958333333333334 0.0787037037037037 0.11041666666666666