3 0.1236111111111111 0.4161458333333333 0.08055555555555555 0.051041666666666666
1 0.20185185185185184 0.5083333333333333 0.07592592592592592 0.03229166666666667
8 0.1935185185185185 0.49947916666666664 0.03703703703703704 0.028125
3 0.25787037037037036 0.3125 0.10648148148148147 0.034375
1 0.047685185185185185 0.24375 0.03611111111111111 0.0125
8 0.04953703703703703 0.2390625 0.021296296296296296 0.01875
3 0.22916666666666666 0.22916666666666666 0.08425925925925926 0.022916666666666665
3 0.2939814814814815 0.2265625 0.08425925925925926 0.021875
3 0.2939814814814815 0.23776041666666667 0.08425925925925926 0.024479166666666666
3 0.3851851851851852 0.22265625 0.06481481481481481 0.019270833333333334
3 0.3472222222222222 0.209375 0.07962962962962963 0.020833333333333332
11 0.4074074074074074 0.20494791666666667 0.07777777777777777 0.024479166666666666
3 0.45185185185185184 0.19322916666666667 0.06111111111111111 0.016666666666666666
3 0.4981481481481481 0.19427083333333334 0.06666666666666667 0.016666666666666666
0 0.47129629629629627 0.20494791666666667 0.05 0.021354166666666667
1 0.4592592592592592 0.18333333333333332 0.02222222222222222 0.009375
8 0.4574074074074074 0.1796875 0.01296296296296296 0.0125
3 0.5324074074074073 0.18229166666666666 0.06111111111111111 0.016666666666666666
3 0.5513888888888888 0.19427083333333334 0.05648148148148148 0.017708333333333333
3 0.5787037037037037 0.18072916666666666 0.06296296296296296 0.020833333333333332
3 0.5976851851851851 0.17057291666666666 0.047222222222222214 0.0140625
10 0.6481481481481481 0.17395833333333333 0.09444444444444443 0.03229166666666667
3 0.5930555555555554 0.22630208333333332 0.08055555555555555 0.0203125
5 0.44537037037037036 0.25416666666666665 0.03703703703703704 0.013541666666666667
8 0.44490740740740736 0.25026041666666665 0.021296296296296296 0.015104166666666667
3 0.7291666666666666 0.165625 0.054629629629629625 0.017708333333333333
3 0.7069444444444444 0.16354166666666667 0.04351851851851852 0.015625
11 0.7810185185185184 0.15625 0.045370370370370366 0.01875
3 0.7620370370370371 0.15390625 0.05185185185185184 0.015104166666666667
2 0.7518518518518518 0.14088541666666668 0.11296296296296296 0.030729166666666665
3 0.8240740740740741 0.15052083333333333 0.04444444444444444 0.013541666666666667
3 0.8203703703703703 0.14479166666666668 0.046296296296296294 0.0125
3 0.8245370370370371 0.13723958333333333 0.03796296296296296 0.013020833333333334
3 0.8666666666666667 0.14375 0.04259259259259259 0.013541666666666667
3 0.8634259259259258 0.13619791666666667 0.041666666666666664 0.013020833333333334
3 0.8731481481481481 0.13046875 0.04259259259259259 0.011979166666666667
11 0.8759259259259259 0.121875 0.046296296296296294 0.016666666666666666
3 0.9185185185185184 0.13567708333333334 0.04444444444444444 0.013020833333333334
3 0.9134259259259259 0.12994791666666666 0.041666666666666664 0.011979166666666667
11 0.9509259259259258 0.12708333333333333 0.03703703703703704 0.015625
3 0.9453703703703703 0.12395833333333334 0.03333333333333333 0.011458333333333333
3 0.9143518518518517 0.12317708333333334 0.03796296296296296 0.0109375
3 0.9509259259259258 0.11901041666666666 0.03888888888888888 0.0109375
3 0.9861979166666667 0.11712962962962963 0.027604166666666666 0.011111111111111112
3 0.9689814814814814 0.14453125 0.045370370370370366 0.013020833333333334