11 0.9253676470588236 0.5084967320261438 0.14926470588235294 0.06797385620915032
3 0.9783088235294117 0.46601307189542485 0.04338235294117647 0.06274509803921569
3 0.9897058823529412 0.09869281045751634 0.020588235294117647 0.02091503267973856
10 0.9294117647058824 0.09963235294117648 0.11241830065359477 0.025735294117647058
10 0.6967320261437908 0.20845588235294119 0.12549019607843137 0.0375
5 0.7666666666666666 0.1889705882352941 0.03529411764705882 0.016176470588235296
5 0.8052287581699347 0.19558823529411765 0.03660130718954248 0.016176470588235296
3 0.47777777777777775 0.26544117647058824 0.12156862745098038 0.03823529411764706
10 0.680392156862745 0.3599264705882353 0.43529411764705883 0.23602941176470588
3 0.22483660130718955 0.24632352941176472 0.09673202614379084 0.039705882352941174
3 0.2947712418300653 0.30073529411764705 0.11111111111111112 0.045588235294117645
10 0.07450980392156863 0.25036764705882353 0.12810457516339868 0.04485294117647059
10 0.15220588235294116 0.3862745098039216 0.3044117647058823 0.18562091503267975
3 0.027573529411764705 0.058823529411764705 0.05514705882352941 0.01437908496732026
7 0.07124183006535947 0.057352941176470586 0.00915032679738562 0.01911764705882353
3 0.13856209150326795 0.05955882352941176 0.06535947712418301 0.016176470588235296
10 0.7823529411764706 0.5300653594771242 0.43529411764705883 0.06274509803921569
3 0.8327205882352942 0.00522875816993464 0.05 0.01045751633986928