8 0.41699346405228754 0.5268382352941177 0.06535947712418301 0.04632352941176471
8 0.4457516339869281 0.5047794117647059 0.06535947712418301 0.04632352941176471
8 0.3196078431372549 0.48970588235294116 0.050980392156862744 0.03235294117647059
9 0.226797385620915 0.48051470588235295 0.1738562091503268 0.09926470588235294
8 0.19477124183006533 0.49080882352941174 0.0784313725490196 0.04926470588235294
10 0.28104575163398693 0.3805147058823529 0.3137254901960784 0.1213235294117647
1 0.5895424836601306 0.30220588235294116 0.03660130718954248 0.03823529411764706
1 0.5326797385620915 0.29044117647058826 0.04836601307189542 0.033823529411764704
8 0.5849673202614379 0.29007352941176473 0.03529411764705882 0.03897058823529412
8 0.5352941176470588 0.2772058823529412 0.032679738562091505 0.039705882352941174
3 0.3522875816993464 0.24963235294117647 0.1398692810457516 0.06544117647058824
3 0.48039215686274506 0.2529411764705882 0.11372549019607843 0.061764705882352944
3 0.657516339869281 0.21801470588235294 0.10196078431372549 0.06838235294117648
3 0.8287581699346405 0.18713235294117647 0.15947712418300652 0.04485294117647059
5 0.9098039215686274 0.19191176470588237 0.044444444444444446 0.027941176470588237
7 0.2875816993464052 0.20404411764705882 0.03137254901960784 0.04044117647058824
3 0.07389705882352941 0.10065359477124183 0.14779411764705883 0.032679738562091505
3 0.10457516339869281 0.08419117647058824 0.1437908496732026 0.03161764705882353
3 0.17450980392156862 0.0724264705882353 0.1398692810457516 0.03308823529411765
3 0.21241830065359474 0.048161764705882355 0.0980392156862745 0.025735294117647058
3 0.23594771241830062 0.03529411764705882 0.11633986928104574 0.027941176470588237
3 0.2954248366013072 0.016176470588235296 0.0915032679738562 0.025
3 0.4816993464052287 0.1036764705882353 0.1372549019607843 0.03235294117647059
3 0.5013071895424837 0.08272058823529412 0.10588235294117647 0.025735294117647058
3 0.5143790849673202 0.06985294117647059 0.11895424836601307 0.027941176470588237
3 0.5405228758169934 0.05183823529411765 0.10849673202614378 0.025735294117647058
3 0.5490196078431372 0.04338235294117647 0.09934640522875818 0.023529411764705882
3 0.5856209150326797 0.02389705882352941 0.09411764705882353 0.02426470588235294
3 0.5966911764705882 0.01045751633986928 0.11102941176470588 0.02091503267973856
3 0.6705882352941176 0.08272058823529412 0.06274509803921569 0.03897058823529412
3 0.6967320261437908 0.05845588235294118 0.11764705882352941 0.028676470588235293
3 0.6947712418300653 0.045588235294117645 0.10849673202614378 0.027941176470588237
7 0.7653594771241831 0.04632352941176471 0.01437908496732026 0.023529411764705882
10 0.7215686274509804 0.01911764705882353 0.10196078431372549 0.023529411764705882
3 0.7366013071895424 0.013235294117647059 0.09281045751633986 0.022058823529411766
7 0.8130718954248366 0.029044117647058824 0.01830065359477124 0.022794117647058822
7 0.8568627450980392 0.023161764705882354 0.01437908496732026 0.022794117647058822
7 0.8529411764705882 0.01911764705882353 0.01437908496732026 0.022058823529411766
0 1 0.33464052287581697 0 0.08758169934640522
0 0.9632352941176471 0.24183006535947713 0.07352941176470588 0.06535947712418301
5 0.9841911764705882 0.20784313725490197 0.03161764705882353 0.02483660130718954
7 0.9981617647058824 0.18888888888888888 0.003676470588235294 0.036601307189542485