4 0.9 0.00784313725490196 0.18970588235294117 0.01568627450980392
4 0.9856617647058824 0.01895424836601307 0.028676470588235293 0.006535947712418301
4 0.9366013071895424 0.02426470588235294 0.03006535947712418 0.016176470588235296
7 0.9928104575163398 0.20477941176470588 0.00915032679738562 0.016911764705882352
7 0.9758169934640523 0.20808823529411766 0.00915032679738562 0.01911764705882353
4 0.7006535947712418 0.058823529411764705 0.0392156862745098 0.008823529411764706
4 0.7699346405228757 0.06323529411764706 0.03660130718954248 0.008823529411764706
7 0.7503267973856208 0.1448529411764706 0.00784313725490196 0.016176470588235296
7 0.5686274509803921 0.2875 0.01568627450980392 0.027941176470588237
3 0.8712418300653595 0.31470588235294117 0.05620915032679739 0.03823529411764706
3 0.7699346405228757 0.27058823529411763 0.05490196078431372 0.03676470588235294
3 0.8 0.17058823529411765 0.03660130718954248 0.022058823529411766
3 0.7163398692810458 0.15808823529411764 0.03660130718954248 0.023529411764705882
3 0.8660130718954248 0.11691176470588235 0.02745098039215686 0.013235294117647059
3 0.8620915032679738 0.0724264705882353 0.0196078431372549 0.011029411764705883
3 0.9366013071895424 0.10845588235294118 0.043137254901960784 0.013970588235294118
3 0.9078431372549018 0.07647058823529412 0.022222222222222223 0.011764705882352941
3 0.8274509803921568 0.06286764705882353 0.02091503267973856 0.011029411764705883
3 0.837908496732026 0.027941176470588237 0.013071895424836602 0.0058823529411764705
3 0.8627450980392156 0.029044117647058824 0.01045751633986928 0.006617647058823529
3 0.8947712418300654 0.022794117647058822 0.011764705882352941 0.0058823529411764705
3 0.8620915032679738 0.01911764705882353 0.011764705882352941 0.004411764705882353
3 0.8928104575163398 0.03713235294117647 0.01568627450980392 0.006617647058823529
3 0.9875 0.1980392156862745 0.025 0.02091503267973856
3 0.9849264705882353 0.2196078431372549 0.030147058823529412 0.02483660130718954
3 0.7437908496732026 0.14080882352941176 0.03398692810457516 0.019852941176470587
3 0.7039215686274509 0.06875 0.04052287581699346 0.009558823529411765
3 0.7869281045751634 0.052941176470588235 0.01830065359477124 0.010294117647058823
3 0.8006535947712419 0.047058823529411764 0.01699346405228758 0.007352941176470588
3 0.8359477124183007 0.03602941176470588 0.011764705882352941 0.0058823529411764705
3 0.8745098039215685 0.04632352941176471 0.013071895424836602 0.007352941176470588
3 0.9830882352941176 0.08300653594771241 0.033823529411764704 0.009150326797385621
3 0.9830882352941176 0.0869281045751634 0.033823529411764704 0.01045751633986928
3 0.965359477124183 0.039338235294117646 0.01437908496732026 0.008088235294117648
3 0.9882352941176471 0.025490196078431372 0.023529411764705882 0.00522875816993464
3 0.9863970588235295 0.07647058823529412 0.027205882352941177 0.009150326797385621
3 0.9805147058823529 0.08104575163398693 0.03897058823529412 0.009150326797385621
3 0.9816176470588235 0.07254901960784314 0.03676470588235294 0.00784313725490196
3 0.9823529411764705 0.07124183006535947 0.03529411764705882 0.00784313725490196
3 0.9823529411764705 0.06797385620915032 0.03529411764705882 0.01045751633986928
11 0.965359477124183 0.05955882352941176 0.0457516339869281 0.011764705882352941
11 0.9359477124183007 0.04264705882352941 0.03398692810457516 0.008823529411764706
11 0.9372549019607842 0.04007352941176471 0.03398692810457516 0.009558823529411765
4 0.9326797385620914 0.052941176470588235 0.00915032679738562 0.0058823529411764705
0 0.9900735294117647 0.06274509803921569 0.019852941176470587 0.009150326797385621
7 0.9985294117647059 0.028104575163398694 0.0029411764705882353 0.006535947712418301
8 0.9202614379084967 0.12352941176470589 0.01045751633986928 0.010294117647058823
8 0.8026143790849672 0.08308823529411764 0.00784313725490196 0.010294117647058823
4 0.8941176470588236 0.04595588235294118 0.00522875816993464 0.008088235294117648
4 0.8777777777777777 0.0375 0.006535947712418301 0.0058823529411764705
4 0.8803921568627451 0.022426470588235294 0.006535947712418301 0.0125
3 0.8418300653594771 0.022426470588235294 0.01045751633986928 0.006617647058823529
3 0.8117647058823529 0.01875 0.01045751633986928 0.005147058823529412
10 0.8045751633986927 0.029044117647058824 0.01437908496732026 0.011029411764705883
10 0.8627450980392156 0.04889705882352941 0.023529411764705882 0.022794117647058822
10 0.9137254901960783 0.18308823529411763 0.06274509803921569 0.0838235294117647
10 0.692156862745098 0.46176470588235297 0.10326797385620914 0.10441176470588236
10 0.5496732026143791 0.09889705882352941 0.043137254901960784 0.02426470588235294
10 0.611764705882353 0.08970588235294118 0.06013071895424836 0.03823529411764706
10 0.5718954248366013 0.08566176470588235 0.050980392156862744 0.027205882352941177
10 0.7254901960784313 0.11691176470588235 0.12549019607843137 0.033823529411764704
10 0.5522875816993464 0.14522058823529413 0.08758169934640522 0.05955882352941176
11 0.8640522875816993 0.23602941176470588 0.04183006535947712 0.03235294117647059
5 0.9196078431372547 0.1275735294117647 0.00915032679738562 0.009558823529411765
5 0.8026143790849672 0.08529411764705883 0.00784313725490196 0.0058823529411764705
0 0.5888888888888888 0.3275735294117647 0.06143790849673203 0.04926470588235294
4 0.4 0.15220588235294116 0.20915032679738563 0.09117647058823529
4 0.29084967320261434 0.23308823529411765 0.15294117647058825 0.06764705882352941