4 0.6675925925925925 0.19765625 0.05555555555555555 0.022395833333333334
4 0.7138888888888888 0.23307291666666666 0.14814814814814817 0.06197916666666667
4 0.5953703703703703 0.2557291666666667 0.08333333333333333 0.05520833333333333
4 0.5157407407407407 0.26666666666666666 0.0685185185185185 0.029166666666666667
4 0.7013888888888888 0.2791666666666667 0.125 0.028125
4 0.8314814814814814 0.24114583333333334 0.06666666666666667 0.0375
1 0.6152777777777777 0.19713541666666667 0.023148148148148147 0.018229166666666668
1 0.5976851851851851 0.19505208333333332 0.02685185185185185 0.018229166666666668
1 0.7148148148148148 0.19479166666666667 0.027777777777777776 0.014583333333333334
1 0.4069444444444444 0.30130208333333336 0.030555555555555555 0.033854166666666664
1 0.3671296296296296 0.30442708333333335 0.03981481481481482 0.0328125
1 0.33888888888888885 0.30911458333333336 0.03888888888888888 0.030729166666666665
1 0.3587962962962962 0.28359375 0.030555555555555555 0.030729166666666665
1 0.3037037037037037 0.29635416666666664 0.029629629629629627 0.025
1 0.33287037037037037 0.28984375 0.023148148148148147 0.0265625
7 0.32037037037037036 0.28515625 0.016666666666666666 0.033854166666666664
7 0.2842592592592592 0.2947916666666667 0.024074074074074074 0.034375
1 0.2398148148148148 0.29583333333333334 0.05555555555555555 0.029166666666666667
1 0.21944444444444444 0.30572916666666666 0.03888888888888888 0.03125
8 0.1824074074074074 0.32760416666666664 0.03888888888888888 0.03958333333333333
1 0.17546296296296296 0.3377604166666667 0.0787037037037037 0.028645833333333332
4 0.08020833333333334 0.3050925925925926 0.16041666666666668 0.03518518518518519
8 0.07638888888888888 0.371875 0.06388888888888888 0.042708333333333334
1 0.07546296296296297 0.38567708333333334 0.07314814814814814 0.033854166666666664
7 0.12129629629629629 0.3958333333333333 0.04074074074074074 0.05416666666666667
7 0.14259259259259258 0.38645833333333335 0.04074074074074074 0.04791666666666667
7 0.05555555555555555 0.45260416666666664 0.04444444444444444 0.053125
11 0.3009259259259259 0.42578125 0.25 0.0890625
3 0.30879629629629624 0.36796875 0.24907407407407406 0.06302083333333333
1 0.5148148148148147 0.49609375 0.10555555555555556 0.0390625
8 0.5189814814814814 0.4869791666666667 0.04907407407407407 0.04583333333333333
3 0.6125 0.40598958333333335 0.2657407407407407 0.06822916666666666
7 0.6949074074074074 0.32447916666666665 0.032407407407407406 0.03958333333333333
7 0.7314814814814814 0.3184895833333333 0.02592592592592592 0.0390625
7 0.7384259259259258 0.31302083333333336 0.017592592592592594 0.035416666666666666
3 0.9315104166666667 0.3449074074074074 0.13697916666666668 0.05925925925925926
3 0.9393518518518518 0.28489583333333335 0.11203703703703702 0.05625
3 0.9736979166666667 0.18194444444444444 0.05260416666666667 0.03333333333333333
3 0.9041666666666667 0.15442708333333333 0.08796296296296297 0.024479166666666666
3 0.8046296296296297 0.140625 0.1074074074074074 0.023958333333333335
3 0.6162037037037037 0.15104166666666666 0.10833333333333334 0.022916666666666665
11 0.29629629629629634 0.10755208333333334 0.10185185185185185 0.024479166666666666
3 0.30925925925925923 0.10182291666666667 0.08333333333333333 0.0234375
3 0.18287037037037035 0.10338541666666666 0.06018518518518518 0.0203125
3 0.11666666666666667 0.11354166666666667 0.0685185185185185 0.021875
3 0.12037037037037036 0.09166666666666666 0.07777777777777777 0.01875
3 0.04814814814814815 0.08515625 0.06666666666666667 0.016145833333333335
3 0.46481481481481474 0.12135416666666667 0.09074074074074073 0.020833333333333332
3 0.6319444444444444 0.13177083333333334 0.10092592592592592 0.021875
3 0.9981770833333333 0.08611111111111111 0.0036458333333333334 0.019444444444444445
4 0.4393518518518518 0.13463541666666667 0.15462962962962962 0.021354166666666667
1 0.5337962962962963 0.14322916666666666 0.03611111111111111 0.015625
1 0.7287037037037037 0.12760416666666666 0.02222222222222222 0.011458333333333333
1 0.8907407407407407 0.12421875 0.01851851851851852 0.013020833333333334
4 0.7717592592592591 0.12265625 0.06018518518518518 0.009895833333333333
4 0.8481481481481481 0.1234375 0.07037037037037037 0.014583333333333334
7 0.8064814814814815 0.12135416666666667 0.00925925925925926 0.015625
4 0.6944444444444444 0.12291666666666666 0.046296296296296294 0.013541666666666667
1 0.3768518518518518 0.10260416666666666 0.03703703703703704 0.013541666666666667
1 0.40185185185185185 0.10572916666666667 0.02222222222222222 0.0125
7 0.24444444444444444 0.12239583333333333 0.016666666666666666 0.021875
7 0.29259259259259257 0.12421875 0.016666666666666666 0.019270833333333334
7 0.3532407407407407 0.12057291666666667 0.013888888888888888 0.015104166666666667
7 0.2907407407407407 0.19401041666666666 0.024074074074074074 0.028645833333333332
7 0.3046296296296296 0.1953125 0.024074074074074074 0.025
7 0.374537037037037 0.18802083333333333 0.021296296296296296 0.026041666666666668
7 0.39259259259259255 0.18932291666666667 0.014814814814814814 0.024479166666666666
5 0.4875 0.16796875 0.03981481481481482 0.016145833333333335
7 0.712037037037037 0.1828125 0.02037037037037037 0.027083333333333334
7 0.8504629629629629 0.27239583333333334 0.01944444444444444 0.03333333333333333
8 0.874537037037037 0.2765625 0.02685185185185185 0.029166666666666667
5 0.875 0.28619791666666666 0.03888888888888888 0.025520833333333333
5 0.9162037037037037 0.26197916666666665 0.030555555555555555 0.022916666666666665
8 0.9148148148148147 0.253125 0.024074074074074074 0.029166666666666667
8 0.9041666666666667 0.23515625 0.025 0.025520833333333333
1 0.9037037037037037 0.24140625 0.024074074074074074 0.0234375
7 0.8203703703703703 0.2171875 0.01851851851851852 0.027083333333333334
7 0.8106481481481481 0.19244791666666666 0.01944444444444444 0.028645833333333332
8 0.8398148148148148 0.1515625 0.016666666666666666 0.021875
8 0.8597222222222222 0.159375 0.01944444444444444 0.021875
8 0.9078703703703703 0.17578125 0.01944444444444444 0.021354166666666667
8 0.924074074074074 0.1703125 0.016666666666666666 0.01875
1 0.8398148148148148 0.15651041666666668 0.01851851851851852 0.0140625
1 0.9074074074074073 0.18098958333333334 0.02222222222222222 0.019270833333333334
1 0.9222222222222222 0.17734375 0.016666666666666666 0.018229166666666668
5 0.8643518518518518 0.16276041666666666 0.03425925925925925 0.018229166666666668
7 0.5287037037037037 0.13020833333333334 0.014814814814814814 0.017708333333333333
8 0.5717592592592593 0.13020833333333334 0.01944444444444444 0.016666666666666666
1 0.45 0.27395833333333336 0.05 0.022916666666666665
1 0.4611111111111111 0.29192708333333334 0.03518518518518519 0.028645833333333332
1 0.5027777777777778 0.28984375 0.04444444444444444 0.0234375
1 0.5513888888888888 0.28619791666666666 0.047222222222222214 0.0234375
1 0.5962962962962963 0.2953125 0.03703703703703704 0.03229166666666667
1 0.5541666666666667 0.2994791666666667 0.058333333333333334 0.026041666666666668
1 0.5504629629629629 0.29296875 0.047222222222222214 0.022395833333333334
1 0.09814814814814814 0.3299479166666667 0.05185185185185184 0.0328125
1 0.06527777777777778 0.33255208333333336 0.03425925925925925 0.0296875
1 0.024074074074074074 0.34140625 0.04074074074074074 0.03177083333333333
1 0.18425925925925926 0.3015625 0.03703703703703704 0.027083333333333334
1 0.20648148148148146 0.3143229166666667 0.0537037037037037 0.027604166666666666