3 0.05808823529411765 0.369281045751634 0.1161764705882353 0.06143790849673202
7 0.1437908496732026 0.38382352941176473 0.06535947712418301 0.041176470588235294
3 0.35359477124183003 0.32794117647058824 0.10326797385620914 0.08970588235294118
3 0.5562091503267974 0.2797794117647059 0.11895424836601307 0.07867647058823529
1 0.7588235294117647 0.21433823529411763 0.06143790849673203 0.025735294117647058
1 0.8444444444444443 0.2757352941176471 0.10196078431372549 0.057352941176470586
3 0.9889705882352942 0.2581699346405229 0.022058823529411766 0.07058823529411765
1 0.9313725490196078 0.1827205882352941 0.058823529411764705 0.02426470588235294
3 0.8933823529411765 0.4241830065359477 0.21323529411764705 0.0718954248366013
1 0.14248366013071895 0.48566176470588235 0.10718954248366012 0.03897058823529412
8 0.13921568627450978 0.48713235294117646 0.050980392156862744 0.03602941176470588