7 0.28518518518518515 0.5302083333333333 0.07037037037037037 0.0625
7 0.25555555555555554 0.4875 0.04074074074074074 0.06666666666666667
7 0.2759259259259259 0.46770833333333334 0.06296296296296296 0.07291666666666667
7 0.6305555555555554 0.4791666666666667 0.04259259259259259 0.075
7 0.5962962962962963 0.44895833333333335 0.04074074074074074 0.06666666666666667
7 0.6027777777777777 0.4197916666666667 0.03148148148148148 0.0625
7 0.586111111111111 0.39114583333333336 0.03148148148148148 0.051041666666666666
7 0.6 0.35208333333333336 0.03703703703703704 0.04791666666666667
7 0.6444444444444444 0.34791666666666665 0.05185185185185184 0.058333333333333334
7 0.7314814814814814 0.30364583333333334 0.03703703703703704 0.046875
8 0.6981481481481481 0.30416666666666664 0.03333333333333333 0.0375
5 0.6925925925925925 0.3177083333333333 0.03703703703703704 0.041666666666666664
0 0.4629629629629629 0.5 0.22592592592592592 0.12291666666666666
4 0.9166666666666666 0.03802083333333333 0.059259259259259255 0.017708333333333333
4 0.9572916666666667 0.06296296296296296 0.08541666666666667 0.014814814814814815
8 0.874074074074074 0.0390625 0.007407407407407407 0.007291666666666667
5 0.875 0.0421875 0.00925925925925926 0.007291666666666667
11 0.8462962962962962 0.041666666666666664 0.02222222222222222 0.0125
4 0.8009259259259258 0.03958333333333333 0.06111111111111111 0.016666666666666666
8 0.8787037037037037 0.04895833333333333 0.00925925925925926 0.010416666666666666
5 0.8768518518518518 0.053125 0.00925925925925926 0.008333333333333333
9 0.9979166666666667 0.20277777777777778 0.004166666666666667 0.027777777777777776
8 0.912037037037037 0.20364583333333333 0.024074074074074074 0.026041666666666668
5 0.912037037037037 0.21822916666666667 0.02037037037037037 0.017708333333333333
8 0.8472222222222221 0.2296875 0.024074074074074074 0.028125
5 0.8481481481481481 0.24479166666666666 0.02592592592592592 0.022916666666666665
5 0.9425925925925925 0.1828125 0.05555555555555555 0.023958333333333335
8 0.7925925925925925 0.2390625 0.01851851851851852 0.026041666666666668
9 0.7916666666666666 0.2546875 0.03148148148148148 0.030208333333333334
8 0.7611111111111111 0.21302083333333333 0.02222222222222222 0.026041666666666668
5 0.7592592592592592 0.22395833333333334 0.02222222222222222 0.027083333333333334
7 0.4472222222222222 0.3619791666666667 0.03148148148148148 0.051041666666666666
7 0.42407407407407405 0.3541666666666667 0.029629629629629627 0.05416666666666667
9 0.40555555555555556 0.3494791666666667 0.17777777777777776 0.042708333333333334
7 0.6129629629629629 0.30104166666666665 0.03333333333333333 0.04583333333333333
8 0.6537037037037037 0.27447916666666666 0.029629629629629627 0.03229166666666667
8 0.6518518518518518 0.2760416666666667 0.02222222222222222 0.016666666666666666
1 0.6518518518518518 0.28802083333333334 0.03333333333333333 0.023958333333333335
7 0.48796296296296293 0.3020833333333333 0.027777777777777776 0.035416666666666666
7 0.9927083333333333 0.17407407407407408 0.014583333333333334 0.02962962962962963
7 0.9564814814814814 0.1703125 0.016666666666666666 0.026041666666666668
8 0.9444444444444444 0.1625 0.02222222222222222 0.022916666666666665
5 0.9435185185185184 0.16770833333333332 0.024074074074074074 0.014583333333333334
10 0.861111111111111 0.15625 0.05185185185185184 0.041666666666666664
7 0.7944444444444444 0.1453125 0.014814814814814814 0.023958333333333335
8 0.7601851851851851 0.1484375 0.016666666666666666 0.023958333333333335
8 0.9814814814814814 0.08229166666666667 0.014814814814814814 0.014583333333333334
7 0.9064814814814814 0.06302083333333333 0.00925925925925926 0.011458333333333333
8 0.8916666666666667 0.057291666666666664 0.01296296296296296 0.008333333333333333
1 0.8916666666666667 0.06302083333333333 0.01296296296296296 0.009375
11 0.9574074074074074 0.05364583333333333 0.05555555555555555 0.011458333333333333
11 0.9786458333333333 0.05092592592592592 0.042708333333333334 0.012962962962962963
10 0.9729166666666667 0.03981481481481482 0.05416666666666667 0.014814814814814815
8 0.8277777777777777 0.06822916666666666 0.01111111111111111 0.013541666666666667
1 0.8287037037037037 0.0734375 0.00925925925925926 0.011458333333333333
8 0.8870370370370371 0.08854166666666667 0.01111111111111111 0.0125
8 0.9101851851851851 0.08489583333333334 0.00925925925925926 0.011458333333333333
5 0.9111111111111111 0.09010416666666667 0.01111111111111111 0.011458333333333333
5 0.8851851851851851 0.09479166666666666 0.01111111111111111 0.0125
7 0.7916666666666666 0.08333333333333333 0.00925925925925926 0.016666666666666666
10 0.7722222222222221 0.065625 0.029629629629629627 0.016666666666666666
8 0.8287037037037037 0.11302083333333333 0.02037037037037037 0.019791666666666666
5 0.8277777777777777 0.1171875 0.01111111111111111 0.015625
8 0.8009259259259258 0.1125 0.01296296296296296 0.014583333333333334
9 0.8018518518518518 0.12083333333333333 0.01851851851851852 0.014583333333333334
3 0.6537037037037037 0.07395833333333333 0.07037037037037037 0.01875
3 0.736111111111111 0.08125 0.07962962962962963 0.01875
0 0.7342592592592592 0.09583333333333334 0.06481481481481481 0.01875
8 0.6212962962962963 0.23125 0.024074074074074074 0.025
9 0.6185185185185185 0.24479166666666666 0.08888888888888888 0.029166666666666667
0 0.48148148148148145 0.2515625 0.18148148148148147 0.051041666666666666