3 0.8764705882352941 0.01699346405228758 0.030147058823529412 0.03398692810457516
7 0.7176470588235294 0.00392156862745098 0.010294117647058823 0.00784313725490196
3 0.6654411764705882 0.009150326797385621 0.06544117647058824 0.018300653594771243
3 0.8261437908496732 0.04264705882352941 0.02875816993464052 0.033823529411764704
3 0.8235294117647058 0.17352941176470588 0.026143790849673203 0.03529411764705882
3 0.872549019607843 0.18713235294117647 0.03790849673202614 0.0375
3 0.8810457516339869 0.2301470588235294 0.05751633986928104 0.03235294117647059
3 0.780392156862745 0.24375 0.02875816993464052 0.03897058823529412
3 0.7810457516339869 0.30625 0.03006535947712418 0.03455882352941177
3 0.9699346405228758 0.3150735294117647 0.06013071895424836 0.021323529411764706
5 0.9111111111111111 0.08308823529411764 0.026143790849673203 0.010294117647058823
7 0.8581699346405228 0.05772058823529412 0.006535947712418301 0.009558823529411765
7 0.865359477124183 0.058823529411764705 0.00522875816993464 0.007352941176470588
3 0.6640522875816993 0.04007352941176471 0.06274509803921569 0.01838235294117647
7 0.6666666666666666 0.04779411764705882 0.00784313725490196 0.007352941176470588
7 0.7261437908496732 0.08897058823529412 0.00915032679738562 0.007352941176470588
7 0.6692810457516339 0.08602941176470588 0.06274509803921569 0.013235294117647059
7 0.7026143790849673 0.09889705882352941 0.00915032679738562 0.008088235294117648
7 0.7019607843137254 0.08970588235294118 0.00784313725490196 0.007352941176470588
7 0.7130718954248365 0.12683823529411764 0.006535947712418301 0.005147058823529412
5 0.8503267973856209 0.09411764705882353 0.00915032679738562 0.011764705882352941
8 0.8509803921568627 0.09338235294117647 0.01045751633986928 0.008823529411764706
5 0.8509803921568627 0.12242647058823529 0.00784313725490196 0.0125
8 0.849673202614379 0.12205882352941176 0.00784313725490196 0.007352941176470588
5 0.7503267973856208 0.1349264705882353 0.013071895424836602 0.013970588235294118
8 0.7503267973856208 0.1338235294117647 0.01045751633986928 0.010294117647058823
3 0.7196078431372549 0.19154411764705884 0.024836601307189544 0.03602941176470588
3 0.9614379084967319 0.2511029411764706 0.06405228758169934 0.019852941176470587
5 0.9992647058823529 0.2568627450980392 0.0014705882352941176 0.01045751633986928
3 0.957516339869281 0.28455882352941175 0.06666666666666667 0.025
3 0.7862745098039216 0.38198529411764703 0.02745098039215686 0.0375
3 0.6725490196078431 0.3272058823529412 0.05359477124183006 0.01911764705882353
8 0.5732026143790849 0.16213235294117648 0.01437908496732026 0.005147058823529412
7 0.6078431372549019 0.15735294117647058 0.00784313725490196 0.007352941176470588
7 0.615032679738562 0.15404411764705883 0.00915032679738562 0.006617647058823529
4 0.8392156862745097 0.23308823529411765 0.01045751633986928 0.011764705882352941
9 0.7477124183006535 0.3654411764705882 0.01045751633986928 0.013235294117647059
8 0.7483660130718954 0.36617647058823527 0.00915032679738562 0.007352941176470588
3 0.7281045751633987 0.4511029411764706 0.03137254901960784 0.0375
3 0.7934640522875817 0.48308823529411765 0.02875816993464052 0.03676470588235294
7 0.9601307189542483 0.3779411764705882 0.00915032679738562 0.007352941176470588
7 0.9790849673202613 0.3849264705882353 0.01045751633986928 0.005147058823529412
5 0.9673202614379084 0.3492647058823529 0.023529411764705882 0.004411764705882353
5 0.9633986928104574 0.35404411764705884 0.02091503267973856 0.005147058823529412
5 0.9660130718954247 0.3400735294117647 0.02091503267973856 0.005147058823529412
5 0.9705882352941176 0.33308823529411763 0.022222222222222223 0.004411764705882353
5 0.9477124183006536 0.40147058823529413 0.023529411764705882 0.007352941176470588
5 0.9516339869281045 0.4360294117647059 0.023529411764705882 0.0058823529411764705
7 0.9189542483660129 0.4452205882352941 0.01045751633986928 0.006617647058823529
4 0.9424836601307188 0.46948529411764706 0.03660130718954248 0.021323529411764706
4 0.9713235294117647 0.530718954248366 0.057352941176470586 0.022222222222222223
5 0.9385620915032679 0.5066176470588235 0.023529411764705882 0.0058823529411764705
8 0.937908496732026 0.50625 0.00915032679738562 0.006617647058823529
7 0.9026143790849672 0.4702205882352941 0.00915032679738562 0.006617647058823529
7 0.8986928104575163 0.475 0.00915032679738562 0.0058823529411764705
3 0.8934640522875816 0.5408088235294117 0.024836601307189544 0.04044117647058824
7 0.6339869281045751 0.5518382352941177 0.01045751633986928 0.008088235294117648
3 0.5405228758169934 0.5452205882352941 0.06143790849673203 0.03308823529411765
7 0.5477124183006535 0.5588235294117647 0.01045751633986928 0.004411764705882353
3 0.380392156862745 0.513235294117647 0.06535947712418301 0.014705882352941176
3 0.4137254901960784 0.5477941176470589 0.058823529411764705 0.027941176470588237
3 0.3581699346405229 0.55 0.05751633986928104 0.023529411764705882
3 0.30196078431372547 0.5522058823529412 0.05751633986928104 0.01911764705882353
11 0.28169934640522876 0.5378676470588235 0.09281045751633986 0.03455882352941177
5 0.2620915032679738 0.5573529411764706 0.011764705882352941 0.008823529411764706
3 0.20261437908496732 0.549264705882353 0.03660130718954248 0.025
5 0.16732026143790849 0.5536764705882353 0.02091503267973856 0.016176470588235296
5 0.03529411764705882 0.5503676470588236 0.013071895424836602 0.013970588235294118