4 0.46928104575163393 0.13161764705882353 0.1437908496732026 0.04852941176470588
4 0.42026143790849674 0.16801470588235295 0.18169934640522875 0.03308823529411765
4 0.322875816993464 0.30073529411764705 0.07581699346405228 0.025
4 0.38692810457516336 0.19963235294117648 0.06013071895424836 0.05955882352941176
4 0.30130718954248364 0.1875 0.10849673202614378 0.04852941176470588
11 0.9666666666666666 0.08786764705882352 0.022222222222222223 0.01838235294117647
7 0.9830065359477125 0.01213235294117647 0.00784313725490196 0.011029411764705883
9 0.957516339869281 0.02426470588235294 0.01437908496732026 0.011764705882352941
8 0.9581699346405228 0.01948529411764706 0.00522875816993464 0.006617647058823529
5 0.9431372549019607 0.013602941176470588 0.00915032679738562 0.011029411764705883
8 0.9431372549019607 0.010294117647058823 0.00915032679738562 0.008823529411764706
2 0.9691176470588235 0.22679738562091503 0.061764705882352944 0.0718954248366013
3 0.9680147058823529 0.41241830065359475 0.06397058823529411 0.04967320261437908
5 0.9169934640522875 0.34448529411764706 0.011764705882352941 0.019852941176470587
8 0.9176470588235294 0.3397058823529412 0.01568627450980392 0.01911764705882353
3 0.8901960784313724 0.31875 0.044444444444444446 0.04485294117647059
7 0.7692810457516339 0.3816176470588235 0.01437908496732026 0.01764705882352941
7 0.7718954248366013 0.3775735294117647 0.011764705882352941 0.01838235294117647
7 0.7888888888888889 0.30367647058823527 0.01437908496732026 0.01764705882352941
7 0.75359477124183 0.3 0.01437908496732026 0.01764705882352941
3 0.7313725490196078 0.5158088235294118 0.11111111111111112 0.05073529411764706
3 0.8751633986928105 0.25588235294117645 0.04052287581699346 0.039705882352941174
3 0.8111111111111111 0.2113970588235294 0.04052287581699346 0.03455882352941177
3 0.8111111111111111 0.14448529411764705 0.03006535947712418 0.028676470588235293
3 0.8058823529411765 0.07794117647058824 0.02745098039215686 0.022058823529411766
3 0.8209150326797385 0.04301470588235294 0.026143790849673203 0.01838235294117647
7 0.7411764705882353 0.19852941176470587 0.00784313725490196 0.014705882352941176
7 0.7633986928104575 0.18713235294117647 0.01045751633986928 0.0125
3 0.7111111111111111 0.21213235294117647 0.07581699346405228 0.028676470588235293
3 0.6849264705882353 0.00522875816993464 0.03161764705882353 0.01045751633986928
3 0.6967320261437908 0.026470588235294117 0.023529411764705882 0.016176470588235296
3 0.6660130718954248 0.04301470588235294 0.058823529411764705 0.015441176470588236
11 0.6790849673202615 0.06102941176470588 0.03006535947712418 0.023529411764705882
3 0.6777777777777777 0.08308823529411764 0.03006535947712418 0.020588235294117647
3 0.6679738562091503 0.10441176470588236 0.03137254901960784 0.023529411764705882
3 0.6542483660130719 0.13308823529411765 0.03529411764705882 0.025
3 0.6444444444444444 0.16580882352941176 0.03398692810457516 0.030147058823529412
7 0.7013071895424836 0.05367647058823529 0.00915032679738562 0.013235294117647059
7 0.7104575163398692 0.04963235294117647 0.00915032679738562 0.0125
7 0.7202614379084967 0.04889705882352941 0.00784313725490196 0.011029411764705883
7 0.7084967320261438 0.045588235294117645 0.00784313725490196 0.013235294117647059
5 0.6908496732026144 0.4323529411764706 0.01699346405228758 0.01911764705882353
8 0.6915032679738561 0.42683823529411763 0.01568627450980392 0.01838235294117647
5 0.6692810457516339 0.43125 0.01830065359477124 0.021323529411764706
8 0.6712418300653594 0.4264705882352941 0.0196078431372549 0.01911764705882353
5 0.6052287581699346 0.39191176470588235 0.01568627450980392 0.023529411764705882
8 0.6045751633986928 0.38566176470588237 0.01699346405228758 0.016911764705882352
7 0.3679738562091503 0.44926470588235295 0.01699346405228758 0.01764705882352941
7 0.3699346405228758 0.43970588235294117 0.026143790849673203 0.01911764705882353
3 0.05698529411764706 0.45751633986928103 0.11397058823529412 0.03529411764705882
7 0.12091503267973855 0.4602941176470588 0.0196078431372549 0.023529411764705882
5 0.14836601307189543 0.46544117647058825 0.0457516339869281 0.01911764705882353
7 0.14836601307189543 0.4621323529411765 0.022222222222222223 0.022794117647058822
3 0.1522875816993464 0.4308823529411765 0.12679738562091503 0.03235294117647059
3 0.3222222222222222 0.38198529411764703 0.0980392156862745 0.0375
9 0.07320261437908496 0.4073529411764706 0.06274509803921569 0.016176470588235296
5 0.6849673202614379 0.2426470588235294 0.01568627450980392 0.01911764705882353
8 0.6849673202614379 0.2411764705882353 0.01568627450980392 0.014705882352941176
3 0.6235294117647059 0.2411764705882353 0.04967320261437909 0.03823529411764706
5 0.5666666666666667 0.2727941176470588 0.04052287581699346 0.01764705882352941
8 0.5601307189542484 0.25330882352941175 0.01699346405228758 0.0125
8 0.6045751633986928 0.20073529411764707 0.01437908496732026 0.011764705882352941
0 0.5588235294117647 0.00718954248366013 0.016911764705882352 0.01437908496732026
7 0.5771241830065359 0.02463235294117647 0.006535947712418301 0.0125
7 0.584313725490196 0.01838235294117647 0.00784313725490196 0.011764705882352941
7 0.5901960784313726 0.025 0.006535947712418301 0.011764705882352941
7 0.5313725490196078 0.039338235294117646 0.00915032679738562 0.0125
7 0.5241830065359476 0.045588235294117645 0.00784313725490196 0.013235294117647059
7 0.5366013071895425 0.07022058823529412 0.00915032679738562 0.0125
7 0.5320261437908497 0.0849264705882353 0.01045751633986928 0.013970588235294118
5 0.5209150326797386 0.0724264705882353 0.011764705882352941 0.011029411764705883
5 0.47320261437908495 0.061764705882352944 0.02091503267973856 0.008823529411764706
7 0.4764705882352941 0.07757352941176471 0.00915032679738562 0.0125
9 0.49673202614379086 0.07095588235294117 0.026143790849673203 0.01838235294117647
7 0.43464052287581695 0.09301470588235294 0.011764705882352941 0.0125
7 0.5549019607843138 0.12205882352941176 0.00915032679738562 0.016176470588235296
7 0.38431372549019605 0.11213235294117647 0.00784313725490196 0.013970588235294118
7 0.34967320261437906 0.1375 0.00915032679738562 0.016176470588235296
7 0.47777777777777775 0.08639705882352941 0.00915032679738562 0.013970588235294118
4 0.47058823529411764 0.04375 0.01830065359477124 0.021323529411764706
7 0.4326797385620915 0.19338235294117648 0.01045751633986928 0.016176470588235296
5 0.4516339869281045 0.1988970588235294 0.024836601307189544 0.0125
8 0.5542483660130718 0.1875 0.013071895424836602 0.014705882352941176
0 0.5490196078431372 0.17426470588235293 0.06013071895424836 0.025
8 0.5379084967320261 0.18786764705882353 0.00915032679738562 0.011029411764705883
7 0.5496732026143791 0.21433823529411763 0.00915032679738562 0.01838235294117647
5 0.545751633986928 0.20441176470588235 0.02745098039215686 0.013235294117647059
5 0.5411764705882353 0.20919117647058824 0.026143790849673203 0.011029411764705883
1 0.4326797385620915 0.2113970588235294 0.023529411764705882 0.015441176470588236
7 0.2777777777777778 0.22316176470588237 0.01437908496732026 0.01838235294117647
1 0.47516339869281043 0.25 0.032679738562091505 0.013235294117647059
9 0.31633986928104574 0.2301470588235294 0.044444444444444446 0.020588235294117647
5 0.49084967320261436 0.275 0.024836601307189544 0.016176470588235296
5 0.4660130718954248 0.28345588235294117 0.04052287581699346 0.0125
7 0.4666666666666666 0.2786764705882353 0.013071895424836602 0.016176470588235296
5 0.47058823529411764 0.2613970588235294 0.026143790849673203 0.013970588235294118
9 0.5084967320261438 0.3139705882352941 0.06013071895424836 0.01911764705882353
0 0.4712418300653594 0.32794117647058824 0.05620915032679739 0.03235294117647059
5 0.41437908496732023 0.27794117647058825 0.026143790849673203 0.01764705882352941
5 0.4274509803921568 0.26875 0.026143790849673203 0.0125
5 0.43725490196078426 0.2639705882352941 0.03006535947712418 0.014705882352941176
5 0.44183006535947705 0.2577205882352941 0.026143790849673203 0.015441176470588236
5 0.4287581699346405 0.23455882352941176 0.026143790849673203 0.010294117647058823
5 0.4464052287581699 0.2411764705882353 0.03006535947712418 0.010294117647058823
7 0.396078431372549 0.27683823529411766 0.013071895424836602 0.01838235294117647
5 0.3915032679738562 0.2878676470588235 0.011764705882352941 0.01838235294117647
5 0.3679738562091503 0.2863970588235294 0.01437908496732026 0.016911764705882352
5 0.3777777777777777 0.30073529411764705 0.01045751633986928 0.01764705882352941
7 0.3777777777777777 0.27058823529411763 0.01568627450980392 0.01764705882352941
5 0.4496732026143791 0.29191176470588237 0.01830065359477124 0.01764705882352941
9 0.4137254901960784 0.34816176470588234 0.06928104575163398 0.03308823529411765
9 0.42810457516339867 0.3397058823529412 0.0457516339869281 0.025
5 0.40522875816993464 0.31323529411764706 0.03398692810457516 0.016176470588235296
7 0.3091503267973856 0.28308823529411764 0.01437908496732026 0.01764705882352941
5 0.3156862745098039 0.27647058823529413 0.011764705882352941 0.01764705882352941
7 0.27058823529411763 0.31066176470588236 0.013071895424836602 0.013970588235294118
7 0.25555555555555554 0.3110294117647059 0.01699346405228758 0.01911764705882353
7 0.24836601307189543 0.32573529411764707 0.02091503267973856 0.01764705882352941
7 0.22026143790849673 0.2202205882352941 0.022222222222222223 0.015441176470588236
7 0.20392156862745098 0.21654411764705883 0.01568627450980392 0.015441176470588236
7 0.17450980392156862 0.19926470588235295 0.01437908496732026 0.01764705882352941
7 0.19281045751633988 0.19963235294117648 0.011764705882352941 0.015441176470588236
7 0.22287581699346404 0.2 0.01699346405228758 0.016176470588235296
7 0.22156862745098038 0.21066176470588235 0.0196078431372549 0.015441176470588236
7 0.20980392156862743 0.20183823529411765 0.011764705882352941 0.01838235294117647
7 0.10196078431372549 0.25588235294117645 0.02091503267973856 0.01764705882352941
7 0.10522875816993464 0.23566176470588235 0.011764705882352941 0.016911764705882352
7 0.08235294117647059 0.2275735294117647 0.02091503267973856 0.01838235294117647
7 0.07254901960784313 0.2301470588235294 0.011764705882352941 0.011764705882352941
8 0.02679738562091503 0.24448529411764705 0.01699346405228758 0.009558823529411765
7 0.16078431372549018 0.2797794117647059 0.01568627450980392 0.016911764705882352
8 0.16209150326797384 0.23455882352941176 0.01830065359477124 0.013235294117647059
5 0.40522875816993464 0.2540441176470588 0.023529411764705882 0.01838235294117647
5 0.36666666666666664 0.23897058823529413 0.01699346405228758 0.014705882352941176
5 0.36470588235294116 0.2577205882352941 0.01568627450980392 0.016911764705882352
5 0.3287581699346405 0.26875 0.011764705882352941 0.016911764705882352
5 0.30130718954248364 0.24669117647058825 0.011764705882352941 0.015441176470588236
5 0.31176470588235294 0.2580882352941177 0.0196078431372549 0.01911764705882353
5 0.28366013071895424 0.24889705882352942 0.013071895424836602 0.016911764705882352
5 0.27124183006535946 0.2485294117647059 0.011764705882352941 0.01764705882352941
5 0.2568627450980392 0.2647058823529412 0.0196078431372549 0.016176470588235296
5 0.28104575163398693 0.2665441176470588 0.01568627450980392 0.016911764705882352
5 0.2699346405228758 0.2665441176470588 0.01699346405228758 0.016911764705882352
1 0.3764705882352941 0.32794117647058824 0.02091503267973856 0.01911764705882353
4 0.3398692810457516 0.2514705882352941 0.02091503267973856 0.014705882352941176
7 0.21437908496732025 0.26323529411764707 0.013071895424836602 0.014705882352941176
5 0.0699346405228758 0.36580882352941174 0.024836601307189544 0.015441176470588236
5 0.15163398692810456 0.35073529411764703 0.02875816993464052 0.016176470588235296
5 0.17516339869281045 0.34558823529411764 0.023529411764705882 0.01911764705882353
5 0.1973856209150327 0.3426470588235294 0.023529411764705882 0.01911764705882353
5 0.21503267973856205 0.3400735294117647 0.022222222222222223 0.015441176470588236
1 0.20392156862745098 0.3202205882352941 0.02091503267973856 0.019852941176470587
1 0.1830065359477124 0.30330882352941174 0.02091503267973856 0.016911764705882352
5 0.16732026143790849 0.30514705882352944 0.02091503267973856 0.01764705882352941
5 0.1849673202614379 0.3224264705882353 0.0196078431372549 0.021323529411764706
5 0.165359477124183 0.33198529411764705 0.024836601307189544 0.015441176470588236
5 0.14444444444444443 0.3352941176470588 0.0196078431372549 0.01764705882352941
5 0.12941176470588237 0.3375 0.023529411764705882 0.020588235294117647
5 0.11503267973856209 0.3408088235294118 0.02091503267973856 0.021323529411764706
5 0.1130718954248366 0.3558823529411765 0.011764705882352941 0.020588235294117647
5 0.09673202614379084 0.34375 0.013071895424836602 0.022794117647058822
5 0.08039215686274509 0.3463235294117647 0.0196078431372549 0.023529411764705882
5 0.06535947712418301 0.35 0.01830065359477124 0.022058823529411766
5 0.052941176470588235 0.3518382352941177 0.0196078431372549 0.019852941176470587
5 0.038562091503267976 0.35294117647058826 0.01699346405228758 0.023529411764705882
5 0.023529411764705882 0.35625 0.01568627450980392 0.022794117647058822
5 0.011764705882352941 0.3588235294117647 0.01568627450980392 0.025
5 0.1503267973856209 0.30808823529411766 0.02091503267973856 0.01911764705882353
1 0.13660130718954247 0.31286764705882353 0.022222222222222223 0.01838235294117647
5 0.11372549019607843 0.32279411764705884 0.02091503267973856 0.014705882352941176
5 0.13660130718954247 0.2922794117647059 0.022222222222222223 0.016911764705882352
5 0.11830065359477124 0.29301470588235295 0.024836601307189544 0.01838235294117647
5 0.11568627450980391 0.2786764705882353 0.01699346405228758 0.016176470588235296
5 0.10261437908496732 0.27904411764705883 0.01699346405228758 0.01838235294117647
5 0.08627450980392157 0.27904411764705883 0.01830065359477124 0.01838235294117647
5 0.0718954248366013 0.27904411764705883 0.01830065359477124 0.02426470588235294
5 0.06209150326797386 0.28161764705882353 0.0196078431372549 0.025
5 0.0738562091503268 0.2555147058823529 0.01437908496732026 0.016911764705882352
5 0.06078431372549019 0.2595588235294118 0.0196078431372549 0.016176470588235296
5 0.047058823529411764 0.26066176470588237 0.01568627450980392 0.015441176470588236
5 0.03594771241830065 0.26176470588235295 0.011764705882352941 0.016176470588235296
1 0.01830065359477124 0.26286764705882354 0.013071895424836602 0.01838235294117647
5 0.00915032679738562 0.26580882352941176 0.01045751633986928 0.01838235294117647
5 0.01045751633986928 0.3356617647058823 0.01830065359477124 0.01838235294117647
5 0.02679738562091503 0.3341911764705882 0.0196078431372549 0.01838235294117647
5 0.03790849673202614 0.33051470588235293 0.01568627450980392 0.019852941176470587
5 0.05163398692810457 0.32683823529411765 0.01699346405228758 0.019852941176470587
5 0.06535947712418301 0.3246323529411765 0.01830065359477124 0.019852941176470587
4 0.08823529411764706 0.3205882352941177 0.024836601307189544 0.01911764705882353
5 0.10130718954248366 0.2963235294117647 0.0196078431372549 0.016176470588235296
5 0.08888888888888889 0.29926470588235293 0.02091503267973856 0.016176470588235296
5 0.07320261437908496 0.3011029411764706 0.02091503267973856 0.01838235294117647
5 0.06013071895424836 0.30514705882352944 0.023529411764705882 0.01764705882352941
5 0.04836601307189542 0.30661764705882355 0.01830065359477124 0.01764705882352941
5 0.02287581699346405 0.3113970588235294 0.01699346405228758 0.01838235294117647
5 0.01045751633986928 0.31176470588235294 0.01830065359477124 0.01911764705882353
4 0.023529411764705882 0.2863970588235294 0.044444444444444446 0.027205882352941177