7 0.23202614379084965 0.4102941176470588 0.032679738562091505 0.047058823529411764
7 0.20326797385620915 0.28566176470588234 0.024836601307189544 0.03161764705882353
7 0.21960784313725487 0.2775735294117647 0.026143790849673203 0.03161764705882353
7 0.44313725490196076 0.3779411764705882 0.026143790849673203 0.047058823529411764
7 0.4673202614379085 0.38419117647058826 0.0457516339869281 0.04632352941176471
7 0.8176470588235294 0.32941176470588235 0.024836601307189544 0.03529411764705882
8 0.8091503267973855 0.3202205882352941 0.01568627450980392 0.013970588235294118
8 0.8294117647058824 0.3154411764705882 0.011764705882352941 0.013235294117647059
7 0.8431372549019607 0.32794117647058824 0.026143790849673203 0.03676470588235294
7 0.9176470588235294 0.5433823529411764 0.03660130718954248 0.03676470588235294
7 0.9601307189542483 0.5426470588235294 0.03529411764705882 0.03529411764705882
8 0.8509803921568627 0.4727941176470588 0.02875816993464052 0.026470588235294117
7 0.8915032679738562 0.46875 0.023529411764705882 0.04926470588235294
7 0.9673202614379084 0.5110294117647058 0.03137254901960784 0.061764705882352944
7 0.9830882352941176 0.4869281045751634 0.033823529411764704 0.047058823529411764
7 0.9959558823529412 0.4444444444444444 0.008088235294117648 0.043137254901960784
8 0.692156862745098 0.43014705882352944 0.022222222222222223 0.020588235294117647
4 0.8843137254901959 0.07647058823529412 0.1895424836601307 0.027941176470588237
4 0.3686274509803921 0.05772058823529412 0.4862745098039215 0.016911764705882352
7 0.9941176470588236 0.15698529411764706 0.00915032679738562 0.013970588235294118
7 0.9810457516339869 0.15808823529411764 0.01437908496732026 0.01911764705882353
7 0.9503267973856209 0.15735294117647058 0.01568627450980392 0.014705882352941176
3 0.9966911764705882 0.1568627450980392 0.006617647058823529 0.01699346405228758
3 0.9772058823529411 0.15620915032679739 0.045588235294117645 0.01437908496732026
3 0.9985294117647059 0.1392156862745098 0.0029411764705882353 0.01437908496732026
3 0.9841911764705882 0.13660130718954247 0.03161764705882353 0.013071895424836602
3 0.9679738562091502 0.14522058823529413 0.058823529411764705 0.015441176470588236
3 0.9385620915032679 0.15330882352941178 0.05228758169934641 0.015441176470588236
3 0.8986928104575163 0.14963235294117647 0.04836601307189542 0.015441176470588236
7 0.9294117647058824 0.14669117647058824 0.01568627450980392 0.016911764705882352
7 0.8993464052287582 0.14705882352941177 0.013071895424836602 0.01911764705882353
7 0.8803921568627451 0.14522058823529413 0.01437908496732026 0.013970588235294118
7 0.8607843137254901 0.15551470588235294 0.011764705882352941 0.01838235294117647
7 0.8333333333333333 0.15698529411764706 0.00915032679738562 0.015441176470588236
7 0.8183006535947712 0.15735294117647058 0.01045751633986928 0.01764705882352941
7 0.8032679738562091 0.15735294117647058 0.011764705882352941 0.016176470588235296
7 0.7895424836601308 0.1588235294117647 0.013071895424836602 0.01764705882352941
7 0.7816993464052288 0.15845588235294117 0.00784313725490196 0.011029411764705883
3 1 0.12418300653594772 0 0.01437908496732026
3 0.9849264705882353 0.12483660130718954 0.030147058823529412 0.01045751633986928
3 0.9620915032679738 0.1275735294117647 0.047058823529411764 0.013970588235294118
3 0.9176470588235294 0.12720588235294117 0.0392156862745098 0.011764705882352941
3 0.8823529411764706 0.12794117647058822 0.04967320261437909 0.013235294117647059
3 0.8437908496732025 0.12794117647058822 0.04836601307189542 0.011764705882352941
3 0.8052287581699347 0.13125 0.04967320261437909 0.0125
10 0.8294117647058824 0.1400735294117647 0.0457516339869281 0.016911764705882352
7 0.8424836601307188 0.1411764705882353 0.011764705882352941 0.016176470588235296
7 0.8143790849673201 0.1463235294117647 0.01045751633986928 0.011764705882352941
3 0.780392156862745 0.13345588235294117 0.05751633986928104 0.013970588235294118
9 0.6287581699346405 0.14595588235294119 0.047058823529411764 0.011029411764705883
3 0.986764705882353 0.09607843137254903 0.026470588235294117 0.00784313725490196
7 0.8928104575163398 0.10183823529411765 0.00522875816993464 0.009558823529411765
7 0.8830065359477124 0.10220588235294117 0.006535947712418301 0.010294117647058823
8 0.76078431372549 0.10404411764705883 0.00784313725490196 0.009558823529411765
8 0.7777777777777778 0.10588235294117647 0.00784313725490196 0.007352941176470588
7 0.5745098039215686 0.10477941176470588 0.006535947712418301 0.009558823529411765
7 0.5660130718954248 0.10514705882352941 0.01045751633986928 0.011764705882352941
7 0.5562091503267974 0.10551470588235294 0.00915032679738562 0.009558823529411765
8 0.530718954248366 0.10698529411764705 0.00784313725490196 0.009558823529411765
7 0.46797385620915033 0.11397058823529412 0.00784313725490196 0.014705882352941176
7 0.45816993464052286 0.11470588235294117 0.011764705882352941 0.016176470588235296
7 0.2633986928104575 0.1264705882352941 0.011764705882352941 0.011764705882352941
7 0.25816993464052285 0.13823529411764707 0.01699346405228758 0.013235294117647059
7 0.13921568627450978 0.14338235294117646 0.00915032679738562 0.014705882352941176
7 0.12941176470588237 0.14301470588235293 0.00784313725490196 0.016911764705882352
7 0.11503267973856209 0.14595588235294119 0.00784313725490196 0.01838235294117647
7 0.12026143790849672 0.14044117647058824 0.01568627450980392 0.01764705882352941
7 0.052941176470588235 0.14779411764705883 0.00915032679738562 0.016176470588235296
7 0.047058823529411764 0.14705882352941177 0.01045751633986928 0.016176470588235296
7 0.022222222222222223 0.14816176470588235 0.013071895424836602 0.015441176470588236
4 0.46928104575163393 0.075 0.21437908496732025 0.013235294117647059
2 0.31633986928104574 0.08014705882352942 0.08366013071895424 0.016176470588235296
2 0.2823529411764706 0.07830882352941176 0.05228758169934641 0.015441176470588236
2 0.2620915032679738 0.07647058823529412 0.05620915032679739 0.016176470588235296
2 0.23856209150326793 0.07573529411764705 0.058823529411764705 0.016176470588235296
2 0.22875816993464052 0.07389705882352941 0.06535947712418301 0.016911764705882352
2 0.20718954248366012 0.07426470588235294 0.06405228758169934 0.016176470588235296
2 0.07254901960784313 0.06691176470588235 0.0718954248366013 0.013235294117647059
2 0.03333333333333333 0.06507352941176471 0.06143790849673203 0.0125
7 0.06274509803921569 0.075 0.00522875816993464 0.007352941176470588
7 0.04967320261437909 0.07463235294117647 0.00522875816993464 0.008088235294117648
7 0.04248366013071895 0.07463235294117647 0.00392156862745098 0.006617647058823529
7 0.03725490196078431 0.075 0.006535947712418301 0.0058823529411764705
7 0.03398692810457516 0.07536764705882353 0.01045751633986928 0.008088235294117648