10 0.55 0.12239583333333333 0.029629629629629627 0.013541666666666667
3 0.5907407407407407 0.13151041666666666 0.016666666666666666 0.005729166666666666
10 0.612037037037037 0.13255208333333332 0.024074074074074074 0.008854166666666666
3 0.6078703703703704 0.1359375 0.017592592592592594 0.00625
3 0.6097222222222222 0.14895833333333333 0.01944444444444444 0.007291666666666667
3 0.611111111111111 0.14322916666666666 0.01851851851851852 0.007291666666666667
2 0.7125 0.1453125 0.032407407407407406 0.016666666666666666
10 0.725462962962963 0.159375 0.02685185185185185 0.013541666666666667
3 0.6814814814814815 0.1640625 0.024074074074074074 0.010416666666666666
3 0.625 0.17447916666666666 0.046296296296296294 0.009375
3 0.6912037037037037 0.18203125 0.023148148148148147 0.011979166666666667
3 0.7393518518518518 0.18932291666666667 0.02685185185185185 0.013020833333333334
3 0.7930555555555555 0.17473958333333334 0.023148148148148147 0.009895833333333333
3 0.7944444444444444 0.18567708333333333 0.02592592592592592 0.011979166666666667
8 0.8143518518518518 0.16510416666666666 0.00648148148148148 0.005208333333333333
1 0.8162037037037037 0.1671875 0.013888888888888888 0.007291666666666667
3 0.8240740740740741 0.21223958333333334 0.03148148148148148 0.0140625
3 0.8532407407407407 0.2296875 0.03425925925925925 0.017708333333333333
10 0.912037037037037 0.21979166666666666 0.05185185185185184 0.03125
3 0.9171296296296295 0.25494791666666666 0.04351851851851852 0.022395833333333334
3 0.7125 0.2203125 0.032407407407407406 0.020833333333333332
3 0.7138888888888888 0.27395833333333336 0.046296296296296294 0.025
10 0.8273148148148147 0.29765625 0.09907407407407406 0.08177083333333333
3 0.96953125 0.5143518518518518 0.0609375 0.08611111111111111
3 0.4125 0.23567708333333334 0.041666666666666664 0.018229166666666668
3 0.41388888888888886 0.22317708333333333 0.03518518518518519 0.0171875
10 0.4481481481481481 0.19817708333333334 0.05 0.030729166666666665
4 0.32685185185185184 0.20208333333333334 0.03703703703703704 0.017708333333333333
10 0.24814814814814812 0.20651041666666667 0.0574074074074074 0.033854166666666664
11 0.13657407407407407 0.20729166666666668 0.04907407407407407 0.026041666666666668
3 0.015625 0.3199074074074074 0.03125 0.02962962962962963