10 0.41830065359477125 0.44485294117647056 0.17254901960784313 0.2338235294117647
9 0.3503267973856209 0.3669117647058823 0.05228758169934641 0.041176470588235294
8 0.34901960784313724 0.3628676470588235 0.03660130718954248 0.030147058823529412
9 0.3202614379084967 0.3297794117647059 0.04183006535947712 0.03602941176470588
8 0.3235294117647059 0.32794117647058824 0.02745098039215686 0.023529411764705882
3 0.41960784313725485 0.32683823529411765 0.0784313725490196 0.04485294117647059
3 0.5124183006535947 0.29007352941176473 0.06797385620915032 0.03455882352941177
3 0.47450980392156855 0.2525735294117647 0.04967320261437909 0.025735294117647058
9 0.396078431372549 0.29963235294117646 0.04183006535947712 0.027205882352941177
8 0.39803921568627443 0.2988970588235294 0.024836601307189544 0.019852941176470587
2 0.3915032679738562 0.2529411764705882 0.07450980392156863 0.058823529411764705
3 0.43725490196078426 0.21544117647058825 0.0457516339869281 0.022058823529411766
3 0.4477124183006535 0.19338235294117648 0.03790849673202614 0.01911764705882353
10 0.3568627450980392 0.18823529411764706 0.07058823529411765 0.07647058823529412
3 0.426797385620915 0.15036764705882352 0.04052287581699346 0.015441176470588236
3 0.41699346405228754 0.12279411764705882 0.023529411764705882 0.011764705882352941
10 0.21045751633986928 0.20588235294117646 0.0915032679738562 0.07205882352941176
3 0.2895424836601307 0.1297794117647059 0.03006535947712418 0.011029411764705883
10 0.3222222222222222 0.11360294117647059 0.032679738562091505 0.016911764705882352
10 0.1954248366013072 0.10772058823529412 0.09019607843137255 0.025735294117647058
4 0.380392156862745 0.10772058823529412 0.013071895424836602 0.009558823529411765
4 0.40784313725490196 0.10147058823529412 0.013071895424836602 0.007352941176470588
4 0.4411764705882353 0.06470588235294118 0.05359477124183006 0.025
11 0.9426470588235294 0.32679738562091504 0.11470588235294117 0.043137254901960784
7 0.6607843137254902 0.20919117647058824 0.0196078431372549 0.01838235294117647
3 0.6483660130718953 0.1801470588235294 0.03137254901960784 0.016176470588235296
4 0.661437908496732 0.11066176470588235 0.16732026143790849 0.08161764705882353
4 0.8686274509803921 0.09852941176470588 0.2627450980392157 0.07205882352941176
4 0.9013071895424836 0.14375 0.06405228758169934 0.02426470588235294
3 0.6326797385620915 0.16580882352941176 0.05751633986928104 0.015441176470588236
3 0.6071895424836601 0.1827205882352941 0.04836601307189542 0.0125
11 0.6078431372549019 0.19595588235294117 0.04183006535947712 0.019852941176470587