3 0.2725490196078431 0.5272058823529412 0.03790849673202614 0.041176470588235294
3 0.13660130718954247 0.48676470588235293 0.07450980392156863 0.01911764705882353
3 0.165359477124183 0.46433823529411766 0.0718954248366013 0.01838235294117647
3 0.2235294117647059 0.4485294117647059 0.0784313725490196 0.01764705882352941
3 0.5862745098039215 0.5194852941176471 0.03529411764705882 0.04044117647058824
3 0.5901960784313726 0.3922794117647059 0.03006535947712418 0.03602941176470588
3 0.5934640522875817 0.34705882352941175 0.026143790849673203 0.026470588235294117
7 0.5633986928104575 0.3713235294117647 0.01045751633986928 0.007352941176470588
3 0.6627450980392157 0.3650735294117647 0.026143790849673203 0.0375
3 0.6607843137254902 0.3180147058823529 0.03006535947712418 0.0375
7 0.5928104575163399 0.31727941176470587 0.01437908496732026 0.006617647058823529
7 0.6862745098039215 0.45955882352941174 0.01568627450980392 0.011764705882352941
3 0.3352941176470588 0.30772058823529413 0.06405228758169934 0.015441176470588236
3 0.3915032679738562 0.2540441176470588 0.03529411764705882 0.03602941176470588
3 0.5339869281045752 0.2275735294117647 0.032679738562091505 0.03455882352941177
7 0.4725490196078431 0.24485294117647058 0.011764705882352941 0.010294117647058823
3 0.07973856209150326 0.30551470588235297 0.06535947712418301 0.01838235294117647
3 0.07712418300653595 0.25588235294117645 0.05490196078431372 0.014705882352941176
3 0.1411764705882353 0.21433823529411763 0.03660130718954248 0.0375
7 0.10588235294117647 0.22647058823529412 0.013071895424836602 0.004411764705882353
7 0.06601307189542484 0.2338235294117647 0.01437908496732026 0.004411764705882353
7 0.06274509803921569 0.2301470588235294 0.01568627450980392 0.004411764705882353
7 0.0673202614379085 0.22463235294117648 0.01699346405228758 0.005147058823529412
7 0.07124183006535947 0.21948529411764706 0.01699346405228758 0.005147058823529412
7 0.08562091503267974 0.22169117647058822 0.01437908496732026 0.005147058823529412
10 0.2594771241830065 0.1860294117647059 0.03006535947712418 0.025
3 0.7915032679738562 0.5110294117647058 0.032679738562091505 0.039705882352941174
11 0.9640522875816994 0.5470588235294118 0.024836601307189544 0.029411764705882353
3 0.9091503267973855 0.45625 0.03006535947712418 0.04044117647058824
3 0.9555555555555555 0.44632352941176473 0.03137254901960784 0.03823529411764706
3 0.8019607843137254 0.4319852941176471 0.03006535947712418 0.0375
3 0.85359477124183 0.41066176470588234 0.02875816993464052 0.03602941176470588
5 0.7673202614379084 0.4602941176470588 0.01568627450980392 0.014705882352941176
8 0.7673202614379084 0.46139705882352944 0.01568627450980392 0.008088235294117648
3 0.7986928104575163 0.3683823529411765 0.02875816993464052 0.03823529411764706
3 0.8549019607843136 0.3191176470588235 0.03137254901960784 0.03823529411764706
5 0.9888888888888889 0.35110294117647056 0.011764705882352941 0.0125
8 0.9888888888888889 0.3522058823529412 0.011764705882352941 0.008823529411764706
3 0.9522875816993464 0.2772058823529412 0.02745098039215686 0.033823529411764704
3 0.8464052287581699 0.23566176470588235 0.032679738562091505 0.0375
3 0.7934640522875817 0.2286764705882353 0.03137254901960784 0.041176470588235294
3 0.6640522875816993 0.2286764705882353 0.03398692810457516 0.03676470588235294
3 0.8490196078431371 0.16580882352941176 0.032679738562091505 0.03897058823529412
3 0.6620915032679738 0.15183823529411763 0.024836601307189544 0.03308823529411765
3 0.8529411764705882 0.11213235294117647 0.02745098039215686 0.03455882352941177
3 0.7941176470588235 0.08455882352941177 0.024836601307189544 0.03676470588235294
3 0.5901960784313726 0.036397058823529414 0.03790849673202614 0.03455882352941177
3 0.6620915032679738 0.01911764705882353 0.02745098039215686 0.03529411764705882
3 0.8352941176470589 0.02610294117647059 0.03137254901960784 0.03602941176470588
3 0.9549019607843137 0.02426470588235294 0.02745098039215686 0.033823529411764704
3 0.9044117647058824 0.01241830065359477 0.026470588235294117 0.02483660130718954
7 0.5790849673202614 0.10661764705882353 0.00784313725490196 0.008823529411764706
7 0.6888888888888888 0.034926470588235295 0.01045751633986928 0.009558823529411765
7 0.6784313725490195 0.033455882352941176 0.00784313725490196 0.008088235294117648