4 0.8703703703703703 0.043229166666666666 0.03333333333333333 0.007291666666666667
4 0.9037037037037037 0.04010416666666667 0.02592592592592592 0.009375
4 0.9648148148148148 0.0546875 0.059259259259259255 0.019791666666666666
4 0.9222222222222222 0.04375 0.01111111111111111 0.016666666666666666
4 0.9083333333333333 0.05 0.00925925925925926 0.010416666666666666
8 0.43796296296296294 0.4796875 0.08703703703703704 0.057291666666666664
7 0.18703703703703703 0.51875 0.05185185185185184 0.0625
7 0.22685185185185183 0.5 0.07592592592592592 0.05
7 0.1611111111111111 0.4984375 0.05185185185185184 0.084375
7 0.3888888888888889 0.39791666666666664 0.03703703703703704 0.052083333333333336
7 0.4092592592592592 0.35885416666666664 0.03703703703703704 0.04479166666666667
7 0.4601851851851852 0.3614583333333333 0.016666666666666666 0.0375
8 0.46388888888888885 0.4203125 0.0574074074074074 0.03229166666666667
8 0.47777777777777775 0.4041666666666667 0.04074074074074074 0.03333333333333333
8 0.5064814814814814 0.38958333333333334 0.06111111111111111 0.03333333333333333
7 0.5537037037037037 0.3625 0.02592592592592592 0.041666666666666664
7 0.5277777777777778 0.3536458333333333 0.029629629629629627 0.04479166666666667
7 0.5296296296296296 0.3536458333333333 0.029629629629629627 0.04479166666666667
7 0.5527777777777777 0.36302083333333335 0.024074074074074074 0.042708333333333334
7 0.5675925925925926 0.34739583333333335 0.03888888888888888 0.059375
7 0.43611111111111106 0.32135416666666666 0.03518518518518519 0.042708333333333334
7 0.65 0.3296875 0.03333333333333333 0.059375
5 0.6370370370370371 0.39114583333333336 0.07037037037037037 0.084375
5 0.7212962962962963 0.3171875 0.0685185185185185 0.046875
5 0.7675925925925925 0.28854166666666664 0.09444444444444443 0.04791666666666667
7 0.9592592592592591 0.22552083333333334 0.02222222222222222 0.04479166666666667
7 0.525 0.3046875 0.027777777777777776 0.04895833333333333
7 0.47685185185185186 0.3026041666666667 0.03148148148148148 0.053125
7 0.44166666666666665 0.3177083333333333 0.04259259259259259 0.03958333333333333
7 0.7546296296296297 0.24114583333333334 0.024074074074074074 0.04895833333333333
7 0.7768518518518518 0.23489583333333333 0.024074074074074074 0.046875
7 0.836111111111111 0.26145833333333335 0.024074074074074074 0.05
7 0.8296296296296295 0.2520833333333333 0.01851851851851852 0.04583333333333333
7 0.8444444444444444 0.22552083333333334 0.029629629629629627 0.03854166666666667
7 0.8675925925925925 0.21979166666666666 0.024074074074074074 0.041666666666666664
7 0.9425925925925925 0.20104166666666667 0.029629629629629627 0.03958333333333333
8 0.987037037037037 0.19166666666666668 0.01111111111111111 0.020833333333333332
8 0.986111111111111 0.1875 0.02037037037037037 0.03333333333333333
8 0.9768518518518517 0.18958333333333333 0.01296296296296296 0.022916666666666665
8 0.987037037037037 0.1875 0.02222222222222222 0.03333333333333333
7 0.912037037037037 0.17708333333333334 0.024074074074074074 0.035416666666666666
7 0.8833333333333333 0.17135416666666667 0.01851851851851852 0.042708333333333334
7 0.7777777777777778 0.14427083333333332 0.01851851851851852 0.026041666666666668
7 0.8277777777777777 0.14010416666666667 0.01851851851851852 0.021875
7 0.9398148148148148 0.146875 0.01296296296296296 0.03125
7 0.8666666666666667 0.14791666666666667 0.014814814814814814 0.029166666666666667
7 0.9138888888888889 0.146875 0.01296296296296296 0.027083333333333334
8 0.8601851851851852 0.13697916666666668 0.01296296296296296 0.015625
7 0.8768518518518518 0.13854166666666667 0.01296296296296296 0.01875
7 0.8574074074074074 0.12291666666666666 0.01111111111111111 0.020833333333333332
7 0.8472222222222221 0.11979166666666667 0.01296296296296296 0.022916666666666665
7 0.899074074074074 0.14322916666666666 0.00925925925925926 0.015625
8 0.8981481481481481 0.13125 0.007407407407407407 0.010416666666666666
8 0.9175925925925925 0.13958333333333334 0.016666666666666666 0.025
7 0.9055555555555554 0.13697916666666668 0.01111111111111111 0.026041666666666668
1 0.9101851851851851 0.1453125 0.024074074074074074 0.015625
1 0.984375 0.19814814814814816 0.03125 0.027777777777777776
8 0.99375 0.10277777777777777 0.0125 0.018518518518518517
5 0.9944444444444444 0.1078125 0.01111111111111111 0.011458333333333333
7 0.9379629629629629 0.109375 0.00925925925925926 0.01875
7 0.9342592592592591 0.1078125 0.00925925925925926 0.015625
7 0.925 0.10364583333333334 0.00925925925925926 0.011458333333333333
8 0.912037037037037 0.09635416666666667 0.01296296296296296 0.013541666666666667
7 0.9435185185185184 0.1015625 0.00925925925925926 0.017708333333333333
7 0.9314814814814815 0.10052083333333334 0.01111111111111111 0.017708333333333333
8 0.8916666666666667 0.12552083333333333 0.01296296296296296 0.017708333333333333
5 0.8879629629629628 0.13020833333333334 0.01296296296296296 0.014583333333333334
7 0.8722222222222221 0.128125 0.01111111111111111 0.0125
7 0.8787037037037037 0.1203125 0.01296296296296296 0.021875
8 0.4629629629629629 0.40625 0.02592592592592592 0.020833333333333332
5 0.9064814814814814 0.11614583333333334 0.01296296296296296 0.013541666666666667
5 0.9138888888888889 0.1125 0.016666666666666666 0.010416666666666666
7 0.8666666666666667 0.07916666666666666 0.007407407407407407 0.010416666666666666
8 0.8675925925925925 0.09375 0.00925925925925926 0.010416666666666666
7 0.9879629629629628 0.0734375 0.00925925925925926 0.013541666666666667
4 0.9555555555555555 0.07239583333333334 0.05185185185185184 0.013541666666666667
7 0.962037037037037 0.09114583333333333 0.016666666666666666 0.013541666666666667
7 0.9425925925925925 0.0890625 0.007407407407407407 0.011458333333333333
7 0.9416666666666667 0.08697916666666666 0.005555555555555555 0.013541666666666667
7 0.937037037037037 0.08177083333333333 0.007407407407407407 0.011458333333333333
7 0.9472222222222222 0.0796875 0.005555555555555555 0.009375
7 0.9416666666666667 0.08125 0.00925925925925926 0.010416666666666666
6 0.9527777777777777 0.090625 0.01296296296296296 0.0125
9 1 0.07685185185185185 0 0.009259259259259259
7 0.8944444444444444 0.06770833333333333 0.0037037037037037034 0.010416666666666666
7 0.9009259259259258 0.06822916666666666 0.005555555555555555 0.007291666666666667
8 0.8851851851851851 0.07291666666666667 0.0037037037037037034 0.00625
7 0.8777777777777778 0.07239583333333334 0.007407407407407407 0.009375
7 0.8805555555555554 0.07083333333333333 0.005555555555555555 0.0125
8 0.9212962962962962 0.071875 0.005555555555555555 0.00625