10 0.8522058823529411 0.4830065359477124 0.29558823529411765 0.1568627450980392
10 0.496078431372549 0.35551470588235295 0.38562091503267976 0.10808823529411765
10 0.8797385620915031 0.3014705882352941 0.20130718954248367 0.10147058823529412
10 0.888235294117647 0.21895424836601307 0.2235294117647059 0.07973856209150326
7 0.9705882352941176 0.18823529411764706 0.01699346405228758 0.029411764705882353
8 0.7509803921568627 0.026838235294117645 0.01437908496732026 0.009558823529411765
9 0.7457516339869281 0.031985294117647056 0.03006535947712418 0.0125
7 0.8091503267973855 0.007352941176470588 0.00784313725490196 0.013235294117647059
7 0.9261437908496731 0.07647058823529412 0.011764705882352941 0.020588235294117647
7 0.9326797385620914 0.006985294117647059 0.006535947712418301 0.0125
7 0.8810457516339869 0.007720588235294118 0.00522875816993464 0.011029411764705883
10 0.8856617647058823 0.0058823529411764705 0.0875 0.011764705882352941
10 0.9863970588235295 0.00718954248366013 0.027205882352941177 0.01437908496732026
10 0.8875816993464052 0.02022058823529412 0.06274509803921569 0.030147058823529412
10 0.9111111111111111 0.06323529411764706 0.0784313725490196 0.041176470588235294
10 0.8686274509803921 0.09889705882352941 0.06405228758169934 0.04926470588235294
10 0.8941176470588236 0.12279411764705882 0.1542483660130719 0.047058823529411764
7 0.5797385620915033 0.045588235294117645 0.011764705882352941 0.01764705882352941
10 0.5908496732026144 0.08161764705882353 0.10457516339869281 0.041176470588235294
10 0.6137254901960784 0.14448529411764705 0.1398692810457516 0.04779411764705882
10 0.41045751633986927 0.10919117647058824 0.1830065359477124 0.05220588235294118
10 0.4660130718954248 0.1297794117647059 0.16078431372549018 0.05220588235294118
10 0.5418300653594771 0.13823529411764707 0.16601307189542483 0.051470588235294115
7 0.1477124183006536 0.10919117647058824 0.01568627450980392 0.022794117647058822
4 0.06405228758169934 0.10073529411764706 0.06797385620915032 0.023529411764705882
7 0.0915032679738562 0.14375 0.023529411764705882 0.030147058823529412
3 0.13921568627450978 0.13125 0.11372549019607843 0.03308823529411765
10 0.09338235294117647 0.1830065359477124 0.18676470588235294 0.08366013071895424
7 0.292156862745098 0.15220588235294116 0.02745098039215686 0.029411764705882353
7 0.32418300653594767 0.1514705882352941 0.023529411764705882 0.027941176470588237
10 0.12794117647058822 0.2718954248366013 0.25588235294117645 0.09673202614379085
7 0.2901960784313725 0.2948529411764706 0.0392156862745098 0.045588235294117645
7 0.15555555555555556 0.23419117647058824 0.03137254901960784 0.04044117647058824
7 0.18104575163398692 0.24595588235294116 0.03790849673202614 0.04191176470588235
7 0.18627450980392155 0.2286764705882353 0.03529411764705882 0.033823529411764704
7 0.20588235294117646 0.2301470588235294 0.0196078431372549 0.03676470588235294
7 0.20326797385620915 0.23897058823529413 0.024836601307189544 0.04264705882352941
7 0.21633986928104576 0.2452205882352941 0.032679738562091505 0.04044117647058824
7 0.2849673202614379 0.21875 0.01830065359477124 0.030147058823529412
7 0.2771241830065359 0.21470588235294116 0.01830065359477124 0.029411764705882353
10 0.35555555555555557 0.21838235294117647 0.17254901960784313 0.075
10 0.4287581699346405 0.26691176470588235 0.2745098039215686 0.09411764705882353
7 0.4633986928104575 0.16139705882352942 0.024836601307189544 0.03455882352941177
7 0.43725490196078426 0.16176470588235295 0.022222222222222223 0.029411764705882353
7 0.4091503267973856 0.1625 0.02091503267973856 0.030882352941176472
7 0.40196078431372545 0.15735294117647058 0.024836601307189544 0.027941176470588237
7 0.42222222222222217 0.1536764705882353 0.01568627450980392 0.027941176470588237
7 0.44052287581699345 0.15404411764705883 0.023529411764705882 0.027205882352941177