3 0.3665441176470588 0.009150326797385621 0.09779411764705882 0.018300653594771243
3 0.5411764705882353 0.1488970588235294 0.17777777777777778 0.04485294117647059
7 0.9647058823529412 0.27242647058823527 0.026143790849673203 0.04191176470588235
3 0.9823529411764705 0.13986928104575164 0.03529411764705882 0.04967320261437908
7 0.8895424836601306 0.27389705882352944 0.0196078431372549 0.0375
8 0.9130718954248365 0.28860294117647056 0.032679738562091505 0.03161764705882353
8 0.9163398692810457 0.4099264705882353 0.04183006535947712 0.04044117647058824
8 0.9209150326797385 0.36801470588235297 0.03006535947712418 0.03897058823529412
8 0.9137254901960783 0.33345588235294116 0.023529411764705882 0.03897058823529412
8 0.9307189542483659 0.5404411764705882 0.05228758169934641 0.041176470588235294
3 0.8699346405228758 0.09558823529411764 0.09542483660130718 0.04852941176470588
3 0.6522875816993464 0.09632352941176471 0.1542483660130719 0.04411764705882353
3 0.8542483660130717 0.06507352941176471 0.1398692810457516 0.03455882352941177
3 0.9588235294117647 0.11372549019607843 0.08235294117647059 0.03790849673202614
3 0.9746323529411764 0.08235294117647059 0.05073529411764706 0.036601307189542485
3 0.9595588235294118 0.016339869281045753 0.08088235294117647 0.03137254901960784
7 0.6718954248366013 0.11948529411764706 0.01568627450980392 0.030147058823529412
8 0.7052287581699346 0.13713235294117648 0.024836601307189544 0.02426470588235294
8 0.6601307189542484 0.1275735294117647 0.01830065359477124 0.022794117647058822
8 0.9908496732026143 0.08933823529411765 0.01568627450980392 0.027205882352941177
3 0.9797794117647058 0.00718954248366013 0.04044117647058824 0.01437908496732026