4 0.3259259259259259 0.07890625 0.15 0.0546875
8 0.99453125 0.4550925925925926 0.0109375 0.032407407407407406
5 0.9869791666666666 0.4648148148148148 0.026041666666666668 0.03425925925925926
7 0.9393518518518518 0.54765625 0.025 0.028645833333333332
10 0.7439814814814815 0.46796875 0.24166666666666667 0.14947916666666666
7 0.7148148148148148 0.5510416666666667 0.02222222222222222 0.021875
7 0.6439814814814814 0.5473958333333333 0.021296296296296296 0.029166666666666667
7 0.41435185185185186 0.4270833333333333 0.01944444444444444 0.03854166666666667
7 0.4384259259259259 0.42239583333333336 0.023148148148148147 0.036458333333333336
7 0.4481481481481481 0.38723958333333336 0.024074074074074074 0.033854166666666664
3 0.8314814814814814 0.34921875 0.08148148148148147 0.033854166666666664
3 0.7972222222222222 0.27317708333333335 0.06296296296296296 0.021354166666666667
3 0.575 0.29713541666666665 0.05555555555555555 0.030729166666666665
8 0.5958333333333333 0.3268229166666667 0.01944444444444444 0.0203125
1 0.5958333333333333 0.334375 0.025 0.015625
1 0.9375 0.3184895833333333 0.01944444444444444 0.019270833333333334
3 0.5050925925925925 0.16510416666666666 0.0287037037037037 0.011458333333333333
3 0.5444444444444444 0.1875 0.03333333333333333 0.015625
10 0.5222222222222223 0.15208333333333332 0.03148148148148148 0.016666666666666666
11 0.5074074074074074 0.14895833333333333 0.024074074074074074 0.011458333333333333
10 0.5013888888888889 0.14192708333333334 0.032407407407407406 0.019270833333333334
7 0.03935185185185185 0.33125 0.01944444444444444 0.027083333333333334
10 0.4597222222222222 0.13151041666666666 0.023148148148148147 0.0109375
3 0.4393518518518518 0.1328125 0.021296296296296296 0.007291666666666667
3 0.4513888888888889 0.12890625 0.017592592592592594 0.0078125
10 0.43611111111111106 0.1421875 0.03333333333333333 0.017708333333333333
10 0.42546296296296293 0.11848958333333333 0.021296296296296296 0.0109375
11 0.3282407407407407 0.11171875 0.01574074074074074 0.008854166666666666
3 0.3939814814814815 0.11510416666666666 0.012037037037037037 0.008333333333333333
10 0.9662037037037037 0.15208333333333332 0.058333333333333334 0.016666666666666666
10 0.9425925925925925 0.14791666666666667 0.05185185185185184 0.0125
10 0.8537037037037037 0.19010416666666666 0.10185185185185185 0.03125
10 0.649074074074074 0.12604166666666666 0.03333333333333333 0.010416666666666666
3 0.6782407407407407 0.13671875 0.02685185185185185 0.008854166666666666
6 0.7273148148148147 0.14375 0.047222222222222214 0.021875
11 0.712962962962963 0.15026041666666667 0.02037037037037037 0.009895833333333333
3 0.7041666666666667 0.13645833333333332 0.02685185185185185 0.008333333333333333
9 0.7351851851851852 0.2713541666666667 0.027777777777777776 0.014583333333333334