3 0.7287581699346405 0.3900735294117647 0.10849673202614378 0.09779411764705882
3 0.8758169934640523 0.25183823529411764 0.08627450980392157 0.07573529411764705
3 0.9104575163398693 0.14816176470588235 0.0718954248366013 0.03897058823529412
9 0.9581699346405228 0.08713235294117647 0.044444444444444446 0.03455882352941177
3 0.2281045751633987 0.2863970588235294 0.13202614379084968 0.07279411764705883
10 0.10392156862745097 0.07389705882352941 0.09019607843137255 0.03602941176470588
3 0.8104575163398693 0.028308823529411765 0.04183006535947712 0.028676470588235293
3 0.8915032679738562 0.05 0.05228758169934641 0.030882352941176472
11 0.7601307189542484 0.021323529411764706 0.050980392156862744 0.033823529411764704
3 0.5516339869281045 0.04448529411764706 0.06013071895424836 0.03455882352941177
3 0.9718954248366012 0.016544117647058824 0.04052287581699346 0.028676470588235293
8 0.9333333333333332 0.010661764705882353 0.02091503267973856 0.011029411764705883
5 0.9326797385620914 0.016176470588235296 0.0457516339869281 0.014705882352941176
8 0.46535947712418296 0.12941176470588237 0.03660130718954248 0.016176470588235296
1 0.46535947712418296 0.14080882352941176 0.06013071895424836 0.019852941176470587
3 0.27843137254901956 0.06985294117647059 0.11764705882352941 0.020588235294117647
3 0.31633986928104574 0.04963235294117647 0.09934640522875818 0.022794117647058822
11 0.30661764705882355 0.009150326797385621 0.08529411764705883 0.018300653594771243
7 0.5941176470588235 0.011397058823529411 0.0196078431372549 0.015441176470588236
7 0.5836601307189542 0.01838235294117647 0.022222222222222223 0.013235294117647059
7 0.22875816993464052 0.05551470588235294 0.01830065359477124 0.016911764705882352
3 0.05955882352941176 0.4627450980392157 0.11911764705882352 0.10980392156862745
7 0.24052287581699344 0.05073529411764706 0.01830065359477124 0.022058823529411766