7 0.799074074074074 0.2989583333333333 0.0685185185185185 0.10208333333333333
7 0.7185185185185184 0.278125 0.06666666666666667 0.09375
7 0.8638888888888888 0.23489583333333333 0.046296296296296294 0.078125
7 0.9388888888888888 0.20052083333333334 0.04444444444444444 0.06979166666666667
7 0.6407407407407407 0.1890625 0.04444444444444444 0.06770833333333333
7 0.4324074074074074 0.2203125 0.04259259259259259 0.07395833333333333
7 0.225 0.2453125 0.0685185185185185 0.084375
7 0.575925925925926 0.10572916666666667 0.03703703703703704 0.046875
7 0.07685185185185185 0.14947916666666666 0.05 0.057291666666666664
7 0.6916666666666667 0.2171875 0.046296296296296294 0.06770833333333333
7 0.8518518518518517 0.19010416666666666 0.04444444444444444 0.06770833333333333
7 0.8824074074074074 0.21458333333333332 0.046296296296296294 0.06875
7 0.7435185185185185 0.24322916666666666 0.09814814814814814 0.06145833333333333
7 0.798148148148148 0.11927083333333334 0.03333333333333333 0.046875
7 0.35277777777777775 0.14114583333333333 0.0574074074074074 0.05520833333333333
7 0.2944444444444444 0.14583333333333334 0.04444444444444444 0.04375
7 0.3259259259259259 0.15885416666666666 0.03333333333333333 0.040625
7 0.33888888888888885 0.15260416666666668 0.029629629629629627 0.036458333333333336
7 0.27314814814814814 0.06458333333333334 0.03148148148148148 0.025
7 0.5787037037037037 0.07135416666666666 0.02037037037037037 0.026041666666666668
7 0.762962962962963 0.10885416666666667 0.02592592592592592 0.04479166666666667
7 0.7148148148148148 0.10572916666666667 0.03333333333333333 0.042708333333333334
7 0.687037037037037 0.10572916666666667 0.02592592592592592 0.042708333333333334
7 0.7222222222222221 0.07552083333333333 0.02222222222222222 0.023958333333333335
7 0.673148148148148 0.09322916666666667 0.03148148148148148 0.03854166666666667
7 0.6990740740740741 0.09635416666666667 0.03148148148148148 0.042708333333333334
7 0.1675925925925926 0.059375 0.024074074074074074 0.029166666666666667
8 0.03981481481481482 0.08854166666666667 0.05 0.01875
7 0.029629629629629627 0.057291666666666664 0.03333333333333333 0.027083333333333334
7 0.011979166666666667 0.07407407407407407 0.023958333333333335 0.03333333333333333
7 0.08425925925925926 0.06041666666666667 0.024074074074074074 0.029166666666666667
7 0.0537037037037037 0.06197916666666667 0.02592592592592592 0.030208333333333334
7 0.07314814814814814 0.059375 0.02037037037037037 0.027083333333333334
7 0.054629629629629625 0.0578125 0.024074074074074074 0.030208333333333334
7 0.10370370370370369 0.0484375 0.02592592592592592 0.028125
8 0.125 0.05520833333333333 0.02037037037037037 0.0125
7 0.013020833333333334 0.044444444444444446 0.026041666666666668 0.024074074074074074
5 0.6435185185185185 0.04895833333333333 0.046296296296296294 0.020833333333333332
5 0.6888888888888888 0.049479166666666664 0.04074074074074074 0.015625
5 0.7814814814814814 0.04791666666666667 0.05185185185185184 0.016666666666666666
5 0.736111111111111 0.05 0.04259259259259259 0.014583333333333334
7 0.7472222222222221 0.059375 0.024074074074074074 0.027083333333333334
7 0.7638888888888888 0.09479166666666666 0.027777777777777776 0.041666666666666664
7 0.7805555555555554 0.09427083333333333 0.027777777777777776 0.034375
7 0.7953703703703704 0.07135416666666666 0.024074074074074074 0.03229166666666667
7 0.7787037037037037 0.06510416666666667 0.016666666666666666 0.021875
8 0.8231481481481481 0.06614583333333333 0.024074074074074074 0.017708333333333333
8 0.8222222222222222 0.06770833333333333 0.014814814814814814 0.010416666666666666
8 0.8351851851851851 0.08072916666666667 0.03333333333333333 0.013541666666666667
8 0.8314814814814814 0.08020833333333334 0.02222222222222222 0.0125
8 0.8638888888888888 0.08802083333333334 0.024074074074074074 0.021875
8 0.8574074074074074 0.08645833333333333 0.029629629629629627 0.014583333333333334
7 0.923148148148148 0.08958333333333333 0.03148148148148148 0.0375
5 0.8916666666666667 0.09322916666666667 0.03518518518518519 0.028125
8 0.9712962962962962 0.1328125 0.03888888888888888 0.03854166666666667
8 0.9546296296296295 0.12760416666666666 0.03888888888888888 0.03854166666666667
7 0.9890625 0.11666666666666667 0.021875 0.046296296296296294
7 0.9657407407407407 0.10677083333333333 0.027777777777777776 0.040625