7 0.9992647058823529 0.049019607843137254 0.0014705882352941176 0.01045751633986928
1 0.9992647058823529 0.08627450980392157 0.0014705882352941176 0.011764705882352941
8 0.9985294117647059 0.08366013071895424 0.0029411764705882353 0.011764705882352941
5 0.9522875816993464 0.06691176470588235 0.00915032679738562 0.010294117647058823
8 0.9522875816993464 0.06507352941176471 0.00915032679738562 0.011029411764705883
3 0.9666666666666666 0.04779411764705882 0.022222222222222223 0.010294117647058823
5 0.3908496732026144 0.4511029411764706 0.10196078431372549 0.0375
7 0.4725490196078431 0.43308823529411766 0.032679738562091505 0.058823529411764705
5 0.49673202614379086 0.2647058823529412 0.0784313725490196 0.026470588235294117
7 0.2568627450980392 0.4878676470588235 0.0196078431372549 0.04926470588235294
0 0.5333333333333333 0.5422794117647058 0.18562091503267972 0.03897058823529412
3 0.6594771241830065 0.4261029411764706 0.2601307189542484 0.12720588235294117
3 0.6673202614379085 0.34595588235294117 0.134640522875817 0.07720588235294118
3 0.7006535947712418 0.27536764705882355 0.1437908496732026 0.04779411764705882
3 0.7202614379084967 0.24338235294117647 0.13071895424836602 0.04264705882352941
3 0.7503267973856208 0.22242647058823528 0.12549019607843137 0.04191176470588235
3 0.7196078431372549 0.18823529411764706 0.058823529411764705 0.03235294117647059
3 0.7339869281045751 0.1650735294117647 0.050980392156862744 0.03161764705882353
3 0.6555555555555556 0.11580882352941177 0.04052287581699346 0.022794117647058822
4 0.6169934640522876 0.1514705882352941 0.05228758169934641 0.01764705882352941
3 0.7111111111111111 0.1150735294117647 0.047058823529411764 0.022794117647058822
3 0.692156862745098 0.09080882352941176 0.09281045751633986 0.01838235294117647
3 0.7810457516339869 0.11360294117647059 0.043137254901960784 0.021323529411764706
3 0.7764705882352941 0.09301470588235294 0.047058823529411764 0.01838235294117647
3 0.8679738562091502 0.08713235294117647 0.05490196078431372 0.016911764705882352
3 0.7986928104575163 0.08051470588235295 0.07058823529411765 0.015441176470588236
3 0.7653594771241831 0.075 0.06928104575163398 0.014705882352941176
11 0.8065359477124183 0.07279411764705883 0.04967320261437909 0.01764705882352941
3 0.8058823529411765 0.0661764705882353 0.05359477124183006 0.014705882352941176
11 0.8359477124183007 0.06102941176470588 0.02745098039215686 0.014705882352941176
11 0.8071895424836601 0.05588235294117647 0.04836601307189542 0.014705882352941176
2 0.8104575163398693 0.04963235294117647 0.07581699346405228 0.025735294117647058
3 0.8856209150326797 0.02426470588235294 0.01437908496732026 0.007352941176470588
4 0.8235294117647058 0.01437908496732026 0.05 0.02875816993464052
4 0.9286764705882353 0.00784313725490196 0.0875 0.01568627450980392
4 0.9777777777777776 0.027573529411764705 0.044444444444444446 0.013970588235294118
3 0.8359477124183007 0.036397058823529414 0.01699346405228758 0.008088235294117648
3 0.8084967320261437 0.03786764705882353 0.022222222222222223 0.006617647058823529
3 0.8176470588235294 0.033823529411764704 0.024836601307189544 0.007352941176470588
3 0.8071895424836601 0.03602941176470588 0.01437908496732026 0.007352941176470588
3 0.8816993464052287 0.020588235294117647 0.01437908496732026 0.007352941176470588
3 0.8738562091503267 0.013970588235294118 0.011764705882352941 0.0058823529411764705
4 0.8665441176470589 0.00522875816993464 0.03161764705882353 0.01045751633986928
4 0.8549019607843136 0.009926470588235294 0.01045751633986928 0.008088235294117648
3 0.9431372549019607 0.03308823529411765 0.01699346405228758 0.007352941176470588
3 0.9431372549019607 0.03125 0.01699346405228758 0.006617647058823529
3 0.9366013071895424 0.02022058823529412 0.024836601307189544 0.005147058823529412
3 0.9176470588235294 0.020588235294117647 0.02875816993464052 0.0058823529411764705
3 0.9222222222222222 0.023161764705882354 0.024836601307189544 0.006617647058823529
3 0.9294117647058824 0.02426470588235294 0.013071895424836602 0.008823529411764706
3 0.9326797385620914 0.026470588235294117 0.01437908496732026 0.007352941176470588