4 0.9809895833333333 0.12222222222222222 0.03802083333333333 0.01574074074074074
4 0.17175925925925925 0.240625 0.05277777777777778 0.016666666666666666
4 0.8865740740740741 0.14557291666666666 0.03425925925925925 0.0078125
3 0.9296296296296295 0.13489583333333333 0.016666666666666666 0.00625
3 0.8657407407407407 0.13619791666666667 0.016666666666666666 0.005729166666666666
3 0.8833333333333333 0.13567708333333334 0.01851851851851852 0.005729166666666666
10 0.9106481481481481 0.1390625 0.0287037037037037 0.014583333333333334
3 0.9416666666666667 0.17005208333333333 0.05 0.009895833333333333
3 0.9069444444444444 0.16640625 0.05277777777777778 0.009895833333333333
3 0.7324074074074074 0.19296875 0.02592592592592592 0.013020833333333334
3 0.8180555555555554 0.24140625 0.032407407407407406 0.0171875
7 0.9884259259259258 0.2125 0.010185185185185184 0.015625
7 0.9708333333333333 0.20520833333333333 0.00648148148148148 0.016666666666666666
7 0.9472222222222222 0.20390625 0.007407407407407407 0.015104166666666667
7 0.8912037037037037 0.19609375 0.008333333333333333 0.0140625
10 0.8138888888888888 0.18697916666666667 0.0574074074074074 0.03958333333333333
3 0.8481481481481481 0.1359375 0.016666666666666666 0.007291666666666667
5 0.5949074074074073 0.20182291666666666 0.023148148148148147 0.0078125
7 0.5842592592592593 0.19427083333333334 0.00925925925925926 0.010416666666666666
5 0.5736111111111111 0.2125 0.010185185185185184 0.010416666666666666
5 0.5662037037037037 0.23463541666666668 0.008333333333333333 0.011979166666666667
3 0.5736111111111111 0.26197916666666665 0.04351851851851852 0.022916666666666665
7 0.524537037037037 0.27578125 0.01574074074074074 0.021354166666666667
7 0.49907407407407406 0.27578125 0.01111111111111111 0.019270833333333334
7 0.5092592592592592 0.2872395833333333 0.01296296296296296 0.0234375
3 0.5736111111111111 0.28489583333333335 0.05092592592592592 0.021875
10 0.5671296296296297 0.31197916666666664 0.075 0.042708333333333334
10 0.5194444444444444 0.3497395833333333 0.07962962962962963 0.08385416666666666
10 0.4699074074074074 0.41770833333333335 0.13425925925925924 0.115625
3 0.09166666666666666 0.26640625 0.0574074074074074 0.0265625
10 0.1398148148148148 0.26536458333333335 0.07592592592592592 0.03802083333333333
4 0.8134259259259259 0.21666666666666667 0.013888888888888888 0.013541666666666667
10 0.046875 0.32222222222222224 0.09375 0.05185185185185185