3 0.09027777777777776 0.54765625 0.09722222222222222 0.027604166666666666
3 0.0824074074074074 0.484375 0.07592592592592592 0.03333333333333333
3 0.3324074074074074 0.46588541666666666 0.07592592592592592 0.0296875
3 0.19490740740740742 0.45703125 0.054629629629629625 0.0265625
3 0.23333333333333334 0.41458333333333336 0.06481481481481481 0.03125
3 0.2833333333333333 0.4140625 0.059259259259259255 0.028125
3 0.28657407407407404 0.4309895833333333 0.07314814814814814 0.0390625
3 0.34907407407407404 0.4041666666666667 0.0574074074074074 0.028125
3 0.4060185185185185 0.3807291666666667 0.04907407407407407 0.025
3 0.3537037037037037 0.3809895833333333 0.05555555555555555 0.0265625
3 0.34814814814814815 0.3651041666666667 0.046296296296296294 0.021875
3 0.2967592592592592 0.36770833333333336 0.05092592592592592 0.022916666666666665
3 0.3699074074074074 0.33697916666666666 0.045370370370370366 0.01875
3 0.4004629629629629 0.34088541666666666 0.045370370370370366 0.021354166666666667
3 0.4092592592592592 0.35442708333333334 0.05 0.0234375
3 0.4532407407407407 0.3578125 0.04907407407407407 0.021875
3 0.4925925925925926 0.3372395833333333 0.04814814814814815 0.0234375
3 0.4532407407407407 0.33645833333333336 0.04351851851851852 0.019791666666666666
3 0.4560185185185185 0.315625 0.04351851851851852 0.019791666666666666
3 0.41898148148148145 0.31640625 0.04351851851851852 0.019270833333333334
3 0.36666666666666664 0.3111979166666667 0.03888888888888888 0.019270833333333334
3 0.40462962962962956 0.2986979166666667 0.04259259259259259 0.016145833333333335
3 0.44861111111111107 0.28098958333333335 0.041666666666666664 0.0203125
3 0.4819444444444444 0.29453125 0.03611111111111111 0.0203125
3 0.649537037037037 0.37942708333333336 0.04907407407407407 0.0234375
3 0.6800925925925925 0.35859375 0.032407407407407406 0.0171875
3 0.6912037037037037 0.29713541666666665 0.032407407407407406 0.015104166666666667
3 0.6199074074074074 0.30885416666666665 0.04351851851851852 0.01875
3 0.600462962962963 0.33255208333333336 0.03796296296296296 0.0171875
3 0.5912037037037037 0.3567708333333333 0.03611111111111111 0.017708333333333333
3 0.5421296296296296 0.36223958333333334 0.047222222222222214 0.0203125
3 0.49583333333333335 0.3145833333333333 0.030555555555555555 0.01875
2 0.5453703703703704 0.3028645833333333 0.09259259259259259 0.050520833333333334
3 0.5328703703703703 0.28489583333333335 0.04351851851851852 0.017708333333333333
3 0.5037037037037037 0.2794270833333333 0.04259259259259259 0.0171875
3 0.48333333333333334 0.26901041666666664 0.03888888888888888 0.016145833333333335
3 0.5449074074074074 0.26328125 0.03611111111111111 0.0140625
3 0.5671296296296297 0.2674479166666667 0.03425925925925925 0.015104166666666667
3 0.6 0.2786458333333333 0.03148148148148148 0.016666666666666666
3 0.6287037037037037 0.26276041666666666 0.03148148148148148 0.016145833333333335
3 0.5930555555555554 0.24348958333333334 0.03796296296296296 0.013020833333333334
3 0.5324074074074073 0.24088541666666666 0.05185185185185184 0.013020833333333334
3 0.6129629629629629 0.22994791666666667 0.03148148148148148 0.011979166666666667
3 0.5981481481481481 0.22369791666666666 0.029629629629629627 0.011979166666666667
3 0.6203703703703703 0.21380208333333334 0.027777777777777776 0.013020833333333334
3 0.65 0.21770833333333334 0.03148148148148148 0.013541666666666667
3 0.6467592592592591 0.2046875 0.02685185185185185 0.011458333333333333
3 0.6675925925925925 0.19635416666666666 0.029629629629629627 0.0125
3 0.6856481481481481 0.20598958333333334 0.03425925925925925 0.011979166666666667
3 0.6990740740740741 0.21276041666666667 0.029629629629629627 0.015104166666666667
3 0.7064814814814814 0.225 0.029629629629629627 0.014583333333333334
3 0.7291666666666666 0.21302083333333333 0.0287037037037037 0.0125
2 0.6666666666666666 0.2359375 0.06666666666666667 0.035416666666666666
3 0.98984375 0.3597222222222222 0.0203125 0.018518518518518517
3 0.9963541666666667 0.24953703703703703 0.007291666666666667 0.017592592592592594
3 0.9819444444444444 0.26953125 0.0287037037037037 0.016145833333333335
3 0.9652777777777778 0.28411458333333334 0.032407407407407406 0.018229166666666668
3 0.9416666666666667 0.30963541666666666 0.03333333333333333 0.019270833333333334
3 0.9185185185185184 0.33567708333333335 0.024074074074074074 0.021354166666666667
4 0.99453125 0.1527777777777778 0.0109375 0.04259259259259259
4 0.9592592592592591 0.20963541666666666 0.06111111111111111 0.03802083333333333
4 0.6101851851851852 0.5223958333333333 0.21296296296296294 0.07916666666666666
4 0.7606770833333333 0.4439814814814815 0.4786458333333333 0.10925925925925926
4 0.7148148148148148 0.36015625 0.059259259259259255 0.028645833333333332
3 0.8407407407407407 0.19401041666666666 0.024074074074074074 0.009895833333333333
3 0.7523148148148148 0.20026041666666666 0.0287037037037037 0.0140625
3 0.7768518518518518 0.190625 0.02592592592592592 0.011458333333333333
3 0.7458333333333333 0.19166666666666668 0.021296296296296296 0.0125
3 0.724537037037037 0.18828125 0.021296296296296296 0.011979166666666667
3 0.6893518518518518 0.18723958333333332 0.025 0.0109375
3 0.7097222222222221 0.17864583333333334 0.023148148148148147 0.011458333333333333
3 0.7259259259259259 0.17213541666666668 0.02222222222222222 0.009895833333333333
3 0.7462962962962963 0.16510416666666666 0.02222222222222222 0.009375
3 0.7634259259259258 0.15703125 0.023148148148148147 0.009895833333333333
3 0.7800925925925924 0.15052083333333333 0.021296296296296296 0.009375
3 0.7944444444444444 0.1453125 0.016666666666666666 0.008333333333333333
3 0.8092592592592591 0.1390625 0.02222222222222222 0.008333333333333333
3 0.8074074074074074 0.15442708333333333 0.024074074074074074 0.008854166666666666
3 0.7652777777777777 0.18020833333333333 0.023148148148148147 0.011458333333333333
3 0.7884259259259259 0.18125 0.017592592592592594 0.0125
3 0.8148148148148148 0.1734375 0.024074074074074074 0.0125
3 0.8337962962962961 0.16666666666666666 0.021296296296296296 0.009375
3 0.8481481481481481 0.15729166666666666 0.02222222222222222 0.009375
3 0.8277777777777777 0.13489583333333333 0.01296296296296296 0.011458333333333333
3 0.836574074074074 0.128125 0.017592592592592594 0.007291666666666667
3 0.8513888888888889 0.121875 0.017592592592592594 0.008333333333333333
3 0.8629629629629628 0.1171875 0.01111111111111111 0.007291666666666667
3 0.8847222222222222 0.12395833333333334 0.021296296296296296 0.009375
3 0.874074074074074 0.11432291666666666 0.014814814814814814 0.0067708333333333336
3 0.8851851851851851 0.10859375 0.014814814814814814 0.0078125
3 0.9032407407407407 0.11380208333333333 0.01944444444444444 0.008854166666666666
3 0.9148148148148147 0.128125 0.01851851851851852 0.008333333333333333
3 0.9296296296296295 0.12083333333333333 0.01296296296296296 0.007291666666666667
3 0.8981481481481481 0.13567708333333334 0.014814814814814814 0.008854166666666666
3 0.8541666666666666 0.13619791666666667 0.021296296296296296 0.008854166666666666
2 0.8712962962962962 0.14270833333333333 0.04259259259259259 0.020833333333333332
3 0.8962962962962961 0.10442708333333334 0.01296296296296296 0.0067708333333333336
3 0.9064814814814814 0.09973958333333334 0.01296296296296296 0.0067708333333333336
3 0.9189814814814814 0.0953125 0.01574074074074074 0.008333333333333333
3 0.9291666666666667 0.09192708333333334 0.012037037037037037 0.0067708333333333336
3 0.9393518518518518 0.08802083333333334 0.017592592592592594 0.00625
3 0.9569444444444444 0.08333333333333333 0.013888888888888888 0.00625
3 0.9768518518518517 0.07291666666666667 0.014814814814814814 0.00625
3 0.9947916666666666 0.06944444444444445 0.010416666666666666 0.006481481481481481
3 0.011458333333333333 0.350462962962963 0.022916666666666665 0.014814814814814815
3 0.016145833333333335 0.325 0.03229166666666667 0.012962962962962963
3 0.024479166666666666 0.3384259259259259 0.04895833333333333 0.017592592592592594
3 0.04861111111111111 0.3302083333333333 0.05648148148148148 0.017708333333333333
3 0.07592592592592592 0.32083333333333336 0.06111111111111111 0.015625
3 0.09953703703703703 0.3143229166666667 0.05092592592592592 0.015104166666666667
3 0.12222222222222222 0.3065104166666667 0.04814814814814815 0.0140625
3 0.14953703703703702 0.29661458333333335 0.05092592592592592 0.0171875
3 0.10694444444444444 0.29583333333333334 0.04351851851851852 0.013541666666666667
3 0.2185185185185185 0.29401041666666666 0.046296296296296294 0.016145833333333335
3 0.1824074074074074 0.28880208333333335 0.04444444444444444 0.011979166666666667
3 0.1675925925925926 0.2752604166666667 0.05 0.016145833333333335
3 0.20694444444444443 0.28046875 0.054629629629629625 0.0140625
3 0.23379629629629628 0.27291666666666664 0.04907407407407407 0.013541666666666667
3 0.2106481481481481 0.26145833333333335 0.03981481481481482 0.011458333333333333
3 0.2513888888888889 0.24947916666666667 0.03981481481481482 0.014583333333333334
3 0.2513888888888889 0.26666666666666666 0.04351851851851852 0.014583333333333334
3 0.29027777777777775 0.2669270833333333 0.03981481481481482 0.019270833333333334
3 0.28518518518518515 0.253125 0.046296296296296294 0.0125
3 0.3013888888888889 0.24973958333333332 0.04351851851851852 0.009895833333333333
3 0.32175925925925924 0.24375 0.04351851851851852 0.013541666666666667
3 0.29629629629629634 0.2375 0.03333333333333333 0.011458333333333333
3 0.46527777777777773 0.22421875 0.030555555555555555 0.011979166666666667
3 0.4523148148148148 0.215625 0.0287037037037037 0.011458333333333333
3 0.4129629629629629 0.21536458333333333 0.04259259259259259 0.0109375
3 0.425 0.21067708333333332 0.03518518518518519 0.0109375
3 0.40324074074074073 0.19375 0.021296296296296296 0.010416666666666666
3 0.42546296296296293 0.18854166666666666 0.01574074074074074 0.009375
3 0.44537037037037036 0.18385416666666668 0.01851851851851852 0.009375
3 0.4634259259259259 0.17786458333333333 0.017592592592592594 0.0109375
3 0.4824074074074074 0.20494791666666667 0.03333333333333333 0.009895833333333333
3 0.4421296296296296 0.20494791666666667 0.03611111111111111 0.009895833333333333
3 0.4532407407407407 0.20182291666666666 0.03425925925925925 0.0109375
3 0.4703703703703704 0.19635416666666666 0.04074074074074074 0.009375
3 0.4837962962962962 0.19244791666666666 0.03611111111111111 0.009895833333333333
3 0.524537037037037 0.19088541666666667 0.032407407407407406 0.011979166666666667
3 0.4949074074074074 0.1890625 0.03611111111111111 0.010416666666666666
3 0.5055555555555555 0.18463541666666666 0.03518518518518519 0.008854166666666666
3 0.5166666666666667 0.18098958333333334 0.029629629629629627 0.008854166666666666
3 0.5291666666666667 0.17734375 0.0287037037037037 0.008854166666666666
3 0.55 0.16979166666666667 0.03518518518518519 0.008333333333333333
3 0.5611111111111111 0.17890625 0.03148148148148148 0.011979166666666667
3 0.5907407407407407 0.17057291666666666 0.02592592592592592 0.009895833333333333
3 0.6203703703703703 0.16067708333333333 0.02592592592592592 0.008854166666666666
3 0.5638888888888888 0.16510416666666666 0.03518518518518519 0.010416666666666666
3 0.5791666666666667 0.1625 0.02685185185185185 0.007291666666666667
3 0.5888888888888888 0.15911458333333334 0.027777777777777776 0.0078125
3 0.5949074074074073 0.1546875 0.032407407407407406 0.009375
3 0.6087962962962963 0.15260416666666668 0.032407407407407406 0.008333333333333333
3 0.6166666666666667 0.15 0.03518518518518519 0.008333333333333333
3 0.6268518518518518 0.146875 0.03148148148148148 0.008333333333333333
3 0.6393518518518518 0.14427083333333332 0.032407407407407406 0.009375
3 0.6476851851851851 0.140625 0.032407407407407406 0.007291666666666667
3 0.49166666666666664 0.16901041666666666 0.014814814814814814 0.008854166666666666
3 0.5143518518518518 0.16171875 0.01944444444444444 0.009895833333333333
3 0.5314814814814814 0.15625 0.01851851851851852 0.009375
3 0.5546296296296297 0.14973958333333334 0.02037037037037037 0.0109375
3 0.5671296296296297 0.14609375 0.017592592592592594 0.008854166666666666
3 0.5800925925925926 0.14192708333333334 0.01574074074074074 0.008854166666666666
3 0.5944444444444444 0.13776041666666666 0.016666666666666666 0.009895833333333333
3 0.6083333333333333 0.13411458333333334 0.01851851851851852 0.008854166666666666
3 0.6231481481481481 0.13046875 0.03148148148148148 0.0078125
3 0.6347222222222222 0.12552083333333333 0.030555555555555555 0.007291666666666667
3 0.6476851851851851 0.12239583333333333 0.0287037037037037 0.007291666666666667
3 0.6708333333333333 0.11744791666666667 0.021296296296296296 0.009895833333333333
3 0.6796296296296297 0.1140625 0.02222222222222222 0.00625
3 0.6921296296296297 0.10911458333333333 0.025 0.0046875
3 0.7023148148148147 0.1046875 0.021296296296296296 0.007291666666666667
3 0.7157407407407407 0.10182291666666667 0.01851851851851852 0.0067708333333333336
3 0.7263888888888889 0.09895833333333333 0.021296296296296296 0.00625
3 0.7333333333333333 0.09635416666666667 0.02222222222222222 0.00625
3 0.7611111111111111 0.09010416666666667 0.01851851851851852 0.007291666666666667
3 0.7731481481481481 0.08567708333333333 0.016666666666666666 0.0067708333333333336
3 0.7861111111111111 0.08255208333333333 0.014814814814814814 0.0067708333333333336
3 0.7962962962962963 0.07864583333333333 0.01111111111111111 0.00625
3 0.8087962962962963 0.0765625 0.013888888888888888 0.00625
3 0.8194444444444444 0.07291666666666667 0.014814814814814814 0.00625
3 0.8287037037037037 0.06953125 0.014814814814814814 0.005729166666666666
3 0.8421296296296296 0.06328125 0.013888888888888888 0.005729166666666666
3 0.6708333333333333 0.1328125 0.0287037037037037 0.008333333333333333
3 0.7027777777777777 0.13359375 0.024074074074074074 0.008854166666666666
3 0.7217592592592592 0.12447916666666667 0.01944444444444444 0.008333333333333333
3 0.7384259259259258 0.1203125 0.01944444444444444 0.007291666666666667
3 0.6875 0.12760416666666666 0.032407407407407406 0.007291666666666667
3 0.7092592592592591 0.121875 0.02592592592592592 0.008333333333333333
3 0.7157407407407407 0.1171875 0.03148148148148148 0.007291666666666667
3 0.7273148148148147 0.11432291666666666 0.025 0.0078125
3 0.7342592592592592 0.11276041666666667 0.024074074074074074 0.008854166666666666
3 0.7421296296296297 0.1109375 0.023148148148148147 0.007291666666666667
3 0.7481481481481481 0.10911458333333333 0.02592592592592592 0.0078125
3 0.7537037037037037 0.10572916666666667 0.02592592592592592 0.007291666666666667
3 0.7625 0.10416666666666667 0.023148148148148147 0.007291666666666667
3 0.7675925925925925 0.1015625 0.02592592592592592 0.007291666666666667
3 0.774074074074074 0.09895833333333333 0.03148148148148148 0.008333333333333333
3 0.7819444444444444 0.0984375 0.0287037037037037 0.007291666666666667
3 0.7893518518518517 0.09583333333333334 0.0287037037037037 0.005208333333333333
3 0.7921296296296296 0.09401041666666667 0.030555555555555555 0.0078125
3 0.798148148148148 0.09140625 0.024074074074074074 0.005729166666666666
3 0.8037037037037037 0.08932291666666667 0.024074074074074074 0.0067708333333333336
3 0.8111111111111111 0.08828125 0.029629629629629627 0.0067708333333333336
3 0.8166666666666667 0.08697916666666666 0.027777777777777776 0.005208333333333333
3 0.8231481481481481 0.08333333333333333 0.027777777777777776 0.007291666666666667
3 0.8287037037037037 0.08203125 0.024074074074074074 0.0067708333333333336
3 0.836111111111111 0.07916666666666666 0.024074074074074074 0.00625
3 0.8430555555555554 0.07708333333333334 0.023148148148148147 0.005208333333333333
3 0.8523148148148147 0.07395833333333333 0.025 0.00625
3 0.8643518518518518 0.07109375 0.025 0.0067708333333333336
3 0.8703703703703703 0.06953125 0.02222222222222222 0.005729166666666666
3 0.8731481481481481 0.06666666666666667 0.02037037037037037 0.004166666666666667
3 0.8810185185185184 0.06510416666666667 0.02685185185185185 0.00625
4 0.95 0.03796296296296296 0.1 0.03796296296296296
4 0.7976851851851852 0.054427083333333334 0.06018518518518518 0.0171875
7 0.3444444444444444 0.5393229166666667 0.01111111111111111 0.0140625
1 0.34305555555555556 0.5403645833333334 0.0287037037037037 0.0140625
8 0.1824074074074074 0.5518229166666667 0.01851851851851852 0.013020833333333334
1 0.18703703703703703 0.5552083333333333 0.03333333333333333 0.0125