10 0.7522875816993464 0.24080882352941177 0.06928104575163398 0.03897058823529412
10 0.6261437908496732 0.1474264705882353 0.026143790849673203 0.021323529411764706
10 0.5718954248366013 0.13676470588235295 0.022222222222222223 0.01911764705882353
10 0.6058823529411764 0.13308823529411765 0.01699346405228758 0.014705882352941176
3 0.052941176470588235 0.28161764705882353 0.05620915032679739 0.016176470588235296
3 0.12679738562091503 0.2757352941176471 0.047058823529411764 0.01764705882352941
3 0.4503267973856209 0.23345588235294118 0.024836601307189544 0.015441176470588236
3 0.9333333333333332 0.24669117647058825 0.03398692810457516 0.0125
3 0.9470588235294117 0.23272058823529412 0.04052287581699346 0.011029411764705883
3 0.8986928104575163 0.22941176470588234 0.043137254901960784 0.010294117647058823
3 0.8431372549019607 0.20183823529411765 0.04183006535947712 0.009558823529411765
3 0.7470588235294118 0.2088235294117647 0.022222222222222223 0.008823529411764706
3 0.7692810457516339 0.19963235294117648 0.01699346405228758 0.008088235294117648
4 0.7483660130718954 0.19411764705882353 0.024836601307189544 0.010294117647058823
3 0.7392156862745097 0.20220588235294118 0.0196078431372549 0.008823529411764706
3 0.7241830065359477 0.1963235294117647 0.02091503267973856 0.008823529411764706
7 0.7934640522875817 0.21691176470588236 0.00784313725490196 0.010294117647058823
7 0.8019607843137254 0.21691176470588236 0.006535947712418301 0.010294117647058823
7 0.8542483660130717 0.21801470588235294 0.006535947712418301 0.009558823529411765
7 0.8686274509803921 0.21691176470588236 0.00392156862745098 0.010294117647058823
7 0.8581699346405228 0.21801470588235294 0.00392156862745098 0.009558823529411765
7 0.861437908496732 0.21691176470588236 0.00522875816993464 0.008823529411764706
7 0.8483660130718953 0.22977941176470587 0.00784313725490196 0.011029411764705883
7 0.8633986928104574 0.2301470588235294 0.006535947712418301 0.010294117647058823
11 0.9052287581699346 0.22205882352941175 0.04052287581699346 0.011764705882352941
3 0.9137254901960783 0.21948529411764706 0.0392156862745098 0.009558823529411765
3 0.8196078431372548 0.18970588235294117 0.01830065359477124 0.008823529411764706
3 0.8509803921568627 0.18933823529411764 0.01830065359477124 0.008088235294117648
4 0.834640522875817 0.1889705882352941 0.011764705882352941 0.010294117647058823
3 0.8581699346405228 0.18566176470588236 0.022222222222222223 0.008088235294117648
3 0.8699346405228758 0.17058823529411765 0.0196078431372549 0.007352941176470588
3 0.7183006535947711 0.18088235294117647 0.022222222222222223 0.008823529411764706
3 0.6934640522875817 0.175 0.0196078431372549 0.007352941176470588
3 0.715032679738562 0.1738970588235294 0.01830065359477124 0.008088235294117648
3 0.6084967320261437 0.16948529411764707 0.01437908496732026 0.008088235294117648
3 0.726797385620915 0.15588235294117647 0.013071895424836602 0.007352941176470588
10 0.7450980392156862 0.14227941176470588 0.03660130718954248 0.021323529411764706
3 0.6549019607843137 0.14705882352941177 0.013071895424836602 0.0058823529411764705
3 0.5973856209150326 0.14558823529411766 0.013071895424836602 0.007352941176470588
3 0.5810457516339869 0.15183823529411763 0.01437908496732026 0.006617647058823529
3 0.5496732026143791 0.14558823529411766 0.011764705882352941 0.007352941176470588
3 0.5261437908496732 0.1400735294117647 0.011764705882352941 0.008088235294117648
3 0.40196078431372545 0.12683823529411764 0.011764705882352941 0.005147058823529412
4 0.5705882352941176 0.0849264705882353 0.1372549019607843 0.07720588235294118
3 0.9790441176470588 0.538562091503268 0.04191176470588235 0.0457516339869281