3 0.9833333333333333 0.412962962962963 0.03333333333333333 0.07037037037037037
0 0.7546296296296297 0.37395833333333334 0.03888888888888888 0.04583333333333333
3 0.875 0.28125 0.07222222222222222 0.04375
3 0.9692708333333333 0.22777777777777777 0.06145833333333333 0.027777777777777776
3 0.9462962962962962 0.1890625 0.09259259259259259 0.023958333333333335
10 0.9833333333333333 0.20092592592592592 0.03333333333333333 0.03333333333333333
5 0.6648148148148147 0.19739583333333333 0.04074074074074074 0.013541666666666667
7 0.6601851851851851 0.1953125 0.016666666666666666 0.019791666666666666
7 0.6722222222222222 0.19375 0.01111111111111111 0.016666666666666666
7 0.6564814814814814 0.3015625 0.02037037037037037 0.023958333333333335
5 0.711111111111111 0.15625 0.014814814814814814 0.01875