3 0.6276041666666666 0.006481481481481481 0.026041666666666668 0.012962962962962963
3 0.6305555555555554 0.03958333333333333 0.03148148148148148 0.020833333333333332
10 0.6859375 0.018518518518518517 0.04583333333333333 0.037037037037037035
9 0.990625 0.15462962962962962 0.01875 0.03333333333333333
11 0.6898148148148148 0.27708333333333335 0.06111111111111111 0.05
10 0.4925925925925926 0.12708333333333333 0.1111111111111111 0.03333333333333333
10 0.48333333333333334 0.11875 0.12222222222222222 0.027083333333333334
10 0.4935185185185185 0.10989583333333333 0.11296296296296296 0.026041666666666668
10 0.34907407407407404 0.38385416666666666 0.12777777777777777 0.10520833333333333
3 0.8546296296296295 0.5265625 0.10555555555555556 0.06979166666666667
1 0.5935185185185184 0.4666666666666667 0.03148148148148148 0.03958333333333333
8 0.5925925925925927 0.4546875 0.03333333333333333 0.026041666666666668
7 0.18055555555555552 0.19947916666666668 0.027777777777777776 0.026041666666666668