1 0.35620915032679734 0.39595588235294116 0.07973856209150326 0.027205882352941177
8 0.07973856209150326 0.5161764705882353 0.05751633986928104 0.03235294117647059
1 0.04640522875816993 0.5003676470588235 0.06405228758169934 0.04779411764705882
3 0.2954248366013072 0.26875 0.14901960784313725 0.04632352941176471
3 0.47712418300653586 0.34301470588235294 0.12549019607843137 0.07720588235294118
3 0.42026143790849674 0.4540441176470588 0.134640522875817 0.11544117647058824
3 0.35359477124183003 0.5415441176470588 0.1398692810457516 0.04044117647058824
3 0.44052287581699345 0.20808823529411766 0.15163398692810456 0.039705882352941174
3 0.5718954248366013 0.15955882352941175 0.06143790849673203 0.052941176470588235
7 0.6156862745098038 0.1514705882352941 0.02091503267973856 0.027941176470588237
3 0.5895424836601306 0.12058823529411765 0.06535947712418301 0.04264705882352941
3 0.6019607843137255 0.08970588235294118 0.05359477124183006 0.04264705882352941
3 0.6267973856209149 0.06580882352941177 0.058823529411764705 0.03602941176470588
3 0.5764705882352941 0.015441176470588236 0.08366013071895424 0.027941176470588237
3 0.6595588235294118 0.011111111111111112 0.05367647058823529 0.022222222222222223
7 0.9856617647058824 0.21241830065359477 0.028676470588235293 0.03790849673202614
3 0.9691176470588235 0.1843137254901961 0.061764705882352944 0.0457516339869281
7 0.9777777777777776 0.08455882352941177 0.01568627450980392 0.022058823529411766
3 0.9966911764705882 0.09019607843137255 0.006617647058823529 0.030065359477124184
3 0.9897058823529412 0.05816993464052288 0.020588235294117647 0.03137254901960784
3 0.9830882352941176 0.03202614379084967 0.033823529411764704 0.02483660130718954
3 0.9779411764705882 0.009150326797385621 0.04411764705882353 0.018300653594771243