3 0.12745098039215685 0.16433823529411765 0.058823529411764705 0.04191176470588235
3 0.38954248366013067 0.1988970588235294 0.05228758169934641 0.03602941176470588
8 0.3137254901960784 0.22279411764705884 0.02091503267973856 0.016176470588235296
8 0.3222222222222222 0.1323529411764706 0.0196078431372549 0.014705882352941176
5 0.322875816993464 0.13823529411764707 0.01830065359477124 0.016176470588235296
5 0.3156862745098039 0.23272058823529412 0.01699346405228758 0.01838235294117647
3 0.3006535947712418 0.048161764705882355 0.04183006535947712 0.021323529411764706
3 0.3836601307189542 0.022794117647058822 0.04052287581699346 0.022058823529411766
3 0.7202614379084967 0.04411764705882353 0.08888888888888889 0.025
3 0.680514705882353 0.01045751633986928 0.03823529411764706 0.02091503267973856
7 0.7 0.021691176470588235 0.011764705882352941 0.013970588235294118
7 0.7220588235294118 0.00784313725490196 0.011764705882352941 0.01568627450980392
3 0.8797385620915031 0.28823529411764703 0.07320261437908496 0.051470588235294115
3 0.9797794117647058 0.2777777777777778 0.04044117647058824 0.048366013071895426
3 0.9731617647058823 0.41830065359477125 0.05367647058823529 0.07973856209150326