4 0.9477941176470588 0.06013071895424837 0.10441176470588236 0.12026143790849673
7 0.6627450980392157 0.1860294117647059 0.01830065359477124 0.027941176470588237
7 0.6228758169934641 0.17683823529411766 0.022222222222222223 0.027205882352941177
7 0.45424836601307184 0.10294117647058823 0.0196078431372549 0.022058823529411766
7 0.4294117647058823 0.10661764705882353 0.01699346405228758 0.026470588235294117
7 0.37385620915032675 0.14227941176470588 0.01830065359477124 0.022794117647058822
7 0.38954248366013067 0.14448529411764705 0.013071895424836602 0.015441176470588236
7 0.40326797385620916 0.1386029411764706 0.0196078431372549 0.02426470588235294
8 0.5124183006535947 0.04852941176470588 0.01830065359477124 0.01911764705882353
7 0.09019607843137255 0.17352941176470588 0.02875816993464052 0.027941176470588237
8 0.12418300653594772 0.10551470588235294 0.02875816993464052 0.019852941176470587
7 0.11633986928104574 0.014338235294117646 0.01568627450980392 0.019852941176470587
8 0.45555555555555555 0.22316176470588237 0.02745098039215686 0.025735294117647058
3 0.28431372549019607 0.02536764705882353 0.09019607843137255 0.02426470588235294
3 0.31241830065359477 0.015441176470588236 0.08888888888888889 0.020588235294117647
3 0.08627450980392157 0.06838235294117648 0.10196078431372549 0.026470588235294117
5 0.12156862745098038 0.11102941176470588 0.047058823529411764 0.01764705882352941
3 0.6411764705882353 0.0838235294117647 0.06928104575163398 0.029411764705882353
3 0.7601307189542484 0.05588235294117647 0.05620915032679739 0.023529411764705882
7 0.7431372549019608 0.08897058823529412 0.022222222222222223 0.022058823529411766
9 0.761437908496732 0.0900735294117647 0.04052287581699346 0.025735294117647058
9 0.7934640522875817 0.13786764705882354 0.08627450980392157 0.02426470588235294
9 0.8 0.1275735294117647 0.08366013071895424 0.02426470588235294
7 0.815032679738562 0.11948529411764706 0.01437908496732026 0.01838235294117647
7 0.8 0.10147058823529412 0.01830065359477124 0.023529411764705882
9 0.8333333333333333 0.10294117647058823 0.04052287581699346 0.026470588235294117
7 0.8640522875816993 0.1264705882352941 0.013071895424836602 0.023529411764705882
7 0.865359477124183 0.11948529411764706 0.01045751633986928 0.01838235294117647
7 0.8745098039215685 0.11911764705882352 0.013071895424836602 0.023529411764705882
7 0.8830065359477124 0.1264705882352941 0.01437908496732026 0.023529411764705882
7 0.8895424836601306 0.12095588235294118 0.01437908496732026 0.022794117647058822
7 0.9169934640522875 0.1338235294117647 0.01437908496732026 0.023529411764705882
8 0.922875816993464 0.1275735294117647 0.00784313725490196 0.009558823529411765
7 0.9169934640522875 0.14154411764705882 0.01437908496732026 0.027205882352941177
9 0.9411764705882353 0.15220588235294116 0.03398692810457516 0.03235294117647059
7 0.9529411764705882 0.15661764705882353 0.026143790849673203 0.023529411764705882
7 0.9470588235294117 0.13051470588235295 0.0196078431372549 0.027205882352941177
7 0.9666666666666666 0.13933823529411765 0.01437908496732026 0.02426470588235294
7 0.9915032679738561 0.1426470588235294 0.01699346405228758 0.022058823529411766
7 0.9922794117647059 0.17647058823529413 0.015441176470588236 0.026143790849673203
7 0.9948529411764706 0.1607843137254902 0.010294117647058823 0.026143790849673203
7 0.9985294117647059 0.19477124183006536 0.0029411764705882353 0.022222222222222223
9 0.9790441176470588 0.21045751633986928 0.04191176470588235 0.03529411764705882
7 0.9366013071895424 0.2202205882352941 0.024836601307189544 0.025735294117647058
7 0.9124183006535947 0.21691176470588236 0.02091503267973856 0.03235294117647059
7 0.9992647058823529 0.2457516339869281 0.0014705882352941176 0.030065359477124184
7 0.9948529411764706 0.2549019607843137 0.010294117647058823 0.030065359477124184
8 0.9985294117647059 0.2633986928104575 0.0029411764705882353 0.022222222222222223
5 0.9966911764705882 0.27124183006535946 0.006617647058823529 0.026143790849673203
7 0.9771241830065359 0.27389705882352944 0.024836601307189544 0.03602941176470588
7 0.9457516339869281 0.275 0.022222222222222223 0.03235294117647059
7 0.9607843137254901 0.2867647058823529 0.02091503267973856 0.029411764705882353
7 0.9679738562091502 0.29301470588235295 0.022222222222222223 0.01838235294117647
7 0.9915441176470589 0.30915032679738563 0.016911764705882352 0.03137254901960784
7 0.9810457516339869 0.39595588235294116 0.032679738562091505 0.04338235294117647
7 0.9294117647058824 0.39301470588235293 0.02875816993464052 0.04338235294117647
3 0.14313725490196078 0.33786764705882355 0.10326797385620914 0.08308823529411764
3 0.14836601307189543 0.5022058823529412 0.2 0.11911764705882352
8 0.6627450980392157 0.3463235294117647 0.02875816993464052 0.04264705882352941
5 0.661437908496732 0.3503676470588235 0.06797385620915032 0.027205882352941177
7 0.8503267973856209 0.1713235294117647 0.022222222222222223 0.026470588235294117
7 0.8830065359477124 0.1738970588235294 0.0196078431372549 0.02426470588235294
7 0.65359477124183 0.5433823529411764 0.044444444444444446 0.03676470588235294