4 0.8673202614379084 0.06102941176470588 0.12679738562091503 0.04411764705882353
4 0.9731617647058823 0.10326797385620914 0.05367647058823529 0.0392156862745098
4 0.7294117647058823 0.08897058823529412 0.07058823529411765 0.029411764705882353
3 0.8490196078431371 0.08566176470588235 0.01437908496732026 0.006617647058823529
3 0.6666666666666666 0.4658088235294118 0.10718954248366012 0.08455882352941177
3 0.9091503267973855 0.3533088235294118 0.07712418300653595 0.04779411764705882
3 0.5490196078431372 0.3224264705882353 0.08888888888888889 0.05220588235294118
7 0.4163398692810457 0.39558823529411763 0.024836601307189544 0.03529411764705882
3 0.9758169934640523 0.24154411764705883 0.04836601307189542 0.022794117647058822
3 0.7797385620915032 0.2113970588235294 0.04052287581699346 0.022794117647058822
3 0.7470588235294118 0.19264705882352942 0.03529411764705882 0.01764705882352941
3 0.8065359477124183 0.17941176470588235 0.03398692810457516 0.01764705882352941
3 0.7411764705882353 0.15735294117647058 0.03137254901960784 0.016176470588235296
3 0.8823529411764706 0.14779411764705883 0.026143790849673203 0.013235294117647059
3 0.9261437908496731 0.16838235294117648 0.03006535947712418 0.014705882352941176
9 0.9450980392156862 0.1588235294117647 0.023529411764705882 0.014705882352941176
8 0.937908496732026 0.15661764705882353 0.00915032679738562 0.007352941176470588
8 0.9509803921568627 0.1577205882352941 0.00915032679738562 0.006617647058823529
8 0.9457516339869281 0.15514705882352942 0.00915032679738562 0.007352941176470588
3 0.9019607843137254 0.11323529411764706 0.02091503267973856 0.010294117647058823
3 0.9156862745098039 0.11764705882352941 0.0196078431372549 0.010294117647058823
3 0.8777777777777777 0.1363970588235294 0.024836601307189544 0.0125
3 0.8607843137254901 0.12830882352941175 0.03006535947712418 0.009558823529411765
5 0.937908496732026 0.12169117647058823 0.00915032679738562 0.006617647058823529
8 0.937908496732026 0.11985294117647059 0.006535947712418301 0.0058823529411764705
5 0.9294117647058824 0.11360294117647059 0.00522875816993464 0.005147058823529412
8 0.9300653594771242 0.11286764705882353 0.006535947712418301 0.006617647058823529
3 0.8333333333333333 0.11838235294117647 0.022222222222222223 0.010294117647058823
3 0.8124183006535948 0.10772058823529412 0.01699346405228758 0.008088235294117648
3 0.8058823529411765 0.12022058823529412 0.03790849673202614 0.011029411764705883
4 0.8424836601307188 0.10735294117647058 0.01437908496732026 0.007352941176470588
3 0.7444444444444444 0.11544117647058824 0.03790849673202614 0.010294117647058823
2 0.7601307189542484 0.13823529411764707 0.043137254901960784 0.027941176470588237
3 0.6732026143790849 0.09227941176470589 0.023529411764705882 0.008088235294117648
7 0.2725490196078431 0.20294117647058824 0.011764705882352941 0.022058823529411766
7 0.2627450980392157 0.2011029411764706 0.00784313725490196 0.016911764705882352
3 0.04191176470588235 0.4549019607843137 0.0838235294117647 0.06797385620915032
7 0.1699346405228758 0.44926470588235295 0.044444444444444446 0.051470588235294115
5 0.04967320261437909 0.34963235294117645 0.06274509803921569 0.022794117647058822
3 0.1398692810457516 0.38676470588235295 0.14901960784313725 0.060294117647058824
5 0.19346405228758168 0.3536764705882353 0.05751633986928104 0.022058823529411766
9 0.1718954248366013 0.3352941176470588 0.04836601307189542 0.03235294117647059
3 0.2751633986928105 0.32132352941176473 0.11372549019607843 0.03823529411764706
3 0.3464052287581699 0.2863970588235294 0.08888888888888889 0.03897058823529412
3 0.230718954248366 0.28125 0.1372549019607843 0.030147058823529412
3 0.31633986928104574 0.2647058823529412 0.09934640522875818 0.029411764705882353
3 0.22091503267973853 0.2595588235294118 0.12026143790849672 0.027941176470588237
3 0.3222222222222222 0.23566176470588235 0.12941176470588237 0.02426470588235294
3 0.4333333333333333 0.23088235294117648 0.10326797385620914 0.023529411764705882
3 0.46274509803921565 0.21654411764705883 0.09934640522875818 0.019852941176470587
7 0.5437908496732026 0.24411764705882352 0.01045751633986928 0.026470588235294117
7 0.37450980392156863 0.2051470588235294 0.0196078431372549 0.026470588235294117
7 0.3901960784313725 0.2213235294117647 0.01437908496732026 0.022058823529411766
5 0.3444444444444444 0.22316176470588237 0.050980392156862744 0.01838235294117647
5 0.37450980392156863 0.22316176470588237 0.01437908496732026 0.022794117647058822