3 0.3564814814814815 0.515625 0.13518518518518519 0.08958333333333333
3 0.19166666666666668 0.4901041666666667 0.14259259259259258 0.09479166666666666
3 0.9666666666666667 0.3861111111111111 0.06666666666666667 0.06481481481481481
9 0.8842592592592592 0.28125 0.03148148148148148 0.029166666666666667
3 0.5731481481481481 0.23541666666666666 0.06481481481481481 0.04791666666666667
3 0.674074074074074 0.21041666666666667 0.04814814814814815 0.0375
2 0.612037037037037 0.08958333333333333 0.0537037037037037 0.03958333333333333
3 0.6916666666666667 0.103125 0.03518518518518519 0.022916666666666665
3 0.812037037037037 0.159375 0.03888888888888888 0.025
10 0.7416666666666667 0.0546875 0.027777777777777776 0.026041666666666668
3 0.6 0.11666666666666667 0.03703703703703704 0.022916666666666665
11 0.912037037037037 0.1015625 0.03888888888888888 0.030208333333333334
11 0.9037037037037037 0.043229166666666666 0.03333333333333333 0.026041666666666668
3 0.9890625 0.1111111111111111 0.021875 0.020370370370370372
3 0.9942708333333333 0.023148148148148147 0.011458333333333333 0.012962962962962963
9 0.8055555555555555 0.06510416666666667 0.01851851851851852 0.015625
11 0.7666666666666667 0.026041666666666668 0.029629629629629627 0.016666666666666666
3 0.8592592592592592 0.025 0.02222222222222222 0.014583333333333334
3 0.7824074074074073 0.0109375 0.027777777777777776 0.011458333333333333
5 0.3638888888888889 0.31979166666666664 0.03888888888888888 0.029166666666666667
7 0.36666666666666664 0.284375 0.02222222222222222 0.025
7 0.3787037037037037 0.1328125 0.016666666666666666 0.019791666666666666
7 0.4972222222222222 0.21354166666666666 0.016666666666666666 0.022916666666666665
0 0.42037037037037034 0.26666666666666666 0.05185185185185184 0.03333333333333333
0 0.43981481481481477 0.24322916666666666 0.046296296296296294 0.030208333333333334
0 0.46388888888888885 0.22447916666666667 0.04259259259259259 0.028125
0 0.5055555555555555 0.18854166666666666 0.04444444444444444 0.029166666666666667
3 0.5185185185185185 0.17447916666666666 0.03703703703703704 0.028125
9 0.5361111111111111 0.1625 0.03888888888888888 0.025
3 0.6361111111111111 0.07135416666666666 0.03888888888888888 0.023958333333333335
11 0.6527777777777778 0.0546875 0.03518518518518519 0.026041666666666668
3 0.687037037037037 0.0296875 0.02222222222222222 0.013541666666666667
3 0.7018518518518518 0.022395833333333334 0.02222222222222222 0.011458333333333333
3 0.7083333333333334 0.011458333333333333 0.02037037037037037 0.0125
3 0.7296875 0.005555555555555556 0.021875 0.011111111111111112
9 0.8138888888888888 0.029166666666666667 0.01296296296296296 0.014583333333333334
3 0.825 0.022395833333333334 0.02037037037037037 0.011458333333333333
11 0.9 0.022916666666666665 0.02592592592592592 0.01875
11 0.8981481481481481 0.011979166666666667 0.02222222222222222 0.015625
3 0.5722222222222222 0.030729166666666665 0.03333333333333333 0.013541666666666667
7 0.49629629629629624 0.06145833333333333 0.01111111111111111 0.0125
9 0.225 0.2833333333333333 0.09444444444444443 0.027083333333333334
9 0.13888888888888887 0.28541666666666665 0.07407407407407408 0.025
9 0.18148148148148147 0.2604166666666667 0.08148148148148147 0.022916666666666665
9 0.1935185185185185 0.2484375 0.07962962962962963 0.023958333333333335
9 0.26666666666666666 0.2609375 0.08888888888888888 0.026041666666666668
9 0.06203703703703703 0.24791666666666667 0.09074074074074073 0.025
9 0.0203125 0.2824074074074074 0.040625 0.02962962962962963
9 0.1675925925925926 0.20364583333333333 0.09444444444444443 0.023958333333333335
9 0.25740740740740736 0.18489583333333334 0.08148148148148147 0.019791666666666666
9 0.26944444444444443 0.17708333333333334 0.08333333333333333 0.020833333333333332
9 0.30185185185185187 0.1671875 0.059259259259259255 0.017708333333333333
9 0.3138888888888889 0.15989583333333332 0.07222222222222222 0.017708333333333333
6 0.05092592592592592 0.26145833333333335 0.07222222222222222 0.01875
7 0.032407407407407406 0.27291666666666664 0.03518518518518519 0.022916666666666665
8 0.05185185185185184 0.22552083333333334 0.02222222222222222 0.013541666666666667
7 0.07129629629629629 0.21510416666666668 0.024074074074074074 0.017708333333333333
3 0.016666666666666666 0.03611111111111111 0.03333333333333333 0.011111111111111112
9 0.4287037037037037 0.09947916666666666 0.03518518518518519 0.019791666666666666
7 0.23703703703703702 0.20677083333333332 0.02222222222222222 0.019791666666666666
7 0.22037037037037036 0.2140625 0.01851851851851852 0.019791666666666666