3 0.9639705882352941 0.32745098039215687 0.07205882352941176 0.06013071895424837
3 0.8091503267973855 0.43125 0.0915032679738562 0.09191176470588236
3 0.7562091503267974 0.30625 0.0849673202614379 0.07279411764705883
3 0.9841911764705882 0.1 0.03161764705882353 0.026143790849673203
3 0.8993464052287582 0.0375 0.04183006535947712 0.023529411764705882
7 0.8973856209150326 0.14705882352941177 0.01437908496732026 0.025
3 0.6947712418300653 0.08713235294117647 0.05359477124183006 0.025735294117647058
3 0.5882352941176471 0.013235294117647059 0.03660130718954248 0.022058823529411766
3 0.6941176470588235 0.12463235294117647 0.06013071895424836 0.04338235294117647
11 0.4452205882352941 0.009150326797385621 0.07205882352941176 0.018300653594771243
11 0.3915032679738562 0.03161764705882353 0.08235294117647059 0.022058823529411766
3 0.3679738562091503 0.04632352941176471 0.07712418300653595 0.020588235294117647
5 0.23464052287581696 0.04044117647058824 0.04052287581699346 0.014705882352941176
5 0.2045751633986928 0.04301470588235294 0.01437908496732026 0.016911764705882352
5 0.18431372549019606 0.05367647058823529 0.04183006535947712 0.014705882352941176
5 0.08300653594771241 0.06948529411764706 0.022222222222222223 0.015441176470588236
10 0.1398692810457516 0.06286764705882353 0.06274509803921569 0.019852941176470587
3 0.134640522875817 0.08345588235294117 0.09934640522875818 0.03161764705882353
7 0.15098039215686274 0.09044117647058823 0.0196078431372549 0.025
10 0.4163398692810457 0.13272058823529412 0.06143790849673203 0.04485294117647059
11 0.5496732026143791 0.13308823529411765 0.04836601307189542 0.03529411764705882
9 0.5601307189542484 0.17573529411764705 0.08758169934640522 0.025
8 0.5862745098039215 0.17205882352941176 0.01437908496732026 0.01764705882352941
3 0.04522058823529412 0.1450980392156863 0.09044117647058823 0.03398692810457516
9 0.12352941176470589 0.21470588235294116 0.06928104575163398 0.03235294117647059
9 0.16928104575163397 0.2235294117647059 0.06405228758169934 0.03676470588235294
7 0.3111111111111111 0.18823529411764706 0.01568627450980392 0.023529411764705882
9 0.47581699346405226 0.21654411764705883 0.047058823529411764 0.0375
7 0.36470588235294116 0.24779411764705883 0.02875816993464052 0.03529411764705882
7 0.4137254901960784 0.25477941176470587 0.01699346405228758 0.027205882352941177
9 0.42222222222222217 0.2639705882352941 0.09934640522875818 0.033823529411764704
7 0.1718954248366013 0.3136029411764706 0.03529411764705882 0.0375
7 0.19477124183006533 0.3224264705882353 0.026143790849673203 0.0375
7 0.20915032679738563 0.32169117647058826 0.03137254901960784 0.03602941176470588
7 0.24052287581699344 0.3224264705882353 0.03137254901960784 0.03602941176470588
7 0.2549019607843137 0.33088235294117646 0.02875816993464052 0.039705882352941174
9 0.32810457516339864 0.31948529411764703 0.13333333333333333 0.0375
9 0.29281045751633983 0.5088235294117647 0.10980392156862744 0.05588235294117647
8 0.3699346405228758 0.4970588235294118 0.03660130718954248 0.054411764705882354
8 0.40718954248366007 0.4772058823529412 0.032679738562091505 0.027941176470588237
9 0.3352941176470588 0.45698529411764705 0.16601307189542483 0.04485294117647059
9 0.426797385620915 0.5025735294117647 0.15294117647058825 0.04632352941176471
9 0.5516339869281045 0.46911764705882353 0.0915032679738562 0.07794117647058824
8 0.534640522875817 0.46654411764705883 0.04183006535947712 0.03455882352941177
5 0.6490196078431373 0.3952205882352941 0.03529411764705882 0.04632352941176471
8 0.6477124183006535 0.39301470588235293 0.03006535947712418 0.04191176470588235
9 0.7366013071895424 0.24485294117647058 0.03790849673202614 0.04264705882352941
8 0.7379084967320262 0.2426470588235294 0.024836601307189544 0.027941176470588237
9 0.6143790849673203 0.3139705882352941 0.04967320261437909 0.05
8 0.6183006535947712 0.3044117647058823 0.023529411764705882 0.022058823529411766
5 0.44183006535947705 0.31580882352941175 0.047058823529411764 0.04191176470588235
7 0.4823529411764706 0.3301470588235294 0.02091503267973856 0.039705882352941174
7 0.5313725490196078 0.31985294117647056 0.022222222222222223 0.03676470588235294
7 0.5705882352941176 0.29007352941176473 0.03529411764705882 0.03161764705882353
10 0.5379084967320261 0.2852941176470588 0.11372549019607843 0.08088235294117647
9 0.6588235294117647 0.2525735294117647 0.044444444444444446 0.04191176470588235
7 0.6418300653594771 0.25330882352941175 0.023529411764705882 0.03308823529411765
7 0.596078431372549 0.22794117647058823 0.01830065359477124 0.030882352941176472
0 0.5679738562091503 0.23345588235294118 0.06928104575163398 0.05073529411764706