4 0.9208333333333333 0.17005208333333333 0.10833333333333334 0.09010416666666667
4 0.8148148148148148 0.24166666666666667 0.07037037037037037 0.042708333333333334
3 0.9601851851851851 0.4171875 0.0574074074074074 0.046875
3 0.8916666666666667 0.36484375 0.046296296296296294 0.033854166666666664
3 0.8212962962962963 0.32057291666666665 0.03703703703703704 0.025520833333333333
5 0.8412037037037037 0.34609375 0.01944444444444444 0.015104166666666667
8 0.8393518518518518 0.34270833333333334 0.013888888888888888 0.016666666666666666
7 0.8569444444444444 0.23958333333333334 0.008333333333333333 0.013541666666666667
5 0.8287037037037037 0.29921875 0.02037037037037037 0.011979166666666667
8 0.8296296296296295 0.296875 0.01296296296296296 0.016666666666666666
5 0.9934895833333334 0.36898148148148147 0.013020833333333334 0.017592592592592594
8 0.99453125 0.36342592592592593 0.0109375 0.018518518518518517
1 0.8652777777777777 0.24453125 0.00648148148148148 0.009895833333333333
8 0.8657407407407407 0.24166666666666667 0.007407407407407407 0.011458333333333333
3 0.9963541666666667 0.2967592592592593 0.007291666666666667 0.018518518518518517
3 0.9768518518518517 0.23723958333333334 0.027777777777777776 0.016145833333333335
3 0.9625 0.23020833333333332 0.03425925925925925 0.013541666666666667
5 0.8847222222222222 0.234375 0.013888888888888888 0.010416666666666666
8 0.8842592592592592 0.23098958333333333 0.01111111111111111 0.0109375
8 0.9319444444444444 0.22864583333333333 0.008333333333333333 0.009375
5 0.9319444444444444 0.23151041666666666 0.008333333333333333 0.009895833333333333
5 0.9148148148148147 0.23307291666666666 0.01111111111111111 0.008854166666666666
8 0.9148148148148147 0.23072916666666668 0.01111111111111111 0.009375
5 0.8768518518518518 0.265625 0.00925925925925926 0.011458333333333333
8 0.8773148148148148 0.26197916666666665 0.008333333333333333 0.010416666666666666
8 0.8907407407407407 0.24401041666666667 0.01111111111111111 0.0109375
5 0.8916666666666667 0.246875 0.00925925925925926 0.010416666666666666
5 0.9050925925925924 0.23802083333333332 0.012037037037037037 0.008333333333333333
8 0.9060185185185184 0.23541666666666666 0.010185185185185184 0.010416666666666666
5 0.9356481481481481 0.24895833333333334 0.010185185185185184 0.010416666666666666
8 0.936574074074074 0.24557291666666667 0.008333333333333333 0.009895833333333333
1 0.9449074074074074 0.28411458333333334 0.010185185185185184 0.013020833333333334
8 0.9458333333333333 0.2799479166666667 0.010185185185185184 0.013020833333333334
5 0.9675925925925924 0.28359375 0.00925925925925926 0.013020833333333334
8 0.9680555555555554 0.28046875 0.010185185185185184 0.011979166666666667
5 0.9560185185185185 0.2752604166666667 0.013888888888888888 0.011979166666666667
8 0.9574074074074074 0.2716145833333333 0.00925925925925926 0.011979166666666667
5 0.8717592592592591 0.2903645833333333 0.01944444444444444 0.016145833333333335
8 0.8736111111111111 0.28828125 0.013888888888888888 0.013020833333333334
8 0.8708333333333333 0.2864583333333333 0.013888888888888888 0.0125
8 0.8532407407407407 0.29713541666666665 0.008333333333333333 0.011979166666666667
5 0.8532407407407407 0.3015625 0.00648148148148148 0.010416666666666666
5 0.9643518518518518 0.31875 0.025 0.015625
8 0.9671296296296296 0.31536458333333334 0.013888888888888888 0.013020833333333334
5 0.8791666666666667 0.33177083333333335 0.013888888888888888 0.014583333333333334
8 0.8833333333333333 0.32864583333333336 0.01851851851851852 0.017708333333333333
8 0.8763888888888888 0.32760416666666664 0.01574074074074074 0.01875
5 0.8810185185185184 0.31953125 0.01574074074074074 0.013020833333333334
8 0.8828703703703703 0.31536458333333334 0.012037037037037037 0.0140625
5 0.8601851851851852 0.3106770833333333 0.01296296296296296 0.015104166666666667
8 0.8601851851851852 0.3078125 0.00925925925925926 0.014583333333333334
5 0.9768518518518517 0.34661458333333334 0.02037037037037037 0.019270833333333334
8 0.9791666666666666 0.34817708333333336 0.008333333333333333 0.009895833333333333
8 0.9777777777777777 0.34427083333333336 0.01296296296296296 0.015625
8 0.9773148148148147 0.34348958333333335 0.017592592592592594 0.0171875