3 0.687037037037037 0.5020833333333333 0.08888888888888888 0.05416666666666667
3 0.6935185185185184 0.43802083333333336 0.0685185185185185 0.04895833333333333
8 0.7814814814814814 0.4666666666666667 0.03703703703703704 0.029166666666666667
8 0.7805555555555554 0.4239583333333333 0.03518518518518519 0.029166666666666667
8 0.8657407407407407 0.434375 0.03518518518518519 0.029166666666666667
8 0.8638888888888888 0.4328125 0.02037037037037037 0.019791666666666666
8 0.8768518518518518 0.5479166666666667 0.03518518518518519 0.022916666666666665
5 0.7777777777777778 0.47604166666666664 0.029629629629629627 0.027083333333333334
5 0.8638888888888888 0.4390625 0.03148148148148148 0.03229166666666667
5 0.7851851851851851 0.42604166666666665 0.029629629629629627 0.027083333333333334
8 0.8527777777777777 0.37552083333333336 0.02037037037037037 0.013541666666666667
9 0.8509259259259259 0.3875 0.05 0.03125
9 0.7805555555555554 0.32916666666666666 0.05 0.03333333333333333
8 0.7796296296296297 0.32135416666666666 0.01851851851851852 0.015625
7 0.6212962962962963 0.37916666666666665 0.024074074074074074 0.027083333333333334
7 0.6027777777777777 0.3729166666666667 0.016666666666666666 0.027083333333333334
8 0.6083333333333333 0.36875 0.01296296296296296 0.014583333333333334
8 0.562037037037037 0.31927083333333334 0.024074074074074074 0.017708333333333333
8 0.525 0.3203125 0.024074074074074074 0.017708333333333333
8 0.586111111111111 0.27395833333333336 0.016666666666666666 0.016666666666666666
8 0.9648148148148148 0.3026041666666667 0.02222222222222222 0.017708333333333333
8 0.9787037037037037 0.3046875 0.01296296296296296 0.015625
8 0.8814814814814814 0.2984375 0.02222222222222222 0.017708333333333333
8 0.7453703703703703 0.31354166666666666 0.01296296296296296 0.016666666666666666
4 0.7138888888888888 0.18541666666666667 0.11296296296296296 0.17291666666666666
7 0.48796296296296293 0.27239583333333334 0.02037037037037037 0.021875
7 0.40185185185185185 0.23854166666666668 0.01851851851851852 0.01875
4 0.5333333333333333 0.1796875 0.24074074074074073 0.16145833333333334
8 0.8240740740740741 0.3020833333333333 0.014814814814814814 0.016666666666666666
8 0.8148148148148148 0.2994791666666667 0.014814814814814814 0.015625
4 0.8444444444444444 0.153125 0.14444444444444443 0.10625
4 0.9604166666666667 0.16944444444444445 0.07916666666666666 0.046296296296296294
3 0.937037037037037 0.23697916666666666 0.03333333333333333 0.021875
3 0.9895833333333334 0.2388888888888889 0.020833333333333332 0.020370370370370372
3 0.9675925925925924 0.2046875 0.046296296296296294 0.015625
3 0.9453703703703703 0.203125 0.046296296296296294 0.014583333333333334
10 0.984375 0.2037037037037037 0.03125 0.018518518518518517
11 0.8870370370370371 0.23333333333333334 0.059259259259259255 0.020833333333333332
11 0.8703703703703703 0.228125 0.059259259259259255 0.020833333333333332
11 0.8555555555555555 0.22239583333333332 0.059259259259259255 0.019791666666666666
3 0.8324074074074074 0.21875 0.0537037037037037 0.014583333333333334
3 0.8166666666666667 0.21510416666666668 0.04814814814814815 0.013541666666666667
7 0.9927083333333333 0.2490740740740741 0.014583333333333334 0.018518518518518517
5 0.9009259259259258 0.25364583333333335 0.024074074074074074 0.013541666666666667
5 0.8138888888888888 0.30520833333333336 0.03518518518518519 0.016666666666666666
5 0.8777777777777778 0.303125 0.04814814814814815 0.016666666666666666
5 0.9657407407407407 0.3098958333333333 0.04259259259259259 0.015625
3 0.7083333333333334 0.3125 0.10185185185185185 0.03125
5 0.5222222222222223 0.32447916666666665 0.02592592592592592 0.015625
5 0.5638888888888888 0.3265625 0.016666666666666666 0.017708333333333333
5 0.5916666666666667 0.2760416666666667 0.03518518518518519 0.014583333333333334
5 0.7509259259259259 0.32083333333333336 0.027777777777777776 0.0125