11 0.6196078431372549 0.4125 0.14901960784313725 0.04411764705882353
3 0.5078431372549019 0.5301470588235294 0.09542483660130718 0.060294117647058824
3 0.27908496732026145 0.5290441176470588 0.12679738562091503 0.06544117647058824
5 0.13594771241830064 0.4077205882352941 0.047058823529411764 0.015441176470588236
8 0.1411764705882353 0.4007352941176471 0.03137254901960784 0.023529411764705882
5 0.09869281045751635 0.3830882352941177 0.05359477124183006 0.01911764705882353
8 0.09542483660130718 0.37683823529411764 0.03137254901960784 0.021323529411764706
8 0.06143790849673203 0.34852941176470587 0.02091503267973856 0.014705882352941176
7 0.03333333333333333 0.3408088235294118 0.03006535947712418 0.027205882352941177
3 0.38300653594771245 0.37536764705882353 0.1568627450980392 0.03897058823529412
1 0.4424836601307189 0.34301470588235294 0.024836601307189544 0.028676470588235293
1 0.3751633986928104 0.31323529411764706 0.01830065359477124 0.020588235294117647
1 0.3901960784313725 0.31323529411764706 0.0196078431372549 0.023529411764705882
5 0.45294117647058824 0.31580882352941175 0.022222222222222223 0.02426470588235294
11 0.5228758169934641 0.3426470588235294 0.06535947712418301 0.052941176470588235
5 0.5941176470588235 0.33492647058823527 0.043137254901960784 0.030147058823529412
3 0.6516339869281046 0.36213235294117646 0.06405228758169934 0.05220588235294118
3 0.715032679738562 0.34338235294117647 0.06013071895424836 0.047058823529411764
1 0.6372549019607843 0.3286764705882353 0.03790849673202614 0.01764705882352941
5 0.7790849673202613 0.3113970588235294 0.05228758169934641 0.01838235294117647
8 0.8699346405228758 0.31470588235294117 0.024836601307189544 0.022058823529411766
8 0.9091503267973855 0.28602941176470587 0.01437908496732026 0.01764705882352941
11 0.9654411764705882 0.37254901960784315 0.06911764705882353 0.0457516339869281
9 0.9805147058823529 0.33790849673202616 0.03897058823529412 0.022222222222222223
5 0.9981617647058824 0.3202614379084967 0.003676470588235294 0.0196078431372549