3 0.0962962962962963 0.5533854166666666 0.1574074074074074 0.0171875
7 0.2125 0.5221354166666666 0.021296296296296296 0.03177083333333333
3 0.22777777777777777 0.4622395833333333 0.0962962962962963 0.0453125
4 0.91796875 0.14953703703703702 0.1640625 0.07407407407407407
3 0.10138888888888889 0.4544270833333333 0.08425925925925926 0.0421875
7 0.3453703703703704 0.4356770833333333 0.01111111111111111 0.021354166666666667
5 0.3148148148148148 0.4544270833333333 0.04074074074074074 0.0203125
5 0.27731481481481485 0.446875 0.023148148148148147 0.029166666666666667
7 0.3333333333333333 0.43046875 0.01851851851851852 0.0234375
8 0.3597222222222222 0.4197916666666667 0.013888888888888888 0.013541666666666667
8 0.3902777777777777 0.4153645833333333 0.0287037037037037 0.018229166666666668
8 0.3907407407407407 0.42604166666666665 0.016666666666666666 0.014583333333333334
8 0.42407407407407405 0.43020833333333336 0.02037037037037037 0.016666666666666666
8 0.46574074074074073 0.4791666666666667 0.01851851851851852 0.027083333333333334
7 0.4666666666666667 0.48541666666666666 0.014814814814814814 0.027083333333333334
7 0.4842592592592592 0.48489583333333336 0.014814814814814814 0.029166666666666667
9 0.4939814814814814 0.4796875 0.03611111111111111 0.023958333333333335
0 0.5810185185185185 0.4635416666666667 0.058333333333333334 0.042708333333333334
7 0.6152777777777777 0.45338541666666665 0.013888888888888888 0.027604166666666666
10 0.9856770833333334 0.5143518518518518 0.028645833333333332 0.04722222222222222
11 0.99296875 0.47129629629629627 0.0140625 0.046296296296296294
5 0.9934895833333334 0.4398148148148148 0.013020833333333334 0.022222222222222223
7 0.6787037037037037 0.44635416666666666 0.014814814814814814 0.029166666666666667
5 0.9981770833333333 0.3972222222222222 0.0036458333333333334 0.013888888888888888
5 0.9940104166666667 0.38472222222222224 0.011979166666666667 0.026851851851851852
8 0.9472222222222222 0.39036458333333335 0.01296296296296296 0.018229166666666668
1 0.9444444444444444 0.3984375 0.014814814814814814 0.01875
8 0.6787037037037037 0.40208333333333335 0.02222222222222222 0.025
5 0.6805555555555555 0.4046875 0.02592592592592592 0.020833333333333332
8 0.985648148148148 0.37109375 0.012037037037037037 0.018229166666666668
5 0.9842592592592592 0.3455729166666667 0.027777777777777776 0.016145833333333335
4 0.996875 0.34074074074074073 0.00625 0.04259259259259259
3 0.8944444444444444 0.35625 0.046296296296296294 0.027083333333333334
11 0.8111111111111111 0.34609375 0.04444444444444444 0.033854166666666664
8 0.9037037037037037 0.31640625 0.00925925925925926 0.0109375
5 0.9037037037037037 0.3221354166666667 0.00925925925925926 0.009895833333333333
8 0.8060185185185185 0.3145833333333333 0.012037037037037037 0.011458333333333333
5 0.8037037037037037 0.31953125 0.02037037037037037 0.016145833333333335
7 0.9740740740740741 0.2890625 0.01296296296296296 0.017708333333333333
5 0.99765625 0.30972222222222223 0.0046875 0.011111111111111112
3 0.9398148148148148 0.3026041666666667 0.03703703703703704 0.021875
8 0.9902777777777777 0.2760416666666667 0.010185185185185184 0.011458333333333333
5 0.9898148148148148 0.28203125 0.007407407407407407 0.0078125
3 0.8907407407407407 0.30390625 0.03703703703703704 0.0203125
11 0.8550925925925925 0.2890625 0.041666666666666664 0.026041666666666668
8 0.8379629629629629 0.27760416666666665 0.00925925925925926 0.007291666666666667
5 0.837037037037037 0.2828125 0.00925925925925926 0.009375
3 0.775 0.2908854166666667 0.03518518518518519 0.0203125
9 0.8199074074074074 0.27291666666666664 0.021296296296296296 0.013541666666666667
3 0.9097222222222221 0.20729166666666668 0.02685185185185185 0.010416666666666666
11 0.7083333333333334 0.19765625 0.03148148148148148 0.0109375
3 0.7217592592592592 0.21041666666666667 0.03425925925925925 0.007291666666666667
3 0.6541666666666667 0.1984375 0.045370370370370366 0.009375
3 0.586111111111111 0.1953125 0.04444444444444444 0.010416666666666666
8 0.9546296296296295 0.2598958333333333 0.00925925925925926 0.008333333333333333
5 0.9550925925925925 0.26484375 0.008333333333333333 0.0078125
8 0.9518518518518518 0.24739583333333334 0.005555555555555555 0.007291666666666667
5 0.9513888888888888 0.25286458333333334 0.008333333333333333 0.0078125
8 0.8907407407407407 0.23307291666666666 0.00925925925925926 0.0067708333333333336
5 0.8893518518518518 0.23776041666666667 0.010185185185185184 0.008854166666666666
8 0.8708333333333333 0.23411458333333332 0.008333333333333333 0.0078125
5 0.8699074074074074 0.23828125 0.008333333333333333 0.0078125
8 0.8421296296296296 0.22916666666666666 0.010185185185185184 0.007291666666666667
5 0.8412037037037037 0.23385416666666667 0.010185185185185184 0.010416666666666666
8 0.8486111111111111 0.2 0.00462962962962963 0.00625
9 0.849537037037037 0.20390625 0.008333333333333333 0.0067708333333333336
8 0.9699074074074073 0.23489583333333333 0.00648148148148148 0.007291666666666667
5 0.9685185185185184 0.23880208333333333 0.007407407407407407 0.0067708333333333336
8 0.9361111111111111 0.22421875 0.007407407407407407 0.0067708333333333336
5 0.9351851851851851 0.22890625 0.005555555555555555 0.005729166666666666
8 0.923611111111111 0.21927083333333333 0.008333333333333333 0.005208333333333333
5 0.923148148148148 0.22291666666666668 0.01111111111111111 0.00625
7 0.9527777777777777 0.21770833333333334 0.007407407407407407 0.0125
8 0.9694444444444444 0.20208333333333334 0.005555555555555555 0.00625
5 0.9694444444444444 0.20598958333333334 0.005555555555555555 0.005729166666666666
8 0.9810185185185184 0.20911458333333333 0.00462962962962963 0.0046875
8 0.9805555555555555 0.20677083333333332 0.005555555555555555 0.005208333333333333
5 0.9805555555555555 0.21119791666666668 0.005555555555555555 0.005729166666666666
5 0.9712962962962962 0.22239583333333332 0.01111111111111111 0.0125
8 0.9712962962962962 0.22213541666666667 0.007407407407407407 0.005729166666666666