8 0.4549019607843137 0.4713235294117647 0.03137254901960784 0.03235294117647059
8 0.46274509803921565 0.4650735294117647 0.026143790849673203 0.028676470588235293
5 0.4562091503267974 0.4808823529411765 0.03137254901960784 0.03823529411764706
8 0.5967320261437908 0.32169117647058826 0.0196078431372549 0.022794117647058822
8 0.6392156862745098 0.2529411764705882 0.01830065359477124 0.016176470588235296
8 0.7895424836601308 0.13161764705882353 0.01045751633986928 0.010294117647058823
5 0.5967320261437908 0.33088235294117646 0.022222222222222223 0.023529411764705882
5 0.6398692810457516 0.2610294117647059 0.0196078431372549 0.01911764705882353
5 0.030882352941176472 0.3993464052287582 0.061764705882352944 0.026143790849673203
5 0.0738562091503268 0.3863970588235294 0.06928104575163398 0.02426470588235294
5 0.15359477124183007 0.34448529411764706 0.06666666666666667 0.021323529411764706
5 0.16862745098039214 0.3382352941176471 0.04967320261437909 0.01911764705882353
5 0.17254901960784313 0.3176470588235294 0.044444444444444446 0.01911764705882353
1 0.1222222222222222 0.3602941176470588 0.058823529411764705 0.022058823529411766
3 0.06323529411764706 0.46078431372549017 0.1264705882352941 0.08496732026143791
3 0.27385620915032677 0.2702205882352941 0.0980392156862745 0.0375
3 0.4424836601307189 0.18235294117647058 0.08758169934640522 0.020588235294117647
3 0.4549019607843137 0.17352941176470588 0.0915032679738562 0.016176470588235296
3 0.46928104575163393 0.1661764705882353 0.07581699346405228 0.016176470588235296
3 0.5869281045751633 0.1577205882352941 0.03398692810457516 0.016911764705882352
3 0.7405228758169935 0.14338235294117646 0.032679738562091505 0.01764705882352941
3 0.8509803921568627 0.11433823529411764 0.044444444444444446 0.015441176470588236
3 0.7928104575163398 0.09227941176470589 0.022222222222222223 0.011029411764705883
3 0.8372549019607842 0.057352941176470586 0.01699346405228758 0.007352941176470588
11 0.8777777777777777 0.052941176470588235 0.01437908496732026 0.008823529411764706
10 0.4098039215686274 0.11948529411764706 0.07450980392156863 0.013970588235294118
3 0.38300653594771245 0.125 0.06797385620915032 0.011764705882352941
3 0.3725490196078431 0.12941176470588237 0.06797385620915032 0.014705882352941176
3 0.35163398692810455 0.13786764705882354 0.06535947712418301 0.013970588235294118
3 0.4137254901960784 0.11580882352941177 0.06143790849673203 0.011029411764705883
3 0.8705882352941177 0.03125 0.023529411764705882 0.005147058823529412
3 0.9215686274509803 0.027205882352941177 0.01045751633986928 0.0058823529411764705
3 0.9901960784313725 0.025 0.00915032679738562 0.0058823529411764705
3 0.9974264705882353 0.02679738562091503 0.005147058823529412 0.00392156862745098
3 0.8967320261437908 0.030147058823529412 0.01830065359477124 0.0058823529411764705
3 0.8797385620915031 0.022794117647058822 0.01045751633986928 0.0058823529411764705
3 0.9026143790849672 0.026470588235294117 0.01437908496732026 0.004411764705882353
4 0.9196078431372547 0.011764705882352941 0.05359477124183006 0.022058823529411766
4 0.7130718954248365 0.029411764705882353 0.05359477124183006 0.01764705882352941
3 0.8437908496732025 0.01911764705882353 0.011764705882352941 0.0058823529411764705
3 0.8450980392156863 0.02610294117647059 0.01699346405228758 0.005147058823529412