3 0.9959558823529412 0.426797385620915 0.008088235294117648 0.07450980392156863
3 0.8084967320261437 0.37977941176470587 0.07973856209150326 0.0875
3 0.9065359477124183 0.19779411764705881 0.06405228758169934 0.04411764705882353
9 0.9900735294117647 0.14313725490196078 0.019852941176470587 0.03398692810457516
3 0.9202614379084967 0.12205882352941176 0.044444444444444446 0.027941176470588237
3 0.9985294117647059 0.05947712418300653 0.0029411764705882353 0.02091503267973856
3 0.7379084967320262 0.04485294117647059 0.04052287581699346 0.023529411764705882
11 0.5124183006535947 0.08419117647058824 0.047058823529411764 0.03602941176470588
3 0.2568627450980392 0.3088235294117647 0.12418300653594772 0.06323529411764706
3 0.2620915032679738 0.08970588235294118 0.09281045751633986 0.022058823529411766
3 0.3111111111111111 0.05955882352941176 0.09934640522875818 0.022058823529411766
3 0.3901960784313725 0.03161764705882353 0.04836601307189542 0.020588235294117647
3 0.3326797385620915 0.03308823529411765 0.0457516339869281 0.022058823529411766
11 0.3810457516339869 0.015441176470588236 0.04052287581699346 0.022058823529411766
3 0.30330882352941174 0.00522875816993464 0.04411764705882353 0.01045751633986928
3 0.9843137254901959 0.015808823529411764 0.02875816993464052 0.019852941176470587
7 0.33660130718954245 0.015808823529411764 0.01437908496732026 0.016911764705882352
7 0.3130718954248366 0.015441176470588236 0.01437908496732026 0.01911764705882353
7 0.27320261437908494 0.021691176470588235 0.00784313725490196 0.015441176470588236
5 0.19477124183006533 0.041176470588235294 0.03137254901960784 0.013235294117647059
5 0.14248366013071895 0.05955882352941176 0.01568627450980392 0.023529411764705882
5 0.029411764705882353 0.10110294117647059 0.022222222222222223 0.019852941176470587
3 0.2411764705882353 0.02022058823529412 0.01699346405228758 0.0125
1 0.5483660130718954 0.1036764705882353 0.01699346405228758 0.014705882352941176
7 0.5464052287581699 0.09779411764705882 0.01568627450980392 0.01911764705882353
5 0.7411764705882353 0.09705882352941177 0.01568627450980392 0.016176470588235296
7 0.7411764705882353 0.08970588235294118 0.01568627450980392 0.01764705882352941
7 0.7137254901960784 0.051470588235294115 0.01045751633986928 0.01764705882352941
7 0.7006535947712418 0.05110294117647059 0.01045751633986928 0.019852941176470587
7 0.6320261437908496 0.030882352941176472 0.011764705882352941 0.013235294117647059