8 0.6202614379084967 0.22904411764705881 0.01699346405228758 0.021323529411764706
8 0.9045751633986928 0.027573529411764705 0.00784313725490196 0.008088235294117648
5 0.9045751633986928 0.030882352941176472 0.00784313725490196 0.007352941176470588
1 0.6209150326797385 0.23529411764705882 0.01830065359477124 0.020588235294117647
3 0.9915441176470589 0.43856209150326797 0.016911764705882352 0.06797385620915032
3 0.8418300653594771 0.4672794117647059 0.09411764705882353 0.08308823529411764
3 0.6993464052287581 0.4349264705882353 0.08888888888888889 0.09044117647058823
3 0.7522875816993464 0.3044117647058823 0.06928104575163398 0.054411764705882354
3 0.9841911764705882 0.2477124183006536 0.03161764705882353 0.03398692810457516
3 0.968627450980392 0.12463235294117647 0.03660130718954248 0.019852941176470587
3 0.7352941176470589 0.24558823529411763 0.06405228758169934 0.04264705882352941
3 0.8803921568627451 0.22536764705882353 0.050980392156862744 0.03161764705882353
3 0.7339869281045751 0.20588235294117646 0.05359477124183006 0.03823529411764706
3 0.5137254901960784 0.16911764705882354 0.05751633986928104 0.025
3 0.5764705882352941 0.28455882352941175 0.07320261437908496 0.057352941176470586
3 0.9464052287581699 0.07352941176470588 0.02875816993464052 0.016176470588235296
3 0.9948529411764706 0.07647058823529412 0.010294117647058823 0.013071895424836602
3 0.8549019607843136 0.04522058823529412 0.02091503267973856 0.0125
3 0.9411764705882353 0.05808823529411765 0.02875816993464052 0.013235294117647059
3 0.8771241830065359 0.027941176470588237 0.02091503267973856 0.013235294117647059
3 0.9948529411764706 0.0196078431372549 0.010294117647058823 0.009150326797385621
3 0.9926470588235294 0.06928104575163399 0.014705882352941176 0.011764705882352941
3 0.9863970588235295 0.05032679738562092 0.027205882352941177 0.013071895424836602
3 0.9908088235294118 0.05359477124183006 0.01838235294117647 0.013071895424836602
3 0.6431372549019607 0.5246323529411765 0.09934640522875818 0.07426470588235294
11 0.8542483660130717 0.30367647058823527 0.06405228758169934 0.047058823529411764
11 0.6823529411764706 0.1948529411764706 0.05490196078431372 0.041176470588235294
11 0.9889705882352942 0.06470588235294118 0.022058823529411766 0.01568627450980392
11 0.9588235294117647 0.03529411764705882 0.058823529411764705 0.014705882352941176
10 0.856985294117647 0.00980392156862745 0.027205882352941177 0.0196078431372549
10 0.7679738562091503 0.1713235294117647 0.03790849673202614 0.047058823529411764
10 0.9882352941176471 0.05751633986928104 0.023529411764705882 0.018300653594771243
3 0.6862745098039215 0.3625 0.08888888888888889 0.0661764705882353
10 0.861437908496732 0.13566176470588234 0.06013071895424836 0.08455882352941177