5 0.9900735294117647 0.5398692810457516 0.019852941176470587 0.044444444444444446
8 0.9856617647058824 0.5189542483660131 0.028676470588235293 0.054901960784313725
3 0.5973856209150326 0.5213235294117647 0.16732026143790849 0.08088235294117647
3 0.6620915032679738 0.43161764705882355 0.18431372549019606 0.10735294117647058
3 0.3418300653594771 0.48713235294117646 0.21830065359477122 0.09338235294117647
1 0.3627450980392157 0.4209558823529412 0.0980392156862745 0.0375
9 0.6915032679738561 0.36176470588235293 0.12026143790849672 0.047058823529411764
3 0.7601307189542484 0.3003676470588235 0.17647058823529413 0.07279411764705883
3 0.7529411764705882 0.2599264705882353 0.09411764705882353 0.04926470588235294
3 0.7679738562091503 0.21838235294117647 0.11111111111111112 0.03676470588235294
3 0.7751633986928104 0.19963235294117648 0.10718954248366012 0.03455882352941177
3 0.7980392156862745 0.18382352941176472 0.10326797385620914 0.029411764705882353
3 0.7712418300653595 0.1588235294117647 0.047058823529411764 0.026470588235294117
3 0.7790849673202613 0.14338235294117646 0.044444444444444446 0.023529411764705882
7 0.6222222222222222 0.3272058823529412 0.03137254901960784 0.045588235294117645
5 0.37124183006535943 0.3577205882352941 0.0784313725490196 0.025735294117647058
5 0.5777777777777777 0.31286764705882353 0.06535947712418301 0.027205882352941177
7 0.5627450980392157 0.3338235294117647 0.022222222222222223 0.03235294117647059
7 0.5823529411764706 0.3356617647058823 0.022222222222222223 0.019852941176470587
7 0.569281045751634 0.33125 0.022222222222222223 0.027205882352941177
5 0.5967320261437908 0.21029411764705883 0.07973856209150326 0.022058823529411766
3 0.7516339869281046 0.10404411764705883 0.044444444444444446 0.021323529411764706
3 0.8124183006535948 0.10294117647058823 0.03790849673202614 0.01764705882352941
3 0.888235294117647 0.08272058823529412 0.05620915032679739 0.013970588235294118
3 0.7372549019607842 0.08419117647058824 0.07320261437908496 0.015441176470588236
7 0.780392156862745 0.08419117647058824 0.01045751633986928 0.015441176470588236
3 0.8065359477124183 0.08639705882352941 0.0392156862745098 0.016911764705882352
7 0.7869281045751634 0.08676470588235294 0.00784313725490196 0.014705882352941176
3 0.8241830065359478 0.07610294117647058 0.06666666666666667 0.015441176470588236
3 0.9790849673202613 0.04742647058823529 0.02091503267973856 0.011029411764705883
3 0.9176470588235294 0.04448529411764706 0.01830065359477124 0.008088235294117648
3 0.9287581699346406 0.036397058823529414 0.024836601307189544 0.008088235294117648
3 0.9568627450980391 0.03529411764705882 0.01568627450980392 0.0058823529411764705
3 0.9562091503267973 0.033455882352941176 0.01437908496732026 0.006617647058823529
3 0.7947712418300654 0.07022058823529412 0.06013071895424836 0.011029411764705883
11 0.8313725490196078 0.06838235294117648 0.044444444444444446 0.013235294117647059
11 0.8581699346405228 0.05955882352941176 0.022222222222222223 0.013235294117647059
3 0.8294117647058824 0.0625 0.04836601307189542 0.010294117647058823
11 0.8300653594771242 0.05477941176470588 0.044444444444444446 0.011029411764705883
3 0.8843137254901959 0.01948529411764706 0.01437908496732026 0.005147058823529412
2 0.8339869281045751 0.04852941176470588 0.07058823529411765 0.022058823529411766
4 0.8483660130718953 0.020955882352941175 0.04967320261437909 0.03308823529411765
4 0.9209150326797385 0.017279411764705883 0.05359477124183006 0.028676470588235293
4 0.9830882352941176 0.029411764705882353 0.033823529411764704 0.0196078431372549
4 0.9581699346405228 0.023529411764705882 0.013071895424836602 0.011764705882352941
4 0.8843137254901959 0.009191176470588236 0.01437908496732026 0.0125