3 0.9064814814814814 0.4703125 0.07222222222222222 0.07604166666666666
11 0.13796296296296295 0.5317708333333333 0.1648148148148148 0.059375
11 0.2833333333333333 0.4234375 0.15555555555555553 0.10729166666666666
3 0.6138888888888888 0.3140625 0.07592592592592592 0.05520833333333333
3 0.16666666666666666 0.39739583333333334 0.14074074074074075 0.109375
7 0.27037037037037037 0.384375 0.03703703703703704 0.03125
3 0.7703703703703704 0.2760416666666667 0.08148148148148147 0.04791666666666667
7 0.3768518518518518 0.31197916666666664 0.027777777777777776 0.026041666666666668
7 0.37407407407407406 0.29375 0.02592592592592592 0.022916666666666665
7 0.3546296296296296 0.29270833333333335 0.02037037037037037 0.027083333333333334
7 0.20277777777777778 0.28489583333333335 0.03148148148148148 0.030208333333333334
3 0.24444444444444444 0.25052083333333336 0.08148148148148147 0.057291666666666664
11 0.30185185185185187 0.24791666666666667 0.1259259259259259 0.08541666666666667
11 0.38240740740740736 0.24895833333333334 0.08703703703703704 0.06875
7 0.7509259259259259 0.24270833333333333 0.02037037037037037 0.025
3 0.5611111111111111 0.22135416666666666 0.06296296296296296 0.040625
3 0.649074074074074 0.18333333333333332 0.046296296296296294 0.03333333333333333
7 0.5796296296296296 0.19583333333333333 0.02222222222222222 0.020833333333333332
7 0.5222222222222223 0.2 0.014814814814814814 0.01875
7 0.4972222222222222 0.19895833333333332 0.024074074074074074 0.020833333333333332
3 0.5981481481481481 0.17864583333333334 0.05185185185185184 0.036458333333333336
9 0.6277777777777778 0.14583333333333334 0.04814814814814815 0.03125
3 0.39444444444444443 0.14427083333333332 0.06296296296296296 0.030208333333333334
3 0.35185185185185186 0.13958333333333334 0.04814814814814815 0.03333333333333333
4 0.475 0.025520833333333333 0.03518518518518519 0.023958333333333335
4 0.5046296296296295 0.0203125 0.02037037037037037 0.023958333333333335
4 0.5564814814814815 0.016666666666666666 0.06481481481481481 0.016666666666666666
3 0.43611111111111106 0.09322916666666667 0.06481481481481481 0.015625
4 0.37037037037037035 0.0796875 0.07407407407407408 0.015625
3 0.3314814814814815 0.1015625 0.05185185185185184 0.019791666666666666
3 0.3055555555555555 0.10989583333333333 0.04444444444444444 0.015625
3 0.4472222222222222 0.08385416666666666 0.0685185185185185 0.013541666666666667
7 0.36296296296296293 0.05 0.014814814814814814 0.014583333333333334
7 0.41203703703703703 0.0546875 0.016666666666666666 0.015625
3 0.4759259259259259 0.07135416666666666 0.05185185185185184 0.013541666666666667
3 0.48796296296296293 0.06666666666666667 0.05 0.014583333333333334
7 0.562037037037037 0.057291666666666664 0.00925925925925926 0.0125
7 0.5694444444444444 0.05677083333333333 0.00925925925925926 0.015625
7 0.562962962962963 0.0453125 0.01111111111111111 0.011458333333333333
7 0.5203703703703704 0.046875 0.014814814814814814 0.014583333333333334
7 0.6944444444444444 0.06666666666666667 0.014814814814814814 0.014583333333333334
7 0.6787037037037037 0.0890625 0.00925925925925926 0.013541666666666667
3 0.6685185185185184 0.09114583333333333 0.01111111111111111 0.015625
7 0.662962962962963 0.0875 0.007407407407407407 0.016666666666666666
7 0.7046296296296296 0.059895833333333336 0.01296296296296296 0.015625
7 0.7064814814814814 0.0546875 0.016666666666666666 0.017708333333333333
3 0.8574074074074074 0.10989583333333333 0.03703703703703704 0.021875
9 0.8870370370370371 0.28229166666666666 0.029629629629629627 0.03125
8 0.8898148148148147 0.27291666666666664 0.01296296296296296 0.010416666666666666
3 0.9092592592592592 0.2234375 0.05185185185185184 0.036458333333333336
9 0.8231481481481481 0.08385416666666666 0.024074074074074074 0.019791666666666666
3 0.5055555555555555 0.06041666666666667 0.05185185185185184 0.014583333333333334
3 0.47685185185185186 0.05572916666666667 0.0537037037037037 0.013541666666666667
3 0.48611111111111105 0.04895833333333333 0.05 0.010416666666666666
3 0.48518518518518516 0.04479166666666667 0.05555555555555555 0.010416666666666666
3 0.48703703703703705 0.043229166666666666 0.04814814814814815 0.011458333333333333
3 0.512962962962963 0.03802083333333333 0.03703703703703704 0.009375
3 0.524074074074074 0.0359375 0.04444444444444444 0.009375
3 0.5407407407407407 0.030729166666666665 0.05185185185185184 0.009375
9 0.5731481481481481 0.030729166666666665 0.024074074074074074 0.009375
7 0.437037037037037 0.050520833333333334 0.007407407407407407 0.009375
7 0.45555555555555555 0.0578125 0.007407407407407407 0.009375
7 0.46481481481481474 0.06041666666666667 0.007407407407407407 0.010416666666666666
7 0.437037037037037 0.05520833333333333 0.007407407407407407 0.008333333333333333
3 0.6768518518518518 0.11822916666666666 0.03888888888888888 0.028125
3 0.6944444444444444 0.09791666666666667 0.03333333333333333 0.016666666666666666
2 0.7537037037037037 0.0875 0.04814814814814815 0.0375
7 0.9092592592592592 0.09270833333333334 0.014814814814814814 0.014583333333333334
3 0.9537037037037037 0.10677083333333333 0.03333333333333333 0.021875
9 0.8555555555555555 0.084375 0.02222222222222222 0.01875
8 0.787037037037037 0.0640625 0.007407407407407407 0.005208333333333333
9 0.787962962962963 0.06614583333333333 0.016666666666666666 0.017708333333333333
11 0.7342592592592592 0.0609375 0.027777777777777776 0.017708333333333333
3 0.8287037037037037 0.0515625 0.027777777777777776 0.015625
3 0.8592592592592592 0.06614583333333333 0.02592592592592592 0.013541666666666667
9 0.9583333333333334 0.06770833333333333 0.02037037037037037 0.0125
3 0.7435185185185185 0.04791666666666667 0.024074074074074074 0.014583333333333334
7 0.7592592592592592 0.051041666666666666 0.01111111111111111 0.0125
7 0.799074074074074 0.05520833333333333 0.01296296296296296 0.0125
3 0.8870370370370371 0.05 0.02592592592592592 0.0125
2 0.9166666666666666 0.035416666666666666 0.029629629629629627 0.025
3 0.874074074074074 0.03854166666666667 0.02592592592592592 0.0125
3 0.8555555555555555 0.0265625 0.03333333333333333 0.011458333333333333
3 0.7620370370370371 0.03802083333333333 0.03148148148148148 0.011458333333333333
9 0.7953703703703704 0.030208333333333334 0.024074074074074074 0.014583333333333334
11 0.7638888888888888 0.030208333333333334 0.024074074074074074 0.0125
7 0.812962962962963 0.0171875 0.007407407407407407 0.005208333333333333
5 0.8101851851851851 0.020833333333333332 0.016666666666666666 0.00625
8 0.837037037037037 0.017708333333333333 0.007407407407407407 0.00625
5 0.837037037037037 0.021354166666666667 0.01111111111111111 0.005208333333333333
3 0.899074074074074 0.026041666666666668 0.016666666666666666 0.010416666666666666
3 0.8555555555555555 0.008854166666666666 0.01851851851851852 0.009375
4 0.7805555555555554 0.019270833333333334 0.03888888888888888 0.009375
3 0.799074074074074 0.011458333333333333 0.016666666666666666 0.008333333333333333
7 0.8222222222222222 0.016145833333333335 0.007407407407407407 0.007291666666666667
2 0.9807291666666667 0.362962962962963 0.03854166666666667 0.10185185185185185
11 0.9786458333333333 0.29444444444444445 0.042708333333333334 0.037037037037037035
11 0.9760416666666667 0.23425925925925925 0.04791666666666667 0.05185185185185185
3 0.9776041666666667 0.18888888888888888 0.04479166666666667 0.037037037037037035
3 0.9729166666666667 0.15925925925925927 0.05416666666666667 0.03518518518518519
3 0.9537037037037037 0.030729166666666665 0.02222222222222222 0.011458333333333333
3 0.9574074074074074 0.024479166666666666 0.02222222222222222 0.009375
3 0.9490740740740741 0.0171875 0.02037037037037037 0.009375
3 0.9546296296296295 0.0125 0.02037037037037037 0.008333333333333333
3 0.9989583333333333 0.10833333333333334 0.0020833333333333333 0.014814814814814815
3 0.9916666666666667 0.09814814814814815 0.016666666666666666 0.012962962962962963
3 0.9854166666666667 0.09074074074074075 0.029166666666666667 0.018518518518518517
3 0.990625 0.0824074074074074 0.01875 0.014814814814814815
3 0.9854166666666667 0.075 0.029166666666666667 0.012962962962962963
11 0.9833333333333333 0.05092592592592592 0.03333333333333333 0.014814814814814815
11 0.9833333333333333 0.046296296296296294 0.03333333333333333 0.012962962962962963
3 0.9859375 0.04259259259259259 0.028125 0.011111111111111112
10 0.984375 0.03888888888888889 0.03125 0.011111111111111112
10 0.9916666666666667 0.026851851851851852 0.016666666666666666 0.014814814814814815
11 0.9880208333333333 0.017592592592592594 0.023958333333333335 0.011111111111111112
11 0.9859375 0.014814814814814815 0.028125 0.012962962962962963