11 0.4041666666666667 0.18880208333333334 0.09166666666666666 0.024479166666666666
2 0.41435185185185186 0.278125 0.05092592592592592 0.025
3 0.5125 0.2625 0.03981481481481482 0.017708333333333333
3 0.4842592592592592 0.25442708333333336 0.03703703703703704 0.015104166666666667
3 0.8402777777777778 0.33307291666666666 0.11203703703703702 0.025520833333333333
3 0.5212962962962963 0.47578125 0.07592592592592592 0.050520833333333334
3 0.02734375 0.4412037037037037 0.0546875 0.05092592592592592
3 0.9708333333333333 0.1648148148148148 0.058333333333333334 0.012962962962962963
10 0.14444444444444443 0.15677083333333333 0.029629629629629627 0.019791666666666666
3 0.18935185185185185 0.26588541666666665 0.03796296296296296 0.0265625
1 0.1421296296296296 0.29010416666666666 0.030555555555555555 0.021875
7 0.1199074074074074 0.2869791666666667 0.01574074074074074 0.017708333333333333
8 0.10555555555555556 0.28802083333333334 0.014814814814814814 0.014583333333333334
1 0.08148148148148147 0.27317708333333335 0.016666666666666666 0.015104166666666667
1 0.09583333333333334 0.27005208333333336 0.017592592592592594 0.013020833333333334
8 0.09259259259259259 0.2669270833333333 0.016666666666666666 0.016145833333333335