3 0.11830065359477124 0.10220588235294117 0.06666666666666667 0.01764705882352941
3 0.17973856209150327 0.061764705882352944 0.0457516339869281 0.041176470588235294
3 0.42549019607843136 0.10183823529411765 0.0457516339869281 0.03897058823529412
3 0.5627450980392157 0.07573529411764705 0.04052287581699346 0.03823529411764706
3 0.2620915032679738 0.2863970588235294 0.0849673202614379 0.019852941176470587
3 0.3111111111111111 0.3610294117647059 0.044444444444444446 0.04264705882352941
3 0.17973856209150327 0.32169117647058826 0.07712418300653595 0.021323529411764706
3 0.20588235294117646 0.30183823529411763 0.07450980392156863 0.021323529411764706
3 0.6156862745098038 0.3547794117647059 0.0392156862745098 0.04485294117647059
3 0.6196078431372549 0.2349264705882353 0.03660130718954248 0.03897058823529412
3 0.6882352941176471 0.1636029411764706 0.03790849673202614 0.04338235294117647
3 0.6901960784313725 0.20919117647058824 0.03137254901960784 0.03897058823529412
3 0.692156862745098 0.07720588235294118 0.03790849673202614 0.039705882352941174
3 0.8261029411764705 0.011111111111111112 0.028676470588235293 0.022222222222222223
3 0.8196078431372548 0.07573529411764705 0.02875816993464052 0.03823529411764706
3 0.8784313725490195 0.06507352941176471 0.03137254901960784 0.04044117647058824
3 0.8137254901960783 0.17720588235294119 0.03529411764705882 0.03823529411764706
3 0.8718954248366012 0.15808823529411764 0.03137254901960784 0.03823529411764706
3 0.8745098039215685 0.20772058823529413 0.03660130718954248 0.04044117647058824
3 0.8287581699346405 0.24044117647058824 0.03137254901960784 0.039705882352941174
3 0.8784313725490195 0.28308823529411764 0.03137254901960784 0.039705882352941174
3 0.8359477124183007 0.30073529411764705 0.032679738562091505 0.039705882352941174
3 0.8254901960784312 0.3886029411764706 0.03006535947712418 0.04191176470588235
3 0.8751633986928105 0.39301470588235293 0.03006535947712418 0.04338235294117647
3 0.8254901960784312 0.4606617647058823 0.032679738562091505 0.04044117647058824
3 0.8738562091503267 0.4661764705882353 0.03529411764705882 0.039705882352941174
3 0.9366013071895424 0.5404411764705882 0.032679738562091505 0.04264705882352941
3 0.8816993464052287 0.5533088235294118 0.03006535947712418 0.016911764705882352
3 0.9966911764705882 0.503921568627451 0.006617647058823529 0.0392156862745098
10 0.2954248366013072 0.034926470588235295 0.03137254901960784 0.025735294117647058