9 0.2046296296296296 0.4354166666666667 0.10925925925925925 0.075
5 0.287962962962963 0.39791666666666664 0.0685185185185185 0.025
3 0.9890625 0.19907407407407407 0.021875 0.018518518518518517
3 0.8314814814814814 0.14322916666666666 0.01851851851851852 0.009375
3 0.8407407407407407 0.13854166666666667 0.014814814814814814 0.008333333333333333
3 0.8509259259259259 0.13125 0.016666666666666666 0.008333333333333333
3 0.8472222222222221 0.12395833333333334 0.016666666666666666 0.008333333333333333
3 0.787962962962963 0.15260416666666668 0.024074074074074074 0.013541666666666667
11 0.8018518518518518 0.14114583333333333 0.02592592592592592 0.013541666666666667
3 0.673148148148148 0.1515625 0.03148148148148148 0.011458333333333333
2 0.85 0.1078125 0.014814814814814814 0.011458333333333333
2 0.8916666666666667 0.09375 0.00925925925925926 0.008333333333333333
4 0.8824074074074074 0.08125 0.05 0.008333333333333333
4 0.9203703703703704 0.10572916666666667 0.029629629629629627 0.034375
4 0.8574074074074074 0.09479166666666666 0.03333333333333333 0.010416666666666666
9 0.6777777777777777 0.25625 0.02592592592592592 0.022916666666666665
5 0.5925925925925927 0.2713541666666667 0.014814814814814814 0.019791666666666666
5 0.9564814814814814 0.16875 0.005555555555555555 0.00625
5 0.6990740740740741 0.2015625 0.00925925925925926 0.011458333333333333
5 0.986111111111111 0.24739583333333334 0.00925925925925926 0.011458333333333333
5 1 0.24537037037037038 0 0.011111111111111112
5 0.9527777777777777 0.21822916666666667 0.00925925925925926 0.009375
5 0.9518518518518518 0.1921875 0.02592592592592592 0.009375
7 0.7518518518518518 0.17552083333333332 0.007407407407407407 0.013541666666666667
5 0.3277777777777777 0.3703125 0.04814814814814815 0.023958333333333335
5 0.562037037037037 0.2328125 0.01296296296296296 0.013541666666666667
5 0.7212962962962963 0.20364583333333333 0.01296296296296296 0.011458333333333333
5 0.8694444444444444 0.2140625 0.01296296296296296 0.009375
4 0.8064814814814815 0.11927083333333334 0.027777777777777776 0.019791666666666666
7 0.9361111111111111 0.13802083333333334 0.00925925925925926 0.009375
5 0.961111111111111 0.1484375 0.007407407407407407 0.007291666666666667
5 0.9425925925925925 0.15729166666666666 0.007407407407407407 0.00625
5 0.9351851851851851 0.17291666666666666 0.007407407407407407 0.008333333333333333
5 0.7638888888888888 0.15052083333333333 0.005555555555555555 0.007291666666666667
5 0.6759259259259258 0.16354166666666667 0.007407407407407407 0.008333333333333333
5 0.9453703703703703 0.13020833333333334 0.00925925925925926 0.00625
7 0.5925925925925927 0.2640625 0.01111111111111111 0.015625
7 0.674074074074074 0.25 0.01111111111111111 0.0125
7 0.6981481481481481 0.19583333333333333 0.007407407407407407 0.010416666666666666
7 0.725 0.19947916666666668 0.00925925925925926 0.011458333333333333
7 0.9351851851851851 0.16875 0.007407407407407407 0.008333333333333333
7 0.8694444444444444 0.20729166666666668 0.01296296296296296 0.0125
7 0.9879629629629628 0.240625 0.01296296296296296 0.0125
7 1 0.2388888888888889 0 0.011111111111111112
7 0.9564814814814814 0.18802083333333333 0.00925925925925926 0.011458333333333333
7 0.9583333333333334 0.16458333333333333 0.005555555555555555 0.008333333333333333
7 0.9435185185185184 0.1546875 0.00925925925925926 0.009375
7 0.962037037037037 0.146875 0.005555555555555555 0.010416666666666666
7 0.9462962962962962 0.1265625 0.007407407407407407 0.007291666666666667
7 0.9555555555555555 0.21354166666666666 0.007407407407407407 0.008333333333333333
7 0.9138888888888889 0.1828125 0.00925925925925926 0.013541666666666667
11 0.8888888888888888 0.13802083333333334 0.02222222222222222 0.015625
7 0.6935185185185184 0.165625 0.00925925925925926 0.010416666666666666
8 0.7462962962962963 0.159375 0.007407407407407407 0.010416666666666666
7 0.7648148148148147 0.14791666666666667 0.0037037037037037034 0.008333333333333333
7 0.7768518518518518 0.15885416666666666 0.005555555555555555 0.009375
7 0.7768518518518518 0.14166666666666666 0.005555555555555555 0.008333333333333333
7 0.5953703703703703 0.22135416666666666 0.01296296296296296 0.023958333333333335
4 0.512962962962963 0.2682291666666667 0.03333333333333333 0.023958333333333335
7 0.9963541666666667 0.18518518518518517 0.007291666666666667 0.014814814814814815
0 0.9777777777777777 0.18125 0.02592592592592592 0.016666666666666666