3 0.052941176470588235 0.4673202614379085 0.10588235294117647 0.08104575163398693
8 0.3627450980392157 0.5470588235294118 0.032679738562091505 0.029411764705882353
8 0.34705882352941175 0.5558823529411765 0.04052287581699346 0.011764705882352941
9 0.3437908496732026 0.55 0.06535947712418301 0.023529411764705882
2 0.07973856209150326 0.21029411764705883 0.09934640522875818 0.03823529411764706
7 0.06274509803921569 0.18676470588235294 0.00522875816993464 0.011764705882352941
3 0.01764705882352941 0.15330882352941178 0.02745098039215686 0.011029411764705883
4 0.0033088235294117647 0.13137254901960785 0.006617647058823529 0.00784313725490196
3 0.004411764705882353 0.14052287581699346 0.008823529411764706 0.00784313725490196
3 0.004044117647058824 0.15816993464052287 0.008088235294117648 0.009150326797385621
3 0.6496732026143791 0.2525735294117647 0.0915032679738562 0.02426470588235294
8 0.9124183006535947 0.2125 0.00784313725490196 0.011764705882352941
9 0.9176470588235294 0.21470588235294116 0.02875816993464052 0.010294117647058823
7 0.9992647058823529 0.15947712418300652 0.0014705882352941176 0.006535947712418301
3 0.8862745098039215 0.12683823529411764 0.013071895424836602 0.008088235294117648
10 0.8712418300653595 0.11801470588235294 0.0196078431372549 0.015441176470588236
3 0.8483660130718953 0.11691176470588235 0.01045751633986928 0.0058823529411764705
10 0.8568627450980392 0.11286764705882353 0.01437908496732026 0.008088235294117648
3 0.8359477124183007 0.10845588235294118 0.00915032679738562 0.003676470588235294
9 0.8359477124183007 0.1036764705882353 0.006535947712418301 0.0029411764705882353
10 0.8549019607843136 0.09852941176470588 0.01045751633986928 0.007352941176470588
4 0.8542483660130717 0.0900735294117647 0.03006535947712418 0.008088235294117648
3 0.5666666666666667 0.14705882352941177 0.0457516339869281 0.008823529411764706