7 0.3379629629629629 0.059375 0.016666666666666666 0.029166666666666667
7 0.33055555555555555 0.07864583333333333 0.024074074074074074 0.030208333333333334
7 0.4212962962962962 0.07604166666666666 0.024074074074074074 0.027083333333333334
7 0.6259259259259259 0.08802083333333334 0.02222222222222222 0.03229166666666667
7 0.5898148148148148 0.1859375 0.03148148148148148 0.06354166666666666
7 0.6796296296296297 0.24635416666666668 0.03703703703703704 0.08645833333333333
7 0.3879629629629629 0.20520833333333333 0.05 0.06458333333333334
7 0.2916666666666667 0.26666666666666666 0.05 0.08541666666666667
7 0.5398148148148147 0.3260416666666667 0.0685185185185185 0.09791666666666667
7 0.6481481481481481 0.315625 0.05555555555555555 0.09166666666666666
7 0.6 0.275 0.04444444444444444 0.0875
7 0.9770833333333333 0.412962962962963 0.04583333333333333 0.12407407407407407
7 0.9760416666666667 0.28703703703703703 0.04791666666666667 0.09259259259259259
7 0.7638888888888888 0.26458333333333334 0.0574074074074074 0.0875
7 0.7055555555555555 0.05520833333333333 0.01851851851851852 0.03125
7 0.7509259259259259 0.06666666666666667 0.024074074074074074 0.029166666666666667
7 0.9890625 0.12129629629629629 0.021875 0.046296296296296294
7 0.9509259259259258 0.06197916666666667 0.024074074074074074 0.019791666666666666
7 0.9833333333333333 0.24259259259259258 0.03333333333333333 0.07222222222222222
8 0.975 0.19322916666666667 0.046296296296296294 0.03854166666666667
7 0.9453703703703703 0.17916666666666667 0.03888888888888888 0.052083333333333336
8 0.5824074074074074 0.09322916666666667 0.024074074074074074 0.026041666666666668
7 0.7351851851851852 0.18020833333333333 0.03333333333333333 0.058333333333333334
7 0.7472222222222221 0.1734375 0.03888888888888888 0.065625
8 0.7305555555555555 0.16614583333333333 0.02037037037037037 0.023958333333333335
1 0.7731481481481481 0.2046875 0.07592592592592592 0.03229166666666667
7 0.21944444444444444 0.1921875 0.03518518518518519 0.030208333333333334
8 0.1685185185185185 0.18645833333333334 0.04814814814814815 0.035416666666666666
8 0.2564814814814815 0.1390625 0.024074074074074074 0.017708333333333333
8 0.23425925925925925 0.134375 0.027777777777777776 0.016666666666666666
8 0.21018518518518517 0.1390625 0.027777777777777776 0.015625
8 0.18055555555555552 0.13541666666666666 0.03888888888888888 0.025
8 0.20740740740740737 0.1296875 0.02592592592592592 0.023958333333333335
8 0.19074074074074074 0.1296875 0.02592592592592592 0.028125
8 0.25555555555555554 0.08125 0.01851851851851852 0.014583333333333334
8 0.24351851851851852 0.0703125 0.024074074074074074 0.015625
8 0.20833333333333334 0.0703125 0.027777777777777776 0.019791666666666666
7 0.2796296296296296 0.06041666666666667 0.01851851851851852 0.01875