3 0.7183006535947711 0.47316176470588234 0.11372549019607843 0.06985294117647059
3 0.9529411764705882 0.3836601307189543 0.09411764705882353 0.048366013071895426
3 0.826797385620915 0.34963235294117645 0.11111111111111112 0.04632352941176471
3 0.6359477124183006 0.23088235294117648 0.050980392156862744 0.025
3 0.373202614379085 0.33492647058823527 0.07973856209150326 0.05220588235294118
11 0.42026143790849674 0.26691176470588235 0.05620915032679739 0.03823529411764706
3 0.4 0.29926470588235293 0.05751633986928104 0.030882352941176472
8 0.8862745098039215 0.4783088235294118 0.03660130718954248 0.03308823529411765
1 0.8895424836601306 0.49375 0.03790849673202614 0.03897058823529412
11 0.20522875816993463 0.5150735294117647 0.23006535947712417 0.09338235294117647
8 0.22875816993464052 0.5422794117647058 0.03137254901960784 0.03897058823529412
7 0.2856209150326797 0.5375 0.04836601307189542 0.047058823529411764
7 0.28823529411764703 0.5474264705882353 0.04052287581699346 0.028676470588235293
3 0.030147058823529412 0.36209150326797385 0.060294117647058824 0.026143790849673203
11 0.1411764705882353 0.2908088235294118 0.10718954248366012 0.04338235294117647
11 0.06066176470588235 0.2718954248366013 0.1213235294117647 0.036601307189542485
3 0.11764705882352941 0.25625 0.12287581699346406 0.02426470588235294
3 0.12875816993464054 0.24191176470588235 0.10849673202614378 0.01911764705882353
7 0.23856209150326793 0.26580882352941176 0.01437908496732026 0.019852941176470587
7 0.2679738562091503 0.26286764705882354 0.01568627450980392 0.019852941176470587
3 0.05555555555555556 0.22573529411764706 0.050980392156862744 0.022058823529411766
3 0.08366013071895424 0.21360294117647058 0.06274509803921569 0.015441176470588236
3 0.08039215686274509 0.20220588235294118 0.050980392156862744 0.014705882352941176
3 0.11830065359477124 0.2051470588235294 0.05359477124183006 0.013235294117647059
5 0.07450980392156863 0.1889705882352941 0.02875816993464052 0.010294117647058823
3 0.17712418300653596 0.19448529411764706 0.04836601307189542 0.013970588235294118
3 0.18431372549019606 0.1875 0.044444444444444446 0.010294117647058823
3 0.21960784313725487 0.17830882352941177 0.044444444444444446 0.013970588235294118
11 0.265359477124183 0.16470588235294117 0.03398692810457516 0.020588235294117647
11 0.23986928104575164 0.15110294117647058 0.02745098039215686 0.0125
3 0.41437908496732023 0.16029411764705884 0.03137254901960784 0.011764705882352941
9 0.36470588235294116 0.20441176470588235 0.047058823529411764 0.016176470588235296
7 0.326797385620915 0.19558823529411765 0.01045751633986928 0.014705882352941176
4 0.9279411764705883 0.1980392156862745 0.14411764705882352 0.12418300653594772
4 0.7895424836601308 0.12426470588235294 0.13594771241830064 0.054411764705882354
3 0.5575163398692811 0.1827205882352941 0.03790849673202614 0.019852941176470587
3 0.618954248366013 0.17720588235294119 0.02745098039215686 0.014705882352941176
3 0.7601307189542484 0.24191176470588235 0.05620915032679739 0.025
3 0.7313725490196078 0.2113970588235294 0.03790849673202614 0.01838235294117647
3 0.7248366013071895 0.20147058823529412 0.04052287581699346 0.014705882352941176
3 0.7098039215686274 0.18713235294117647 0.03398692810457516 0.013970588235294118
3 0.6830065359477123 0.1713235294117647 0.03006535947712418 0.011764705882352941
3 0.6928104575163399 0.17647058823529413 0.02875816993464052 0.011764705882352941
11 0.6777777777777777 0.16176470588235295 0.03006535947712418 0.010294117647058823
3 0.6692810457516339 0.15625 0.023529411764705882 0.009558823529411765
3 0.6555555555555556 0.15036764705882352 0.0196078431372549 0.008088235294117648
3 0.6549019607843137 0.14338235294117646 0.023529411764705882 0.007352941176470588
3 0.611111111111111 0.1650735294117647 0.02745098039215686 0.013970588235294118
3 0.6078431372549019 0.1577205882352941 0.026143790849673203 0.013970588235294118
3 0.6130718954248365 0.14926470588235294 0.02091503267973856 0.010294117647058823
9 0.6398692810457516 0.19705882352941176 0.022222222222222223 0.016176470588235296
9 0.6607843137254902 0.1786764705882353 0.0196078431372549 0.013235294117647059
8 0.7111111111111111 0.2411764705882353 0.013071895424836602 0.016176470588235296
8 0.696078431372549 0.2202205882352941 0.011764705882352941 0.011029411764705883
8 0.6947712418300653 0.21654411764705883 0.011764705882352941 0.011029411764705883
5 0.6967320261437908 0.2235294117647059 0.01568627450980392 0.013235294117647059
5 0.7091503267973855 0.2452205882352941 0.01699346405228758 0.013970588235294118
7 0.8359477124183007 0.29375 0.01437908496732026 0.013970588235294118
7 0.8424836601307188 0.32316176470588237 0.01437908496732026 0.019852941176470587
3 0.8705882352941177 0.3224264705882353 0.04967320261437909 0.03161764705882353
9 0.834640522875817 0.3044117647058823 0.06143790849673203 0.025
4 0.5117647058823529 0.10294117647058823 0.4091503267973856 0.06470588235294118