3 0.8104575163398693 0.43676470588235294 0.10457516339869281 0.10588235294117647
11 0.9654411764705882 0.34509803921568627 0.06911764705882353 0.07450980392156863
3 0.7836601307189542 0.14522058823529413 0.058823529411764705 0.04191176470588235
3 0.5901960784313726 0.12794117647058822 0.05620915032679739 0.041176470588235294
3 0.33464052287581697 0.1775735294117647 0.08366013071895424 0.05073529411764706
3 0.05808823529411765 0.32222222222222224 0.1161764705882353 0.04967320261437908
7 0.19084967320261437 0.30551470588235297 0.02875816993464052 0.03897058823529412
7 0.3058823529411765 0.34705882352941175 0.03137254901960784 0.03529411764705882
7 0.357516339869281 0.3371323529411765 0.02745098039215686 0.03308823529411765
7 0.37058823529411766 0.3165441176470588 0.024836601307189544 0.03455882352941177
3 0.06286764705882353 0.19019607843137254 0.12573529411764706 0.06013071895424837
3 0.2751633986928105 0.11948529411764706 0.13202614379084968 0.028676470588235293
3 0.7640522875816993 0.052573529411764706 0.04836601307189542 0.03455882352941177
3 0.8450980392156863 0.028308823529411765 0.04052287581699346 0.022794117647058822
3 0.8928104575163398 0.016544117647058824 0.03660130718954248 0.019852941176470587
3 0.7581699346405228 0.015441176470588236 0.0392156862745098 0.022058823529411766
11 0.3 0.09816176470588235 0.10849673202614378 0.03161764705882353
3 0.16862745098039214 0.10514705882352941 0.13856209150326795 0.030882352941176472
3 0.20392156862745098 0.09044117647058823 0.12026143790849672 0.026470588235294117
3 0.23137254901960783 0.07830882352941176 0.12026143790849672 0.030147058823529412
3 0.2575163398692811 0.06323529411764706 0.09934640522875818 0.020588235294117647
3 0.29673202614379085 0.033823529411764704 0.10196078431372549 0.01911764705882353
3 0.2830065359477124 0.05110294117647059 0.12156862745098038 0.021323529411764706
7 0.14640522875816991 0.07904411764705882 0.02091503267973856 0.025735294117647058
7 0.09215686274509803 0.08933823529411765 0.024836601307189544 0.027205882352941177
1 0.16209150326797384 0.019852941176470587 0.03660130718954248 0.011764705882352941
5 0.07712418300653595 0.06323529411764706 0.04183006535947712 0.011764705882352941
1 0.0869281045751634 0.058823529411764705 0.03529411764705882 0.010294117647058823
5 0.3758169934640523 0.013970588235294118 0.043137254901960784 0.011764705882352941
3 0.4437908496732026 0.026838235294117645 0.08758169934640522 0.01838235294117647
3 0.4640522875816993 0.04632352941176471 0.047058823529411764 0.026470588235294117
3 0.45359477124183 0.06654411764705882 0.04183006535947712 0.022794117647058822
11 0.430718954248366 0.08308823529411764 0.06405228758169934 0.030882352941176472
3 0.4274509803921568 0.11360294117647059 0.0784313725490196 0.028676470588235293