3 0.265359477124183 0.24632352941176472 0.06797385620915032 0.016176470588235296
3 0.4411764705882353 0.24558823529411763 0.06666666666666667 0.016176470588235296
7 0.23725490196078428 0.08897058823529412 0.011764705882352941 0.0058823529411764705
9 0.14836601307189543 0.10330882352941176 0.04836601307189542 0.011029411764705883
2 0.40457516339869276 0.2772058823529412 0.08235294117647059 0.01764705882352941
3 0.892156862745098 0.5220588235294118 0.024836601307189544 0.033823529411764704
10 0.8810457516339869 0.40441176470588236 0.0392156862745098 0.051470588235294115
4 0.7013071895424836 0.5338235294117647 0.00915032679738562 0.013235294117647059
3 0.7470588235294118 0.27389705882352944 0.06405228758169934 0.03308823529411765
0 0.8803921568627451 0.0900735294117647 0.043137254901960784 0.0125
11 0.9392156862745098 0.0625 0.022222222222222223 0.03235294117647059
3 0.8294117647058824 0.13676470588235295 0.022222222222222223 0.033823529411764704
3 0.5895424836601306 0.24080882352941177 0.06535947712418301 0.019852941176470587
3 0.42026143790849674 0.3044117647058823 0.06666666666666667 0.016176470588235296
5 0.41437908496732023 0.060294117647058824 0.023529411764705882 0.007352941176470588
7 0.40065359477124185 0.09926470588235294 0.006535947712418301 0.0058823529411764705
0 0.42091503267973857 0.10220588235294117 0.04183006535947712 0.014705882352941176
7 0.05947712418300653 0.040808823529411765 0.01437908496732026 0.006617647058823529
7 0.14444444444444443 0.06875 0.011764705882352941 0.006617647058823529
7 0.026143790849673203 0.07610294117647058 0.01568627450980392 0.005147058823529412
7 0.10718954248366012 0.09154411764705882 0.013071895424836602 0.006617647058823529
7 0.16601307189542483 0.08639705882352941 0.013071895424836602 0.006617647058823529
7 0.2281045751633987 0.10514705882352941 0.00915032679738562 0.007352941176470588
7 0.021568627450980392 0.11911764705882352 0.01699346405228758 0.0058823529411764705
7 0.01045751633986928 0.13529411764705881 0.01830065359477124 0.004411764705882353
7 0.07254901960784313 0.09852941176470588 0.011764705882352941 0.0058823529411764705
7 0.0849673202614379 0.10294117647058823 0.00784313725490196 0.004411764705882353
0 0.038562091503267976 0.10294117647058823 0.06405228758169934 0.016176470588235296
11 0.033823529411764704 0.15947712418300652 0.06764705882352941 0.01568627450980392
11 0.10261437908496732 0.16029411764705884 0.06666666666666667 0.016176470588235296
7 0.2901960784313725 0.10183823529411765 0.013071895424836602 0.005147058823529412
8 0.1738562091503268 0.14963235294117647 0.00522875816993464 0.003676470588235294
5 0.1803921568627451 0.14963235294117647 0.023529411764705882 0.006617647058823529
7 0.2745098039215686 0.17205882352941176 0.013071895424836602 0.004411764705882353
0 0.2647058823529412 0.16691176470588234 0.0457516339869281 0.011764705882352941
1 0.10261437908496732 0.18933823529411764 0.024836601307189544 0.008088235294117648
8 0.31176470588235294 0.13676470588235295 0.00915032679738562 0.0058823529411764705
5 0.3183006535947712 0.13786764705882354 0.022222222222222223 0.006617647058823529
0 0.3176470588235294 0.16544117647058823 0.04967320261437909 0.014705882352941176
7 0.35294117647058826 0.12536764705882353 0.01568627450980392 0.006617647058823529
3 0.28823529411764703 0.08198529411764706 0.06666666666666667 0.01838235294117647
7 0.322875816993464 0.08161764705882353 0.01568627450980392 0.004411764705882353
0 0.3627450980392157 0.1150735294117647 0.04052287581699346 0.011029411764705883
10 0.3875816993464052 0.15955882352941175 0.06928104575163398 0.01764705882352941
3 0.01911764705882353 0.44640522875816996 0.03823529411764706 0.03398692810457516
3 0.2496732026143791 0.44375 0.07058823529411765 0.015441176470588236
0 0.14052287581699346 0.5084558823529411 0.04836601307189542 0.013970588235294118
4 0.35359477124183003 0.49264705882352944 0.01699346405228758 0.010294117647058823
4 0.2647058823529412 0.5091911764705882 0.0196078431372549 0.009558823529411765
0 0.48039215686274506 0.5198529411764706 0.0196078431372549 0.020588235294117647