10 0.6522875816993464 0.5290441176470588 0.37124183006535943 0.06544117647058824
3 0.25555555555555554 0.5235294117647059 0.35947712418300654 0.07647058823529412
3 0.9477941176470588 0.3941176470588235 0.10441176470588236 0.12026143790849673
3 0.8261437908496732 0.3863970588235294 0.11764705882352941 0.10955882352941176
3 0.6503267973856208 0.41948529411764707 0.12156862745098038 0.08897058823529412
3 0.4993464052287582 0.39375 0.14901960784313725 0.1125
3 0.2130718954248366 0.4051470588235294 0.13071895424836602 0.0838235294117647
7 0.5130718954248366 0.3360294117647059 0.032679738562091505 0.03823529411764706
7 0.4326797385620915 0.28860294117647056 0.03660130718954248 0.03897058823529412
8 0.43725490196078426 0.28088235294117647 0.022222222222222223 0.020588235294117647
9 0.033823529411764704 0.330718954248366 0.06764705882352941 0.040522875816993466
8 0.05163398692810457 0.3323529411764706 0.03006535947712418 0.03235294117647059
3 0.9680147058823529 0.18366013071895426 0.06397058823529411 0.048366013071895426
9 0.9372549019607842 0.19852941176470587 0.06535947712418301 0.07794117647058824
7 0.9803921568627451 0.15698529411764706 0.023529411764705882 0.02426470588235294
5 0.9830882352941176 0.14836601307189543 0.033823529411764704 0.0196078431372549
5 0.9470588235294117 0.1536764705882353 0.04052287581699346 0.020588235294117647
7 0.8986928104575163 0.19154411764705884 0.022222222222222223 0.03308823529411765
7 0.865359477124183 0.23345588235294118 0.01830065359477124 0.02426470588235294
7 0.8633986928104574 0.19117647058823528 0.024836601307189544 0.030882352941176472
7 0.8254901960784312 0.19154411764705884 0.0196078431372549 0.025735294117647058
8 0.7555555555555554 0.17830882352941177 0.01830065359477124 0.013970588235294118
7 0.8477124183006536 0.17720588235294119 0.0196078431372549 0.023529411764705882
7 0.8581699346405228 0.17316176470588235 0.00915032679738562 0.015441176470588236
0 0.6555555555555556 0.1588235294117647 0.134640522875817 0.041176470588235294
1 0.7124183006535947 0.14191176470588235 0.0392156862745098 0.023529411764705882
5 0.6797385620915032 0.14852941176470588 0.02875816993464052 0.014705882352941176
3 0.6686274509803921 0.13823529411764707 0.024836601307189544 0.020588235294117647
1 0.611764705882353 0.12904411764705884 0.04183006535947712 0.01838235294117647
7 0.5758169934640522 0.1474264705882353 0.024836601307189544 0.03455882352941177
3 0.5464052287581699 0.125 0.1437908496732026 0.03676470588235294
3 0.46797385620915033 0.04632352941176471 0.07058823529411765 0.030882352941176472
3 0.5052287581699346 0.025735294117647058 0.10849673202614378 0.01911764705882353
3 0.5130718954248366 0.0125 0.09281045751633986 0.01911764705882353
7 0.34967320261437906 0.10661764705882353 0.024836601307189544 0.027941176470588237
3 0.2156862745098039 0.1698529411764706 0.11241830065359477 0.047058823529411764
3 0.10849673202614378 0.16727941176470587 0.13594771241830064 0.04926470588235294
3 0.2803921568627451 0.05845588235294118 0.10065359477124183 0.02426470588235294
3 0.3202614379084967 0.04522058823529412 0.11241830065359477 0.021323529411764706
3 0.3372549019607843 0.034926470588235295 0.11503267973856209 0.022794117647058822
3 0.36732026143790847 0.01911764705882353 0.09934640522875818 0.016176470588235296
3 0.37450980392156863 0.011764705882352941 0.07973856209150326 0.013235294117647059
3 0.04264705882352941 0.034640522875816995 0.08529411764705883 0.026143790849673203
3 0.06666666666666667 0.015808823529411764 0.0915032679738562 0.019852941176470587
3 0.09411764705882353 0.009150326797385621 0.10220588235294117 0.018300653594771243