3 0.29768518518518516 0.28489583333333335 0.12314814814814815 0.022916666666666665
3 0.4560185185185185 0.30833333333333335 0.12685185185185185 0.030208333333333334
3 0.6944444444444444 0.2791666666666667 0.10925925925925925 0.023958333333333335
3 0.7125 0.38125 0.1324074074074074 0.04479166666666667
11 0.9911458333333333 0.38472222222222224 0.017708333333333333 0.05740740740740741
3 0.7560185185185184 0.32578125 0.1175925925925926 0.034895833333333334
3 0.8319444444444444 0.3072916666666667 0.11574074074074073 0.025
11 0.9653645833333333 0.2763888888888889 0.06927083333333334 0.025925925925925925
1 0.4722222222222222 0.48932291666666666 0.07037037037037037 0.0296875
3 0.899074074074074 0.17057291666666666 0.024074074074074074 0.009895833333333333
11 0.8754629629629629 0.16875 0.021296296296296296 0.013541666666666667
3 0.8467592592592592 0.17057291666666666 0.025 0.009895833333333333
3 0.9222222222222222 0.18333333333333332 0.027777777777777776 0.014583333333333334
3 0.8648148148148148 0.18307291666666667 0.02037037037037037 0.0109375
3 0.7615740740740741 0.17005208333333333 0.01944444444444444 0.009895833333333333
3 0.725 0.1703125 0.02037037037037037 0.010416666666666666
3 0.6958333333333333 0.1703125 0.021296296296296296 0.010416666666666666
3 0.6351851851851851 0.16875 0.03148148148148148 0.011458333333333333
3 0.6041666666666666 0.16796875 0.021296296296296296 0.0109375
3 0.575462962962963 0.16953125 0.021296296296296296 0.0109375
11 0.5425925925925926 0.16770833333333332 0.024074074074074074 0.013541666666666667
3 0.7652777777777777 0.18307291666666667 0.025 0.011979166666666667
11 0.6680555555555555 0.18567708333333333 0.023148148148148147 0.013020833333333334
3 0.6407407407407407 0.18177083333333333 0.024074074074074074 0.011458333333333333
3 0.6069444444444444 0.1859375 0.0287037037037037 0.0125
3 0.6097222222222222 0.18020833333333333 0.023148148148148147 0.010416666666666666
3 0.5699074074074074 0.18671875 0.0287037037037037 0.011979166666666667
3 0.5810185185185185 0.1796875 0.025 0.013541666666666667
3 0.548611111111111 0.17994791666666668 0.0287037037037037 0.013020833333333334
3 0.5328703703703703 0.18776041666666668 0.030555555555555555 0.013020833333333334
11 0.4347222222222222 0.18333333333333332 0.02685185185185185 0.0125
11 0.3759259259259259 0.17734375 0.027777777777777776 0.0140625
3 0.08287037037037037 0.17864583333333334 0.03981481481481482 0.014583333333333334
11 0.09305555555555554 0.16588541666666667 0.0287037037037037 0.013020833333333334
11 0.19444444444444445 0.16666666666666666 0.02592592592592592 0.0125
3 0.22592592592592592 0.16901041666666666 0.01851851851851852 0.0109375
3 0.26296296296296295 0.16822916666666668 0.029629629629629627 0.009375
3 0.031018518518518515 0.16770833333333332 0.03981481481481482 0.0125