4 0.7462962962962963 0.022395833333333334 0.11851851851851851 0.036458333333333336
4 0.6324074074074074 0.03854166666666667 0.0537037037037037 0.03125
3 0.7537037037037037 0.05 0.014814814814814814 0.008333333333333333
3 0.7027777777777777 0.05416666666666667 0.016666666666666666 0.008333333333333333
3 0.9037037037037037 0.08958333333333333 0.014814814814814814 0.014583333333333334
3 0.6768518518518518 0.14010416666666667 0.027777777777777776 0.013541666666666667
3 0.6694444444444444 0.21666666666666667 0.03888888888888888 0.020833333333333332
10 0.8712962962962962 0.4010416666666667 0.0685185185185185 0.09583333333333334
10 0.9859375 0.26944444444444443 0.028125 0.1037037037037037
10 0.8379629629629629 0.18854166666666666 0.0574074074074074 0.06666666666666667
10 0.9129629629629629 0.11927083333333334 0.05555555555555555 0.03854166666666667
2 0.9212962962962962 0.15729166666666666 0.05 0.035416666666666666
3 0.9194444444444444 0.090625 0.016666666666666666 0.008333333333333333
3 0.9518518518518518 0.1078125 0.01851851851851852 0.007291666666666667
3 0.9601851851851851 0.11770833333333333 0.016666666666666666 0.0125
3 0.9851851851851852 0.13072916666666667 0.029629629629629627 0.009375
3 0.9916666666666667 0.13796296296296295 0.016666666666666666 0.012962962962962963
8 0.6972222222222222 0.3802083333333333 0.01296296296296296 0.014583333333333334
5 0.6953703703703703 0.38385416666666666 0.02037037037037037 0.026041666666666668
3 0.8777777777777778 0.075 0.02222222222222222 0.008333333333333333
3 0.7824074074074073 0.07864583333333333 0.02037037037037037 0.009375
3 0.8175925925925925 0.06458333333333334 0.02037037037037037 0.008333333333333333
3 0.8629629629629628 0.06666666666666667 0.01851851851851852 0.008333333333333333
3 0.8518518518518517 0.06197916666666667 0.02222222222222222 0.007291666666666667
3 0.836111111111111 0.057291666666666664 0.024074074074074074 0.00625
3 0.8287037037037037 0.052083333333333336 0.02037037037037037 0.00625
3 0.8203703703703703 0.0484375 0.02222222222222222 0.007291666666666667
2 0.7898148148148147 0.05260416666666667 0.03148148148148148 0.013541666666666667
8 0.7518518518518518 0.24166666666666667 0.01111111111111111 0.014583333333333334
5 0.7527777777777778 0.24635416666666668 0.016666666666666666 0.013541666666666667
4 0.7101851851851851 0.07135416666666666 0.03888888888888888 0.015625
8 0.6361111111111111 0.078125 0.00925925925925926 0.00625
5 0.6361111111111111 0.08125 0.016666666666666666 0.004166666666666667