4 0.725 0.109375 0.10925925925925925 0.0875
7 0.549074074074074 0.5520833333333334 0.024074074074074074 0.01875
2 0.262037037037037 0.48020833333333335 0.1796296296296296 0.12916666666666668
3 0.40555555555555556 0.5067708333333333 0.07037037037037037 0.051041666666666666
3 0.44259259259259254 0.4578125 0.06296296296296296 0.042708333333333334
3 0.3555555555555555 0.41041666666666665 0.059259259259259255 0.03333333333333333
9 0.5157407407407407 0.38645833333333335 0.027777777777777776 0.022916666666666665
8 0.5111111111111111 0.3854166666666667 0.014814814814814814 0.0125
3 0.5101851851851852 0.3229166666666667 0.03888888888888888 0.020833333333333332
3 0.5 0.2916666666666667 0.03703703703703704 0.020833333333333332
3 0.6342592592592592 0.22447916666666667 0.02037037037037037 0.011458333333333333
3 0.6268518518518518 0.21041666666666667 0.02037037037037037 0.010416666666666666
11 0.5601851851851851 0.23697916666666666 0.024074074074074074 0.015625
3 0.7759259259259258 0.36875 0.03333333333333333 0.022916666666666665
8 0.7712962962962963 0.39427083333333335 0.00925925925925926 0.011458333333333333
8 0.787037037037037 0.39791666666666664 0.01111111111111111 0.0125
5 0.787962962962963 0.4015625 0.016666666666666666 0.013541666666666667
5 0.7722222222222221 0.39895833333333336 0.014814814814814814 0.0125
7 0.7564814814814814 0.3671875 0.00925925925925926 0.013541666666666667
3 0.7703703703703704 0.3416666666666667 0.029629629629629627 0.01875
8 0.7212962962962963 0.328125 0.00925925925925926 0.010416666666666666
5 0.7203703703703703 0.33125 0.01111111111111111 0.0125
7 0.8462962962962962 0.275 0.007407407407407407 0.010416666666666666
3 0.7027777777777777 0.25625 0.02037037037037037 0.0125
3 0.7342592592592592 0.23020833333333332 0.02037037037037037 0.010416666666666666
3 0.7324074074074074 0.16822916666666668 0.01296296296296296 0.005208333333333333
3 0.7379629629629629 0.15677083333333333 0.01296296296296296 0.005208333333333333
10 0.7527777777777778 0.159375 0.01296296296296296 0.00625
7 0.3731481481481482 0.33489583333333334 0.00925925925925926 0.013541666666666667
0 0.3731481481481482 0.35 0.046296296296296294 0.0125
0 0.3731481481481482 0.3546875 0.04259259259259259 0.011458333333333333
0 0.3685185185185185 0.35885416666666664 0.04814814814814815 0.013541666666666667
9 0.8638888888888888 0.30104166666666665 0.016666666666666666 0.014583333333333334
0 0.7712962962962963 0.296875 0.02037037037037037 0.014583333333333334
7 0.7805555555555554 0.3182291666666667 0.00925925925925926 0.011458333333333333
7 0.8055555555555555 0.18541666666666667 0.0037037037037037034 0.00625