4 0.537037037037037 0.021875 0.837037037037037 0.0375
7 0.337037037037037 0.396875 0.137037037037037 0.13958333333333334
7 0.6546296296296297 0.4859375 0.12037037037037036 0.15104166666666666
7 0.9833333333333333 0.3351851851851852 0.03333333333333333 0.12037037037037036
7 0.8388888888888888 0.19114583333333332 0.05555555555555555 0.078125
8 0.3009259259259259 0.190625 0.0537037037037037 0.0375
7 0.31296296296296294 0.19635416666666666 0.02592592592592592 0.026041666666666668
7 0.39629629629629626 0.18333333333333332 0.06666666666666667 0.08333333333333333
7 0.3435185185185185 0.17395833333333333 0.03888888888888888 0.05416666666666667
7 0.44907407407407407 0.171875 0.0537037037037037 0.07708333333333334
7 0.562962962962963 0.1359375 0.03703703703703704 0.057291666666666664
8 0.42407407407407405 0.17760416666666667 0.02222222222222222 0.028125
7 0.4787037037037037 0.1640625 0.046296296296296294 0.040625
7 0.021354166666666667 0.11574074074074074 0.042708333333333334 0.053703703703703705
1 0.32129629629629625 0.09166666666666666 0.024074074074074074 0.025
7 0.8814814814814814 0.0640625 0.02592592592592592 0.036458333333333336
7 0.43796296296296294 0.11458333333333333 0.03518518518518519 0.052083333333333336
7 0.10925925925925925 0.049479166666666664 0.03333333333333333 0.03229166666666667
7 0.26944444444444443 0.05677083333333333 0.03148148148148148 0.034375
7 0.4314814814814814 0.046875 0.029629629629629627 0.027083333333333334
7 0.3907407407407407 0.09739583333333333 0.03333333333333333 0.046875
7 0.4185185185185185 0.09583333333333334 0.02592592592592592 0.05
7 0.43981481481481477 0.0875 0.04259259259259259 0.04375
7 0.4629629629629629 0.084375 0.029629629629629627 0.04583333333333333
7 0.4925925925925926 0.09791666666666667 0.059259259259259255 0.05
7 0.5842592592592593 0.07604166666666666 0.016666666666666666 0.03125
7 0.5824074074074074 0.08333333333333333 0.046296296296296294 0.03958333333333333
7 0.5777777777777777 0.08697916666666666 0.03333333333333333 0.046875
7 0.5833333333333334 0.05416666666666667 0.01851851851851852 0.029166666666666667
8 0.6287037037037037 0.05677083333333333 0.024074074074074074 0.026041666666666668
8 0.6481481481481481 0.05677083333333333 0.029629629629629627 0.026041666666666668
8 0.7148148148148148 0.0515625 0.014814814814814814 0.019791666666666666
7 0.762962962962963 0.049479166666666664 0.02592592592592592 0.034375
7 0.812037037037037 0.052083333333333336 0.02037037037037037 0.03125
7 0.8685185185185185 0.04895833333333333 0.02222222222222222 0.03333333333333333
7 0.8907407407407407 0.050520833333333334 0.01851851851851852 0.03229166666666667
7 0.9768518518518517 0.052083333333333336 0.02037037037037037 0.03333333333333333
5 0.9942708333333333 0.03611111111111111 0.011458333333333333 0.018518518518518517