7 0.2771241830065359 0.19448529411764706 0.01045751633986928 0.015441176470588236
7 0.25359477124183005 0.1988970588235294 0.01045751633986928 0.008088235294117648
7 0.24836601307189543 0.2235294117647059 0.00784313725490196 0.010294117647058823
7 0.10326797385620914 0.23051470588235295 0.01045751633986928 0.015441176470588236
7 0.052941176470588235 0.24889705882352942 0.0196078431372549 0.01838235294117647
7 0.02026143790849673 0.2786764705882353 0.011764705882352941 0.013235294117647059
5 0.025 0.3241830065359477 0.05 0.018300653594771243
7 0.4294117647058823 0.25625 0.00915032679738562 0.0125
7 0.5104575163398692 0.29154411764705884 0.01437908496732026 0.02426470588235294
7 0.8398692810457516 0.12279411764705882 0.006535947712418301 0.010294117647058823
7 0.8359477124183007 0.12426470588235294 0.006535947712418301 0.011764705882352941