7 0.8324074074074074 0.38645833333333335 0.02037037037037037 0.035416666666666666
7 0.9564814814814814 0.35989583333333336 0.024074074074074074 0.034375
7 0.9444444444444444 0.30572916666666666 0.02222222222222222 0.023958333333333335
8 0.9963541666666667 0.425 0.007291666666666667 0.012962962962962963
7 0.9509259259259258 0.4822916666666667 0.03148148148148148 0.035416666666666666
7 0.9722222222222221 0.47291666666666665 0.02222222222222222 0.029166666666666667
7 0.9564814814814814 0.46197916666666666 0.016666666666666666 0.021875
7 0.5083333333333333 0.2859375 0.016666666666666666 0.023958333333333335
7 0.5009259259259259 0.2838541666666667 0.016666666666666666 0.019791666666666666
7 0.6305555555555554 0.21979166666666666 0.02037037037037037 0.022916666666666665
7 0.5583333333333333 0.22291666666666668 0.016666666666666666 0.020833333333333332
7 0.562962962962963 0.21666666666666667 0.01851851851851852 0.01875
8 0.9277777777777777 0.2390625 0.02222222222222222 0.015625
5 0.9129629629629629 0.21354166666666666 0.029629629629629627 0.0125
7 0.8731481481481481 0.21510416666666668 0.01296296296296296 0.019791666666666666
5 0.8648148148148148 0.21770833333333334 0.029629629629629627 0.0125
8 0.8629629629629628 0.21354166666666666 0.014814814814814814 0.01875
7 0.38055555555555554 0.24635416666666668 0.024074074074074074 0.021875
8 0.3574074074074074 0.2453125 0.014814814814814814 0.019791666666666666
7 0.2648148148148148 0.2526041666666667 0.02592592592592592 0.019791666666666666
8 0.14351851851851852 0.3067708333333333 0.02037037037037037 0.017708333333333333
8 0.2175925925925926 0.2984375 0.024074074074074074 0.017708333333333333
8 0.23703703703703702 0.2942708333333333 0.02592592592592592 0.015625