7 0.42916666666666664 0.28515625 0.013888888888888888 0.0203125
7 0.3634259259259259 0.2916666666666667 0.01944444444444444 0.022916666666666665
8 0.312037037037037 0.2950520833333333 0.02037037037037037 0.018229166666666668
4 0.020833333333333332 0.3421296296296296 0.041666666666666664 0.026851851851851852
1 0.0537037037037037 0.34036458333333336 0.0537037037037037 0.0234375
1 0.04027777777777777 0.33697916666666666 0.047222222222222214 0.022916666666666665
1 0.06388888888888888 0.3372395833333333 0.05555555555555555 0.0203125
1 0.0699074074074074 0.33229166666666665 0.04907407407407407 0.022916666666666665
1 0.09444444444444443 0.33098958333333334 0.04444444444444444 0.025520833333333333
1 0.09953703703703703 0.33125 0.04351851851851852 0.021875
1 0.11574074074074073 0.32864583333333336 0.046296296296296294 0.021875
1 0.11851851851851851 0.32708333333333334 0.04259259259259259 0.021875
1 0.13194444444444445 0.3263020833333333 0.04351851851851852 0.021354166666666667
1 0.13935185185185184 0.32447916666666665 0.045370370370370366 0.022916666666666665
1 0.1449074074074074 0.32369791666666664 0.045370370370370366 0.0203125
1 0.1550925925925926 0.32317708333333334 0.04351851851851852 0.021354166666666667
1 0.16018518518518518 0.3223958333333333 0.04444444444444444 0.020833333333333332
1 0.19490740740740742 0.32005208333333335 0.03981481481481482 0.024479166666666666
1 0.20925925925925926 0.3184895833333333 0.03888888888888888 0.021354166666666667
1 0.22314814814814812 0.3171875 0.04259259259259259 0.020833333333333332
1 0.23796296296296296 0.315625 0.04074074074074074 0.020833333333333332
1 0.24351851851851852 0.31484375 0.03888888888888888 0.019270833333333334
1 0.25787037037037036 0.3138020833333333 0.03796296296296296 0.019270833333333334
1 0.26064814814814813 0.31354166666666666 0.04351851851851852 0.01875
1 0.28518518518518515 0.31015625 0.04444444444444444 0.0171875
1 0.3106481481481482 0.3020833333333333 0.030555555555555555 0.016666666666666666
1 0.38564814814814813 0.29765625 0.03611111111111111 0.0171875
1 0.3986111111111111 0.29713541666666665 0.030555555555555555 0.0171875
1 0.36064814814814816 0.296875 0.023148148148148147 0.013541666666666667
3 0.3574074074074074 0.33567708333333335 0.13148148148148148 0.0359375
3 0.1550925925925926 0.36380208333333336 0.1787037037037037 0.044270833333333336
3 0.029166666666666667 0.38796296296296295 0.058333333333333334 0.03888888888888889
3 0.023958333333333335 0.4152777777777778 0.04791666666666667 0.03888888888888889
3 0.16944444444444443 0.4049479166666667 0.23703703703703702 0.06822916666666666
4 0.7138888888888888 0.26458333333333334 0.07407407407407408 0.015625
4 0.9532407407407407 0.22916666666666666 0.075 0.017708333333333333
4 0.8962962962962961 0.23984375 0.016666666666666666 0.0109375
8 0.4504629629629629 0.25052083333333336 0.012037037037037037 0.010416666666666666
7 0.4824074074074074 0.25703125 0.02222222222222222 0.018229166666666668
7 0.49907407407407406 0.2526041666666667 0.01296296296296296 0.017708333333333333
7 0.024537037037037034 0.54140625 0.041666666666666664 0.04114583333333333
7 0.10138888888888889 0.5427083333333333 0.04351851851851852 0.03854166666666667
7 0.09722222222222222 0.5302083333333333 0.04444444444444444 0.052083333333333336
7 0.18888888888888886 0.5372395833333333 0.04814814814814815 0.049479166666666664
7 0.387037037037037 0.540625 0.04444444444444444 0.042708333333333334
7 0.5310185185185186 0.5447916666666667 0.04351851851851852 0.034375
7 0.5550925925925926 0.5377604166666666 0.03981481481481482 0.0484375
7 0.5930555555555554 0.5450520833333333 0.03981481481481482 0.033854166666666664
8 0.6324074074074074 0.53671875 0.04814814814814815 0.050520833333333334
1 0.6300925925925925 0.5471354166666667 0.041666666666666664 0.0296875
7 0.9439814814814814 0.5416666666666666 0.02685185185185185 0.040625
7 0.9379629629629629 0.5265625 0.03333333333333333 0.065625
7 0.9541666666666667 0.5125 0.030555555555555555 0.057291666666666664
1 0.6902777777777778 0.5276041666666667 0.03981481481481482 0.051041666666666666
8 0.6972222222222222 0.51875 0.0537037037037037 0.057291666666666664
1 0.7259259259259259 0.5065104166666666 0.04074074074074074 0.05260416666666667
8 0.7277777777777777 0.49635416666666665 0.03888888888888888 0.0625
1 0.7935185185185184 0.5111979166666667 0.0574074074074074 0.049479166666666664
8 0.7962962962962963 0.5018229166666667 0.04259259259259259 0.06197916666666667
1 0.8824074074074074 0.5151041666666667 0.03518518518518519 0.04791666666666667
1 0.9614583333333333 0.48518518518518516 0.07708333333333334 0.03518518518518519
1 0.9661458333333334 0.4773148148148148 0.06770833333333333 0.028703703703703703
1 0.9809895833333333 0.4652777777777778 0.03802083333333333 0.03796296296296296
1 0.9802083333333333 0.45231481481481484 0.03958333333333333 0.032407407407407406
1 0.9994791666666667 0.449537037037037 0.0010416666666666667 0.037037037037037035
1 0.9927083333333333 0.44027777777777777 0.014583333333333334 0.03796296296296296
1 0.99765625 0.4337962962962963 0.0046875 0.03425925925925926
3 0.8708333333333333 0.44817708333333334 0.15833333333333333 0.06822916666666666
3 0.953125 0.4013888888888889 0.09375 0.04814814814814815
3 0.98984375 0.3731481481481482 0.0203125 0.037037037037037035
3 0.9986979166666666 0.2796296296296296 0.0026041666666666665 0.019444444444444445
3 0.937037037037037 0.30494791666666665 0.06111111111111111 0.022395833333333334
3 0.8861111111111111 0.2994791666666667 0.046296296296296294 0.020833333333333332
3 0.8981481481481481 0.29010416666666666 0.06111111111111111 0.019791666666666666
3 0.9328703703703703 0.28359375 0.05092592592592592 0.018229166666666668
3 0.9712962962962962 0.27682291666666664 0.04444444444444444 0.016145833333333335
11 0.98515625 0.2689814814814815 0.0296875 0.019444444444444445
11 0.9971354166666667 0.26296296296296295 0.005729166666666666 0.017592592592592594
3 0.990625 0.2523148148148148 0.01875 0.011111111111111112
3 0.9583333333333334 0.26119791666666664 0.04074074074074074 0.016145833333333335
3 0.99453125 0.23981481481481481 0.0109375 0.009259259259259259
11 0.9885416666666667 0.23564814814814813 0.022916666666666665 0.012037037037037037
5 0.975 0.246875 0.007407407407407407 0.008333333333333333
8 0.9759259259259259 0.2453125 0.00925925925925926 0.009375
3 0.9476851851851851 0.2518229166666667 0.03611111111111111 0.011979166666666667
3 0.9564814814814814 0.24114583333333334 0.02592592592592592 0.009375
3 0.9361111111111111 0.24348958333333334 0.024074074074074074 0.009895833333333333
3 0.9138888888888889 0.25625 0.03888888888888888 0.013541666666666667
3 0.9152777777777777 0.24557291666666667 0.030555555555555555 0.011979166666666667
3 0.8800925925925925 0.24791666666666667 0.030555555555555555 0.010416666666666666
3 0.8689814814814815 0.26588541666666665 0.054629629629629625 0.016145833333333335
3 0.8194444444444444 0.26927083333333335 0.04259259259259259 0.01875
3 0.787037037037037 0.27578125 0.05555555555555555 0.018229166666666668
3 0.7462962962962963 0.27239583333333334 0.059259259259259255 0.016666666666666666
3 0.7240740740740741 0.2825520833333333 0.06111111111111111 0.0203125
3 0.6509259259259258 0.29140625 0.07407407407407408 0.021354166666666667
3 0.5819444444444444 0.3020833333333333 0.08425925925925926 0.025
11 0.5291666666666667 0.3385416666666667 0.11574074074074073 0.04895833333333333
3 0.4888888888888889 0.3145833333333333 0.10185185185185185 0.029166666666666667
3 0.4708333333333333 0.29609375 0.08425925925925926 0.022395833333333334
3 0.39629629629629626 0.3690104166666667 0.15185185185185185 0.0484375
3 0.6013888888888889 0.28151041666666665 0.06944444444444443 0.019270833333333334
1 0.549074074074074 0.28177083333333336 0.03333333333333333 0.013541666666666667
1 0.6763888888888888 0.26953125 0.023148148148148147 0.009895833333333333
1 0.6694444444444444 0.27057291666666666 0.02222222222222222 0.009895833333333333
1 0.6606481481481481 0.2703125 0.025 0.011458333333333333
1 0.6513888888888888 0.26901041666666664 0.023148148148148147 0.0109375
1 0.648611111111111 0.271875 0.025 0.010416666666666666
1 0.6439814814814814 0.27317708333333335 0.025 0.009895833333333333
1 0.6370370370370371 0.2734375 0.02222222222222222 0.010416666666666666
3 0.774537037037037 0.26067708333333334 0.047222222222222214 0.016145833333333335
3 0.8189814814814814 0.30833333333333335 0.07314814814814814 0.027083333333333334
8 1 0.3013888888888889 0 0.021296296296296296
1 0.9994791666666667 0.3055555555555556 0.0010416666666666667 0.017592592592592594
7 0.8444444444444444 0.24557291666666667 0.007407407407407407 0.0140625
7 0.8592592592592592 0.23802083333333332 0.00925925925925926 0.011458333333333333
8 0.8287037037037037 0.2598958333333333 0.01111111111111111 0.010416666666666666
5 0.8300925925925925 0.2630208333333333 0.010185185185185184 0.008333333333333333
8 0.7902777777777777 0.26197916666666665 0.010185185185185184 0.011458333333333333
5 0.7902777777777777 0.265625 0.012037037037037037 0.008333333333333333
1 0.8287037037037037 0.2546875 0.02037037037037037 0.008333333333333333
3 0.8625 0.25416666666666665 0.03981481481481482 0.013541666666666667
8 0.8541666666666666 0.2546875 0.008333333333333333 0.011458333333333333
8 0.8259259259259258 0.25 0.007407407407407407 0.008333333333333333
7 0.7421296296296297 0.23046875 0.008333333333333333 0.009895833333333333
7 0.5652777777777778 0.2671875 0.008333333333333333 0.015625
7 0.6726851851851852 0.2635416666666667 0.008333333333333333 0.0125
7 0.6314814814814814 0.24322916666666666 0.007407407407407407 0.014583333333333334
7 0.6175925925925925 0.24505208333333334 0.00925925925925926 0.015104166666666667
7 0.8009259259259258 0.228125 0.005555555555555555 0.008333333333333333
8 0.47407407407407404 0.24583333333333332 0.01111111111111111 0.008333333333333333