8 0.737037037037037 0.284375 0.02592592592592592 0.022916666666666665
5 0.7425925925925925 0.29791666666666666 0.05555555555555555 0.027083333333333334
4 0.687962962962963 0.07916666666666666 0.09074074074074073 0.04583333333333333
4 0.6119791666666666 0.017592592592592594 0.07916666666666666 0.03518518518518519
5 0.12037037037037036 0.4479166666666667 0.08518518518518518 0.029166666666666667
3 0.3564814814814815 0.5354166666666667 0.1537037037037037 0.052083333333333336
3 0.32314814814814813 0.4244791666666667 0.1648148148148148 0.08645833333333333
10 0.6259259259259259 0.41510416666666666 0.1074074074074074 0.090625
3 0.8814814814814814 0.4921875 0.10370370370370369 0.10729166666666666
5 0.3768518518518518 0.28072916666666664 0.046296296296296294 0.03229166666666667
3 0.5064814814814814 0.290625 0.12777777777777777 0.05416666666666667
3 0.6074074074074074 0.3375 0.08888888888888888 0.05625
3 0.6805555555555555 0.25885416666666666 0.07592592592592592 0.053125
3 0.9037037037037037 0.28958333333333336 0.06296296296296296 0.04791666666666667
10 0.9942708333333333 0.3111111111111111 0.011458333333333333 0.11481481481481481
3 0.8018518518518518 0.22395833333333334 0.06296296296296296 0.03958333333333333
10 0.6555555555555554 0.18385416666666668 0.059259259259259255 0.034375
3 0.5666666666666667 0.1875 0.06296296296296296 0.03333333333333333
3 0.8555555555555555 0.16927083333333334 0.05555555555555555 0.03229166666666667
3 0.7537037037037037 0.184375 0.059259259259259255 0.035416666666666666
3 0.8870370370370371 0.1328125 0.06666666666666667 0.019791666666666666
3 0.6370370370370371 0.11458333333333333 0.07037037037037037 0.01875
8 0.5064814814814814 0.171875 0.016666666666666666 0.027083333333333334
8 0.5259259259259259 0.165625 0.02592592592592592 0.025
3 0.7166666666666667 0.14322916666666666 0.07037037037037037 0.028125
9 0.8712962962962962 0.075 0.03518518518518519 0.025
3 0.8 0.13802083333333334 0.04814814814814815 0.03229166666666667
3 0.8268518518518518 0.109375 0.05 0.03333333333333333
3 0.9203703703703704 0.07916666666666666 0.03703703703703704 0.022916666666666665
3 0.9963541666666667 0.058333333333333334 0.007291666666666667 0.020370370370370372
9 0.7546296296296297 0.050520833333333334 0.03148148148148148 0.015625
3 0.6787037037037037 0.050520833333333334 0.04259259259259259 0.017708333333333333
3 0.7907407407407407 0.03333333333333333 0.05185185185185184 0.016666666666666666
3 0.8787037037037037 0.016666666666666666 0.05 0.016666666666666666
3 0.687962962962963 0.0390625 0.04259259259259259 0.013541666666666667
3 0.7046296296296296 0.03125 0.03888888888888888 0.016666666666666666
3 0.6822916666666666 0.005555555555555556 0.03125 0.011111111111111112
3 0.9703703703703703 0.0234375 0.059259259259259255 0.015625
8 0.9287037037037037 0.021354166666666667 0.01296296296296296 0.013541666666666667
7 0.9416666666666667 0.020833333333333332 0.00925925925925926 0.016666666666666666
7 0.9546296296296295 0.0140625 0.005555555555555555 0.011458333333333333
7 0.9592592592592591 0.013541666666666667 0.007407407407407407 0.010416666666666666