7 0.6444444444444444 0.509375 0.059259259259259255 0.0375
7 0.8037037037037037 0.4359375 0.04814814814814815 0.040625
7 0.12037037037037036 0.5229166666666667 0.1074074074074074 0.03333333333333333
7 0.3379629629629629 0.3458333333333333 0.07962962962962963 0.05416666666666667
7 0.5259259259259259 0.34427083333333336 0.06666666666666667 0.05520833333333333
7 0.6990740740740741 0.35208333333333336 0.0574074074074074 0.041666666666666664
7 0.812962962962963 0.34739583333333335 0.06296296296296296 0.042708333333333334
7 0.9351851851851851 0.3333333333333333 0.05185185185185184 0.05625
7 0.9712962962962962 0.22447916666666667 0.03888888888888888 0.04479166666666667
7 0.8583333333333333 0.2328125 0.04259259259259259 0.053125
7 0.7092592592592591 0.23489583333333333 0.06666666666666667 0.051041666666666666
7 0.5824074074074074 0.2390625 0.0574074074074074 0.057291666666666664
7 0.4009259259259259 0.234375 0.0685185185185185 0.05
7 0.3138888888888889 0.2833333333333333 0.07592592592592592 0.052083333333333336
7 0.20925925925925926 0.23333333333333334 0.08888888888888888 0.04375
7 0.03125 0.21296296296296297 0.0625 0.03888888888888889
7 0.05092592592592592 0.1859375 0.07222222222222222 0.03854166666666667
7 0.019270833333333334 0.22592592592592592 0.03854166666666667 0.02962962962962963
7 0.975 0.1734375 0.046296296296296294 0.040625
7 0.836111111111111 0.16927083333333334 0.04259259259259259 0.036458333333333336
7 0.7212962962962963 0.171875 0.0537037037037037 0.0375
7 0.6018518518518517 0.16875 0.07037037037037037 0.041666666666666664
7 0.43796296296296294 0.16666666666666666 0.06481481481481481 0.03333333333333333
7 0.2722222222222222 0.17708333333333334 0.07037037037037037 0.04375
7 0.23148148148148145 0.17552083333333332 0.06296296296296296 0.04479166666666667
7 0.1935185185185185 0.17708333333333334 0.0574074074074074 0.03958333333333333
7 0.9379629629629629 0.14114583333333333 0.03518518518518519 0.040625
7 0.8509259259259259 0.14322916666666666 0.03148148148148148 0.040625
7 0.8148148148148148 0.14114583333333333 0.029629629629629627 0.042708333333333334
7 0.7824074074074073 0.14010416666666667 0.027777777777777776 0.042708333333333334
7 0.712962962962963 0.14427083333333332 0.03703703703703704 0.036458333333333336
7 0.6712962962962963 0.14947916666666666 0.03148148148148148 0.03854166666666667
7 0.5712962962962963 0.13229166666666667 0.04259259259259259 0.041666666666666664
7 0.5333333333333333 0.125 0.04074074074074074 0.035416666666666666
7 0.48796296296296293 0.12604166666666666 0.04259259259259259 0.035416666666666666
7 0.3222222222222222 0.16145833333333334 0.059259259259259255 0.041666666666666664
7 0.2935185185185185 0.15104166666666666 0.046296296296296294 0.03333333333333333
7 0.20740740740740737 0.14166666666666666 0.05185185185185184 0.035416666666666666
7 0.18055555555555552 0.14010416666666667 0.0537037037037037 0.034375
7 0.1361111111111111 0.13020833333333334 0.0574074074074074 0.04375
7 0.3935185185185185 0.15 0.046296296296296294 0.03958333333333333
7 0.4111111111111111 0.1484375 0.01851851851851852 0.017708333333333333
7 0.4509259259259259 0.14895833333333333 0.0537037037037037 0.041666666666666664
7 0.4574074074074074 0.12604166666666666 0.05185185185185184 0.04791666666666667
7 0.4064814814814815 0.12760416666666666 0.03888888888888888 0.036458333333333336
7 0.32870370370370366 0.14166666666666666 0.05 0.03958333333333333
7 0.3509259259259259 0.13020833333333334 0.04259259259259259 0.0375
7 0.387037037037037 0.12083333333333333 0.03333333333333333 0.029166666666666667
7 0.42407407407407405 0.11354166666666667 0.029629629629629627 0.03125
7 0.6287037037037037 0.11354166666666667 0.03518518518518519 0.04375
7 0.7592592592592592 0.11145833333333334 0.03333333333333333 0.04375
7 0.8074074074074074 0.09947916666666666 0.029629629629629627 0.040625
7 0.8796296296296295 0.11197916666666667 0.02222222222222222 0.03854166666666667
7 0.8546296296296295 0.13020833333333334 0.024074074074074074 0.0375
7 0.9148148148148147 0.11458333333333333 0.02592592592592592 0.0375
5 0.975 0.08541666666666667 0.04259259259259259 0.06041666666666667
5 0.9259259259259258 0.08333333333333333 0.04074074074074074 0.0375
7 0.6 0.08385416666666666 0.04074074074074074 0.04479166666666667
8 0.8166666666666667 0.04739583333333333 0.06666666666666667 0.013541666666666667
1 0.7768518518518518 0.04739583333333333 0.024074074074074074 0.03229166666666667
7 0.75 0.06822916666666666 0.03333333333333333 0.042708333333333334
7 0.725 0.07916666666666666 0.027777777777777776 0.03958333333333333
7 0.6944444444444444 0.06354166666666666 0.03333333333333333 0.03958333333333333
7 0.7185185185185184 0.06145833333333333 0.029629629629629627 0.035416666666666666
1 0.9 0.020833333333333332 0.029629629629629627 0.03958333333333333
8 0.5962962962962963 0.0546875 0.029629629629629627 0.019791666666666666
8 0.5962962962962963 0.0390625 0.029629629629629627 0.019791666666666666
7 0.5314814814814814 0.04114583333333333 0.03333333333333333 0.036458333333333336
7 0.49166666666666664 0.09010416666666667 0.03888888888888888 0.036458333333333336
7 0.4444444444444444 0.078125 0.04814814814814815 0.04375
7 0.3851851851851852 0.09895833333333333 0.04074074074074074 0.03125
8 0.6175925925925925 0.029166666666666667 0.024074074074074074 0.020833333333333332
8 0.6953703703703703 0.03697916666666667 0.024074074074074074 0.021875
8 0.6833333333333333 0.03177083333333333 0.02222222222222222 0.023958333333333335
8 0.6675925925925925 0.028645833333333332 0.016666666666666666 0.021875
8 0.649074074074074 0.027083333333333334 0.02037037037037037 0.020833333333333332
7 0.4611111111111111 0.025520833333333333 0.04444444444444444 0.042708333333333334
8 0.5895833333333333 0.011111111111111112 0.028125 0.022222222222222223
1 0.7583333333333333 0.017592592592592594 0.03125 0.03518518518518519
5 0.7927083333333333 0.017592592592592594 0.026041666666666668 0.03518518518518519
7 0.39259259259259255 0.0625 0.03333333333333333 0.03958333333333333
7 0.3638888888888889 0.06197916666666667 0.04259259259259259 0.034375
7 0.34629629629629627 0.11197916666666667 0.04444444444444444 0.036458333333333336
7 0.32314814814814813 0.09635416666666667 0.03888888888888888 0.03229166666666667
7 0.2657407407407407 0.10833333333333334 0.0574074074074074 0.04375
7 0.29259259259259257 0.08958333333333333 0.04444444444444444 0.0375
7 0.2287037037037037 0.09635416666666667 0.046296296296296294 0.04479166666666667
7 0.2638888888888889 0.08854166666666667 0.046296296296296294 0.03958333333333333
7 0.2546296296296296 0.065625 0.05 0.03125
7 0.026041666666666668 0.1398148148148148 0.052083333333333336 0.040740740740740744
7 0.041666666666666664 0.1125 0.07592592592592592 0.041666666666666664
7 0.026041666666666668 0.11851851851851852 0.052083333333333336 0.04259259259259259
7 0.1111111111111111 0.06927083333333334 0.059259259259259255 0.040625
1 0.10277777777777777 0.05364583333333333 0.06481481481481481 0.040625
1 0.26759259259259255 0.04583333333333333 0.05 0.03333333333333333
1 0.22685185185185183 0.04479166666666667 0.0574074074074074 0.03958333333333333
7 0.022916666666666665 0.07407407407407407 0.04583333333333333 0.03888888888888889
7 0.032407407407407406 0.059375 0.0574074074074074 0.041666666666666664
1 0.023148148148148147 0.05677083333333333 0.03888888888888888 0.040625
7 0.032407407407407406 0.030208333333333334 0.0574074074074074 0.03958333333333333
7 0.04375 0.01574074074074074 0.05416666666666667 0.03148148148148148
7 0.13518518518518519 0.0296875 0.04444444444444444 0.036458333333333336
7 0.15925925925925927 0.030729166666666665 0.04814814814814815 0.03854166666666667
7 0.18518518518518517 0.03125 0.04444444444444444 0.03958333333333333
7 0.3574074074074074 0.0328125 0.03703703703703704 0.036458333333333336
7 0.33888888888888885 0.034895833333333334 0.04074074074074074 0.040625
7 0.09635416666666667 0.013888888888888888 0.04479166666666667 0.027777777777777776
7 0.2760416666666667 0.010185185185185186 0.03333333333333333 0.020370370370370372
7 0.30833333333333335 0.010185185185185186 0.03125 0.020370370370370372
7 0.22604166666666667 0.008333333333333333 0.0375 0.016666666666666666