4 0.898611111111111 0.05416666666666667 0.0861111111111111 0.019791666666666666
4 0.9263888888888888 0.0796875 0.01944444444444444 0.017708333333333333
2 0.9 0.07265625 0.01296296296296296 0.009895833333333333
3 0.8717592592592591 0.07057291666666667 0.012037037037037037 0.0046875
3 0.849537037037037 0.07109375 0.008333333333333333 0.0036458333333333334
7 0.8328703703703704 0.07057291666666667 0.0027777777777777775 0.0046875
7 0.8305555555555555 0.0703125 0.0037037037037037034 0.005208333333333333
3 0.8537037037037037 0.08307291666666666 0.00925925925925926 0.0046875
3 0.8634259259259258 0.08567708333333333 0.010185185185185184 0.0046875
3 0.861111111111111 0.09036458333333333 0.01111111111111111 0.005729166666666666
2 0.8296296296296295 0.0828125 0.01296296296296296 0.007291666666666667
3 0.8273148148148147 0.0875 0.012037037037037037 0.005208333333333333
3 0.8134259259259259 0.08098958333333334 0.010185185185185184 0.0067708333333333336
11 0.8050925925925925 0.08463541666666667 0.010185185185185184 0.005729166666666666
11 0.8157407407407408 0.090625 0.01296296296296296 0.007291666666666667
3 0.8486111111111111 0.09869791666666666 0.010185185185185184 0.0067708333333333336
3 0.8324074074074074 0.10390625 0.014814814814814814 0.0078125
3 0.8189814814814814 0.10078125 0.012037037037037037 0.005729166666666666
3 0.8004629629629629 0.09947916666666666 0.012037037037037037 0.00625
3 0.7518518518518518 0.10494791666666667 0.03148148148148148 0.0078125
2 0.7833333333333333 0.10494791666666667 0.02222222222222222 0.016145833333333335
3 0.7925925925925925 0.10364583333333334 0.01111111111111111 0.008333333333333333
3 0.8199074074074074 0.1125 0.01574074074074074 0.007291666666666667
3 0.7865740740740741 0.11692708333333333 0.01944444444444444 0.0078125
3 0.7680555555555555 0.12005208333333334 0.01574074074074074 0.0078125
3 0.7819444444444444 0.12838541666666667 0.017592592592592594 0.009895833333333333
3 0.8263888888888888 0.12578125 0.013888888888888888 0.0078125
3 0.8240740740740741 0.13463541666666667 0.016666666666666666 0.009895833333333333
3 0.7638888888888888 0.14088541666666668 0.02037037037037037 0.011979166666666667
3 0.787037037037037 0.1453125 0.01851851851851852 0.010416666666666666
3 0.8097222222222221 0.15182291666666667 0.01944444444444444 0.0109375
3 0.8 0.1640625 0.024074074074074074 0.014583333333333334
3 0.774537037037037 0.15807291666666667 0.021296296296296296 0.011979166666666667
2 0.9546296296296295 0.09791666666666667 0.01851851851851852 0.016666666666666666
2 0.962037037037037 0.10807291666666667 0.02037037037037037 0.013020833333333334
2 0.9643518518518518 0.11796875 0.021296296296296296 0.016145833333333335
2 0.9722222222222221 0.12682291666666667 0.02592592592592592 0.0203125
3 0.9087962962962962 0.071875 0.00648148148148148 0.004166666666666667
3 0.9074074074074073 0.08255208333333333 0.00925925925925926 0.0046875
3 0.9101851851851851 0.08046875 0.00925925925925926 0.0036458333333333334
4 0.9162037037037037 0.075 0.012037037037037037 0.007291666666666667
3 0.990625 0.2740740740740741 0.01875 0.021296296296296296
3 0.9453703703703703 0.26276041666666666 0.03518518518518519 0.0203125
3 0.9472222222222222 0.28463541666666664 0.03703703703703704 0.022395833333333334
3 0.9560185185185185 0.3223958333333333 0.04351851851851852 0.027083333333333334
3 0.8907407407407407 0.3411458333333333 0.04814814814814815 0.030208333333333334
3 0.9846354166666667 0.43842592592592594 0.030729166666666665 0.049074074074074076
3 0.7597222222222222 0.4192708333333333 0.05277777777777778 0.046875
3 0.5884259259259259 0.4588541666666667 0.075 0.059375
3 0.624537037037037 0.3458333333333333 0.054629629629629625 0.035416666666666666
3 0.7087962962962963 0.30052083333333335 0.05092592592592592 0.029166666666666667
11 0.6935185185185184 0.24427083333333333 0.03518518518518519 0.026041666666666668
3 0.7462962962962963 0.221875 0.029629629629629627 0.01875
3 0.7175925925925924 0.19609375 0.027777777777777776 0.015104166666666667
3 0.9069444444444444 0.08723958333333333 0.010185185185185184 0.005729166666666666
3 0.9013888888888888 0.0921875 0.010185185185185184 0.005208333333333333
3 0.898611111111111 0.09583333333333334 0.012037037037037037 0.005208333333333333
3 0.8972222222222221 0.09973958333333334 0.01111111111111111 0.005729166666666666
3 0.8949074074074074 0.10572916666666667 0.012037037037037037 0.00625
3 0.8930555555555555 0.10963541666666667 0.012037037037037037 0.0067708333333333336
3 0.8898148148148147 0.11770833333333333 0.014814814814814814 0.007291666666666667
3 0.8902777777777777 0.12473958333333333 0.01574074074074074 0.0067708333333333336
11 0.8893518518518518 0.13229166666666667 0.01574074074074074 0.009375
2 0.861574074074074 0.1328125 0.025 0.021875
3 0.8870370370370371 0.15052083333333333 0.01851851851851852 0.009375
3 0.8791666666666667 0.16197916666666667 0.01944444444444444 0.010416666666666666
3 0.9129629629629629 0.16354166666666667 0.02037037037037037 0.010416666666666666
3 0.9314814814814815 0.15625 0.02037037037037037 0.010416666666666666
3 0.9435185185185184 0.1484375 0.016666666666666666 0.008333333333333333
3 0.9416666666666667 0.14140625 0.01851851851851852 0.009895833333333333
3 0.9138888888888889 0.14791666666666667 0.01851851851851852 0.009375
3 0.9152777777777777 0.13828125 0.01574074074074074 0.0078125
3 0.9106481481481481 0.13203125 0.01574074074074074 0.008854166666666666
3 0.9430555555555554 0.13567708333333334 0.017592592592592594 0.0078125
3 0.9388888888888888 0.13046875 0.016666666666666666 0.0078125
3 0.9375 0.1234375 0.013888888888888888 0.00625
3 0.9148148148148147 0.12526041666666668 0.014814814814814814 0.0078125
11 0.9092592592592592 0.11796875 0.01296296296296296 0.0078125
3 0.9361111111111111 0.11770833333333333 0.01296296296296296 0.007291666666666667
3 0.936574074074074 0.11458333333333333 0.012037037037037037 0.00625
3 0.9138888888888889 0.1125 0.01296296296296296 0.007291666666666667
3 0.9138888888888889 0.10677083333333333 0.01296296296296296 0.007291666666666667
3 0.9138888888888889 0.10286458333333333 0.01111111111111111 0.005729166666666666
3 0.9152777777777777 0.09947916666666666 0.010185185185185184 0.004166666666666667
3 0.9166666666666666 0.09713541666666667 0.01111111111111111 0.005729166666666666
3 0.9162037037037037 0.09375 0.012037037037037037 0.005208333333333333
3 0.9185185185185184 0.09088541666666666 0.00925925925925926 0.0046875
3 0.9361111111111111 0.09244791666666667 0.01111111111111111 0.005729166666666666
3 0.9356481481481481 0.096875 0.010185185185185184 0.005208333333333333
3 0.9333333333333333 0.10104166666666667 0.01111111111111111 0.005208333333333333
3 0.9337962962962962 0.10572916666666667 0.012037037037037037 0.00625
3 0.9356481481481481 0.11015625 0.012037037037037037 0.005729166666666666
3 0.2569444444444444 0.21510416666666668 0.030555555555555555 0.014583333333333334
3 0.22314814814814812 0.21458333333333332 0.046296296296296294 0.013541666666666667
3 0.18518518518518517 0.21380208333333334 0.04259259259259259 0.013020833333333334
3 0.2930555555555555 0.19635416666666666 0.045370370370370366 0.011458333333333333
3 0.31851851851851853 0.18854166666666666 0.03703703703703704 0.015625
3 0.2564814814814815 0.19609375 0.04259259259259259 0.0140625
3 0.2787037037037037 0.1890625 0.03888888888888888 0.010416666666666666
3 0.21527777777777776 0.19661458333333334 0.047222222222222214 0.016145833333333335
3 0.2412037037037037 0.18828125 0.03796296296296296 0.009895833333333333
3 0.2046296296296296 0.18697916666666667 0.03703703703703704 0.009375
3 0.17916666666666667 0.19635416666666666 0.03796296296296296 0.015625
3 0.15138888888888888 0.19322916666666667 0.03425925925925925 0.0125
3 0.17129629629629628 0.18645833333333334 0.03703703703703704 0.009375
3 0.15462962962962962 0.1609375 0.04259259259259259 0.010416666666666666
3 0.13842592592592592 0.15703125 0.04351851851851852 0.0109375
11 0.12546296296296297 0.1546875 0.041666666666666664 0.010416666666666666
3 0.09537037037037037 0.15651041666666668 0.04074074074074074 0.009895833333333333
3 0.07731481481481481 0.15390625 0.045370370370370366 0.0109375
3 0.011979166666666667 0.19537037037037036 0.023958333333333335 0.01574074074074074
3 0.03148148148148148 0.18489583333333334 0.03703703703703704 0.009375
3 0.009375 0.18564814814814815 0.01875 0.008333333333333333
3 0.06388888888888888 0.171875 0.06111111111111111 0.011458333333333333
3 0.04907407407407407 0.16848958333333333 0.05555555555555555 0.0109375
3 0.01944444444444444 0.1671875 0.03703703703703704 0.011458333333333333
11 0.005989583333333334 0.17083333333333334 0.011979166666666667 0.013888888888888888
3 0.01944444444444444 0.16354166666666667 0.03333333333333333 0.009375
3 0.019010416666666665 0.16111111111111112 0.03802083333333333 0.009259259259259259