3 0.9023148148148148 0.4236979166666667 0.0787037037037037 0.0421875
10 0.7814814814814814 0.41875 0.059259259259259255 0.042708333333333334
3 0.7972222222222222 0.36432291666666666 0.03703703703703704 0.019270833333333334
3 0.5773148148148147 0.41640625 0.07129629629629629 0.03802083333333333
3 0.5259259259259259 0.3848958333333333 0.06481481481481481 0.021875
3 0.9087962962962962 0.37421875 0.05648148148148148 0.018229166666666668
0 0.4009259259259259 0.4908854166666667 0.08148148148148147 0.0703125
11 0.058854166666666666 0.4162037037037037 0.11770833333333333 0.03981481481481482
3 0.20092592592592592 0.3984375 0.14629629629629629 0.025
3 0.41435185185185186 0.3919270833333333 0.07685185185185185 0.025520833333333333
3 0.399074074074074 0.3611979166666667 0.04074074074074074 0.018229166666666668
5 0.20879629629629629 0.5395833333333333 0.05092592592592592 0.04479166666666667
3 0.0578125 0.49027777777777776 0.115625 0.05740740740740741
8 0.21157407407407405 0.5234375 0.054629629629629625 0.04895833333333333
1 0.4009259259259259 0.43020833333333336 0.024074074074074074 0.021875
8 0.40138888888888885 0.4203125 0.021296296296296296 0.028125
7 0.6634259259259259 0.35130208333333335 0.008333333333333333 0.009895833333333333
5 0.662962962962963 0.35442708333333334 0.007407407407407407 0.008854166666666666
4 0.33379629629629626 0.38385416666666666 0.03611111111111111 0.025
7 0.36666666666666664 0.40390625 0.02222222222222222 0.024479166666666666
3 0.2564814814814815 0.39348958333333334 0.10185185185185185 0.0234375
3 0.45509259259259255 0.35130208333333335 0.058333333333333334 0.013020833333333334
7 0.4708333333333333 0.35494791666666664 0.008333333333333333 0.011979166666666667
3 0.5018518518518519 0.34921875 0.04444444444444444 0.013020833333333334
11 0.6560185185185184 0.34427083333333336 0.030555555555555555 0.0125
8 0.575 0.37005208333333334 0.00925925925925926 0.015104166666666667
1 0.575925925925926 0.3768229166666667 0.01111111111111111 0.0140625
9 0.6328703703703703 0.3770833333333333 0.02685185185185185 0.016666666666666666
4 0.599537037037037 0.34010416666666665 0.05277777777777778 0.014583333333333334
4 0.7726851851851851 0.31015625 0.032407407407407406 0.0140625
4 0.8347222222222221 0.31614583333333335 0.0287037037037037 0.013541666666666667
3 0.8018518518518518 0.34036458333333336 0.024074074074074074 0.011979166666666667
3 0.8662037037037037 0.33307291666666666 0.01944444444444444 0.0078125
3 0.8407407407407407 0.34791666666666665 0.02592592592592592 0.011458333333333333
3 0.925 0.36015625 0.03703703703703704 0.015104166666666667
3 0.9064814814814814 0.35598958333333336 0.029629629629629627 0.013020833333333334
3 0.8870370370370371 0.3421875 0.02222222222222222 0.009375
11 0.898611111111111 0.35 0.02685185185185185 0.014583333333333334
5 0.8560185185185184 0.36380208333333336 0.012037037037037037 0.0109375
3 0.8101851851851851 0.3223958333333333 0.01296296296296296 0.008333333333333333
3 0.9541666666666667 0.35182291666666665 0.025 0.0109375
3 0.9755208333333333 0.3365740740740741 0.04895833333333333 0.013888888888888888
3 0.9550925925925925 0.33255208333333336 0.06018518518518518 0.0140625
5 0.8814814814814814 0.38255208333333335 0.01296296296296296 0.0140625
5 0.874074074074074 0.3580729166666667 0.01111111111111111 0.009895833333333333
5 0.7513888888888888 0.3380208333333333 0.01574074074074074 0.005208333333333333
5 0.686574074074074 0.35052083333333334 0.00648148148148148 0.007291666666666667
5 0.6935185185185184 0.35130208333333335 0.005555555555555555 0.0067708333333333336
5 0.6907407407407408 0.33828125 0.005555555555555555 0.0067708333333333336
5 0.7379629629629629 0.3333333333333333 0.005555555555555555 0.00625
5 0.7291666666666666 0.328125 0.00462962962962963 0.00625
5 0.7476851851851851 0.3255208333333333 0.00462962962962963 0.004166666666666667
3 0.7398148148148148 0.32734375 0.01296296296296296 0.0078125
8 0.8833333333333333 0.3763020833333333 0.01296296296296296 0.0140625
8 0.8736111111111111 0.35390625 0.012037037037037037 0.008854166666666666
8 0.8564814814814814 0.35859375 0.014814814814814814 0.0109375
8 0.6949074074074074 0.3484375 0.008333333333333333 0.008333333333333333
8 0.687037037037037 0.346875 0.00925925925925926 0.008333333333333333
8 0.662962962962963 0.35 0.00925925925925926 0.008333333333333333
8 0.749074074074074 0.334375 0.005555555555555555 0.00625
7 0.7768518518518518 0.33255208333333336 0.005555555555555555 0.0078125
8 0.8425925925925924 0.3411458333333333 0.007407407407407407 0.008333333333333333
5 0.7930555555555555 0.32734375 0.00462962962962963 0.005729166666666666
5 0.7782407407407407 0.325 0.00462962962962963 0.004166666666666667
5 0.8277777777777777 0.328125 0.005555555555555555 0.004166666666666667
8 0.7782407407407407 0.3223958333333333 0.0027777777777777775 0.004166666666666667
8 0.7925925925925925 0.32447916666666665 0.0037037037037037034 0.004166666666666667
8 0.8268518518518518 0.32578125 0.0037037037037037034 0.0046875
0 0.6837962962962963 0.33098958333333334 0.017592592592592594 0.0140625
4 0.7078703703703704 0.3268229166666667 0.0287037037037037 0.011979166666666667
0 0.8689814814814815 0.32916666666666666 0.013888888888888888 0.009375
4 0.8949074074074074 0.33046875 0.013888888888888888 0.0109375
4 0.6587962962962963 0.3299479166666667 0.0287037037037037 0.011979166666666667
5 0.6902777777777778 0.3653645833333333 0.012037037037037037 0.011979166666666667
8 0.6898148148148148 0.3606770833333333 0.01111111111111111 0.011979166666666667