7 0.05555555555555556 0.2786764705882353 0.024836601307189544 0.026470588235294117
5 0.058823529411764705 0.2963235294117647 0.04183006535947712 0.030882352941176472
3 0.22875816993464052 0.32830882352941176 0.08366013071895424 0.05661764705882353
3 0.5418300653594771 0.31470588235294117 0.09281045751633986 0.04411764705882353
3 0.26666666666666666 0.22058823529411764 0.06013071895424836 0.03235294117647059
8 0.19215686274509802 0.25882352941176473 0.02875816993464052 0.022058823529411766
8 0.33856209150326794 0.29705882352941176 0.03398692810457516 0.027941176470588237
8 0.35555555555555557 0.23272058823529412 0.026143790849673203 0.019852941176470587
8 0.4620915032679739 0.19375 0.024836601307189544 0.0125
8 0.25882352941176473 0.24595588235294116 0.01830065359477124 0.0125
5 0.19477124183006533 0.2676470588235294 0.02875816993464052 0.022058823529411766
5 0.2594771241830065 0.2577205882352941 0.02745098039215686 0.01838235294117647
5 0.3372549019607843 0.30514705882352944 0.03137254901960784 0.022058823529411766
5 0.357516339869281 0.2400735294117647 0.03006535947712418 0.019852941176470587
9 0.1803921568627451 0.15698529411764706 0.03398692810457516 0.021323529411764706
11 0.13137254901960785 0.2088235294117647 0.06666666666666667 0.04852941176470588
3 0.4013071895424836 0.11066176470588235 0.03660130718954248 0.019852941176470587
3 0.461437908496732 0.09963235294117648 0.03137254901960784 0.016911764705882352
3 0.3849673202614379 0.08125 0.03006535947712418 0.016911764705882352
3 0.4333333333333333 0.08455882352941177 0.032679738562091505 0.014705882352941176
3 0.5202614379084968 0.09963235294117648 0.07320261437908496 0.016911764705882352
9 0.5281045751633987 0.22316176470588237 0.026143790849673203 0.022794117647058822
5 0.5947712418300652 0.1922794117647059 0.023529411764705882 0.01838235294117647
5 0.6039215686274509 0.14669117647058824 0.03660130718954248 0.013970588235294118
5 0.5954248366013072 0.1349264705882353 0.03529411764705882 0.013970588235294118
3 0.28169934640522876 0.19191176470588237 0.06143790849673203 0.03235294117647059
3 0.29673202614379085 0.16433823529411765 0.05228758169934641 0.028676470588235293
3 0.3091503267973856 0.1463235294117647 0.043137254901960784 0.01911764705882353
8 0.230718954248366 0.15625 0.01699346405228758 0.0125
8 0.22875816993464052 0.16838235294117648 0.01568627450980392 0.01764705882352941
5 0.230718954248366 0.17536764705882352 0.0196078431372549 0.016911764705882352
5 0.23202614379084965 0.16139705882352942 0.01699346405228758 0.013970588235294118
3 0.3026143790849673 0.12941176470588237 0.043137254901960784 0.01911764705882353
3 0.3078431372549019 0.11470588235294117 0.03790849673202614 0.016176470588235296
3 0.3137254901960784 0.10441176470588236 0.03660130718954248 0.01764705882352941
3 0.3202614379084967 0.09338235294117647 0.03398692810457516 0.016176470588235296
3 0.32941176470588235 0.08161764705882353 0.02875816993464052 0.01764705882352941
3 0.3437908496732026 0.07205882352941176 0.02875816993464052 0.014705882352941176
3 0.34901960784313724 0.06544117647058824 0.02875816993464052 0.014705882352941176
3 0.22287581699346404 0.12536764705882353 0.04052287581699346 0.025735294117647058
11 0.24313725490196075 0.10404411764705883 0.04967320261437909 0.027205882352941177
3 0.18627450980392155 0.026838235294117645 0.0457516339869281 0.0125
7 0.2771241830065359 0.10661764705882353 0.01045751633986928 0.01764705882352941
8 0.25620915032679736 0.07316176470588236 0.01045751633986928 0.011029411764705883
1 0.25620915032679736 0.07867647058823529 0.01045751633986928 0.010294117647058823
5 0.2647058823529412 0.06433823529411764 0.011764705882352941 0.009558823529411765
3 0.21830065359477122 0.06544117647058824 0.04967320261437909 0.011764705882352941
3 0.22875816993464052 0.060294117647058824 0.04967320261437909 0.011764705882352941
3 0.23594771241830062 0.05 0.04836601307189542 0.011764705882352941
3 0.25032679738562086 0.04191176470588235 0.04836601307189542 0.011764705882352941
2 0.2954248366013072 0.06544117647058824 0.044444444444444446 0.033823529411764704
2 0.42287581699346405 0.05919117647058823 0.043137254901960784 0.028676470588235293
3 0.4294117647058823 0.033823529411764704 0.0196078431372549 0.010294117647058823
3 0.39803921568627443 0.05110294117647059 0.0196078431372549 0.011029411764705883
3 0.3941176470588235 0.04632352941176471 0.0196078431372549 0.011764705882352941
3 0.3941176470588235 0.039705882352941174 0.0196078431372549 0.011764705882352941
3 0.3947712418300654 0.03566176470588235 0.023529411764705882 0.011029411764705883
8 0.4424836601307189 0.04522058823529412 0.00915032679738562 0.006617647058823529
5 0.4424836601307189 0.04963235294117647 0.00915032679738562 0.005147058823529412
8 0.4640522875816993 0.07095588235294117 0.01045751633986928 0.008088235294117648
5 0.4640522875816993 0.07573529411764705 0.01045751633986928 0.008823529411764706
3 0.461437908496732 0.05661764705882353 0.026143790849673203 0.013235294117647059
4 0.5366013071895425 0.054411764705882354 0.11372549019607843 0.0661764705882353
7 0.47058823529411764 0.04191176470588235 0.00784313725490196 0.010294117647058823
7 0.4477124183006535 0.03529411764705882 0.00915032679738562 0.010294117647058823
3 0.4699346405228758 0.03272058823529412 0.01437908496732026 0.008088235294117648
7 0.165359477124183 0.05955882352941176 0.011764705882352941 0.010294117647058823
7 0.1542483660130719 0.05698529411764706 0.00784313725490196 0.011029411764705883
7 0.1477124183006536 0.05588235294117647 0.00784313725490196 0.010294117647058823
1 0.18366013071895423 0.04852941176470588 0.022222222222222223 0.007352941176470588
3 0.1398692810457516 0.028308823529411765 0.02091503267973856 0.009558823529411765
3 0.1699346405228758 0.012867647058823529 0.026143790849673203 0.009558823529411765
8 0.2281045751633987 0.026470588235294117 0.011764705882352941 0.0058823529411764705
1 0.2281045751633987 0.030882352941176472 0.0196078431372549 0.007352941176470588
8 0.19150326797385622 0.016176470588235296 0.00915032679738562 0.0058823529411764705
1 0.19215686274509802 0.01875 0.01568627450980392 0.006617647058823529
5 0.23725490196078428 0.0125 0.024836601307189544 0.008823529411764706
9 0.461437908496732 0.2036764705882353 0.03137254901960784 0.01911764705882353
8 0.6287581699346405 0.3863970588235294 0.02875816993464052 0.03161764705882353
8 0.6228758169934641 0.3761029411764706 0.03006535947712418 0.03161764705882353
8 0.6228758169934641 0.51875 0.043137254901960784 0.03308823529411765
5 0.6228758169934641 0.3849264705882353 0.0457516339869281 0.03308823529411765
5 0.6196078431372549 0.5272058823529412 0.047058823529411764 0.04411764705882353
8 0.7993464052287581 0.31213235294117647 0.022222222222222223 0.015441176470588236
7 0.8385620915032679 0.31176470588235294 0.0196078431372549 0.029411764705882353
1 1 0.503921568627451 0 0.03529411764705882