2 0.2550925925925926 0.52265625 0.2046296296296296 0.07864583333333333
3 0.3777777777777777 0.484375 0.07592592592592592 0.03958333333333333
3 0.4064814814814815 0.4466145833333333 0.06296296296296296 0.033854166666666664
3 0.3986111111111111 0.5369791666666667 0.08425925925925926 0.046875
11 0.4481481481481481 0.48802083333333335 0.07222222222222222 0.04375
11 0.49166666666666664 0.5315104166666667 0.08333333333333333 0.0578125
11 0.4837962962962962 0.4515625 0.06018518518518518 0.036458333333333336
3 0.5351851851851851 0.48489583333333336 0.0574074074074074 0.03854166666666667
3 0.5592592592592592 0.44765625 0.05555555555555555 0.03177083333333333
3 0.5162037037037037 0.4278645833333333 0.05277777777777778 0.025520833333333333
3 0.5402777777777777 0.40729166666666666 0.047222222222222214 0.026041666666666668
3 0.5601851851851851 0.3848958333333333 0.04259259259259259 0.022916666666666665
3 0.5407407407407407 0.3684895833333333 0.046296296296296294 0.021354166666666667
3 0.6412037037037037 0.43255208333333334 0.04351851851851852 0.0296875
3 0.6157407407407407 0.4666666666666667 0.0537037037037037 0.034375
3 0.5962962962962963 0.5109375 0.06111111111111111 0.04479166666666667
3 0.575925925925926 0.54921875 0.06666666666666667 0.025520833333333333
11 0.674074074074074 0.528125 0.06111111111111111 0.05
3 0.6912037037037037 0.4942708333333333 0.054629629629629625 0.042708333333333334
11 0.6981481481481481 0.44921875 0.04814814814814815 0.04010416666666667
4 0.7912037037037037 0.22447916666666667 0.2046296296296296 0.03125
3 0.6203703703703703 0.30078125 0.02037037037037037 0.0109375
3 0.8685185185185185 0.32838541666666665 0.024074074074074074 0.011979166666666667
3 0.899074074074074 0.321875 0.024074074074074074 0.0125
3 0.8476851851851851 0.32057291666666665 0.02685185185185185 0.011979166666666667
3 0.8587962962962962 0.3143229166666667 0.023148148148148147 0.0109375
3 0.8879629629629628 0.31197916666666664 0.02222222222222222 0.010416666666666666
3 0.8555555555555555 0.30755208333333334 0.01851851851851852 0.008854166666666666
3 0.8828703703703703 0.30390625 0.01944444444444444 0.009895833333333333
3 0.8773148148148148 0.29739583333333336 0.017592592592592594 0.009375
3 0.8486111111111111 0.2989583333333333 0.01944444444444444 0.009375
3 0.8467592592592592 0.29348958333333336 0.01574074074074074 0.0078125
3 0.8712962962962962 0.2916666666666667 0.01851851851851852 0.009375
3 0.8689814814814815 0.28802083333333334 0.01574074074074074 0.007291666666666667
3 0.8444444444444444 0.28984375 0.014814814814814814 0.0078125
3 0.8888888888888888 0.2833333333333333 0.014814814814814814 0.009375
3 0.8856481481481481 0.2760416666666667 0.013888888888888888 0.00625
3 0.8819444444444444 0.27239583333333334 0.013888888888888888 0.007291666666666667
3 0.8796296296296295 0.27005208333333336 0.01296296296296296 0.0067708333333333336
3 0.875 0.2677083333333333 0.01296296296296296 0.00625
3 0.875 0.26510416666666664 0.01296296296296296 0.00625
11 0.874074074074074 0.26223958333333336 0.01296296296296296 0.005729166666666666
2 0.8722222222222221 0.2559895833333333 0.01851851851851852 0.0109375
2 0.8703703703703703 0.24921875 0.014814814814814814 0.009895833333333333
3 0.8814814814814814 0.24791666666666667 0.016666666666666666 0.005208333333333333
3 0.8865740740740741 0.2453125 0.017592592592592594 0.00625
3 0.8560185185185184 0.24557291666666667 0.017592592592592594 0.0046875
7 0.8601851851851852 0.24973958333333332 0.0018518518518518517 0.0046875
7 0.8449074074074073 0.246875 0.0027777777777777775 0.005208333333333333
3 0.8351851851851851 0.24609375 0.02037037037037037 0.0046875
3 0.8222222222222222 0.2453125 0.01296296296296296 0.004166666666666667
3 0.8175925925925925 0.24401041666666667 0.02037037037037037 0.005729166666666666
8 0.798611111111111 0.24505208333333334 0.0027777777777777775 0.0036458333333333334
5 0.799537037037037 0.24713541666666666 0.008333333333333333 0.0036458333333333334
3 0.7888888888888889 0.24427083333333333 0.02037037037037037 0.004166666666666667
7 0.7685185185185185 0.2453125 0.0037037037037037034 0.005208333333333333
3 0.7513888888888888 0.24375 0.021296296296296296 0.004166666666666667
3 0.7481481481481481 0.25052083333333336 0.00925925925925926 0.005208333333333333
3 0.7375 0.25703125 0.013888888888888888 0.0067708333333333336
8 0.7203703703703703 0.24427083333333333 0.0037037037037037034 0.003125
1 0.7199074074074073 0.24557291666666667 0.00648148148148148 0.0026041666666666665
3 0.7277777777777777 0.24635416666666668 0.01111111111111111 0.005208333333333333
3 0.7259259259259259 0.24348958333333334 0.01851851851851852 0.0036458333333333334
3 0.7268518518518517 0.24166666666666667 0.016666666666666666 0.004166666666666667
3 0.7143518518518518 0.24088541666666666 0.01574074074074074 0.0036458333333333334
3 0.7069444444444444 0.24713541666666666 0.010185185185185184 0.0046875
3 0.7013888888888888 0.24401041666666667 0.017592592592592594 0.0046875
3 0.7046296296296296 0.2421875 0.01851851851851852 0.004166666666666667
3 0.6962962962962963 0.2546875 0.01111111111111111 0.00625
3 0.7041666666666667 0.25729166666666664 0.010185185185185184 0.00625
8 0.6939814814814814 0.26015625 0.00462962962962963 0.0046875
1 0.6944444444444444 0.2630208333333333 0.005555555555555555 0.004166666666666667
11 0.6800925925925925 0.2598958333333333 0.012037037037037037 0.008333333333333333
3 0.6657407407407407 0.26979166666666665 0.01296296296296296 0.00625
3 0.6578703703703703 0.27421875 0.013888888888888888 0.0067708333333333336
3 0.65 0.27838541666666666 0.016666666666666666 0.0078125
7 0.3592592592592592 0.2755208333333333 0.005555555555555555 0.008333333333333333
3 0.7921296296296296 0.2513020833333333 0.010185185185185184 0.005729166666666666
3 0.7902777777777777 0.25546875 0.012037037037037037 0.005729166666666666
3 0.7875 0.25885416666666666 0.012037037037037037 0.005208333333333333
3 0.7861111111111111 0.2609375 0.00925925925925926 0.005208333333333333
3 0.8106481481481481 0.2515625 0.010185185185185184 0.004166666666666667
11 0.8092592592592591 0.25625 0.00925925925925926 0.00625
3 0.8111111111111111 0.26875 0.01296296296296296 0.007291666666666667
3 0.8287037037037037 0.253125 0.01111111111111111 0.007291666666666667
3 0.8287037037037037 0.2565104166666667 0.01111111111111111 0.005729166666666666
3 0.8287037037037037 0.26276041666666666 0.01296296296296296 0.0067708333333333336
11 0.8305555555555555 0.26588541666666665 0.01111111111111111 0.0067708333333333336
3 0.8333333333333334 0.27005208333333336 0.01296296296296296 0.0067708333333333336
3 0.8337962962962961 0.27291666666666664 0.012037037037037037 0.005208333333333333
3 0.836111111111111 0.2786458333333333 0.01296296296296296 0.007291666666666667
3 0.8384259259259258 0.28203125 0.01574074074074074 0.0067708333333333336
3 0.8342592592592591 0.2859375 0.014814814814814814 0.007291666666666667
3 0.8449074074074073 0.29010416666666666 0.013888888888888888 0.007291666666666667
3 0.8472222222222221 0.29322916666666665 0.016666666666666666 0.00625
3 0.8481481481481481 0.2986979166666667 0.01851851851851852 0.008854166666666666
3 0.8555555555555555 0.3078125 0.02037037037037037 0.008333333333333333
3 0.8583333333333333 0.3151041666666667 0.02222222222222222 0.010416666666666666
3 0.8476851851851851 0.32057291666666665 0.02685185185185185 0.011979166666666667
3 0.8680555555555555 0.328125 0.025 0.013541666666666667
3 0.8657407407407407 0.28489583333333335 0.014814814814814814 0.007291666666666667
3 0.862037037037037 0.28098958333333335 0.014814814814814814 0.005729166666666666
3 0.8597222222222222 0.27682291666666664 0.013888888888888888 0.0078125
3 0.8564814814814814 0.27291666666666664 0.01296296296296296 0.007291666666666667
2 0.8550925925925925 0.265625 0.021296296296296296 0.015625
3 0.8481481481481481 0.2578125 0.01111111111111111 0.00625
3 0.8476851851851851 0.25416666666666665 0.010185185185185184 0.004166666666666667
3 0.8481481481481481 0.2518229166666667 0.00925925925925926 0.0046875