3 0.9388020833333334 0.4300925925925926 0.12239583333333333 0.05555555555555555
3 0.9744791666666667 0.34953703703703703 0.051041666666666666 0.02962962962962963
5 0.7328703703703704 0.4348958333333333 0.02685185185185185 0.020833333333333332
5 0.8189814814814814 0.40520833333333334 0.02685185185185185 0.020833333333333332
5 0.7435185185185185 0.3841145833333333 0.02222222222222222 0.018229166666666668
5 0.8416666666666667 0.3541666666666667 0.02222222222222222 0.019791666666666666
5 0.7527777777777778 0.31484375 0.024074074074074074 0.016145833333333335
5 0.836111111111111 0.31744791666666666 0.024074074074074074 0.016145833333333335
5 0.8666666666666667 0.31979166666666664 0.016666666666666666 0.015625
5 0.624537037037037 0.45364583333333336 0.06944444444444443 0.020833333333333332
5 0.5606481481481481 0.30833333333333335 0.05648148148148148 0.017708333333333333
5 0.711111111111111 0.296875 0.014814814814814814 0.0125
3 0.9846354166666667 0.2824074074074074 0.030729166666666665 0.022222222222222223
3 0.9050925925925924 0.26796875 0.04351851851851852 0.0203125
3 0.6199074074074074 0.27005208333333336 0.07129629629629629 0.0171875
1 0.9805555555555555 0.3255208333333333 0.03888888888888888 0.014583333333333334
7 0.9833333333333333 0.32109375 0.024074074074074074 0.0265625
7 0.7453703703703703 0.3765625 0.014814814814814814 0.020833333333333332
7 0.7296296296296296 0.42083333333333334 0.02222222222222222 0.019791666666666666
7 0.8166666666666667 0.39739583333333334 0.02222222222222222 0.019791666666666666
7 0.624537037037037 0.4473958333333333 0.02685185185185185 0.022916666666666665
7 0.8416666666666667 0.34270833333333334 0.02037037037037037 0.022916666666666665
7 0.7546296296296297 0.30703125 0.014814814814814814 0.021354166666666667
7 0.7134259259259258 0.28932291666666665 0.012037037037037037 0.016145833333333335
5 0.8763888888888888 0.24166666666666667 0.01574074074074074 0.011458333333333333
5 0.9041666666666667 0.23151041666666666 0.010185185185185184 0.011979166666666667
5 0.9194444444444444 0.22942708333333334 0.007407407407407407 0.0078125
5 0.9384259259259259 0.24192708333333332 0.008333333333333333 0.0078125
5 0.9129629629629629 0.24635416666666668 0.007407407407407407 0.007291666666666667
7 0.8768518518518518 0.234375 0.01111111111111111 0.011458333333333333
7 0.9375 0.23515625 0.010185185185185184 0.011979166666666667
7 0.9208333333333333 0.22682291666666668 0.012037037037037037 0.0078125
7 0.9125 0.23984375 0.012037037037037037 0.0078125
7 0.9032407407407407 0.22916666666666666 0.012037037037037037 0.008333333333333333
4 0.9037037037037037 0.20755208333333333 0.029629629629629627 0.024479166666666666
10 0.7421296296296297 0.24010416666666667 0.04907407407407407 0.040625
3 0.5509259259259259 0.2877604166666667 0.14074074074074075 0.0234375