4 0.02022058823529412 0.08104575163398693 0.04044117647058824 0.04183006535947712
11 0.31045751633986923 0.10441176470588236 0.050980392156862744 0.04264705882352941
7 0.14640522875816991 0.12904411764705884 0.01045751633986928 0.0125
7 0.1568627450980392 0.12941176470588237 0.01045751633986928 0.014705882352941176
7 0.35555555555555557 0.11213235294117647 0.01568627450980392 0.019852941176470587
7 0.34967320261437906 0.12279411764705882 0.0196078431372549 0.025
7 0.265359477124183 0.12095588235294118 0.01568627450980392 0.021323529411764706
7 0.28104575163398693 0.12022058823529412 0.01568627450980392 0.021323529411764706
7 0.33921568627450976 0.1463235294117647 0.0196078431372549 0.022058823529411766
3 0.3 0.15257352941176472 0.058823529411764705 0.03897058823529412
11 0.2980392156862745 0.20441176470588235 0.07581699346405228 0.060294117647058824
3 0.48954248366013065 0.1827205882352941 0.06666666666666667 0.05367647058823529
11 0.23725490196078428 0.4485294117647059 0.1738562091503268 0.1161764705882353
3 0.3542483660130719 0.3356617647058823 0.09411764705882353 0.08455882352941177
3 0.6084967320261437 0.010661764705882353 0.04052287581699346 0.019852941176470587
11 0.5660130718954248 0.01911764705882353 0.03137254901960784 0.026470588235294117
8 0.5418300653594771 0.030882352941176472 0.011764705882352941 0.014705882352941176
1 0.5405228758169934 0.03455882352941177 0.01699346405228758 0.016176470588235296
3 0.5647058823529412 0.16066176470588237 0.06013071895424836 0.0375
8 0.5732026143790849 0.07426470588235294 0.01699346405228758 0.013235294117647059
5 0.5725490196078431 0.08125 0.013071895424836602 0.013970588235294118
8 0.6169934640522876 0.06286764705882353 0.01568627450980392 0.013970588235294118
5 0.618954248366013 0.06985294117647059 0.011764705882352941 0.010294117647058823
7 0.7 0.11985294117647059 0.011764705882352941 0.025
7 0.7183006535947711 0.12426470588235294 0.01437908496732026 0.025
0 0.7470588235294118 0.14301470588235293 0.03529411764705882 0.028676470588235293
7 0.7379084967320262 0.13308823529411765 0.011764705882352941 0.020588235294117647
3 0.6640522875816993 0.13933823529411765 0.07058823529411765 0.030147058823529412
3 0.7405228758169935 0.21286764705882352 0.10326797385620914 0.05073529411764706
3 0.861437908496732 0.2566176470588235 0.08104575163398692 0.05
3 0.9286764705882353 0.3836601307189543 0.1426470588235294 0.08104575163398693
3 0.9959558823529412 0.4568627450980392 0.008088235294117648 0.09803921568627451
7 1 0.19281045751633988 0 0.02483660130718954
7 0.972549019607843 0.17720588235294119 0.01830065359477124 0.025
0 0.9588235294117647 0.21286764705882352 0.058823529411764705 0.03308823529411765
0 0.9985294117647059 0.28104575163398693 0.0029411764705882353 0.026143790849673203
10 0.9595588235294118 0.25359477124183005 0.08088235294117647 0.05359477124183006
0 0.9908088235294118 0.238562091503268 0.01838235294117647 0.03398692810457516
10 0.8712418300653595 0.0661764705882353 0.03790849673202614 0.020588235294117647
7 0.8183823529411764 0.00849673202614379 0.013235294117647059 0.01699346405228758
7 0.7849673202614378 0.0125 0.00915032679738562 0.016176470588235296
5 0.7954248366013073 0.025735294117647058 0.01437908496732026 0.014705882352941176
11 0.7838235294117647 0.006535947712418301 0.03823529411764706 0.013071895424836602
4 0.9897058823529412 0.0196078431372549 0.020588235294117647 0.0392156862745098