4 0.5106481481481481 0.0921875 0.06759259259259259 0.015625
3 0.9486111111111111 0.5416666666666666 0.10277777777777777 0.040625
3 0.9736979166666667 0.49398148148148147 0.05260416666666667 0.053703703703703705
3 0.8527777777777777 0.43854166666666666 0.07592592592592592 0.046875
3 0.12916666666666668 0.4786458333333333 0.1361111111111111 0.052083333333333336
3 0.5268518518518518 0.4125 0.0574074074074074 0.04583333333333333
8 0.24305555555555552 0.4276041666666667 0.021296296296296296 0.017708333333333333
8 0.24768518518518517 0.42604166666666665 0.021296296296296296 0.017708333333333333
5 0.24490740740740738 0.43723958333333335 0.017592592592592594 0.0203125
8 0.17037037037037037 0.37734375 0.01851851851851852 0.018229166666666668
1 0.17129629629629628 0.38723958333333336 0.014814814814814814 0.019270833333333334
8 0.225 0.37526041666666665 0.016666666666666666 0.0140625
8 0.2273148148148148 0.375 0.017592592592592594 0.016666666666666666
5 0.22592592592592592 0.3846354166666667 0.01851851851851852 0.016145833333333335
7 0.06666666666666667 0.30755208333333334 0.01111111111111111 0.018229166666666668
7 0.0587962962962963 0.30494791666666665 0.012037037037037037 0.018229166666666668
7 0.22777777777777777 0.275 0.01111111111111111 0.016666666666666666
7 0.23842592592592593 0.27395833333333336 0.013888888888888888 0.01875
10 0.25555555555555554 0.25078125 0.05 0.0359375
3 0.3509259259259259 0.3421875 0.0962962962962963 0.028125
8 0.22824074074074072 0.3359375 0.01944444444444444 0.021875
5 0.22916666666666666 0.3385416666666667 0.045370370370370366 0.0125
7 0.3384259259259259 0.30703125 0.012037037037037037 0.0171875
1 0.33379629629629626 0.3125 0.013888888888888888 0.011458333333333333
3 0.5101851851851852 0.3020833333333333 0.04074074074074074 0.022916666666666665
11 0.8587962962962962 0.3770833333333333 0.06574074074074074 0.035416666666666666
3 0.9291666666666667 0.37421875 0.07314814814814814 0.0359375
3 0.7657407407407407 0.34661458333333334 0.05555555555555555 0.028645833333333332
3 0.8458333333333333 0.31979166666666664 0.058333333333333334 0.027083333333333334
2 0.9004629629629629 0.30833333333333335 0.11203703703703702 0.06770833333333333
3 0.7680555555555555 0.29973958333333334 0.05277777777777778 0.025520833333333333
3 0.7087962962962963 0.30234375 0.045370370370370366 0.0203125
3 0.7893518518518517 0.2794270833333333 0.03796296296296296 0.019270833333333334
2 0.787962962962963 0.24661458333333333 0.07037037037037037 0.0421875
3 0.599537037037037 0.2643229166666667 0.032407407407407406 0.0203125
3 0.537037037037037 0.22682291666666668 0.029629629629629627 0.015104166666666667
3 0.6763888888888888 0.2708333333333333 0.03796296296296296 0.016666666666666666
3 0.7097222222222221 0.24817708333333333 0.03425925925925925 0.016145833333333335
3 0.6675925925925925 0.2518229166666667 0.03148148148148148 0.016145833333333335
3 0.6333333333333333 0.23046875 0.029629629629629627 0.0140625
3 0.6949074074074074 0.22552083333333334 0.030555555555555555 0.014583333333333334
3 0.6564814814814814 0.21666666666666667 0.027777777777777776 0.011458333333333333
3 0.6472222222222221 0.20520833333333333 0.024074074074074074 0.011458333333333333
2 0.7203703703703703 0.20755208333333333 0.05185185185185184 0.033854166666666664
3 0.6569444444444444 0.19635416666666666 0.023148148148148147 0.011458333333333333
3 0.625 0.190625 0.016666666666666666 0.010416666666666666
3 0.6476851851851851 0.18697916666666667 0.01944444444444444 0.010416666666666666
3 0.6347222222222222 0.17864583333333334 0.017592592592592594 0.008333333333333333
3 0.6208333333333333 0.17291666666666666 0.017592592592592594 0.009375
3 0.5967592592592592 0.17395833333333333 0.01574074074074074 0.008333333333333333
3 0.5782407407407407 0.17734375 0.01944444444444444 0.008854166666666666
3 0.5004629629629629 0.18020833333333333 0.017592592592592594 0.010416666666666666
3 0.5305555555555556 0.17057291666666666 0.01851851851851852 0.009895833333333333
3 0.5689814814814814 0.165625 0.017592592592592594 0.009375
2 0.625462962962963 0.15598958333333332 0.023148148148148147 0.0171875
3 0.5875 0.14895833333333333 0.013888888888888888 0.00625
3 0.5546296296296297 0.1546875 0.014814814814814814 0.00625
3 0.5574074074074074 0.14635416666666667 0.014814814814814814 0.00625
3 0.5722222222222222 0.14166666666666666 0.01296296296296296 0.005208333333333333
3 0.5893518518518518 0.14010416666666667 0.013888888888888888 0.00625
3 0.5805555555555555 0.1359375 0.01111111111111111 0.005208333333333333
3 0.5657407407407408 0.13697916666666668 0.01111111111111111 0.005208333333333333
3 0.5513888888888888 0.13984375 0.012037037037037037 0.005729166666666666
3 0.5472222222222222 0.13567708333333334 0.01111111111111111 0.0046875
3 0.5430555555555555 0.13177083333333334 0.012037037037037037 0.004166666666666667
3 0.5078703703703703 0.12630208333333334 0.010185185185185184 0.005729166666666666
3 0.575 0.13177083333333334 0.01111111111111111 0.005208333333333333
3 0.5699074074074074 0.1265625 0.010185185185185184 0.004166666666666667
3 0.5569444444444444 0.13020833333333334 0.010185185185185184 0.005208333333333333
3 0.5555555555555555 0.12838541666666667 0.01111111111111111 0.0046875
3 0.5523148148148148 0.12708333333333333 0.008333333333333333 0.004166666666666667
3 0.55 0.12526041666666668 0.007407407407407407 0.005729166666666666
3 0.563425925925926 0.12239583333333333 0.010185185185185184 0.005208333333333333
10 0.5592592592592592 0.11979166666666667 0.00925925925925926 0.005208333333333333
3 0.548148148148148 0.12057291666666667 0.00925925925925926 0.0036458333333333334
3 0.5222222222222223 0.12604166666666666 0.00925925925925926 0.004166666666666667
3 0.5212962962962963 0.12161458333333333 0.01111111111111111 0.0036458333333333334
3 0.5199074074074074 0.12005208333333334 0.008333333333333333 0.0036458333333333334
3 0.5393518518518517 0.128125 0.008333333333333333 0.004166666666666667
3 0.5356481481481481 0.12526041666666668 0.008333333333333333 0.0046875
3 0.5324074074074073 0.12083333333333333 0.00925925925925926 0.004166666666666667
3 0.5342592592592593 0.11953125 0.007407407407407407 0.0046875
3 0.5435185185185184 0.11822916666666666 0.007407407407407407 0.004166666666666667
3 0.5407407407407407 0.11640625 0.007407407407407407 0.0036458333333333334
3 0.5402777777777777 0.1125 0.00648148148148148 0.003125
3 0.5273148148148148 0.11666666666666667 0.00648148148148148 0.004166666666666667
3 0.5166666666666667 0.11666666666666667 0.00925925925925926 0.004166666666666667
3 0.5175925925925926 0.11302083333333333 0.007407407407407407 0.004166666666666667
11 0.5162037037037037 0.11119791666666666 0.008333333333333333 0.0046875
3 0.5509259259259259 0.11302083333333333 0.016666666666666666 0.009375
3 0.5291666666666667 0.11432291666666666 0.008333333333333333 0.0046875
3 0.5282407407407407 0.11067708333333333 0.00648148148148148 0.0036458333333333334
2 0.5185185185185185 0.10598958333333333 0.01111111111111111 0.0067708333333333336
2 0.5106481481481481 0.10234375 0.008333333333333333 0.005729166666666666
4 0.5361111111111111 0.10520833333333333 0.02037037037037037 0.007291666666666667