4 0.4875816993464052 0.21948529411764706 0.08888888888888889 0.030147058823529412
4 0.5967320261437908 0.22647058823529412 0.04052287581699346 0.01911764705882353
4 0.4163398692810457 0.20183823529411765 0.058823529411764705 0.02426470588235294
4 0.3176470588235294 0.17463235294117646 0.02875816993464052 0.013970588235294118
7 0.9823529411764705 0.33639705882352944 0.03006535947712418 0.021323529411764706
11 0.8843137254901959 0.4172794117647059 0.06666666666666667 0.028676470588235293
3 0.9863970588235295 0.49019607843137253 0.027205882352941177 0.03790849673202614
7 0.788235294117647 0.36580882352941174 0.01045751633986928 0.0125
7 0.7653594771241831 0.3683823529411765 0.00915032679738562 0.011764705882352941
7 0.7529411764705882 0.3654411764705882 0.01045751633986928 0.013235294117647059
3 0.7 0.4875 0.07450980392156863 0.027941176470588237
3 0.4666666666666666 0.49375 0.08888888888888889 0.03602941176470588
3 0.33660130718954245 0.47463235294117645 0.06143790849673203 0.03602941176470588
3 0.42549019607843136 0.37058823529411766 0.05359477124183006 0.023529411764705882
3 0.45947712418300646 0.3599264705882353 0.05359477124183006 0.019852941176470587
3 0.49215686274509796 0.35257352941176473 0.06143790849673203 0.019852941176470587
3 0.5235294117647059 0.34338235294117647 0.06405228758169934 0.022058823529411766
3 0.6143790849673203 0.2897058823529412 0.05751633986928104 0.01764705882352941
3 0.615032679738562 0.30183823529411763 0.058823529411764705 0.01838235294117647
1 0.645751633986928 0.25183823529411764 0.013071895424836602 0.009558823529411765
1 0.6581699346405229 0.25330882352941175 0.011764705882352941 0.009558823529411765
1 0.6483660130718953 0.25477941176470587 0.013071895424836602 0.006617647058823529
1 0.6620915032679738 0.2566176470588235 0.01437908496732026 0.007352941176470588
1 0.6699346405228758 0.25698529411764703 0.011764705882352941 0.011029411764705883
1 0.6784313725490195 0.2580882352941177 0.00784313725490196 0.010294117647058823
7 0.49542483660130715 0.2426470588235294 0.00784313725490196 0.011764705882352941
8 0.503921568627451 0.24779411764705883 0.00915032679738562 0.008823529411764706
8 0.5150326797385621 0.25330882352941175 0.00784313725490196 0.011029411764705883
7 0.5901960784313726 0.24411764705882352 0.00915032679738562 0.013235294117647059
5 0.6071895424836601 0.24375 0.0196078431372549 0.009558823529411765
7 0.550326797385621 0.2841911764705882 0.00522875816993464 0.011029411764705883
3 0.5633986928104575 0.275 0.05228758169934641 0.022058823529411766
3 0.5183006535947712 0.26433823529411765 0.0457516339869281 0.015441176470588236
3 0.49346405228758167 0.2698529411764706 0.0457516339869281 0.016176470588235296
3 0.5235294117647059 0.28602941176470587 0.04836601307189542 0.016176470588235296
3 0.4686274509803921 0.27683823529411766 0.04052287581699346 0.015441176470588236
3 0.49411764705882355 0.2922794117647059 0.04183006535947712 0.016911764705882352
3 0.43856209150326797 0.28198529411764706 0.0457516339869281 0.016911764705882352
3 0.4496732026143791 0.30073529411764705 0.05228758169934641 0.023529411764705882
3 0.4065359477124183 0.29007352941176473 0.044444444444444446 0.016911764705882352
3 0.3777777777777777 0.2959558823529412 0.044444444444444446 0.016911764705882352
3 0.34705882352941175 0.3029411764705882 0.05620915032679739 0.01911764705882353
3 0.30980392156862746 0.3113970588235294 0.04967320261437909 0.019852941176470587
11 0.32745098039215687 0.33125 0.050980392156862744 0.027205882352941177
3 0.3568627450980392 0.3238970588235294 0.05751633986928104 0.022794117647058822
3 0.392156862745098 0.3161764705882353 0.05490196078431372 0.023529411764705882
3 0.42026143790849674 0.3099264705882353 0.05620915032679739 0.019852941176470587
7 0.1522875816993464 0.27904411764705883 0.00915032679738562 0.011029411764705883
3 0.025490196078431372 0.23125 0.03529411764705882 0.015441176470588236
1 0.3581699346405229 0.18419117647058825 0.013071895424836602 0.008088235294117648
7 0.3183006535947712 0.1889705882352941 0.00915032679738562 0.010294117647058823
7 0.41830065359477125 0.2202205882352941 0.00784313725490196 0.011029411764705883
3 0.430718954248366 0.2411764705882353 0.04052287581699346 0.013235294117647059
3 0.3934640522875817 0.2301470588235294 0.04183006535947712 0.014705882352941176
3 0.4084967320261438 0.24632352941176472 0.03529411764705882 0.014705882352941176
3 0.36666666666666664 0.23455882352941176 0.03529411764705882 0.014705882352941176
3 0.3790849673202614 0.24963235294117647 0.0392156862745098 0.016911764705882352
3 0.3398692810457516 0.24154411764705883 0.044444444444444446 0.016911764705882352
7 0.31437908496732025 0.23970588235294119 0.00392156862745098 0.010294117647058823
7 0.34967320261437906 0.25477941176470587 0.04836601307189542 0.019852941176470587
7 0.30980392156862746 0.2452205882352941 0.0392156862745098 0.013970588235294118
7 0.32156862745098036 0.26066176470588237 0.047058823529411764 0.019852941176470587
7 0.2803921568627451 0.2485294117647059 0.04052287581699346 0.01764705882352941
11 0.29411764705882354 0.2661764705882353 0.047058823529411764 0.022058823529411766
3 0.25555555555555554 0.2584558823529412 0.043137254901960784 0.015441176470588236
3 0.26405228758169935 0.2746323529411765 0.04967320261437909 0.01838235294117647
3 0.2235294117647059 0.2621323529411765 0.044444444444444446 0.019852941176470587
3 0.32091503267973853 0.21066176470588235 0.04052287581699346 0.015441176470588236
11 0.2869281045751634 0.2 0.03790849673202614 0.016176470588235296
3 0.29411764705882354 0.21544117647058825 0.04183006535947712 0.014705882352941176
3 0.2679738562091503 0.21801470588235294 0.04183006535947712 0.016911764705882352
3 0.230718954248366 0.2113970588235294 0.04052287581699346 0.0125
3 0.23986928104575164 0.2235294117647059 0.0457516339869281 0.01764705882352941
3 0.19869281045751636 0.21544117647058825 0.0392156862745098 0.014705882352941176
3 0.2137254901960784 0.22977941176470587 0.0457516339869281 0.016911764705882352
3 0.18692810457516337 0.23455882352941176 0.04183006535947712 0.01911764705882353
3 0.15620915032679739 0.24080882352941177 0.043137254901960784 0.016911764705882352
3 0.2529411764705882 0.19448529411764706 0.03790849673202614 0.0125
3 0.1738562091503268 0.22058823529411764 0.0392156862745098 0.013235294117647059
3 0.1522875816993464 0.2261029411764706 0.03790849673202614 0.013970588235294118
3 0.12026143790849672 0.2011029411764706 0.0392156862745098 0.015441176470588236
3 0.15359477124183007 0.19705882352941176 0.03529411764705882 0.014705882352941176
3 0.18169934640522875 0.19448529411764706 0.03660130718954248 0.013970588235294118
3 0.2045751633986928 0.19117647058823528 0.03790849673202614 0.013235294117647059
3 0.22875816993464052 0.18676470588235294 0.03137254901960784 0.013235294117647059
3 0.1973856209150327 0.17794117647058824 0.03398692810457516 0.013235294117647059
3 0.1699346405228758 0.18235294117647058 0.03660130718954248 0.011764705882352941
3 0.14444444444444443 0.1849264705882353 0.03529411764705882 0.011029411764705883
3 0.11503267973856209 0.18823529411764706 0.03398692810457516 0.011764705882352941
3 0.08627450980392157 0.19191176470588237 0.03398692810457516 0.013235294117647059
3 0.13921568627450978 0.16433823529411765 0.032679738562091505 0.011029411764705883
3 0.11568627450980391 0.16727941176470587 0.032679738562091505 0.011029411764705883
3 0.09215686274509803 0.1698529411764706 0.03529411764705882 0.013235294117647059
3 0.06666666666666667 0.17352941176470588 0.03137254901960784 0.011764705882352941
7 0.07320261437908496 0.15036764705882352 0.00784313725490196 0.008088235294117648
8 0.06143790849673203 0.15073529411764705 0.00784313725490196 0.008823529411764706
1 0.06143790849673203 0.15220588235294116 0.01045751633986928 0.0058823529411764705
3 0.13137254901960785 0.13345588235294117 0.043137254901960784 0.011029411764705883
3 0.19673202614379084 0.12169117647058823 0.024836601307189544 0.008088235294117648
3 0.21830065359477122 0.11875 0.023529411764705882 0.008088235294117648
3 0.17581699346405227 0.12426470588235294 0.022222222222222223 0.007352941176470588
3 0.15490196078431373 0.12573529411764706 0.024836601307189544 0.011764705882352941
3 0.13333333333333333 0.1275735294117647 0.026143790849673203 0.009558823529411765
3 0.09215686274509803 0.13272058823529412 0.03006535947712418 0.011029411764705883
3 0.09084967320261438 0.13198529411764706 0.03006535947712418 0.011029411764705883
3 0.06797385620915032 0.13602941176470587 0.026143790849673203 0.008823529411764706
3 0.044444444444444446 0.13823529411764707 0.02875816993464052 0.011764705882352941
3 0.016339869281045753 0.14044117647058824 0.024836601307189544 0.008823529411764706
10 0.06209150326797386 0.11875 0.022222222222222223 0.011029411764705883
7 0.09869281045751635 0.12426470588235294 0.00392156862745098 0.007352941176470588