3 0.9863970588235295 0.5163398692810458 0.027205882352941177 0.06666666666666667
3 0.8411764705882353 0.40036764705882355 0.058823529411764705 0.05220588235294118
8 0.530718954248366 0.47757352941176473 0.023529411764705882 0.016911764705882352
1 0.5320261437908497 0.48198529411764707 0.02875816993464052 0.04485294117647059
3 0.9019607843137254 0.24154411764705883 0.044444444444444446 0.030147058823529412
3 0.8209150326797385 0.21286764705882352 0.04183006535947712 0.025735294117647058
11 0.6862745098039215 0.24411764705882352 0.044444444444444446 0.04411764705882353
3 0.7339869281045751 0.19191176470588237 0.03529411764705882 0.029411764705882353
3 0.8137254901960783 0.16838235294117648 0.03529411764705882 0.022058823529411766
11 0.9882352941176471 0.09411764705882353 0.023529411764705882 0.02091503267973856
8 0.965359477124183 0.07720588235294118 0.00915032679738562 0.007352941176470588
1 0.9647058823529412 0.08235294117647059 0.00522875816993464 0.008823529411764706
10 0.8032679738562091 0.10441176470588236 0.02745098039215686 0.022058823529411766
3 0.7281045751633987 0.10330882352941176 0.03137254901960784 0.019852941176470587
11 0.7928104575163398 0.06764705882352941 0.02745098039215686 0.020588235294117647
0 0.7549019607843136 0.058823529411764705 0.01437908496732026 0.013235294117647059
10 0.8509803921568627 0.052573529411764706 0.03137254901960784 0.022794117647058822
3 0.9897058823529412 0.01045751633986928 0.020588235294117647 0.01045751633986928
7 0.9947712418300654 0.014705882352941176 0.00784313725490196 0.008823529411764706
3 0.9339869281045752 0.01911764705882353 0.022222222222222223 0.011764705882352941
10 0.9863970588235295 0.0058823529411764705 0.027205882352941177 0.011764705882352941
8 0.8980392156862744 0.013970588235294118 0.00784313725490196 0.0058823529411764705
8 0.9013071895424836 0.00625 0.006535947712418301 0.005147058823529412
8 0.892156862745098 0.004044117647058824 0.006535947712418301 0.005147058823529412
1 0.8973856209150326 0.01838235294117647 0.006535947712418301 0.0058823529411764705
1 0.9013071895424836 0.010661764705882353 0.006535947712418301 0.005147058823529412
1 0.892156862745098 0.008088235294117648 0.00915032679738562 0.004411764705882353
8 0.9183006535947713 0.04926470588235294 0.006535947712418301 0.0058823529411764705
9 0.9189542483660129 0.054411764705882354 0.00784313725490196 0.007352941176470588
3 0.49281045751633984 0.16286764705882353 0.04183006535947712 0.027205882352941177
8 0.8287581699346405 0.04044117647058824 0.00784313725490196 0.007352941176470588
5 0.8274509803921568 0.04411764705882353 0.00784313725490196 0.0058823529411764705
8 0.8294117647058824 0.02463235294117647 0.006535947712418301 0.006617647058823529
5 0.8287581699346405 0.029411764705882353 0.00784313725490196 0.0058823529411764705
7 0.4176470588235294 0.19926470588235295 0.011764705882352941 0.01764705882352941
7 0.5797385620915033 0.09522058823529411 0.006535947712418301 0.0125
7 0.5856209150326797 0.0900735294117647 0.00784313725490196 0.011029411764705883
7 0.5640522875816993 0.10772058823529412 0.006535947712418301 0.0125
10 0.5398692810457516 0.09595588235294118 0.044444444444444446 0.03161764705882353
3 0.5797385620915033 0.052573529411764706 0.02745098039215686 0.013970588235294118
3 0.5921568627450979 0.041176470588235294 0.023529411764705882 0.013235294117647059
11 0.6091503267973856 0.01801470588235294 0.02091503267973856 0.015441176470588236
3 0.6222222222222222 0.006617647058823529 0.02091503267973856 0.010294117647058823
8 0.6444444444444444 0.00625 0.00522875816993464 0.005147058823529412
5 0.6444444444444444 0.010661764705882353 0.00522875816993464 0.006617647058823529
3 0.20392156862745098 0.05625 0.0392156862745098 0.015441176470588236
7 0.2679738562091503 0.07205882352941176 0.01045751633986928 0.013235294117647059
1 0.265359477124183 0.07316176470588236 0.023529411764705882 0.006617647058823529
7 0.26666666666666666 0.06691176470588235 0.00784313725490196 0.011764705882352941
7 0.3183006535947712 0.046691176470588236 0.00915032679738562 0.0125
3 0.35620915032679734 0.048161764705882355 0.05620915032679739 0.013970588235294118
3 0.40196078431372545 0.03235294117647059 0.024836601307189544 0.011764705882352941
8 0.3928104575163398 0.01911764705882353 0.00915032679738562 0.007352941176470588
7 0.4 0.01213235294117647 0.00522875816993464 0.008088235294117648
7 0.3875816993464052 0.00625 0.00392156862745098 0.005147058823529412
7 0.40196078431372545 0.008823529411764706 0.006535947712418301 0.010294117647058823
8 0.4163398692810457 0.011029411764705883 0.006535947712418301 0.0058823529411764705