3 0.7395833333333334 0.007407407407407408 0.03854166666666667 0.014814814814814815
3 0.7925925925925925 0.009895833333333333 0.029629629629629627 0.013541666666666667
3 0.6425925925925925 0.1296875 0.05185185185185184 0.028125
3 0.6305555555555554 0.14895833333333333 0.0537037037037037 0.035416666666666666
3 0.9869791666666666 0.1787037037037037 0.026041666666666668 0.02962962962962963
3 0.9361111111111111 0.1109375 0.046296296296296294 0.026041666666666668
3 0.8481481481481481 0.128125 0.05185185185185184 0.029166666666666667
11 0.6185185185185185 0.18333333333333332 0.06296296296296296 0.04583333333333333
3 0.6009259259259259 0.21354166666666666 0.0574074074074074 0.041666666666666664
3 0.8435185185185184 0.2234375 0.07592592592592592 0.040625
3 0.8222222222222222 0.078125 0.03333333333333333 0.022916666666666665
3 0.8944444444444444 0.03177083333333333 0.029629629629629627 0.017708333333333333
3 0.9379629629629629 0.023958333333333335 0.06111111111111111 0.016666666666666666
3 0.7925925925925925 0.04479166666666667 0.03333333333333333 0.01875
4 0.8453125 0.010185185185185186 0.042708333333333334 0.020370370370370372
5 0.7935185185185184 0.01875 0.00925925925925926 0.010416666666666666
8 0.7944444444444444 0.015104166666666667 0.01111111111111111 0.011458333333333333
5 0.7722222222222221 0.030729166666666665 0.007407407407407407 0.009375
8 0.7722222222222221 0.026041666666666668 0.01111111111111111 0.008333333333333333
4 0.7009259259259258 0.0375 0.06481481481481481 0.03333333333333333
5 0.837037037037037 0.028125 0.007407407407407407 0.008333333333333333
8 0.8379629629629629 0.0234375 0.01296296296296296 0.007291666666666667
7 0.6351851851851851 0.2713541666666667 0.02222222222222222 0.03229166666666667
8 0.7101851851851851 0.25625 0.016666666666666666 0.022916666666666665
1 0.7101851851851851 0.26614583333333336 0.01296296296296296 0.026041666666666668
7 0.8453703703703703 0.05625 0.01296296296296296 0.016666666666666666
7 0.8518518518518517 0.041666666666666664 0.01111111111111111 0.016666666666666666
7 0.7638888888888888 0.0828125 0.01296296296296296 0.017708333333333333
7 0.7333333333333333 0.08229166666666667 0.01111111111111111 0.016666666666666666
4 0.7509259259259259 0.06145833333333333 0.046296296296296294 0.022916666666666665
7 0.5601851851851851 0.17916666666666667 0.016666666666666666 0.025
7 0.5666666666666667 0.17083333333333334 0.02222222222222222 0.025
9 0.7462962962962963 0.22239583333333332 0.03703703703703704 0.030208333333333334
5 0.6768518518518518 0.08541666666666667 0.03518518518518519 0.014583333333333334
8 0.8574074074074074 0.15052083333333333 0.01111111111111111 0.013541666666666667
8 0.8564814814814814 0.1453125 0.016666666666666666 0.015625
5 0.8583333333333333 0.15052083333333333 0.016666666666666666 0.017708333333333333
8 0.9083333333333333 0.140625 0.016666666666666666 0.01875
5 0.9092592592592592 0.1453125 0.014814814814814814 0.017708333333333333
7 0.8898148148148147 0.12239583333333333 0.01296296296296296 0.023958333333333335
7 0.8814814814814814 0.11927083333333334 0.014814814814814814 0.023958333333333335
7 0.8935185185185185 0.09947916666666666 0.01296296296296296 0.021875
7 0.9009259259259258 0.096875 0.00925925925925926 0.01875
5 0.8425925925925924 0.09791666666666667 0.014814814814814814 0.014583333333333334
8 0.8416666666666667 0.0984375 0.01296296296296296 0.011458333333333333
8 0.8416666666666667 0.09479166666666666 0.016666666666666666 0.0125
5 0.862037037037037 0.08072916666666667 0.01296296296296296 0.013541666666666667
8 0.862037037037037 0.075 0.01296296296296296 0.010416666666666666
5 0.8759259259259259 0.07708333333333334 0.01111111111111111 0.0125
8 0.8759259259259259 0.075 0.01111111111111111 0.0125
8 0.875 0.0734375 0.01296296296296296 0.015625
9 0.9027777777777778 0.196875 0.024074074074074074 0.022916666666666665
8 0.9009259259259258 0.19583333333333333 0.016666666666666666 0.014583333333333334
8 0.9037037037037037 0.190625 0.02222222222222222 0.020833333333333332
4 0.9472222222222222 0.15104166666666666 0.0537037037037037 0.041666666666666664
7 0.9342592592592591 0.12291666666666666 0.01296296296296296 0.020833333333333332
7 0.5944444444444444 0.3072916666666667 0.02222222222222222 0.035416666666666666
7 0.5824074074074074 0.30625 0.024074074074074074 0.0375
7 0.6287037037037037 0.334375 0.024074074074074074 0.0375
7 0.6546296296296297 0.3338541666666667 0.02037037037037037 0.036458333333333336
8 0.7148148148148148 0.32864583333333336 0.02222222222222222 0.019791666666666666
8 0.787962962962963 0.31666666666666665 0.027777777777777776 0.022916666666666665
5 0.7888888888888889 0.3223958333333333 0.02592592592592592 0.030208333333333334
7 0.9685185185185184 0.25052083333333336 0.02222222222222222 0.03229166666666667
7 0.99375 0.25462962962962965 0.0125 0.02962962962962963
3 0.4787037037037037 0.41458333333333336 0.13518518518518519 0.09166666666666666
10 0.7851851851851851 0.4427083333333333 0.12962962962962962 0.15416666666666667
3 0.5694444444444444 0.496875 0.10555555555555556 0.11458333333333333
7 0.6361111111111111 0.49270833333333336 0.03888888888888888 0.041666666666666664
8 0.6814814814814815 0.49375 0.03703703703703704 0.03958333333333333
7 0.6898148148148148 0.4739583333333333 0.03518518518518519 0.03333333333333333
5 0.9388888888888888 0.5354166666666667 0.04444444444444444 0.04791666666666667
8 0.9379629629629629 0.5244791666666667 0.04259259259259259 0.034375
5 0.961111111111111 0.4703125 0.03703703703703704 0.04479166666666667
8 0.9629629629629629 0.475 0.03333333333333333 0.029166666666666667
8 0.9592592592592591 0.46041666666666664 0.04074074074074074 0.03333333333333333
5 0.9895833333333334 0.4148148148148148 0.020833333333333332 0.044444444444444446
8 0.9953125 0.4148148148148148 0.009375 0.027777777777777776
8 0.990625 0.40925925925925927 0.01875 0.037037037037037035