4 0.7305555555555555 0.19895833333333332 0.40185185185185185 0.058333333333333334
4 0.7472222222222221 0.23125 0.1574074074074074 0.027083333333333334
4 0.9895833333333334 0.21944444444444444 0.020833333333333332 0.03148148148148148
4 0.4314814814814814 0.2734375 0.1925925925925926 0.103125
4 0.16770833333333332 0.2935185185185185 0.33541666666666664 0.10555555555555556
7 0.6592592592592592 0.4375 0.02592592592592592 0.035416666666666666
8 0.7175925925925924 0.40572916666666664 0.02037037037037037 0.015625
8 0.34907407407407404 0.3333333333333333 0.016666666666666666 0.0125
7 0.137037037037037 0.3807291666666667 0.02222222222222222 0.028125
8 0.14074074074074075 0.37447916666666664 0.01111111111111111 0.013541666666666667
4 0.14537037037037034 0.4244791666666667 0.07962962962962963 0.03854166666666667
7 0.17129629629629628 0.4005208333333333 0.024074074074074074 0.026041666666666668
7 0.19537037037037036 0.3885416666666667 0.024074074074074074 0.029166666666666667
7 0.19444444444444445 0.43697916666666664 0.01851851851851852 0.03229166666666667
7 0.19629629629629627 0.4161458333333333 0.01111111111111111 0.017708333333333333
7 0.18888888888888886 0.4239583333333333 0.007407407407407407 0.0125
7 0.20740740740740737 0.42291666666666666 0.014814814814814814 0.0125
7 0.21296296296296294 0.4328125 0.014814814814814814 0.017708333333333333
7 0.2287037037037037 0.4296875 0.016666666666666666 0.015625
7 0.2287037037037037 0.41302083333333334 0.02037037037037037 0.023958333333333335
7 0.26944444444444443 0.4239583333333333 0.016666666666666666 0.025
7 0.2916666666666667 0.415625 0.024074074074074074 0.027083333333333334
8 0.4787037037037037 0.340625 0.01296296296296296 0.0125
8 0.4944444444444444 0.33958333333333335 0.014814814814814814 0.014583333333333334
8 0.5342592592592593 0.3380208333333333 0.016666666666666666 0.015625
7 0.4629629629629629 0.5260416666666666 0.02222222222222222 0.03958333333333333
7 0.9287037037037037 0.5505208333333333 0.024074074074074074 0.019791666666666666
7 0.8935185185185185 0.5484375 0.024074074074074074 0.026041666666666668
1 0.7583333333333333 0.42239583333333336 0.06481481481481481 0.015625
7 0.7212962962962963 0.3723958333333333 0.016666666666666666 0.023958333333333335
7 0.7759259259259258 0.3692708333333333 0.01851851851851852 0.026041666666666668
7 0.8074074074074074 0.3848958333333333 0.01111111111111111 0.015625
7 0.7916666666666666 0.37864583333333335 0.016666666666666666 0.026041666666666668
7 0.7944444444444444 0.3734375 0.014814814814814814 0.023958333333333335
7 0.798148148148148 0.36614583333333334 0.01111111111111111 0.019791666666666666
7 0.8111111111111111 0.3697916666666667 0.014814814814814814 0.020833333333333332
7 0.837037037037037 0.37083333333333335 0.02222222222222222 0.022916666666666665
7 0.6398148148148147 0.303125 0.02037037037037037 0.022916666666666665
7 0.662962962962963 0.3046875 0.014814814814814814 0.021875
7 0.7064814814814814 0.30416666666666664 0.02037037037037037 0.022916666666666665
7 0.736111111111111 0.3067708333333333 0.024074074074074074 0.021875
7 0.787037037037037 0.30572916666666666 0.02222222222222222 0.021875
7 0.8527777777777777 0.3078125 0.016666666666666666 0.021875
7 0.8907407407407407 0.30833333333333335 0.02222222222222222 0.022916666666666665
7 0.9425925925925925 0.37864583333333335 0.02222222222222222 0.028125
7 0.9185185185185184 0.4239583333333333 0.014814814814814814 0.025
7 0.9166666666666666 0.4161458333333333 0.01851851851851852 0.028125
8 0.923148148148148 0.4109375 0.01296296296296296 0.011458333333333333
7 0.9989583333333333 0.3972222222222222 0.0020833333333333333 0.027777777777777776
7 0.9722222222222221 0.2989583333333333 0.014814814814814814 0.020833333333333332
7 0.9953125 0.2611111111111111 0.009375 0.018518518518518517