3 0.7611111111111111 0.4921875 0.12222222222222222 0.12395833333333334
11 0.75 0.3453125 0.07777777777777777 0.08020833333333334
8 0.5009259259259259 0.5442708333333334 0.03888888888888888 0.03229166666666667
3 0.6018518518518517 0.5171875 0.03703703703703704 0.046875
3 0.6305555555555554 0.49166666666666664 0.03518518518518519 0.04583333333333333
3 0.5972222222222221 0.4661458333333333 0.03518518518518519 0.042708333333333334
9 0.5583333333333333 0.4588541666666667 0.0574074074074074 0.08229166666666667
5 0.437037037037037 0.48020833333333335 0.09259259259259259 0.027083333333333334
5 0.4185185185185185 0.4557291666666667 0.07407407407407408 0.03229166666666667
5 0.4611111111111111 0.41302083333333334 0.05555555555555555 0.036458333333333336
5 0.65 0.4270833333333333 0.03703703703703704 0.05
5 0.9037037037037037 0.4270833333333333 0.04444444444444444 0.041666666666666664
5 0.9157407407407407 0.38645833333333335 0.03518518518518519 0.041666666666666664
5 0.6574074074074073 0.3723958333333333 0.02592592592592592 0.042708333333333334
5 0.6814814814814815 0.2942708333333333 0.02592592592592592 0.034375
5 0.687037037037037 0.23802083333333332 0.02222222222222222 0.023958333333333335
5 0.6611111111111111 0.22135416666666666 0.02222222222222222 0.021875
5 0.5972222222222221 0.25 0.024074074074074074 0.025
5 0.6601851851851851 0.1671875 0.02037037037037037 0.021875
5 0.6787037037037037 0.14947916666666666 0.016666666666666666 0.017708333333333333
5 0.6833333333333333 0.12708333333333333 0.01851851851851852 0.01875
5 0.31759259259259254 0.22604166666666667 0.0537037037037037 0.022916666666666665
5 0.6370370370370371 0.2359375 0.02222222222222222 0.023958333333333335
8 0.462037037037037 0.4078125 0.03518518518518519 0.04479166666666667
8 0.6564814814814814 0.3671875 0.03148148148148148 0.03229166666666667
8 0.6564814814814814 0.35833333333333334 0.027777777777777776 0.03125
8 0.65 0.4192708333333333 0.03703703703703704 0.03229166666666667
8 0.6481481481481481 0.4109375 0.03333333333333333 0.034375
8 0.9055555555555554 0.4203125 0.03703703703703704 0.030208333333333334
8 0.9212962962962962 0.38697916666666665 0.024074074074074074 0.028125
8 0.9185185185185184 0.38229166666666664 0.03333333333333333 0.03333333333333333
8 0.687962962962963 0.23177083333333334 0.024074074074074074 0.023958333333333335
8 0.5972222222222221 0.2421875 0.024074074074074074 0.021875
8 0.6370370370370371 0.22760416666666666 0.02592592592592592 0.015625
8 0.6564814814814814 0.21510416666666668 0.024074074074074074 0.021875
8 0.6601851851851851 0.15989583333333332 0.02037037037037037 0.019791666666666666
8 0.6787037037037037 0.14270833333333333 0.016666666666666666 0.014583333333333334
8 0.6814814814814815 0.12291666666666666 0.01851851851851852 0.014583333333333334
9 0.9807291666666667 0.4388888888888889 0.03854166666666667 0.05185185185185185
8 0.9842592592592592 0.44114583333333335 0.03148148148148148 0.028125
8 0.9777777777777777 0.425 0.03333333333333333 0.027083333333333334
5 0.6324074074074074 0.3416666666666667 0.02037037037037037 0.027083333333333334
7 0.6305555555555554 0.3302083333333333 0.024074074074074074 0.027083333333333334
9 0.4574074074074074 0.36822916666666666 0.11851851851851851 0.034375
3 0.990625 0.2064814814814815 0.01875 0.03518518518518519
3 0.9760416666666667 0.18055555555555555 0.04791666666666667 0.03148148148148148
3 0.9055555555555554 0.17708333333333334 0.06666666666666667 0.035416666666666666
3 0.7953703703703704 0.19583333333333333 0.07222222222222222 0.035416666666666666
3 0.9760416666666667 0.16111111111111112 0.04791666666666667 0.022222222222222223
3 0.9583333333333334 0.15092592592592594 0.08333333333333333 0.02962962962962963
7 0.4212962962962962 0.26875 0.02037037037037037 0.029166666666666667
7 0.562037037037037 0.25052083333333336 0.027777777777777776 0.03229166666666667
1 0.7333333333333333 0.2604166666666667 0.02222222222222222 0.022916666666666665
8 0.7324074074074074 0.25104166666666666 0.02037037037037037 0.025
7 0.6388888888888888 0.2557291666666667 0.014814814814814814 0.028125
5 0.6083333333333333 0.2109375 0.016666666666666666 0.021875
5 0.8157407407407408 0.1671875 0.016666666666666666 0.017708333333333333
8 0.6083333333333333 0.20520833333333333 0.016666666666666666 0.020833333333333332
8 0.8157407407407408 0.16770833333333332 0.016666666666666666 0.0125
8 0.8157407407407408 0.16354166666666667 0.016666666666666666 0.01875
8 0.30833333333333335 0.26875 0.03518518518518519 0.01875
8 0.41481481481481475 0.24583333333333332 0.02222222222222222 0.01875
8 0.4194444444444444 0.2375 0.02037037037037037 0.016666666666666666
1 0.6351851851851851 0.153125 0.014814814814814814 0.01875
8 0.6361111111111111 0.14947916666666666 0.016666666666666666 0.019791666666666666
5 0.7064814814814814 0.14739583333333334 0.016666666666666666 0.017708333333333333
8 0.7046296296296296 0.14270833333333333 0.016666666666666666 0.020833333333333332
3 0.6064814814814814 0.1 0.0685185185185185 0.03125
3 0.7509259259259259 0.09479166666666666 0.03888888888888888 0.025
5 0.812037037037037 0.11770833333333333 0.01296296296296296 0.014583333333333334
8 0.812962962962963 0.1140625 0.014814814814814814 0.015625
5 0.6324074074074074 0.1234375 0.01296296296296296 0.015625
8 0.6333333333333333 0.11979166666666667 0.01111111111111111 0.014583333333333334
3 0.7018518518518518 0.07604166666666666 0.03703703703703704 0.025
5 0.6759259259259258 0.10364583333333334 0.01111111111111111 0.013541666666666667
8 0.675 0.09947916666666666 0.01296296296296296 0.013541666666666667
5 0.787037037037037 0.08697916666666666 0.01111111111111111 0.015625
8 0.787037037037037 0.08645833333333333 0.01111111111111111 0.010416666666666666
8 0.787037037037037 0.08385416666666666 0.01111111111111111 0.013541666666666667
1 0.8648148148148148 0.13072916666666667 0.014814814814814814 0.015625
8 0.8648148148148148 0.125 0.01111111111111111 0.016666666666666666
7 0.862037037037037 0.09010416666666667 0.01296296296296296 0.015625
7 0.8018518518518518 0.057291666666666664 0.01111111111111111 0.016666666666666666
3 0.7935185185185184 0.04375 0.03148148148148148 0.016666666666666666
5 0.7583333333333333 0.046875 0.01296296296296296 0.0125
8 0.7592592592592592 0.043229166666666666 0.01111111111111111 0.011458333333333333
3 0.7083333333333334 0.0375 0.03518518518518519 0.016666666666666666
5 0.6555555555555554 0.08125 0.01111111111111111 0.0125
5 0.6703703703703704 0.05677083333333333 0.01111111111111111 0.011458333333333333
5 0.6481481481481481 0.05520833333333333 0.01111111111111111 0.010416666666666666
5 0.6685185185185184 0.08854166666666667 0.01111111111111111 0.010416666666666666
8 0.6685185185185184 0.08177083333333333 0.01111111111111111 0.011458333333333333
8 0.6546296296296297 0.0734375 0.01296296296296296 0.015625
8 0.6694444444444444 0.052083333333333336 0.00925925925925926 0.0125
8 0.6481481481481481 0.0515625 0.01111111111111111 0.009375