3 0.8546296296296295 0.19270833333333334 0.02037037037037037 0.010416666666666666
3 0.8407407407407407 0.2046875 0.014814814814814814 0.011458333333333333
3 0.8180555555555554 0.22760416666666666 0.017592592592592594 0.011458333333333333
3 0.9527777777777777 0.23489583333333333 0.024074074074074074 0.011458333333333333
3 0.7416666666666667 0.3109375 0.0685185185185185 0.017708333333333333
3 0.8074074074074074 0.3229166666666667 0.07037037037037037 0.020833333333333332
3 0.7944444444444444 0.3026041666666667 0.029629629629629627 0.017708333333333333
3 0.9462962962962962 0.2890625 0.02592592592592592 0.015625
3 0.8379629629629629 0.4546875 0.046296296296296294 0.042708333333333334
3 0.8 0.5151041666666667 0.04814814814814815 0.04479166666666667
3 0.9222222222222222 0.4088541666666667 0.04074074074074074 0.028125
3 0.8564814814814814 0.39010416666666664 0.03888888888888888 0.03229166666666667
3 0.7722222222222221 0.36041666666666666 0.03703703703703704 0.029166666666666667
3 0.962037037037037 0.25052083333333336 0.02037037037037037 0.013541666666666667
3 0.9675925925925924 0.26458333333333334 0.02037037037037037 0.014583333333333334
0 0.8944444444444444 0.346875 0.01851851851851852 0.022916666666666665
3 0.9822916666666667 0.4513888888888889 0.035416666666666666 0.03611111111111111
0 0.9916666666666667 0.48055555555555557 0.016666666666666666 0.032407407407407406
5 0.774074074074074 0.2786458333333333 0.01851851851851852 0.015625
7 0.7296296296296296 0.296875 0.007407407407407407 0.014583333333333334
7 0.7685185185185185 0.38697916666666665 0.014814814814814814 0.015625
7 0.6925925925925925 0.471875 0.01111111111111111 0.025
7 0.9185185185185184 0.37916666666666665 0.014814814814814814 0.01875
7 0.7314814814814814 0.27395833333333336 0.0037037037037037034 0.010416666666666666
8 0.862037037037037 0.3203125 0.00925925925925926 0.009375
8 0.8351851851851851 0.26927083333333335 0.0037037037037037034 0.009375
8 0.9546296296296295 0.37864583333333335 0.00925925925925926 0.013541666666666667
8 0.9527777777777777 0.390625 0.00925925925925926 0.0125
8 0.9 0.4395833333333333 0.014814814814814814 0.0125
8 0.9435185185185184 0.4432291666666667 0.01296296296296296 0.013541666666666667
8 0.9092592592592592 0.46770833333333334 0.01111111111111111 0.014583333333333334
8 0.9416666666666667 0.4791666666666667 0.016666666666666666 0.01875
7 0.5564814814814815 0.46875 0.016666666666666666 0.020833333333333332
7 0.9824074074074074 0.490625 0.01296296296296296 0.01875
7 0.9175925925925925 0.33958333333333335 0.01296296296296296 0.01875
7 0.924074074074074 0.3484375 0.01111111111111111 0.015625
7 0.9361111111111111 0.34375 0.01296296296296296 0.010416666666666666
11 0.5888888888888888 0.5161458333333333 0.1111111111111111 0.040625
11 0.65 0.44583333333333336 0.0962962962962963 0.025
5 0.9592592592592591 0.5182291666666666 0.029629629629629627 0.034375
5 0.9435185185185184 0.49322916666666666 0.01296296296296296 0.013541666666666667
5 0.9074074074074073 0.47708333333333336 0.01111111111111111 0.014583333333333334
5 0.9453703703703703 0.45208333333333334 0.01296296296296296 0.0125
5 0.7898148148148147 0.42604166666666665 0.00925925925925926 0.010416666666666666
5 0.9037037037037037 0.4479166666666667 0.01111111111111111 0.008333333333333333
5 0.8083333333333333 0.39427083333333335 0.00925925925925926 0.011458333333333333
8 0.8092592592592591 0.3859375 0.01111111111111111 0.015625
7 0.7953703703703704 0.3692708333333333 0.01296296296296296 0.015625
8 0.7907407407407407 0.4166666666666667 0.007407407407407407 0.0125
7 0.9555555555555555 0.34765625 0.01296296296296296 0.018229166666666668
8 0.9527777777777777 0.33567708333333335 0.01296296296296296 0.015104166666666667
7 0.9675925925925924 0.34713541666666664 0.00925925925925926 0.016145833333333335
8 0.986111111111111 0.34791666666666665 0.00925925925925926 0.013541666666666667
7 0.9726851851851851 0.33671875 0.010185185185185184 0.018229166666666668
5 0.9851851851851852 0.3533854166666667 0.014814814814814814 0.011979166666666667
5 0.9708333333333333 0.3484375 0.017592592592592594 0.015625
1 0.9444444444444444 0.35052083333333334 0.014814814814814814 0.0125
5 0.861111111111111 0.328125 0.01296296296296296 0.013541666666666667
5 0.899537037037037 0.3255208333333333 0.023148148148148147 0.008333333333333333
5 0.8888888888888888 0.2942708333333333 0.01296296296296296 0.008333333333333333
5 0.9064814814814814 0.29765625 0.007407407407407407 0.0109375
5 0.9263888888888888 0.29401041666666666 0.010185185185185184 0.011979166666666667
5 0.9092592592592592 0.28541666666666665 0.01296296296296296 0.009375
5 0.8921296296296295 0.284375 0.013888888888888888 0.008333333333333333
5 0.8976851851851851 0.24427083333333333 0.010185185185185184 0.00625
5 0.9092592592592592 0.23541666666666666 0.01111111111111111 0.00625
5 0.8893518518518518 0.21197916666666666 0.008333333333333333 0.00625
5 0.8777777777777778 0.203125 0.00925925925925926 0.007291666666666667
5 0.9023148148148148 0.20885416666666667 0.00648148148148148 0.005208333333333333
8 0.8893518518518518 0.2794270833333333 0.00648148148148148 0.0078125
8 0.8912037037037037 0.2911458333333333 0.008333333333333333 0.009375
8 0.9106481481481481 0.28359375 0.008333333333333333 0.009895833333333333
8 0.9263888888888888 0.2903645833333333 0.012037037037037037 0.0109375
8 0.9064814814814814 0.29453125 0.007407407407407407 0.0078125
8 0.8976851851851851 0.321875 0.010185185185185184 0.011458333333333333
8 0.9046296296296296 0.32265625 0.01111111111111111 0.009895833333333333
3 0.8708333333333333 0.16744791666666667 0.01574074074074074 0.008854166666666666
3 0.8643518518518518 0.15625 0.012037037037037037 0.007291666666666667
3 0.9212962962962962 0.203125 0.01851851851851852 0.009375
3 0.9305555555555555 0.21119791666666668 0.02037037037037037 0.0109375
3 0.9449074074074074 0.2203125 0.021296296296296296 0.011458333333333333
7 0.924074074074074 0.23072916666666668 0.007407407407407407 0.010416666666666666
8 0.9092592592592592 0.2328125 0.007407407407407407 0.007291666666666667
8 0.8981481481481481 0.2421875 0.007407407407407407 0.008333333333333333
8 0.8898148148148147 0.20989583333333334 0.005555555555555555 0.007291666666666667
8 0.8796296296296295 0.20104166666666667 0.0037037037037037034 0.005208333333333333
8 0.899537037037037 0.20052083333333334 0.00462962962962963 0.004166666666666667
8 0.9013888888888888 0.20729166666666668 0.00462962962962963 0.007291666666666667
5 0.9 0.203125 0.007407407407407407 0.00625
7 0.8162037037037037 0.25755208333333335 0.00648148148148148 0.0109375
7 0.825462962962963 0.25755208333333335 0.00648148148148148 0.0109375
7 0.8208333333333333 0.23828125 0.008333333333333333 0.011979166666666667
8 0.8379629629629629 0.23020833333333332 0.005555555555555555 0.007291666666666667
5 0.837037037037037 0.23385416666666667 0.007407407407407407 0.007291666666666667
3 0.8013888888888888 0.24166666666666667 0.023148148148148147 0.015625
3 0.798611111111111 0.25442708333333336 0.023148148148148147 0.013020833333333334
3 0.8009259259259258 0.23046875 0.024074074074074074 0.015104166666666667
3 0.8712962962962962 0.14765625 0.014814814814814814 0.005729166666666666
3 0.8671296296296295 0.13385416666666666 0.012037037037037037 0.005208333333333333
3 0.8865740740740741 0.1265625 0.008333333333333333 0.004166666666666667
3 0.8444444444444444 0.13645833333333332 0.01296296296296296 0.00625
3 0.8388888888888888 0.14296875 0.014814814814814814 0.009895833333333333
7 0.9143518518518517 0.19192708333333333 0.00648148148148148 0.008854166666666666
7 0.8212962962962963 0.21640625 0.00925925925925926 0.0109375
7 0.8208333333333333 0.21145833333333333 0.00648148148148148 0.010416666666666666
7 0.8546296296296295 0.16744791666666667 0.005555555555555555 0.0067708333333333336
3 0.899537037037037 0.14661458333333333 0.012037037037037037 0.005729166666666666
7 0.6166666666666667 0.24427083333333333 0.007407407407407407 0.010416666666666666
7 0.6805555555555555 0.23645833333333333 0.005555555555555555 0.007291666666666667
8 0.6699074074074074 0.23567708333333334 0.010185185185185184 0.008854166666666666
7 0.6217592592592591 0.23255208333333333 0.00648148148148148 0.009895833333333333
7 0.6273148148148148 0.23229166666666667 0.008333333333333333 0.009375
5 0.5953703703703703 0.24635416666666668 0.024074074074074074 0.008333333333333333
5 0.5912037037037037 0.25442708333333336 0.01574074074074074 0.009895833333333333
5 0.5662037037037037 0.25286458333333334 0.017592592592592594 0.0078125
5 0.5527777777777777 0.25755208333333335 0.02037037037037037 0.0078125
7 0.5541666666666667 0.25442708333333336 0.00648148148148148 0.0109375
8 0.6625 0.24713541666666666 0.008333333333333333 0.0078125
8 0.6787037037037037 0.225 0.005555555555555555 0.00625
8 0.6916666666666667 0.22578125 0.007407407407407407 0.0067708333333333336
8 0.6689814814814814 0.225 0.00648148148148148 0.00625
8 0.6583333333333333 0.23020833333333332 0.005555555555555555 0.007291666666666667
7 0.7087962962962963 0.2755208333333333 0.010185185185185184 0.0125
0 0.6282407407407408 0.46901041666666665 0.07129629629629629 0.027604166666666666
5 0.7 0.46640625 0.027777777777777776 0.013020833333333334
4 0.8921296296296295 0.159375 0.02685185185185185 0.021875
3 0.8787037037037037 0.11458333333333333 0.005555555555555555 0.004166666666666667
11 0.8800925925925925 0.10963541666666667 0.00648148148148148 0.0036458333333333334
3 0.9004629629629629 0.12265625 0.010185185185185184 0.0036458333333333334
3 0.899537037037037 0.12135416666666667 0.010185185185185184 0.003125
4 0.8893518518518518 0.13541666666666666 0.02685185185185185 0.013541666666666667
4 0.8388888888888888 0.15703125 0.01851851851851852 0.0078125
4 0.8574074074074074 0.14244791666666667 0.00925925925925926 0.011979166666666667
4 0.8564814814814814 0.11744791666666667 0.03333333333333333 0.025520833333333333
4 0.8958333333333334 0.11328125 0.017592592592592594 0.0140625
4 0.7078703703703704 0.16067708333333333 0.047222222222222214 0.0234375
4 0.7962962962962963 0.1203125 0.03148148148148148 0.011458333333333333