7 0.42407407407407405 0.521875 0.1074074074074074 0.052083333333333336
7 0.7009259259259258 0.4921875 0.0537037037037037 0.034375
7 0.7592592592592592 0.5098958333333333 0.07407407407407408 0.034375
7 0.3796296296296296 0.42604166666666665 0.09259259259259259 0.04583333333333333
7 0.5694444444444444 0.41354166666666664 0.07222222222222222 0.04375
7 0.7092592592592591 0.4265625 0.07037037037037037 0.05520833333333333
7 0.9111111111111111 0.40677083333333336 0.04444444444444444 0.040625
7 0.9722222222222221 0.390625 0.05185185185185184 0.04583333333333333
7 0.0685185185185185 0.37604166666666666 0.12222222222222222 0.04375
7 0.4185185185185185 0.2921875 0.07407407407407408 0.046875
7 0.5944444444444444 0.28125 0.07037037037037037 0.04375
7 0.6944444444444444 0.271875 0.05555555555555555 0.04583333333333333
7 0.861111111111111 0.2713541666666667 0.05185185185185184 0.046875
7 0.9942708333333333 0.17685185185185184 0.011458333333333333 0.037037037037037035
7 0.8685185185185185 0.17864583333333334 0.04814814814814815 0.042708333333333334
7 0.7185185185185184 0.17604166666666668 0.04074074074074074 0.041666666666666664
7 0.586111111111111 0.178125 0.0685185185185185 0.04791666666666667
7 0.4351851851851852 0.1828125 0.07037037037037037 0.046875
7 0.9842592592592592 0.10989583333333333 0.027777777777777776 0.040625
8 0.787962962962963 0.146875 0.04259259259259259 0.03958333333333333
8 0.8268518518518518 0.13802083333333334 0.03518518518518519 0.036458333333333336
8 0.6574074074074073 0.14166666666666666 0.03703703703703704 0.035416666666666666
8 0.6981481481481481 0.1328125 0.04444444444444444 0.036458333333333336
7 0.9564814814814814 0.05364583333333333 0.03148148148148148 0.046875
7 0.9148148148148147 0.042708333333333334 0.029629629629629627 0.052083333333333336
7 0.6925925925925925 0.06510416666666667 0.04444444444444444 0.046875
7 0.6759259259259258 0.0890625 0.04074074074074074 0.04479166666666667
7 0.6064814814814814 0.030208333333333334 0.03888888888888888 0.04791666666666667
7 0.6194444444444444 0.10208333333333333 0.04259259259259259 0.041666666666666664
7 0.5824074074074074 0.0953125 0.046296296296296294 0.040625
8 0.46388888888888885 0.146875 0.046296296296296294 0.03333333333333333
8 0.42407407407407405 0.14635416666666667 0.03703703703703704 0.03229166666666667
1 0.30185185185185187 0.14322916666666666 0.07407407407407408 0.040625
7 0.38333333333333336 0.11875 0.04814814814814815 0.04583333333333333
7 0.3564814814814815 0.11875 0.06111111111111111 0.04583333333333333
8 0.33888888888888885 0.09427083333333333 0.04814814814814815 0.040625
1 0.3046296296296296 0.11145833333333334 0.0574074074074074 0.0375
7 0.29629629629629634 0.0921875 0.059259259259259255 0.040625
7 0.2296296296296296 0.140625 0.07037037037037037 0.04583333333333333
7 0.20740740740740737 0.1203125 0.05185185185185184 0.03854166666666667
7 0.20092592592592592 0.103125 0.08333333333333333 0.041666666666666664
7 0.24166666666666667 0.0828125 0.0685185185185185 0.046875
7 0.1259259259259259 0.1234375 0.07037037037037037 0.03854166666666667
7 0.046296296296296294 0.13958333333333334 0.08148148148148147 0.04375
7 0.16388888888888886 0.1046875 0.06481481481481481 0.04895833333333333
7 0.1537037037037037 0.07708333333333334 0.07037037037037037 0.041666666666666664
1 0.17777777777777776 0.0703125 0.03703703703703704 0.04895833333333333
7 0.2148148148148148 0.042708333333333334 0.07037037037037037 0.05
7 0.20104166666666667 0.01574074074074074 0.05 0.03148148148148148
7 0.1796296296296296 0.024479166666666666 0.05555555555555555 0.04479166666666667
7 0.12407407407407406 0.03802083333333333 0.05555555555555555 0.040625
7 0.12129629629629629 0.0890625 0.0685185185185185 0.042708333333333334
7 0.10185185185185185 0.06979166666666667 0.07037037037037037 0.035416666666666666
7 0.12291666666666666 0.013888888888888888 0.05416666666666667 0.027777777777777776
7 0.07222222222222222 0.1109375 0.08148148148148147 0.034375
8 0.04814814814814815 0.115625 0.04074074074074074 0.01875
7 0.07592592592592592 0.10208333333333333 0.06666666666666667 0.0375
7 0.03125 0.11574074074074074 0.0625 0.03518518518518519
7 0.05092592592592592 0.078125 0.07962962962962963 0.041666666666666664
7 0.027083333333333334 0.07407407407407407 0.05416666666666667 0.03518518518518519
7 0.08703703703703704 0.043229166666666666 0.05555555555555555 0.034375
4 0.028645833333333332 0.025925925925925925 0.057291666666666664 0.05185185185185185
8 0.325 0.03177083333333333 0.03518518518518519 0.023958333333333335
8 0.3546296296296296 0.025520833333333333 0.03888888888888888 0.026041666666666668
8 0.3694444444444444 0.013020833333333334 0.03518518518518519 0.021875
8 0.3 0.028645833333333332 0.02592592592592592 0.023958333333333335