3 0.865359477124183 0.09963235294117648 0.07058823529411765 0.02426470588235294
3 0.8098039215686273 0.3977941176470588 0.12941176470588237 0.06764705882352941
3 0.9426470588235294 0.538562091503268 0.11470588235294117 0.0457516339869281
3 0.777124183006536 0.5352941176470588 0.15294117647058825 0.05
3 0.6078431372549019 0.46544117647058825 0.13594771241830064 0.07058823529411765
3 0.7928104575163398 0.46948529411764706 0.15816993464052287 0.08161764705882353
3 0.6326797385620915 0.4007352941176471 0.12549019607843137 0.061764705882352944
3 0.4790849673202614 0.4 0.12156862745098038 0.061764705882352944
3 0.5006535947712417 0.33676470588235297 0.11503267973856209 0.054411764705882354
3 0.3542483660130719 0.3209558823529412 0.11503267973856209 0.05955882352941176
3 0.43725490196078426 0.2867647058823529 0.10065359477124183 0.051470588235294115
3 0.4176470588235294 0.20808823529411766 0.06928104575163398 0.03529411764705882
3 0.31895424836601305 0.24779411764705883 0.09934640522875818 0.052941176470588235
3 0.25882352941176473 0.2772058823529412 0.0915032679738562 0.04264705882352941
3 0.1679738562091503 0.22830882352941176 0.08758169934640522 0.03897058823529412
3 0.08954248366013072 0.1963235294117647 0.07973856209150326 0.04264705882352941
3 0.25359477124183005 0.21948529411764706 0.08366013071895424 0.04044117647058824
3 0.18692810457516337 0.18639705882352942 0.08366013071895424 0.04044117647058824
3 0.14967320261437908 0.1588235294117647 0.08235294117647059 0.029411764705882353
3 0.030147058823529412 0.16339869281045752 0.060294117647058824 0.0392156862745098
3 0.06209150326797386 0.12941176470588237 0.0718954248366013 0.030882352941176472
3 0.032679738562091505 0.06691176470588235 0.06274509803921569 0.025
2 0.19150326797385622 0.11838235294117647 0.14509803921568626 0.0661764705882353
3 0.013602941176470588 0.10326797385620914 0.027205882352941177 0.022222222222222223