7 0.9863970588235295 0.5392156862745098 0.027205882352941177 0.044444444444444446
3 0.9889705882352942 0.30522875816993467 0.022058823529411766 0.022222222222222223
3 0.9647058823529412 0.2963235294117647 0.05228758169934641 0.022058823529411766
3 0.9620915032679738 0.28455882352941175 0.05490196078431372 0.022058823529411766
3 0.9665441176470588 0.38169934640522873 0.06691176470588235 0.05228758169934641
3 0.9359477124183007 0.3577205882352941 0.06274509803921569 0.03308823529411765
3 0.9202614379084967 0.3397058823529412 0.06274509803921569 0.029411764705882353
3 0.8947712418300654 0.3209558823529412 0.0457516339869281 0.022794117647058822
3 0.9058823529411765 0.2878676470588235 0.0392156862745098 0.01838235294117647
10 0.741830065359477 0.35073529411764703 0.11633986928104574 0.10735294117647058
10 0.74640522875817 0.28713235294117645 0.06535947712418301 0.04191176470588235
10 0.7379084967320262 0.2621323529411765 0.11111111111111112 0.05514705882352941
10 0.6529411764705882 0.26066176470588237 0.10065359477124183 0.06102941176470588
10 0.5130718954248366 0.34705882352941175 0.15294117647058825 0.11470588235294117
10 0.29934640522875816 0.3426470588235294 0.24836601307189543 0.1426470588235294
10 0.43790849673202614 0.31213235294117647 0.06274509803921569 0.05073529411764706
10 0.47777777777777775 0.29448529411764707 0.06928104575163398 0.04191176470588235
10 0.5169934640522875 0.2841911764705882 0.0718954248366013 0.03161764705882353
10 0.5705882352941176 0.2661764705882353 0.06143790849673203 0.041176470588235294