11 0.4253676470588235 0.00522875816993464 0.06911764705882353 0.01045751633986928
3 0.3202614379084967 0.015073529411764706 0.044444444444444446 0.021323529411764706
3 0.35947712418300654 0.022058823529411766 0.04967320261437909 0.01911764705882353
3 0.32418300653594767 0.03602941176470588 0.06274509803921569 0.01911764705882353
3 0.30392156862745096 0.05588235294117647 0.05620915032679739 0.022058823529411766
1 0.13660130718954247 0.05955882352941176 0.03790849673202614 0.014705882352941176
5 0.22941176470588234 0.01911764705882353 0.032679738562091505 0.013235294117647059
9 0.029411764705882353 0.07720588235294118 0.03006535947712418 0.013235294117647059
3 0.0869281045751634 0.09669117647058824 0.11895424836601307 0.02426470588235294
3 0.3686274509803921 0.09227941176470589 0.10980392156862744 0.027205882352941177
3 0.3588235294117647 0.11286764705882353 0.12156862745098038 0.027205882352941177
3 0.29934640522875816 0.14044117647058824 0.13856209150326795 0.045588235294117645
7 0.014338235294117646 0.26143790849673204 0.028676470588235293 0.03137254901960784
7 0.03529411764705882 0.2536764705882353 0.02875816993464052 0.03235294117647059
7 0.03660130718954248 0.24669117647058825 0.02091503267973856 0.027205882352941177
7 0.01372549019607843 0.24595588235294116 0.022222222222222223 0.027205882352941177
7 0.18431372549019606 0.25588235294117645 0.026143790849673203 0.029411764705882353
7 0.21437908496732025 0.25183823529411764 0.03398692810457516 0.03308823529411765
3 0.26143790849673204 0.3191176470588235 0.10718954248366012 0.075
11 0.7078431372549019 0.07463235294117647 0.050980392156862744 0.03455882352941177
11 0.6673202614379085 0.14411764705882352 0.05359477124183006 0.047058823529411764
3 0.6483660130718953 0.20294117647058824 0.06274509803921569 0.04264705882352941
11 0.6294117647058823 0.2691176470588235 0.08758169934640522 0.06911764705882353
7 0.6862745098039215 0.2595588235294118 0.02091503267973856 0.029411764705882353
7 0.7183006535947711 0.2011029411764706 0.01699346405228758 0.027205882352941177
7 0.692156862745098 0.19044117647058822 0.022222222222222223 0.027941176470588237
7 0.7045751633986927 0.16875 0.01568627450980392 0.022794117647058822
7 0.7019607843137254 0.15661764705882353 0.013071895424836602 0.01911764705882353
7 0.7137254901960784 0.19117647058823528 0.01568627450980392 0.020588235294117647
3 0.6431372549019607 0.4661764705882353 0.10980392156862744 0.11764705882352941
3 0.826797385620915 0.27683823529411766 0.07450980392156863 0.06544117647058824
11 0.8215686274509804 0.08272058823529412 0.0457516339869281 0.03602941176470588
3 0.9307189542483659 0.20661764705882352 0.06535947712418301 0.045588235294117645
3 0.9607843137254901 0.07463235294117647 0.044444444444444446 0.021323529411764706
3 0.9882352941176471 0.042483660130718956 0.023529411764705882 0.022222222222222223
3 0.9849264705882353 0.02287581699346405 0.030147058823529412 0.0196078431372549