11 0.5241830065359476 0.5367647058823529 0.14901960784313725 0.05
3 0.9470588235294117 0.4202205882352941 0.07712418300653595 0.0625
11 0.6248366013071895 0.3610294117647059 0.1568627450980392 0.04852941176470588
11 0.6529411764705882 0.3386029411764706 0.12679738562091503 0.0375
3 0.6895424836601307 0.3 0.1398692810457516 0.033823529411764704
3 0.6235294117647059 0.2286764705882353 0.08888888888888889 0.05588235294117647
3 0.7385620915032679 0.2139705882352941 0.10718954248366012 0.029411764705882353
3 0.7477124183006535 0.19522058823529412 0.08627450980392157 0.021323529411764706
3 0.7594771241830065 0.1610294117647059 0.0915032679738562 0.020588235294117647
3 0.7947712418300654 0.17941176470588235 0.0784313725490196 0.029411764705882353
3 0.9581699346405228 0.23125 0.04967320261437909 0.03308823529411765
3 0.9985294117647059 0.06339869281045751 0.0029411764705882353 0.01568627450980392
3 0.9992647058823529 0.054901960784313725 0.0014705882352941176 0.011764705882352941
10 0.895424836601307 0.05772058823529412 0.03398692810457516 0.027205882352941177
3 0.8254901960784312 0.06139705882352941 0.050980392156862744 0.013970588235294118
11 0.8209150326797385 0.051470588235294115 0.02875816993464052 0.014705882352941176
3 0.8562091503267973 0.054411764705882354 0.02875816993464052 0.014705882352941176
3 0.8084967320261437 0.0724264705882353 0.043137254901960784 0.01838235294117647
3 0.7954248366013073 0.10183823529411765 0.06143790849673203 0.016911764705882352
11 0.7888888888888889 0.11286764705882353 0.06405228758169934 0.02426470588235294
3 0.7901960784313724 0.12610294117647058 0.07450980392156863 0.022794117647058822
10 0.7248366013071895 0.1426470588235294 0.12679738562091503 0.030882352941176472
5 0.45294117647058824 0.3911764705882353 0.058823529411764705 0.01911764705882353
5 0.4666666666666666 0.375 0.04967320261437909 0.013235294117647059
1 0.47320261437908495 0.3709558823529412 0.05751633986928104 0.016911764705882352
8 0.6947712418300653 0.21801470588235294 0.0196078431372549 0.016911764705882352
8 0.9699346405228758 0.09705882352941177 0.013071895424836602 0.010294117647058823
5 0.969281045751634 0.10110294117647059 0.011764705882352941 0.0125