7 0.475 0.5203125 0.046296296296296294 0.04895833333333333
7 0.4388888888888889 0.5072916666666667 0.029629629629629627 0.041666666666666664
4 0.2824074074074074 0.3494791666666667 0.28703703703703703 0.14895833333333333
8 0.44537037037037036 0.41510416666666666 0.02037037037037037 0.023958333333333335
7 0.924074074074074 0.5322916666666667 0.029629629629629627 0.05
7 0.9592592592592591 0.521875 0.029629629629629627 0.05
7 0.9787037037037037 0.5276041666666667 0.02037037037037037 0.036458333333333336
3 0.9942708333333333 0.512962962962963 0.011458333333333333 0.08703703703703704
5 0.44907407407407407 0.428125 0.05 0.020833333333333332
7 0.47407407407407404 0.4036458333333333 0.02592592592592592 0.036458333333333336
7 0.6203703703703703 0.3848958333333333 0.02592592592592592 0.03854166666666667
7 0.6638888888888889 0.3796875 0.03148148148148148 0.03854166666666667
7 0.9564814814814814 0.45729166666666665 0.03148148148148148 0.041666666666666664
7 0.9854166666666667 0.4601851851851852 0.029166666666666667 0.03333333333333333
3 0.8212962962962963 0.3802083333333333 0.07962962962962963 0.052083333333333336
8 0.6944444444444444 0.4171875 0.029629629629629627 0.023958333333333335
8 0.6972222222222222 0.41041666666666665 0.03148148148148148 0.025
5 0.6953703703703703 0.4270833333333333 0.03518518518518519 0.03125
5 0.586111111111111 0.35208333333333336 0.027777777777777776 0.035416666666666666
5 0.6138888888888888 0.3359375 0.04259259259259259 0.026041666666666668
8 0.712037037037037 0.3302083333333333 0.027777777777777776 0.025
8 0.9305555555555555 0.33645833333333336 0.027777777777777776 0.022916666666666665
8 0.9129629629629629 0.3645833333333333 0.02592592592592592 0.025
8 0.9203703703703704 0.3578125 0.02592592592592592 0.028125
8 0.774074074074074 0.3098958333333333 0.029629629629629627 0.021875
8 0.874074074074074 0.25416666666666665 0.02222222222222222 0.020833333333333332
8 0.9277777777777777 0.23333333333333334 0.02222222222222222 0.016666666666666666
8 0.8592592592592592 0.23125 0.01851851851851852 0.016666666666666666
8 1 0.24722222222222223 0 0.016666666666666666
8 0.9666666666666667 0.18333333333333332 0.014814814814814814 0.010416666666666666
4 0.7416666666666667 0.09444444444444444 0.5166666666666667 0.10740740740740741
8 0.8453703703703703 0.19947916666666668 0.01296296296296296 0.009375
8 0.812037037037037 0.203125 0.016666666666666666 0.0125
8 0.8861111111111111 0.1859375 0.01296296296296296 0.011458333333333333
8 0.9953125 0.1685185185185185 0.009375 0.007407407407407408
7 0.7027777777777777 0.3067708333333333 0.02037037037037037 0.017708333333333333
7 0.990625 0.32592592592592595 0.01875 0.03148148148148148
7 0.7324074074074074 0.2713541666666667 0.02037037037037037 0.021875
7 0.7685185185185185 0.27291666666666664 0.01851851851851852 0.027083333333333334
7 0.7546296296296297 0.271875 0.016666666666666666 0.025
4 0.8398148148148148 0.16302083333333334 0.0574074074074074 0.03229166666666667
3 0.9222222222222222 0.1609375 0.03333333333333333 0.019791666666666666
3 0.7435185185185185 0.2546875 0.07222222222222222 0.034375
7 0.7851851851851851 0.24479166666666666 0.01851851851851852 0.01875
7 0.7685185185185185 0.2421875 0.014814814814814814 0.023958333333333335
8 0.7462962962962963 0.346875 0.02592592592592592 0.022916666666666665
5 0.7472222222222221 0.35572916666666665 0.03148148148148148 0.023958333333333335
9 0.8157407407407408 0.24166666666666667 0.03148148148148148 0.027083333333333334
5 0.7759259259259258 0.3203125 0.03333333333333333 0.019791666666666666
5 0.875 0.2635416666666667 0.024074074074074074 0.016666666666666666
5 0.8592592592592592 0.2375 0.02222222222222222 0.016666666666666666
5 0.9277777777777777 0.24010416666666667 0.02222222222222222 0.015625
5 0.9648148148148148 0.19010416666666666 0.01851851851851852 0.011458333333333333
5 0.9185185185185184 0.3703125 0.02222222222222222 0.015625
5 0.9333333333333333 0.35104166666666664 0.02222222222222222 0.016666666666666666
5 0.812962962962963 0.2109375 0.02222222222222222 0.015625
5 0.8435185185185184 0.20729166666666668 0.02037037037037037 0.010416666666666666
5 0.8861111111111111 0.19322916666666667 0.02037037037037037 0.013541666666666667
5 0.99375 0.17407407407407408 0.0125 0.009259259259259259
7 0.812037037037037 0.21614583333333334 0.01296296296296296 0.017708333333333333