9 0.015073529411764706 0.13725490196078433 0.030147058823529412 0.03529411764705882
3 0.10261437908496732 0.17426470588235293 0.12679738562091503 0.054411764705882354
3 0.07794117647058824 0.3483660130718954 0.15588235294117647 0.08366013071895424
9 0.13333333333333333 0.4172794117647059 0.15947712418300652 0.05073529411764706
8 0.1503267973856209 0.4161764705882353 0.06274509803921569 0.04264705882352941
5 0.9992647058823529 0.17320261437908496 0.0014705882352941176 0.02875816993464052
5 0.9915441176470589 0.14052287581699346 0.016911764705882352 0.030065359477124184
8 0.9915441176470589 0.13398692810457516 0.016911764705882352 0.03398692810457516
3 0.9889705882352942 0.0718954248366013 0.022058823529411766 0.043137254901960784
3 0.8039215686274509 0.10882352941176471 0.1411764705882353 0.041176470588235294
3 0.8294117647058824 0.08308823529411764 0.09281045751633986 0.03823529411764706
10 0.8568627450980392 0.05661764705882353 0.1895424836601307 0.061764705882352944
5 0.8529411764705882 0.02022058823529412 0.0196078431372549 0.01838235294117647
3 0.9411764705882353 0.04183006535947712 0.11764705882352941 0.03529411764705882
3 0.9488970588235294 0.00980392156862745 0.10220588235294117 0.0196078431372549