4 0.8 0.04926470588235294 0.11241830065359477 0.03529411764705882
4 0.8679738562091502 0.04301470588235294 0.04183006535947712 0.015441176470588236
4 0.7986928104575163 0.10477941176470588 0.013071895424836602 0.0125
4 0.8261437908496732 0.08897058823529412 0.026143790849673203 0.011764705882352941
4 0.8274509803921568 0.07573529411764705 0.00522875816993464 0.014705882352941176
3 0.7856209150326796 0.07720588235294118 0.03660130718954248 0.010294117647058823
3 0.7477124183006535 0.0849264705882353 0.047058823529411764 0.011029411764705883
3 0.788235294117647 0.08676470588235294 0.044444444444444446 0.011764705882352941
3 0.815032679738562 0.07757352941176471 0.0196078431372549 0.009558823529411765
3 0.8392156862745097 0.07830882352941176 0.01830065359477124 0.011029411764705883
3 0.8503267973856209 0.07169117647058823 0.01699346405228758 0.008088235294117648
3 0.7967320261437908 0.09080882352941176 0.022222222222222223 0.009558823529411765
3 0.7777777777777778 0.10220588235294117 0.02875816993464052 0.011764705882352941
5 0.6954248366013072 0.11397058823529412 0.01568627450980392 0.008823529411764706
7 0.7836601307189542 0.11176470588235295 0.006535947712418301 0.013235294117647059
7 0.7777777777777778 0.11176470588235295 0.01045751633986928 0.010294117647058823
9 0.7470588235294118 0.11838235294117647 0.0196078431372549 0.013235294117647059
7 0.7496732026143791 0.12573529411764706 0.00915032679738562 0.013235294117647059
7 0.7588235294117647 0.12683823529411764 0.00915032679738562 0.013970588235294118
2 0.8718954248366012 0.061764705882352944 0.02875816993464052 0.020588235294117647
3 0.9006535947712418 0.04595588235294118 0.013071895424836602 0.006617647058823529
3 0.9065359477124183 0.04154411764705882 0.011764705882352941 0.006617647058823529
11 0.9078431372549018 0.05551470588235294 0.011764705882352941 0.009558823529411765
3 0.9777777777777776 0.03897058823529412 0.01045751633986928 0.0058823529411764705
3 0.892156862745098 0.08125 0.01699346405228758 0.0125
3 0.8601307189542482 0.09227941176470589 0.023529411764705882 0.0125
3 0.9464052287581699 0.0849264705882353 0.0392156862745098 0.009558823529411765
3 0.7379084967320262 0.14448529411764705 0.03790849673202614 0.019852941176470587
3 0.8065359477124183 0.14558823529411766 0.03398692810457516 0.01764705882352941
3 0.8215686274509804 0.12573529411764706 0.03006535947712418 0.01764705882352941
3 0.8718954248366012 0.11691176470588235 0.02875816993464052 0.014705882352941176
3 0.8607843137254901 0.13345588235294117 0.03006535947712418 0.016911764705882352
3 0.861437908496732 0.14595588235294119 0.03398692810457516 0.016911764705882352
3 0.9215686274509803 0.14044117647058824 0.03137254901960784 0.01764705882352941
3 0.9241830065359478 0.10551470588235294 0.023529411764705882 0.0125
7 0.6601307189542484 0.1386029411764706 0.00784313725490196 0.013970588235294118
3 0.9385620915032679 0.18125 0.05228758169934641 0.028676470588235293
3 0.9992647058823529 0.20718954248366014 0.0014705882352941176 0.036601307189542485
3 0.9490196078431371 0.25588235294117645 0.08104575163398692 0.033823529411764704
5 0.788235294117647 0.25183823529411764 0.0392156862745098 0.015441176470588236
8 0.7895424836601308 0.24705882352941178 0.02091503267973856 0.022058823529411766
9 0.7934640522875817 0.2400735294117647 0.044444444444444446 0.019852941176470587
8 0.7849673202614378 0.2349264705882353 0.01699346405228758 0.021323529411764706
11 0.5836601307189542 0.14816176470588235 0.043137254901960784 0.021323529411764706
11 0.5431372549019607 0.14227941176470588 0.05359477124183006 0.03161764705882353
3 0.5607843137254902 0.2025735294117647 0.10718954248366012 0.028676470588235293
3 0.5581699346405229 0.29963235294117646 0.0915032679738562 0.04044117647058824
3 0.5980392156862745 0.40808823529411764 0.09281045751633986 0.07058823529411765
7 0.3549019607843137 0.30183823529411763 0.01699346405228758 0.025735294117647058
3 0.43660130718954243 0.40808823529411764 0.12549019607843137 0.06911764705882353
0 0.45424836601307184 0.3327205882352941 0.06666666666666667 0.04632352941176471
3 0.4287581699346405 0.26029411764705884 0.12026143790849672 0.03676470588235294
3 0.18627450980392155 0.36176470588235293 0.15294117647058825 0.051470588235294115
3 0.10661764705882353 0.40588235294117647 0.21323529411764705 0.054901960784313725
3 0.06470588235294118 0.44901960784313727 0.12941176470588237 0.06013071895424837
8 0.011029411764705883 0.30980392156862746 0.022058823529411766 0.02483660130718954
3 0.04889705882352941 0.1758169934640523 0.09779411764705882 0.0196078431372549
3 0.23267973856209148 0.22242647058823528 0.12026143790849672 0.025735294117647058
9 0.2241830065359477 0.23529411764705882 0.06405228758169934 0.016176470588235296
8 0.23856209150326793 0.2301470588235294 0.0196078431372549 0.01764705882352941
8 0.21699346405228756 0.22463235294117648 0.01568627450980392 0.016911764705882352
11 0.1973856209150327 0.17536764705882352 0.11241830065359477 0.022794117647058822
5 0.10849673202614378 0.1488970588235294 0.01830065359477124 0.0125
9 0.08758169934640522 0.14779411764705883 0.03398692810457516 0.016176470588235296
4 0.14509803921568626 0.14779411764705883 0.047058823529411764 0.013235294117647059
3 0.2718954248366013 0.1588235294117647 0.04183006535947712 0.01911764705882353
3 0.32941176470588235 0.17830882352941177 0.09934640522875818 0.021323529411764706
3 0.3464052287581699 0.1610294117647059 0.07058823529411765 0.01911764705882353
5 0.33856209150326794 0.18639705882352942 0.0392156862745098 0.011029411764705883
8 0.3372549019607843 0.18125 0.01568627450980392 0.016911764705882352
3 0.4816993464052287 0.15441176470588236 0.05620915032679739 0.01911764705882353
7 0.4660130718954248 0.16176470588235295 0.01699346405228758 0.01911764705882353
7 0.47320261437908495 0.16213235294117648 0.013071895424836602 0.015441176470588236
7 0.43921568627450974 0.15919117647058822 0.01045751633986928 0.016911764705882352
7 0.4300653594771241 0.15919117647058822 0.01045751633986928 0.016911764705882352
5 0.426797385620915 0.15661764705882353 0.01699346405228758 0.01764705882352941
9 0.4437908496732026 0.17022058823529412 0.05620915032679739 0.0125
8 0.45424836601307184 0.16654411764705881 0.01699346405228758 0.0125