3 0.18888888888888886 0.34609375 0.07962962962962963 0.043229166666666666
3 0.057870370370370364 0.21614583333333334 0.02685185185185185 0.011458333333333333
3 0.09814814814814814 0.20729166666666668 0.02222222222222222 0.008333333333333333
3 0.12222222222222222 0.20026041666666666 0.016666666666666666 0.0067708333333333336
3 0.3162037037037037 0.22135416666666666 0.0287037037037037 0.010416666666666666
3 0.2236111111111111 0.20546875 0.021296296296296296 0.0078125
3 0.20231481481481478 0.18723958333333332 0.013888888888888888 0.005729166666666666
3 0.16666666666666666 0.17916666666666667 0.01111111111111111 0.004166666666666667
3 0.1875 0.17942708333333332 0.010185185185185184 0.0046875
3 0.199537037037037 0.17838541666666666 0.010185185185185184 0.0046875
3 0.17916666666666667 0.17526041666666667 0.008333333333333333 0.0046875
3 0.17453703703703702 0.16640625 0.00648148148148148 0.0036458333333333334
3 0.16157407407407406 0.16432291666666668 0.008333333333333333 0.0036458333333333334
3 0.16527777777777777 0.16015625 0.00648148148148148 0.0036458333333333334
3 0.1259259259259259 0.15729166666666666 0.007407407407407407 0.003125
3 0.13796296296296295 0.15651041666666668 0.005555555555555555 0.0026041666666666665
11 0.12685185185185185 0.15208333333333332 0.007407407407407407 0.005208333333333333