7 0.04640522875816993 0.15992647058823528 0.02745098039215686 0.022794117647058822
10 0.20915032679738563 0.1323529411764706 0.0915032679738562 0.03823529411764706
3 0.4509803921568627 0.17316176470588235 0.044444444444444446 0.021323529411764706
11 0.5137254901960784 0.16580882352941176 0.03660130718954248 0.022794117647058822
3 0.8516339869281045 0.21691176470588236 0.043137254901960784 0.027941176470588237
10 0.9594771241830066 0.1698529411764706 0.07058823529411765 0.07058823529411765
10 0.6895424836601307 0.07610294117647058 0.04836601307189542 0.03602941176470588
10 0.7019607843137254 0.04926470588235294 0.0392156862745098 0.023529411764705882
10 0.6640522875816993 0.048161764705882355 0.0392156862745098 0.022794117647058822
3 0.9143790849673201 0.2235294117647059 0.043137254901960784 0.027941176470588237
3 0.8274509803921568 0.15625 0.03660130718954248 0.021323529411764706
3 0.8470588235294118 0.10183823529411765 0.03137254901960784 0.013970588235294118
3 0.8444444444444443 0.07904411764705882 0.026143790849673203 0.011029411764705883
3 0.8901960784313724 0.07977941176470588 0.02091503267973856 0.011029411764705883
3 0.8522875816993464 0.06875 0.02091503267973856 0.011029411764705883
3 0.8503267973856209 0.05845588235294118 0.022222222222222223 0.011029411764705883
3 0.8503267973856209 0.04485294117647059 0.01699346405228758 0.008823529411764706
3 0.9013071895424836 0.05073529411764706 0.01699346405228758 0.008823529411764706
3 0.9274509803921568 0.05367647058823529 0.01699346405228758 0.008823529411764706
3 0.8830065359477124 0.04191176470588235 0.01699346405228758 0.008823529411764706
3 0.8738562091503267 0.03308823529411765 0.01699346405228758 0.008823529411764706
3 0.8738562091503267 0.027205882352941177 0.01699346405228758 0.008823529411764706
3 0.8699346405228758 0.01801470588235294 0.01437908496732026 0.008088235294117648
3 0.9117647058823529 0.06948529411764706 0.02745098039215686 0.011029411764705883
7 0.7483660130718954 0.13933823529411765 0.011764705882352941 0.013970588235294118
0 0.7653594771241831 0.13897058823529412 0.024836601307189544 0.022058823529411766
3 0.7908496732026142 0.0838235294117647 0.026143790849673203 0.014705882352941176
3 0.8065359477124183 0.07610294117647058 0.023529411764705882 0.009558823529411765
3 0.8130718954248366 0.02977941176470588 0.01830065359477124 0.009558823529411765
3 0.8235294117647058 0.026838235294117645 0.01830065359477124 0.009558823529411765
10 0.7738562091503267 0.06286764705882353 0.07320261437908496 0.019852941176470587
10 0.8078431372549019 0.04889705882352941 0.03137254901960784 0.016911764705882352
3 0.9385620915032679 0.04375 0.01568627450980392 0.009558823529411765
3 0.9712418300653595 0.039705882352941174 0.03398692810457516 0.008823529411764706
3 0.9712418300653595 0.045588235294117645 0.03398692810457516 0.008823529411764706
3 0.9705882352941176 0.05036764705882353 0.03529411764705882 0.009558823529411765
3 0.9522875816993464 0.033823529411764704 0.03529411764705882 0.008823529411764706
3 0.9926470588235294 0.032679738562091505 0.014705882352941176 0.009150326797385621
10 0.9058823529411765 0.02426470588235294 0.02091503267973856 0.010294117647058823
8 0.9405228758169935 0.10735294117647058 0.011764705882352941 0.007352941176470588
3 0.90718954248366 0.02977941176470588 0.01568627450980392 0.008088235294117648
4 0.8981617647058824 0.0058823529411764705 0.19117647058823528 0.011764705882352941
4 0.7483660130718954 0.023161764705882354 0.08235294117647059 0.027205882352941177
3 0.9411764705882353 0.030147058823529412 0.03398692810457516 0.008823529411764706
3 0.9444444444444444 0.027941176470588237 0.03529411764705882 0.008823529411764706
3 0.9366013071895424 0.022058823529411766 0.03006535947712418 0.008823529411764706
3 0.9922794117647059 0.022222222222222223 0.015441176470588236 0.00784313725490196
7 0.9568627450980391 0.10404411764705883 0.00784313725490196 0.0125
8 0.8836601307189541 0.02022058823529412 0.00784313725490196 0.005147058823529412
8 0.8372549019607842 0.016176470588235296 0.006535947712418301 0.0058823529411764705
8 0.896078431372549 0.03602941176470588 0.006535947712418301 0.0058823529411764705
8 0.9058823529411765 0.0375 0.01045751633986928 0.0058823529411764705
5 0.9058823529411765 0.041176470588235294 0.00784313725490196 0.007352941176470588
5 0.8980392156862744 0.04007352941176471 0.00784313725490196 0.008088235294117648
5 0.9418300653594771 0.1125 0.00915032679738562 0.008823529411764706
5 0.8843137254901959 0.022058823529411766 0.006535947712418301 0.004411764705882353
5 0.8372549019607842 0.01875 0.006535947712418301 0.005147058823529412
3 0.9981617647058824 0.08758169934640522 0.003676470588235294 0.01437908496732026
3 0.9699346405228758 0.10735294117647058 0.026143790849673203 0.014705882352941176
3 0.9751633986928104 0.10073529411764706 0.026143790849673203 0.014705882352941176
7 0.9797385620915032 0.09448529411764706 0.01437908496732026 0.013970588235294118
3 0.8470588235294118 0.39191176470588235 0.06797385620915032 0.06470588235294118
3 0.9724264705882353 0.4196078431372549 0.05514705882352941 0.06535947712418301
11 0.9490196078431371 0.3084558823529412 0.06535947712418301 0.04338235294117647