4 0.524537037037037 0.11067708333333333 0.2175925925925926 0.07864583333333333
4 0.04259259259259259 0.4979166666666667 0.07222222222222222 0.053125
4 0.08425925925925926 0.45260416666666664 0.06296296296296296 0.04479166666666667
4 0.16666666666666666 0.4010416666666667 0.08148148148148147 0.08645833333333333
4 0.2361111111111111 0.36354166666666665 0.0685185185185185 0.065625
4 0.2837962962962963 0.33932291666666664 0.06203703703703703 0.0390625
7 0.05092592592592592 0.45260416666666664 0.02037037037037037 0.028125
5 0.03981481481481482 0.4348958333333333 0.029629629629629627 0.021875
8 0.03796296296296296 0.4244791666666667 0.02222222222222222 0.027083333333333334
3 0.15 0.49166666666666664 0.1259259259259259 0.06666666666666667
11 0.2898148148148148 0.5236979166666667 0.15925925925925927 0.0703125
2 0.325 0.42161458333333335 0.20185185185185184 0.14635416666666667
3 0.499537037037037 0.41744791666666664 0.075 0.050520833333333334
3 0.6226851851851851 0.4440104166666667 0.06944444444444443 0.0546875
3 0.7787037037037037 0.5408854166666667 0.08518518518518518 0.04010416666666667
3 0.9087962962962962 0.5216145833333333 0.09166666666666666 0.06510416666666667
3 0.7888888888888889 0.48333333333333334 0.07962962962962963 0.06041666666666667
11 0.899537037037037 0.45260416666666664 0.08796296296296297 0.06145833333333333
3 0.7814814814814814 0.41901041666666666 0.07222222222222222 0.04114583333333333
3 0.9690104166666667 0.4101851851851852 0.06197916666666667 0.04722222222222222
3 0.8712962962962962 0.39166666666666666 0.0685185185185185 0.046875
3 0.7726851851851851 0.37552083333333336 0.06203703703703703 0.035416666666666666
3 0.9425925925925925 0.3614583333333333 0.07407407407407408 0.03958333333333333
3 0.8578703703703704 0.35 0.058333333333333334 0.029166666666666667
3 0.7652777777777777 0.34140625 0.05277777777777778 0.0296875
3 0.9268518518518518 0.3296875 0.05555555555555555 0.027083333333333334
3 0.8379629629629629 0.32005208333333335 0.0574074074074074 0.027604166666666666
3 0.7583333333333333 0.31614583333333335 0.05 0.023958333333333335
3 0.6273148148148148 0.34375 0.058333333333333334 0.03333333333333333
3 0.4217592592592592 0.29453125 0.054629629629629625 0.028645833333333332
2 0.9791666666666666 0.3333333333333333 0.041666666666666664 0.08333333333333333
3 0.8907407407407407 0.30078125 0.046296296296296294 0.0234375
2 0.9361111111111111 0.271875 0.09814814814814814 0.06354166666666666
3 0.7509259259259259 0.2911458333333333 0.04444444444444444 0.020833333333333332
7 0.2361111111111111 0.28567708333333336 0.016666666666666666 0.015104166666666667
3 0.15879629629629627 0.2921875 0.06759259259259259 0.021875
7 0.18425925925925926 0.2872395833333333 0.016666666666666666 0.011979166666666667
3 0.17546296296296296 0.2591145833333333 0.04907407407407407 0.021354166666666667
11 0.22685185185185183 0.24557291666666667 0.0685185185185185 0.030729166666666665
7 0.26805555555555555 0.25 0.013888888888888888 0.016666666666666666
3 0.3814814814814815 0.24453125 0.05 0.021354166666666667
3 0.5805555555555555 0.21536458333333333 0.027777777777777776 0.016145833333333335
1 0.39120370370370366 0.25234375 0.017592592592592594 0.011979166666666667
4 0.41388888888888886 0.25703125 0.024074074074074074 0.0109375
4 0.42453703703703705 0.23723958333333334 0.01944444444444444 0.025520833333333333
8 0.3069444444444444 0.24505208333333334 0.010185185185185184 0.0140625
8 0.3412037037037037 0.24401041666666667 0.012037037037037037 0.011979166666666667
1 0.30787037037037035 0.24973958333333332 0.010185185185185184 0.009895833333333333
3 0.15324074074074073 0.22421875 0.054629629629629625 0.024479166666666666
5 0.37916666666666665 0.21145833333333333 0.01574074074074074 0.007291666666666667
8 0.37916666666666665 0.20677083333333332 0.010185185185185184 0.009375
7 0.38009259259259254 0.20130208333333333 0.008333333333333333 0.0109375
7 0.34305555555555556 0.16770833333333332 0.00648148148148148 0.009375
5 0.3333333333333333 0.16875 0.014814814814814814 0.005208333333333333
8 0.3333333333333333 0.16666666666666666 0.007407407407407407 0.00625
5 0.38379629629629625 0.16171875 0.010185185185185184 0.005729166666666666
8 0.38379629629629625 0.15885416666666666 0.00648148148148148 0.00625
1 0.5004629629629629 0.18489583333333334 0.017592592592592594 0.00625
8 0.5 0.18098958333333334 0.00925925925925926 0.009895833333333333
7 0.4847222222222222 0.1765625 0.00648148148148148 0.010416666666666666
1 0.5291666666666667 0.18177083333333333 0.017592592592592594 0.00625
8 0.5305555555555556 0.17864583333333334 0.007407407407407407 0.009375
5 0.5527777777777777 0.18307291666666667 0.01851851851851852 0.005729166666666666
8 0.5527777777777777 0.17994791666666668 0.007407407407407407 0.008854166666666666
8 0.5574074074074074 0.1796875 0.005555555555555555 0.007291666666666667
5 0.587962962962963 0.16510416666666666 0.01851851851851852 0.005208333333333333
8 0.5875 0.16328125 0.00648148148148148 0.0067708333333333336
5 0.6310185185185184 0.18098958333333334 0.017592592592592594 0.0067708333333333336
8 0.6296296296296297 0.178125 0.00925925925925926 0.008333333333333333
3 0.5763888888888888 0.16145833333333334 0.045370370370370366 0.008333333333333333
3 0.6314814814814814 0.16223958333333333 0.04444444444444444 0.008854166666666666
3 0.6259259259259259 0.15859375 0.04259259259259259 0.0078125
1 0.7472222222222221 0.178125 0.016666666666666666 0.00625
8 0.7472222222222221 0.17421875 0.007407407407407407 0.008854166666666666
1 0.7560185185185184 0.1765625 0.01574074074074074 0.00625
8 0.7532407407407408 0.17369791666666667 0.008333333333333333 0.008854166666666666
5 0.7833333333333333 0.18385416666666668 0.00925925925925926 0.007291666666666667
8 0.7819444444444444 0.18255208333333334 0.010185185185185184 0.008854166666666666
1 0.46574074074074073 0.16432291666666668 0.016666666666666666 0.005729166666666666
8 0.46481481481481474 0.16145833333333334 0.007407407407407407 0.007291666666666667
2 0.812962962962963 0.27265625 0.07592592592592592 0.06197916666666667
3 0.7916666666666666 0.25677083333333334 0.04814814814814815 0.01875
3 0.8703703703703703 0.28203125 0.04259259259259259 0.022395833333333334
3 0.8555555555555555 0.2640625 0.03703703703703704 0.01875
3 0.737037037037037 0.27395833333333336 0.04074074074074074 0.019791666666666666
3 0.7300925925925925 0.25625 0.03611111111111111 0.01875
3 0.7217592592592592 0.23958333333333334 0.03425925925925925 0.014583333333333334
3 0.712962962962963 0.22916666666666666 0.03148148148148148 0.016666666666666666
3 0.7009259259259258 0.21901041666666668 0.03333333333333333 0.0140625
3 0.6986111111111111 0.20963541666666666 0.030555555555555555 0.013020833333333334
3 0.6907407407407408 0.20234375 0.027777777777777776 0.013020833333333334
3 0.6837962962962963 0.19505208333333332 0.025 0.011979166666666667
3 0.6768518518518518 0.18828125 0.024074074074074074 0.0109375
3 0.7712962962962963 0.24322916666666666 0.03888888888888888 0.016666666666666666
3 0.7601851851851851 0.23072916666666668 0.03333333333333333 0.014583333333333334
3 0.7481481481481481 0.22135416666666666 0.029629629629629627 0.0125
3 0.7425925925925925 0.21197916666666666 0.027777777777777776 0.0125
3 0.7296296296296296 0.203125 0.029629629629629627 0.0125
3 0.7162037037037037 0.19401041666666666 0.0287037037037037 0.013020833333333334
3 0.8375 0.2515625 0.032407407407407406 0.014583333333333334
3 0.8226851851851851 0.2421875 0.03611111111111111 0.014583333333333334
3 0.8046296296296297 0.23098958333333333 0.03518518518518519 0.015104166666666667
3 0.7925925925925925 0.221875 0.029629629629629627 0.014583333333333334
3 0.7796296296296297 0.21223958333333334 0.03333333333333333 0.013020833333333334
3 0.7717592592592591 0.20286458333333332 0.030555555555555555 0.009895833333333333
3 0.7541666666666667 0.19401041666666666 0.02685185185185185 0.011979166666666667
3 0.8828703703703703 0.24817708333333333 0.041666666666666664 0.0171875
2 0.8601851851851852 0.22526041666666666 0.06111111111111111 0.03697916666666667
3 0.8333333333333334 0.21848958333333332 0.029629629629629627 0.013020833333333334
3 0.8166666666666667 0.20911458333333333 0.029629629629629627 0.013020833333333334
3 0.8013888888888888 0.20052083333333334 0.025 0.0125
3 0.7861111111111111 0.19348958333333333 0.027777777777777776 0.011979166666666667
3 0.6837962962962963 0.15494791666666666 0.021296296296296296 0.008854166666666666
3 0.6564814814814814 0.15104166666666666 0.016666666666666666 0.007291666666666667
11 0.6810185185185185 0.1484375 0.01944444444444444 0.008333333333333333
3 0.686574074074074 0.14557291666666666 0.013888888888888888 0.0078125
3 0.6726851851851852 0.13958333333333334 0.01574074074074074 0.005208333333333333
3 0.6509259259259258 0.13619791666666667 0.014814814814814814 0.005729166666666666
3 0.6467592592592591 0.13072916666666667 0.012037037037037037 0.00625