7 0.892156862745098 0.3327205882352941 0.03006535947712418 0.03455882352941177
7 0.17712418300653596 0.4319852941176471 0.06143790849673203 0.04191176470588235
7 0.04967320261437909 0.43786764705882353 0.05751633986928104 0.05073529411764706
7 0.09411764705882353 0.41948529411764707 0.04967320261437909 0.04485294117647059
7 0.7039215686274509 0.5113970588235294 0.0457516339869281 0.04779411764705882
7 0.5633986928104575 0.5360294117647059 0.06013071895424836 0.04411764705882353
7 0.5326797385620915 0.5198529411764706 0.02745098039215686 0.03529411764705882
8 0.561437908496732 0.5051470588235294 0.032679738562091505 0.026470588235294117
7 0.6045751633986928 0.5139705882352941 0.024836601307189544 0.03676470588235294
7 0.645751633986928 0.4988970588235294 0.03137254901960784 0.04338235294117647
8 0.6228758169934641 0.5106617647058823 0.01699346405228758 0.028676470588235293
8 0.6228758169934641 0.4915441176470588 0.043137254901960784 0.025735294117647058
7 0.6372549019607843 0.4783088235294118 0.03529411764705882 0.04632352941176471
8 0.5875816993464053 0.4823529411764706 0.022222222222222223 0.016176470588235296
7 0.6091503267973856 0.4797794117647059 0.023529411764705882 0.027205882352941177
7 0.5980392156862745 0.46286764705882355 0.03790849673202614 0.04044117647058824
7 0.29411764705882354 0.5393382352941176 0.03660130718954248 0.03455882352941177
7 0.30130718954248364 0.5367647058823529 0.032679738562091505 0.027941176470588237
7 0.634640522875817 0.3863970588235294 0.03529411764705882 0.04191176470588235
7 0.7509803921568627 0.39705882352941174 0.03790849673202614 0.04411764705882353
7 0.8189542483660132 0.40404411764705883 0.032679738562091505 0.04926470588235294
7 0.8516339869281045 0.4036764705882353 0.024836601307189544 0.04264705882352941
7 0.8503267973856209 0.45625 0.03006535947712418 0.04338235294117647
7 0.8189542483660132 0.4658088235294118 0.03006535947712418 0.04338235294117647
7 0.7849673202614378 0.4915441176470588 0.03790849673202614 0.0375
7 0.29281045751633983 0.47463235294117645 0.04183006535947712 0.04632352941176471
7 0.18431372549019606 0.5172794117647059 0.044444444444444446 0.03308823529411765
7 0.6856209150326796 0.3735294117647059 0.022222222222222223 0.03235294117647059
7 0.5091503267973856 0.3503676470588235 0.022222222222222223 0.027205882352941177
7 0.6934640522875817 0.3735294117647059 0.0196078431372549 0.027941176470588237
8 0.5941176470588235 0.35919117647058824 0.03529411764705882 0.027205882352941177
9 0.3934640522875817 0.3382352941176471 0.09673202614379084 0.045588235294117645
7 0.18562091503267972 0.5529411764705883 0.03137254901960784 0.01764705882352941
7 0.1588235294117647 0.5466911764705882 0.0196078431372549 0.025735294117647058
7 0.17450980392156862 0.5485294117647059 0.02745098039215686 0.023529411764705882
7 0.7392156862745097 0.21507352941176472 0.022222222222222223 0.0375
7 0.25882352941176473 0.4808823529411765 0.03398692810457516 0.039705882352941174
7 0.7483660130718954 0.4768382352941177 0.03790849673202614 0.05367647058823529
7 0.23725490196078428 0.4698529411764706 0.04052287581699346 0.04264705882352941
8 0.48562091503267973 0.3669117647058823 0.032679738562091505 0.023529411764705882
7 0.9026143790849672 0.37720588235294117 0.03006535947712418 0.047058823529411764
7 0.9405228758169935 0.37573529411764706 0.03006535947712418 0.03823529411764706
7 0.9614379084967319 0.37169117647058825 0.022222222222222223 0.03455882352941177
7 0.815032679738562 0.31176470588235294 0.022222222222222223 0.022058823529411766
7 0.8464052287581699 0.3014705882352941 0.0196078431372549 0.03676470588235294
8 0.7555555555555554 0.28455882352941175 0.023529411764705882 0.020588235294117647
8 0.6980392156862745 0.23051470588235295 0.03398692810457516 0.030147058823529412
7 0.6790849673202615 0.24044117647058824 0.022222222222222223 0.033823529411764704
8 0.6875816993464052 0.25625 0.026143790849673203 0.021323529411764706
7 0.7084967320261438 0.25625 0.013071895424836602 0.01838235294117647
8 0.7895424836601308 0.2485294117647059 0.02875816993464052 0.020588235294117647
7 0.7823529411764706 0.22095588235294117 0.024836601307189544 0.028676470588235293
7 0.8326797385620914 0.22830882352941176 0.01830065359477124 0.03455882352941177
5 0.9823529411764705 0.18758169934640523 0.03529411764705882 0.023529411764705882
5 0.9437908496732025 0.17830882352941177 0.0392156862745098 0.030147058823529412
8 0.8993464052287582 0.1713235294117647 0.026143790849673203 0.029411764705882353
7 0.9156862745098039 0.2761029411764706 0.0196078431372549 0.03308823529411765
7 0.8712418300653595 0.2775735294117647 0.024836601307189544 0.04191176470588235
8 0.8588235294117647 0.26433823529411765 0.013071895424836602 0.01838235294117647
8 0.837908496732026 0.2613970588235294 0.02875816993464052 0.021323529411764706
8 0.8444444444444443 0.2580882352941177 0.01830065359477124 0.016176470588235296
8 0.8529411764705882 0.24816176470588236 0.01699346405228758 0.0125
7 0.8581699346405228 0.24301470588235294 0.024836601307189544 0.022794117647058822
8 0.8901960784313724 0.2426470588235294 0.01830065359477124 0.013235294117647059
8 0.9411764705882353 0.2555147058823529 0.02091503267973856 0.01838235294117647
8 0.9202614379084967 0.24411764705882352 0.01830065359477124 0.022058823529411766
8 0.9294117647058824 0.24632352941176472 0.01830065359477124 0.011764705882352941
8 0.9052287581699346 0.24669117647058825 0.01699346405228758 0.009558823529411765
8 0.9274509803921568 0.26580882352941176 0.01437908496732026 0.01838235294117647
7 0.8647058823529412 0.22573529411764706 0.0196078431372549 0.026470588235294117
7 0.9992647058823529 0.22679738562091503 0.0014705882352941176 0.03790849673202614
7 0.8424836601307188 0.20588235294117646 0.0196078431372549 0.030882352941176472
7 0.857516339869281 0.21029411764705883 0.013071895424836602 0.025
11 0.8254901960784312 0.16066176470588237 0.10849673202614378 0.04632352941176471
11 0.9308823529411765 0.13398692810457516 0.13823529411764707 0.0392156862745098
7 0.9948529411764706 0.361437908496732 0.010294117647058823 0.044444444444444446
11 0.534640522875817 0.27095588235294116 0.17254901960784313 0.06691176470588235
9 0.6732026143790849 0.23786764705882352 0.10196078431372549 0.04485294117647059
0 0.24771241830065358 0.375 0.2 0.09852941176470588
5 0.35947712418300654 0.4389705882352941 0.11764705882352941 0.03529411764705882
7 0.8803921568627451 0.5264705882352941 0.0457516339869281 0.06323529411764706
9 0.8483660130718953 0.5261029411764706 0.12810457516339868 0.06985294117647059