3 0.8777777777777777 0.37279411764705883 0.07973856209150326 0.09117647058823529
3 0.9790441176470588 0.3326797385620915 0.04191176470588235 0.0784313725490196
3 0.9294117647058824 0.1801470588235294 0.07581699346405228 0.07941176470588235
3 0.7130718954248365 0.17169117647058824 0.0849673202614379 0.09044117647058823
3 0.8803921568627451 0.05661764705882353 0.0718954248366013 0.07205882352941176
3 0.2947712418300653 0.15257352941176472 0.15294117647058825 0.04338235294117647
3 0.09019607843137255 0.18088235294117647 0.16470588235294117 0.04264705882352941
3 0.24901960784313723 0.21213235294117647 0.1477124183006536 0.04338235294117647
3 0.21111111111111108 0.3297794117647059 0.15294117647058825 0.04191176470588235
7 0.29607843137254897 0.34154411764705883 0.02745098039215686 0.013970588235294118
7 0.6235294117647059 0.32132352941176473 0.02875816993464052 0.011764705882352941
7 0.43725490196078426 0.10441176470588236 0.032679738562091505 0.011764705882352941
7 0.8934640522875816 0.23823529411764705 0.022222222222222223 0.011764705882352941
5 0.8901960784313724 0.23897058823529413 0.023529411764705882 0.029411764705882353
5 0.1699346405228758 0.2514705882352941 0.07581699346405228 0.011764705882352941
7 0.16732026143790849 0.2511029411764706 0.044444444444444446 0.0125
3 0.03529411764705882 0.24640522875816995 0.07058823529411765 0.043137254901960784
3 0.04044117647058824 0.34901960784313724 0.08088235294117647 0.03790849673202614
3 0.7227941176470588 0.0196078431372549 0.07867647058823529 0.0392156862745098