4 0.9514705882352941 0.02679738562091503 0.09705882352941177 0.02483660130718954
3 0.9738970588235294 0.05163398692810457 0.05220588235294118 0.02091503267973856
5 0.9320261437908496 0.05220588235294118 0.01830065359477124 0.014705882352941176
5 0.9137254901960783 0.045588235294117645 0.00784313725490196 0.016176470588235296
5 0.9568627450980391 0.05551470588235294 0.02091503267973856 0.015441176470588236
7 0.9992647058823529 0.06797385620915032 0.0014705882352941176 0.0196078431372549
7 0.9901960784313725 0.07022058823529412 0.011764705882352941 0.01838235294117647
7 0.9758169934640523 0.07573529411764705 0.011764705882352941 0.01911764705882353
7 0.8901960784313724 0.060294117647058824 0.013071895424836602 0.020588235294117647
7 0.8790849673202613 0.06397058823529411 0.01437908496732026 0.020588235294117647
3 0.9808823529411764 0.10522875816993464 0.03823529411764706 0.032679738562091505
9 0.9535947712418301 0.09558823529411764 0.02745098039215686 0.01911764705882353
8 0.9522875816993464 0.09191176470588236 0.01699346405228758 0.01911764705882353
8 0.9620915032679738 0.09595588235294118 0.01830065359477124 0.009558823529411765
7 0.8078431372549019 0.10992647058823529 0.01045751633986928 0.021323529411764706
5 0.9856617647058824 0.2065359477124183 0.028676470588235293 0.022222222222222223
7 0.9555555555555555 0.2275735294117647 0.013071895424836602 0.027205882352941177
7 0.9509803921568627 0.23566176470588235 0.01437908496732026 0.013970588235294118
9 0.8555555555555555 0.23713235294117646 0.06666666666666667 0.0375
3 0.9006535947712418 0.2801470588235294 0.1568627450980392 0.039705882352941174
10 0.8549019607843136 0.30330882352941174 0.22222222222222224 0.07573529411764705
7 0.7647058823529411 0.3136029411764706 0.013071895424836602 0.025735294117647058
7 0.7888888888888889 0.2731617647058823 0.01437908496732026 0.025735294117647058
8 0.7954248366013073 0.26838235294117646 0.00915032679738562 0.013235294117647059
3 0.7830065359477124 0.3610294117647059 0.15947712418300652 0.058823529411764705
11 0.7235294117647059 0.17022058823529412 0.11111111111111112 0.04779411764705882
3 0.7797385620915032 0.08345588235294117 0.09019607843137255 0.03602941176470588
5 0.7 0.10551470588235294 0.032679738562091505 0.016911764705882352
1 0.74640522875817 0.10330882352941176 0.0392156862745098 0.013970588235294118
1 0.7071895424836601 0.09411764705882353 0.03137254901960784 0.011764705882352941
5 0.630718954248366 0.16397058823529412 0.03529411764705882 0.01911764705882353
8 0.6320261437908496 0.15808823529411764 0.0196078431372549 0.020588235294117647
3 0.6647058823529411 0.4227941176470588 0.21045751633986928 0.06470588235294118
3 0.5888888888888888 0.4702205882352941 0.23137254901960783 0.05955882352941176
3 0.04967320261437909 0.23823529411764705 0.07320261437908496 0.04264705882352941
9 0.07254901960784313 0.19816176470588234 0.0849673202614379 0.028676470588235293
3 0.3287581699346405 0.17463235294117646 0.13202614379084968 0.0375
7 0.41960784313725485 0.1264705882352941 0.01568627450980392 0.022058823529411766
7 0.43986928104575157 0.125 0.01699346405228758 0.022058823529411766
3 0.4490196078431372 0.1514705882352941 0.12941176470588237 0.03235294117647059
7 0.4849673202614379 0.17683823529411766 0.01568627450980392 0.021323529411764706
5 0.49803921568627446 0.2161764705882353 0.044444444444444446 0.023529411764705882
8 0.49803921568627446 0.21102941176470588 0.023529411764705882 0.025
5 0.3254901960784313 0.21286764705882352 0.044444444444444446 0.021323529411764706
1 0.4235294117647059 0.20661764705882352 0.05490196078431372 0.01911764705882353
7 0.43986928104575157 0.20220588235294118 0.01437908496732026 0.023529411764705882
8 0.42222222222222217 0.2036764705882353 0.01830065359477124 0.027941176470588237