3 0.8222222222222222 0.4474264705882353 0.12026143790849672 0.13897058823529412
3 0.9731617647058823 0.24313725490196078 0.05367647058823529 0.07320261437908497
11 0.8176470588235294 0.19338235294117648 0.06405228758169934 0.075
11 0.9699346405228758 0.04301470588235294 0.05490196078431372 0.03897058823529412
11 0.8300653594771242 0.022794117647058822 0.05228758169934641 0.04264705882352941
8 0.7457516339869281 0.030882352941176472 0.0196078431372549 0.014705882352941176
8 0.74640522875817 0.028676470588235293 0.01568627450980392 0.014705882352941176
9 0.74640522875817 0.03602941176470588 0.03137254901960784 0.029411764705882353
7 0.6477124183006535 0.1150735294117647 0.024836601307189544 0.03161764705882353
7 0.6385620915032679 0.10625 0.01437908496732026 0.022794117647058822
7 0.5627450980392157 0.07316176470588236 0.01699346405228758 0.030147058823529412
3 0.330718954248366 0.01764705882352941 0.13071895424836602 0.025
3 0.17712418300653596 0.060294117647058824 0.11633986928104574 0.03676470588235294
3 0.40065359477124185 0.07169117647058823 0.07712418300653595 0.04779411764705882
11 0.36470588235294116 0.10330882352941176 0.07058823529411765 0.04191176470588235
8 0.13398692810457516 0.10441176470588236 0.022222222222222223 0.020588235294117647
5 0.1411764705882353 0.11176470588235295 0.03137254901960784 0.016176470588235296
8 0.1065359477124183 0.12058823529411765 0.03006535947712418 0.026470588235294117
5 0.10915032679738561 0.1297794117647059 0.024836601307189544 0.027205882352941177
7 0.03594771241830065 0.11985294117647059 0.022222222222222223 0.030882352941176472
5 0.04771241830065359 0.13823529411764707 0.058823529411764705 0.022058823529411766
7 0.03986928104575163 0.19558823529411765 0.02745098039215686 0.030882352941176472
3 0.06143790849673203 0.22830882352941176 0.11503267973856209 0.04338235294117647
3 0.08366013071895424 0.3639705882352941 0.1568627450980392 0.11323529411764706
3 0.18104575163398692 0.27058823529411763 0.1477124183006536 0.09117647058823529