4 0.8405228758169935 0.18345588235294116 0.06013071895424836 0.025735294117647058
3 0.6882352941176471 0.40588235294117647 0.043137254901960784 0.026470588235294117
3 0.8568627450980392 0.375 0.032679738562091505 0.01911764705882353
3 0.9444444444444444 0.34816176470588234 0.05359477124183006 0.015441176470588236
3 0.9751633986928104 0.32536764705882354 0.026143790849673203 0.013970588235294118
3 0.8477124183006536 0.30330882352941174 0.022222222222222223 0.011029411764705883
3 0.7784313725490195 0.25441176470588234 0.01699346405228758 0.008823529411764706
3 0.6392156862745098 0.34375 0.026143790849673203 0.015441176470588236
3 0.5921568627450979 0.3426470588235294 0.03660130718954248 0.020588235294117647
3 0.6176470588235294 0.38676470588235295 0.050980392156862744 0.022058823529411766
3 0.49673202614379086 0.39301470588235293 0.04967320261437909 0.028676470588235293
3 0.5300653594771241 0.3805147058823529 0.06928104575163398 0.013970588235294118
7 0.6176470588235294 0.4158088235294118 0.01437908496732026 0.021323529411764706
7 0.46928104575163393 0.4338235294117647 0.013071895424836602 0.020588235294117647
7 0.7261437908496732 0.3533088235294118 0.006535947712418301 0.015441176470588236
7 0.7130718954248365 0.3551470588235294 0.00915032679738562 0.014705882352941176
7 0.7339869281045751 0.31470588235294117 0.00915032679738562 0.014705882352941176
7 0.741830065359477 0.31470588235294117 0.00915032679738562 0.011764705882352941
8 0.4176470588235294 0.4441176470588235 0.01437908496732026 0.01911764705882353
8 0.4274509803921568 0.43970588235294117 0.01830065359477124 0.016176470588235296
7 0.4450980392156862 0.4452205882352941 0.01699346405228758 0.015441176470588236
8 0.45816993464052286 0.4716911764705882 0.01437908496732026 0.016911764705882352
8 0.972549019607843 0.25220588235294117 0.00522875816993464 0.004411764705882353
8 0.9640522875816994 0.24448529411764705 0.006535947712418301 0.005147058823529412
8 0.8869281045751634 0.2639705882352941 0.006535947712418301 0.004411764705882353
3 0.9900735294117647 0.24836601307189543 0.019852941176470587 0.009150326797385621
3 0.9790849673202613 0.24485294117647058 0.01830065359477124 0.007352941176470588
3 0.9758169934640523 0.2426470588235294 0.01699346405228758 0.007352941176470588
3 0.9948529411764706 0.23006535947712417 0.010294117647058823 0.006535947712418301
3 0.9633986928104574 0.23602941176470588 0.013071895424836602 0.0058823529411764705
11 0.888888888888889 0.23272058823529412 0.013071895424836602 0.008088235294117648
11 0.8542483660130717 0.22536764705882353 0.00915032679738562 0.006617647058823529
3 0.837908496732026 0.22720588235294117 0.013071895424836602 0.0058823529411764705
3 0.8254901960784312 0.225 0.00915032679738562 0.0058823529411764705
3 0.8542483660130717 0.2161764705882353 0.00915032679738562 0.0058823529411764705
3 0.8411764705882353 0.21838235294117647 0.011764705882352941 0.0058823529411764705
3 0.896078431372549 0.21948529411764706 0.011764705882352941 0.005147058823529412
3 0.888235294117647 0.21360294117647058 0.00915032679738562 0.005147058823529412
3 0.8895424836601306 0.20588235294117646 0.006535947712418301 0.0029411764705882353
3 0.8751633986928105 0.2051470588235294 0.00915032679738562 0.004411764705882353
3 0.9405228758169935 0.22389705882352942 0.011764705882352941 0.005147058823529412
3 0.9254901960784313 0.22536764705882353 0.013071895424836602 0.005147058823529412
3 0.9699346405228758 0.2275735294117647 0.026143790849673203 0.005147058823529412
3 0.7006535947712418 0.3047794117647059 0.04967320261437909 0.011029411764705883
3 0.6993464052287581 0.2974264705882353 0.044444444444444446 0.009558823529411765
3 0.6052287581699346 0.31985294117647056 0.04183006535947712 0.013235294117647059
3 0.6130718954248365 0.31470588235294117 0.0392156862745098 0.013235294117647059
3 0.6130718954248365 0.31323529411764706 0.044444444444444446 0.011764705882352941
0 0.6437908496732027 0.3165441176470588 0.024836601307189544 0.015441176470588236
0 0.6529411764705882 0.3088235294117647 0.0196078431372549 0.013235294117647059
3 0.7411764705882353 0.27536764705882355 0.04183006535947712 0.009558823529411765
3 0.7281045751633987 0.26286764705882354 0.044444444444444446 0.009558823529411765
3 0.7823529411764706 0.24889705882352942 0.011764705882352941 0.006617647058823529
3 0.7745098039215685 0.2452205882352941 0.03529411764705882 0.006617647058823529
3 0.7836601307189542 0.24044117647058824 0.024836601307189544 0.007352941176470588
3 0.7980392156862745 0.2213235294117647 0.011764705882352941 0.0058823529411764705
10 0.7960784313725489 0.23198529411764707 0.01830065359477124 0.009558823529411765
9 0.8875816993464052 0.2672794117647059 0.013071895424836602 0.005147058823529412
5 0.972549019607843 0.2540441176470588 0.01045751633986928 0.003676470588235294
4 0.9705882352941176 0.21241830065359477 0.058823529411764705 0.01699346405228758
4 0.8189542483660132 0.2051470588235294 0.06143790849673203 0.01764705882352941
4 0.888888888888889 0.1963235294117647 0.02875816993464052 0.010294117647058823
4 0.8607843137254901 0.20036764705882354 0.01699346405228758 0.009558823529411765
4 0.7699346405228757 0.2088235294117647 0.02091503267973856 0.020588235294117647
9 0.7013071895424836 0.38823529411764707 0.022222222222222223 0.013235294117647059
7 0.6830065359477123 0.38529411764705884 0.01437908496732026 0.013235294117647059
7 0.6901960784313725 0.38235294117647056 0.01045751633986928 0.014705882352941176
4 0.9339869281045752 0.23308823529411765 0.01699346405228758 0.008823529411764706