5 0.40457516339869276 0.31985294117647056 0.07973856209150326 0.033823529411764704
5 0.42287581699346405 0.30073529411764705 0.058823529411764705 0.026470588235294117
5 0.038562091503267976 0.1161764705882353 0.04052287581699346 0.020588235294117647
5 0.12091503267973855 0.12463235294117647 0.03529411764705882 0.019852941176470587
5 0.16013071895424835 0.13161764705882353 0.043137254901960784 0.022058823529411766
5 0.2980392156862745 0.1426470588235294 0.0392156862745098 0.022058823529411766
5 0.33398692810457514 0.14779411764705883 0.03529411764705882 0.020588235294117647
5 0.3607843137254902 0.1488970588235294 0.03660130718954248 0.016911764705882352
1 0.634640522875817 0.16727941176470587 0.03006535947712418 0.022794117647058822
5 0.6522875816993464 0.17095588235294118 0.026143790849673203 0.02426470588235294
5 0.6764705882352942 0.17095588235294118 0.022222222222222223 0.027205882352941177
9 0.8464052287581699 0.33897058823529413 0.07973856209150326 0.03529411764705882
9 0.5830065359477123 0.3025735294117647 0.09673202614379084 0.04338235294117647
9 0.45359477124183 0.14926470588235294 0.05490196078431372 0.030882352941176472
3 0.09477124183006536 0.14558823529411766 0.12418300653594772 0.03235294117647059
3 0.3150326797385621 0.23786764705882352 0.1568627450980392 0.04779411764705882
3 0.6856209150326796 0.24558823529411763 0.17124183006535948 0.051470588235294115
3 0.7915032679738562 0.3 0.2130718954248366 0.058823529411764705
7 0.9771241830065359 0.46801470588235294 0.03790849673202614 0.05514705882352941
7 0.9065359477124183 0.5022058823529412 0.04052287581699346 0.05
5 0.8392156862745097 0.5488970588235295 0.10980392156862744 0.025735294117647058
8 0.8326797385620914 0.5430147058823529 0.06013071895424836 0.03602941176470588
7 0.23790849673202613 0.13602941176470587 0.01830065359477124 0.027941176470588237
8 0.40784313725490196 0.31213235294117647 0.0392156862745098 0.03897058823529412
8 0.42091503267973857 0.2926470588235294 0.0392156862745098 0.03235294117647059
8 0.5980392156862745 0.3029411764705882 0.03790849673202614 0.033823529411764704
8 0.8568627450980392 0.3375 0.03529411764705882 0.03529411764705882
3 0.34901960784313724 0.16875 0.1411764705882353 0.03602941176470588
3 0.7352941176470589 0.1698529411764706 0.06928104575163398 0.03823529411764706
3 0.8411764705882353 0.16397058823529412 0.08235294117647059 0.03676470588235294