4 0.9019607843137254 0.10919117647058824 0.06535947712418301 0.015441176470588236
4 0.5444444444444445 0.11948529411764706 0.06666666666666667 0.015441176470588236
4 0.6156862745098038 0.11470588235294117 0.04967320261437909 0.004411764705882353
4 0.4823529411764706 0.12352941176470589 0.01830065359477124 0.004411764705882353
3 0.5215686274509803 0.15551470588235294 0.01830065359477124 0.005147058823529412
3 0.5601307189542484 0.15625 0.01699346405228758 0.003676470588235294
10 0.6169934640522876 0.13713235294117648 0.02875816993464052 0.011029411764705883
3 0.6411764705882353 0.14595588235294119 0.011764705882352941 0.003676470588235294
3 0.6568627450980392 0.14595588235294119 0.011764705882352941 0.003676470588235294
10 0.5562091503267974 0.18235294117647058 0.0196078431372549 0.016176470588235296
10 0.657516339869281 0.20477941176470588 0.04183006535947712 0.025735294117647058
3 0.7006535947712418 0.2051470588235294 0.01830065359477124 0.010294117647058823
3 0.5895424836601306 0.2400735294117647 0.02875816993464052 0.011029411764705883
3 0.4450980392156862 0.30330882352941174 0.04052287581699346 0.015441176470588236
3 0.8339869281045751 0.22279411764705884 0.02091503267973856 0.010294117647058823
3 0.5045751633986928 0.5477941176470589 0.10196078431372549 0.027941176470588237
3 0.4326797385620915 0.47095588235294117 0.06274509803921569 0.030147058823529412
2 0.5797385620915033 0.4661764705882353 0.1398692810457516 0.0838235294117647
11 0.6816993464052288 0.5099264705882353 0.08758169934640522 0.05073529411764706
3 0.7758169934640523 0.5040441176470588 0.058823529411764705 0.0375
3 0.7836601307189542 0.45036764705882354 0.05359477124183006 0.030147058823529412
3 0.6980392156862745 0.45625 0.06274509803921569 0.03308823529411765
3 0.6764705882352942 0.41875 0.05620915032679739 0.028676470588235293
3 0.757516339869281 0.40845588235294117 0.050980392156862744 0.025735294117647058
3 0.8026143790849672 0.4128676470588235 0.06274509803921569 0.030147058823529412
3 0.7366013071895424 0.38198529411764703 0.0457516339869281 0.019852941176470587
11 0.7869281045751634 0.37536764705882353 0.05490196078431372 0.03308823529411765
3 0.8633986928104574 0.3779411764705882 0.0457516339869281 0.023529411764705882
7 0.7039215686274509 0.37169117647058825 0.00915032679738562 0.013970588235294118
2 0.6745098039215686 0.3735294117647059 0.09673202614379084 0.04852941176470588
3 0.7725490196078431 0.3503676470588235 0.04967320261437909 0.01838235294117647
3 0.8339869281045751 0.35625 0.04183006535947712 0.019852941176470587
3 0.8202614379084966 0.33639705882352944 0.03529411764705882 0.016911764705882352
3 0.8294117647058824 0.3113970588235294 0.03790849673202614 0.016911764705882352
3 0.8568627450980392 0.3382352941176471 0.03790849673202614 0.01764705882352941
3 0.8581699346405228 0.32132352941176473 0.03529411764705882 0.016176470588235296
3 0.8830065359477124 0.34963235294117645 0.03790849673202614 0.01838235294117647
3 0.9124183006535947 0.3286764705882353 0.03398692810457516 0.01911764705882353
3 0.8797385620915031 0.30625 0.03398692810457516 0.015441176470588236
3 0.8745098039215685 0.2959558823529412 0.03660130718954248 0.013970588235294118
3 0.9052287581699346 0.28455882352941175 0.03529411764705882 0.014705882352941176
10 0.9392156862745098 0.3044117647058823 0.04836601307189542 0.03529411764705882
3 0.9091503267973855 0.2672794117647059 0.02745098039215686 0.0125
3 0.9254901960784313 0.2727941176470588 0.03398692810457516 0.014705882352941176
3 0.9705882352941176 0.2867647058823529 0.02745098039215686 0.013235294117647059
3 0.9464052287581699 0.2786764705882353 0.02875816993464052 0.013235294117647059
3 0.9810457516339869 0.27095588235294116 0.024836601307189544 0.0125
3 0.9882352941176471 0.2610294117647059 0.023529411764705882 0.011764705882352941
7 0.9176470588235294 0.24558823529411763 0.00522875816993464 0.010294117647058823
7 0.9124183006535947 0.24705882352941178 0.00261437908496732 0.007352941176470588
3 0.9307189542483659 0.24669117647058825 0.023529411764705882 0.011029411764705883
3 0.9366013071895424 0.23970588235294119 0.022222222222222223 0.008823529411764706
2 0.9581699346405228 0.25073529411764706 0.04183006535947712 0.029411764705882353
10 0.9718954248366012 0.22573529411764706 0.03006535947712418 0.026470588235294117
10 0.9803921568627451 0.20955882352941177 0.02875816993464052 0.025
10 0.9922794117647059 0.23986928104575164 0.015441176470588236 0.03398692810457516
10 1 0.2196078431372549 0 0.0196078431372549
3 0.9933823529411765 0.19934640522875818 0.013235294117647059 0.00784313725490196
3 1 0.19281045751633988 0 0.006535947712418301
2 1 0.18104575163398692 0 0.01699346405228758