3 0.9602941176470589 0.2111111111111111 0.07941176470588235 0.048366013071895426
3 0.7973856209150326 0.09852941176470588 0.07320261437908496 0.029411764705882353
3 0.4359477124183006 0.18786764705882353 0.14248366013071895 0.04191176470588235
3 0.4294117647058823 0.40183823529411766 0.18169934640522875 0.0875
3 0.14901960784313725 0.22279411764705884 0.17516339869281045 0.04264705882352941
3 0.7908496732026142 0.4158088235294118 0.09934640522875818 0.09485294117647058
11 0.7954248366013073 0.29044117647058826 0.11895424836601307 0.09411764705882353
7 0.27320261437908494 0.48713235294117646 0.047058823529411764 0.04338235294117647
7 0.14640522875816991 0.4514705882352941 0.03137254901960784 0.039705882352941174
7 0.18169934640522875 0.4459558823529412 0.03137254901960784 0.03897058823529412
7 0.20849673202614377 0.48713235294117646 0.03790849673202614 0.04044117647058824
7 0.23137254901960783 0.4698529411764706 0.03137254901960784 0.045588235294117645
7 0.28823529411764703 0.5422794117647058 0.043137254901960784 0.03897058823529412
3 0.22745098039215686 0.33308823529411763 0.20130718954248367 0.05588235294117647
7 0.37385620915032675 0.11801470588235294 0.023529411764705882 0.025735294117647058
7 0.37973856209150325 0.09448529411764706 0.01699346405228758 0.021323529411764706
7 0.39803921568627443 0.09522058823529411 0.01699346405228758 0.021323529411764706
8 0.6124183006535947 0.061764705882352944 0.022222222222222223 0.013235294117647059
1 0.6137254901960784 0.07022058823529412 0.04052287581699346 0.011029411764705883
3 0.8542483660130717 0.04963235294117647 0.05359477124183006 0.027205882352941177
3 0.7699346405228757 0.03897058823529412 0.047058823529411764 0.027941176470588237
3 0.7196078431372549 0.05220588235294118 0.050980392156862744 0.030882352941176472
3 0.7098039215686274 0.027205882352941177 0.03660130718954248 0.023529411764705882
3 0.7183823529411765 0.00784313725490196 0.04044117647058824 0.01568627450980392
3 0.7606617647058823 0.011111111111111112 0.04191176470588235 0.022222222222222223
3 0.9419117647058823 0.5143790849673202 0.1161764705882353 0.09542483660130718