4 0.8773148148148148 0.08541666666666667 0.1324074074074074 0.013541666666666667
3 0.7912037037037037 0.4864583333333333 0.09351851851851851 0.06666666666666667
3 0.775462962962963 0.3421875 0.058333333333333334 0.035416666666666666
3 0.7921296296296296 0.29661458333333335 0.047222222222222214 0.027604166666666666
3 0.9384259259259259 0.2630208333333333 0.04351851851851852 0.021875
3 0.8041666666666667 0.26484375 0.041666666666666664 0.022395833333333334
3 0.711111111111111 0.21354166666666666 0.03333333333333333 0.01875
3 0.825 0.23072916666666668 0.03518518518518519 0.01875
3 0.8773148148148148 0.21588541666666666 0.032407407407407406 0.016145833333333335
3 0.9347222222222221 0.21354166666666666 0.03425925925925925 0.016666666666666666
3 0.9277777777777777 0.19609375 0.027777777777777776 0.0140625
3 0.9648148148148148 0.18541666666666667 0.02592592592592592 0.0125
3 0.9740740740740741 0.20026041666666666 0.029629629629629627 0.0140625
3 0.8814814814814814 0.19713541666666667 0.02592592592592592 0.013020833333333334
3 0.9574074074074074 0.15703125 0.02222222222222222 0.0109375
3 0.7875 0.12760416666666666 0.017592592592592594 0.007291666666666667
3 0.8097222222222221 0.12838541666666667 0.01574074074074074 0.0067708333333333336
3 0.8337962962962961 0.12786458333333334 0.01574074074074074 0.0078125
3 0.8175925925925925 0.10104166666666667 0.01111111111111111 0.005208333333333333
3 0.9486111111111111 0.10989583333333333 0.01574074074074074 0.005208333333333333
11 0.8708333333333333 0.3216145833333333 0.05648148148148148 0.034895833333333334
11 0.8523148148148147 0.13645833333333332 0.03981481481481482 0.010416666666666666
11 0.9212962962962962 0.17473958333333334 0.02222222222222222 0.011979166666666667
11 0.875 0.18697916666666667 0.02222222222222222 0.016666666666666666
11 0.8342592592592591 0.1921875 0.027777777777777776 0.01875
11 0.837037037037037 0.1203125 0.01296296296296296 0.009375
11 0.9379629629629629 0.09609375 0.00925925925925926 0.005729166666666666
11 0.24027777777777776 0.12864583333333332 0.03796296296296296 0.011458333333333333
11 0.287962962962963 0.12864583333333332 0.03148148148148148 0.009375
11 0.13518518518518519 0.12604166666666666 0.03888888888888888 0.009375
11 0.04398148148148148 0.125 0.032407407407407406 0.008333333333333333
11 0.035648148148148144 0.11979166666666667 0.0287037037037037 0.008333333333333333
3 0.8291666666666667 0.21510416666666668 0.032407407407407406 0.014583333333333334
3 0.8291666666666667 0.20286458333333332 0.0287037037037037 0.013020833333333334
3 0.8402777777777778 0.18645833333333334 0.023148148148148147 0.0125
3 0.8412037037037037 0.17916666666666667 0.021296296296296296 0.009375
3 0.8412037037037037 0.17291666666666666 0.023148148148148147 0.010416666666666666
3 0.8439814814814814 0.16744791666666667 0.023148148148148147 0.008854166666666666
3 0.8435185185185184 0.16041666666666668 0.01851851851851852 0.008333333333333333
3 0.8481481481481481 0.15677083333333333 0.01851851851851852 0.009375
3 0.8787037037037037 0.18125 0.02037037037037037 0.009375
3 0.8819444444444444 0.17578125 0.021296296296296296 0.0109375
3 0.8796296296296295 0.16927083333333334 0.02037037037037037 0.010416666666666666
3 0.8847222222222222 0.16354166666666667 0.01944444444444444 0.011458333333333333
3 0.8833333333333333 0.15703125 0.02037037037037037 0.009895833333333333
3 0.9222222222222222 0.18541666666666667 0.02592592592592592 0.014583333333333334
3 0.9601851851851851 0.17526041666666667 0.024074074074074074 0.011979166666666667
3 0.9203703703703704 0.17135416666666667 0.02222222222222222 0.011458333333333333
3 0.9226851851851852 0.16484375 0.023148148148148147 0.0109375
3 0.9171296296296295 0.1578125 0.021296296296296296 0.0125
3 0.936574074074074 0.14427083333333332 0.041666666666666664 0.008333333333333333
3 0.9203703703703704 0.14270833333333333 0.03888888888888888 0.009375
3 0.7796296296296297 0.13828125 0.03518518518518519 0.008854166666666666
3 0.9963541666666667 0.1398148148148148 0.007291666666666667 0.007407407407407408
3 0.7037037037037037 0.13671875 0.04259259259259259 0.009895833333333333
3 0.6763888888888888 0.13489583333333333 0.03981481481481482 0.007291666666666667
3 0.2111111111111111 0.12760416666666666 0.027777777777777776 0.007291666666666667
3 0.17083333333333334 0.12838541666666667 0.025 0.005729166666666666
3 0.15694444444444444 0.12447916666666667 0.02685185185185185 0.005208333333333333
3 0.175 0.12578125 0.027777777777777776 0.0067708333333333336
3 0.25833333333333336 0.12786458333333334 0.029629629629629627 0.0067708333333333336
3 0.052314814814814814 0.12135416666666667 0.023148148148148147 0.00625
3 0.07777777777777777 0.12630208333333334 0.03333333333333333 0.005729166666666666
5 0.95 0.134375 0.007407407407407407 0.007291666666666667
5 0.7481481481481481 0.1296875 0.005555555555555555 0.004166666666666667
8 0.9490740740740741 0.13255208333333332 0.005555555555555555 0.005729166666666666
8 0.8800925925925925 0.13359375 0.00462962962962963 0.0067708333333333336
8 0.7481481481481481 0.12760416666666666 0.005555555555555555 0.00625
8 0.7671296296296296 0.11510416666666666 0.00462962962962963 0.005208333333333333
1 0.7680555555555555 0.11640625 0.00462962962962963 0.0046875
7 0.8675925925925925 0.10755208333333334 0.0037037037037037034 0.005729166666666666
7 0.9171296296296295 0.10963541666666667 0.00462962962962963 0.005729166666666666
7 0.9111111111111111 0.11041666666666666 0.0037037037037037034 0.005208333333333333
7 0.9763888888888889 0.13385416666666666 0.00462962962962963 0.007291666666666667
1 0.8814814814814814 0.13541666666666666 0.01296296296296296 0.005208333333333333
10 0.7583333333333333 0.14114583333333333 0.04074074074074074 0.010416666666666666
10 0.9550925925925925 0.15989583333333332 0.0287037037037037 0.01875
2 0.7893518518518517 0.12005208333333334 0.02685185185185185 0.0171875
3 0.8111111111111111 0.12552083333333333 0.01296296296296296 0.00625
3 0.8143518518518518 0.121875 0.01574074074074074 0.007291666666666667
3 0.837037037037037 0.12421875 0.01296296296296296 0.005729166666666666
3 0.8412037037037037 0.11744791666666667 0.012037037037037037 0.005729166666666666
3 0.8435185185185184 0.1140625 0.01111111111111111 0.005208333333333333
3 0.8185185185185184 0.11901041666666666 0.01296296296296296 0.0067708333333333336
3 0.8236111111111111 0.11145833333333334 0.010185185185185184 0.005208333333333333
3 0.8300925925925925 0.10755208333333334 0.010185185185185184 0.005729166666666666
3 0.8055555555555555 0.1125 0.01296296296296296 0.005208333333333333
3 0.7898148148148147 0.11067708333333333 0.01851851851851852 0.0046875
3 0.798611111111111 0.11822916666666666 0.012037037037037037 0.007291666666666667
3 0.8203703703703703 0.11302083333333333 0.01296296296296296 0.00625
11 0.8425925925925924 0.1109375 0.01111111111111111 0.00625
3 0.8388888888888888 0.09609375 0.00925925925925926 0.0046875