3 0.4130718954248366 0.39595588235294116 0.06535947712418301 0.0625
3 0.7326797385620915 0.3963235294117647 0.06143790849673203 0.052941176470588235
8 0.7189542483660131 0.29375 0.01568627450980392 0.016911764705882352
1 0.7196078431372549 0.2985294117647059 0.01699346405228758 0.020588235294117647
3 0.03676470588235294 0.3686274509803922 0.07352941176470588 0.06143790849673202
8 0.10849673202614378 0.40551470588235294 0.023529411764705882 0.019852941176470587
1 0.11176470588235295 0.4125 0.02745098039215686 0.029411764705882353
3 0.09607843137254901 0.30073529411764705 0.07450980392156863 0.045588235294117645
11 0.18823529411764706 0.19117647058823528 0.05490196078431372 0.03676470588235294
3 0.24509803921568626 0.13786764705882354 0.04836601307189542 0.02426470588235294
3 0.5666666666666667 0.1636029411764706 0.04052287581699346 0.027205882352941177
7 0.9078431372549018 0.32941176470588235 0.0196078431372549 0.020588235294117647
11 0.837908496732026 0.24963235294117647 0.07581699346405228 0.03455882352941177
8 0.9732026143790848 0.5011029411764706 0.022222222222222223 0.02426470588235294
1 0.9705882352941176 0.5128676470588235 0.01699346405228758 0.028676470588235293
3 0.9632352941176471 0.13333333333333333 0.07352941176470588 0.0196078431372549
10 0.9672794117647059 0.10915032679738562 0.06544117647058824 0.032679738562091505
7 0.9849673202614379 0.04963235294117647 0.006535947712418301 0.011029411764705883
7 0.9823529411764705 0.04154411764705882 0.006535947712418301 0.0125
11 0.9359477124183007 0.028676470588235293 0.05490196078431372 0.013235294117647059
9 0.9464052287581699 0.03529411764705882 0.05228758169934641 0.013235294117647059
11 0.8640522875816993 0.02977941176470588 0.04967320261437909 0.015441176470588236
3 0.8418300653594771 0.013235294117647059 0.06013071895424836 0.010294117647058823
7 0.7555555555555554 0.020955882352941175 0.00784313725490196 0.011029411764705883
7 0.7647058823529411 0.021323529411764706 0.00522875816993464 0.013235294117647059
7 0.7725490196078431 0.020955882352941175 0.00522875816993464 0.0125
10 0.6039215686274509 0.03051470588235294 0.03398692810457516 0.02426470588235294
3 0.5275735294117647 0.006535947712418301 0.025 0.013071895424836602
10 0.34044117647058825 0.018300653594771243 0.05367647058823529 0.036601307189542485
7 0.026143790849673203 0.028676470588235293 0.00522875816993464 0.008823529411764706
7 0.032679738562091505 0.030147058823529412 0.00784313725490196 0.010294117647058823
7 0.0392156862745098 0.03051470588235294 0.00784313725490196 0.011029411764705883
7 0.05163398692810457 0.030882352941176472 0.00915032679738562 0.010294117647058823
7 0.06535947712418301 0.026838235294117645 0.01045751633986928 0.011029411764705883
7 0.043137254901960784 0.021323529411764706 0.013071895424836602 0.011764705882352941