3 0.856985294117647 0.00261437908496732 0.014705882352941176 0.00522875816993464
3 0.8326797385620914 0.009191176470588236 0.02091503267973856 0.008088235294117648
3 0.8241830065359478 0.08198529411764706 0.02745098039215686 0.015441176470588236
3 0.8718954248366012 0.057352941176470586 0.023529411764705882 0.014705882352941176
3 0.8620915032679738 0.03529411764705882 0.0196078431372549 0.011764705882352941
10 0.8529411764705882 0.026838235294117645 0.01699346405228758 0.0125
11 0.8764705882352941 0.022794117647058822 0.01437908496732026 0.011764705882352941
5 0.7718954248366013 0.030882352941176472 0.006535947712418301 0.0058823529411764705
8 0.7947712418300654 0.042279411764705885 0.00784313725490196 0.006617647058823529
5 0.7954248366013073 0.045588235294117645 0.006535947712418301 0.007352941176470588
3 0.7725490196078431 0.05330882352941176 0.026143790849673203 0.015441176470588236
3 0.7633986928104575 0.06727941176470588 0.023529411764705882 0.0125
3 0.7568627450980392 0.08713235294117647 0.03137254901960784 0.015441176470588236
3 0.741830065359477 0.09852941176470588 0.03006535947712418 0.01764705882352941
3 0.7620915032679738 0.11102941176470588 0.03660130718954248 0.01911764705882353
3 0.9339869281045752 0.021323529411764706 0.0196078431372549 0.008823529411764706
11 0.9261437908496731 0.014705882352941176 0.01699346405228758 0.011764705882352941
7 0.9098039215686274 0.01911764705882353 0.00522875816993464 0.008823529411764706
7 0.9130718954248365 0.027941176470588237 0.00392156862745098 0.008823529411764706
7 0.9013071895424836 0.026470588235294117 0.00392156862745098 0.008823529411764706
8 0.8869281045751634 0.016544117647058824 0.00392156862745098 0.005147058823529412
5 0.8875816993464052 0.019852941176470587 0.00522875816993464 0.0058823529411764705
7 0.9084967320261437 0.04301470588235294 0.00784313725490196 0.009558823529411765
7 0.9143790849673201 0.04522058823529412 0.006535947712418301 0.011029411764705883
7 0.9202614379084967 0.04301470588235294 0.00522875816993464 0.009558823529411765
8 0.9006535947712418 0.08823529411764706 0.00784313725490196 0.010294117647058823
1 0.8993464052287582 0.09154411764705882 0.00784313725490196 0.011029411764705883
8 0.9117647058823529 0.0838235294117647 0.006535947712418301 0.011764705882352941
1 0.9117647058823529 0.08676470588235294 0.00915032679738562 0.011764705882352941
3 0.9294117647058824 0.05036764705882353 0.023529411764705882 0.013970588235294118
3 0.937908496732026 0.06838235294117648 0.02745098039215686 0.013235294117647059
3 0.9503267973856209 0.07830882352941176 0.03137254901960784 0.013970588235294118
3 0.9503267973856209 0.08566176470588235 0.04967320261437909 0.0125
3 0.9581699346405228 0.09558823529411764 0.03137254901960784 0.016176470588235296
3 0.9745098039215686 0.1161764705882353 0.03790849673202614 0.01764705882352941
3 0.9614379084967319 0.13272058823529412 0.032679738562091505 0.019852941176470587
3 0.7098039215686274 0.12316176470588236 0.0784313725490196 0.015441176470588236
9 0.6993464052287581 0.13529411764705881 0.05490196078431372 0.011764705882352941
3 0.7379084967320262 0.1448529411764706 0.03790849673202614 0.023529411764705882
3 0.7281045751633987 0.16544117647058823 0.044444444444444446 0.026470588235294117
3 0.792156862745098 0.16580882352941176 0.044444444444444446 0.025735294117647058
3 0.6823529411764706 0.19264705882352942 0.047058823529411764 0.030882352941176472
3 0.6169934640522876 0.2099264705882353 0.12026143790849672 0.02426470588235294
7 0.9816993464052287 0.18345588235294116 0.01045751633986928 0.019852941176470587
8 0.9705882352941176 0.2025735294117647 0.01437908496732026 0.01838235294117647
1 0.9705882352941176 0.20845588235294119 0.011764705882352941 0.016911764705882352
3 0.6490196078431373 0.27647058823529413 0.06928104575163398 0.052941176470588235
3 0.9720588235294118 0.35947712418300654 0.05588235294117647 0.05359477124183006
3 0.788235294117647 0.37977941176470587 0.07058823529411765 0.05955882352941176
3 0.7901960784313724 0.4650735294117647 0.0849673202614379 0.08308823529411764