5 0.7653594771241831 0.3827205882352941 0.03006535947712418 0.04044117647058824
1 0.8398692810457516 0.3889705882352941 0.032679738562091505 0.039705882352941174
8 0.8372549019607842 0.38088235294117645 0.032679738562091505 0.03676470588235294
8 0.761437908496732 0.3875 0.022222222222222223 0.027941176470588237
8 0.7653594771241831 0.37720588235294117 0.032679738562091505 0.03529411764705882
7 0.6967320261437908 0.3202205882352941 0.02091503267973856 0.04044117647058824
3 0.7163398692810458 0.22977941176470587 0.0784313725490196 0.04926470588235294
3 0.7333333333333333 0.18125 0.06013071895424836 0.03602941176470588
7 0.8450980392156863 0.1297794117647059 0.01437908496732026 0.01838235294117647
7 0.8686274509803921 0.12904411764705884 0.011764705882352941 0.016911764705882352
7 0.8568627450980392 0.12463235294117647 0.01437908496732026 0.027205882352941177
3 0.45555555555555555 0.06360294117647058 0.05359477124183006 0.02426470588235294
3 0.584313725490196 0.042279411764705885 0.044444444444444446 0.019852941176470587
11 0.27124183006535946 0.02389705882352941 0.05620915032679739 0.028676470588235293
3 0.46797385620915033 0.009558823529411765 0.044444444444444446 0.01764705882352941
9 0.326797385620915 0.06066176470588235 0.03398692810457516 0.019852941176470587
8 0.33137254901960783 0.05808823529411765 0.01699346405228758 0.014705882352941176
7 0.09738562091503267 0.00625 0.011764705882352941 0.011029411764705883
11 0.8509803921568627 0.028676470588235293 0.03398692810457516 0.023529411764705882
3 0.2757352941176471 0.006535947712418301 0.060294117647058824 0.013071895424836602
3 0.3235294117647059 0.011397058823529411 0.0457516339869281 0.016911764705882352