4 0.5611111111111111 0.11328125 0.20555555555555555 0.04114583333333333
3 0.8046296296296297 0.5354166666666667 0.09444444444444443 0.053125
3 0.9314814814814815 0.5377604166666666 0.09444444444444443 0.0484375
3 0.7888888888888889 0.4401041666666667 0.07037037037037037 0.04583333333333333
3 0.8884259259259258 0.46171875 0.07314814814814814 0.0515625
3 0.9736979166666667 0.42592592592592593 0.05260416666666667 0.04722222222222222
3 0.7833333333333333 0.37604166666666666 0.05555555555555555 0.034375
11 0.8819444444444444 0.40598958333333335 0.07129629629629629 0.044270833333333336
3 0.860648148148148 0.3611979166666667 0.058333333333333334 0.03697916666666667
3 0.9481481481481481 0.36875 0.06666666666666667 0.03854166666666667
3 0.9305555555555555 0.33359375 0.05 0.0265625
3 0.8532407407407407 0.33229166666666665 0.05092592592592592 0.026041666666666668
3 0.774074074074074 0.33671875 0.046296296296296294 0.028645833333333332
3 0.5009259259259259 0.48411458333333335 0.0962962962962963 0.0734375
2 0.3222222222222222 0.48932291666666666 0.26296296296296295 0.1453125
3 0.1736111111111111 0.5380208333333333 0.12685185185185185 0.04791666666666667
3 0.275 0.42942708333333335 0.1 0.04635416666666667
3 0.437037037037037 0.4236979166666667 0.07592592592592592 0.0484375
3 0.5773148148148147 0.3731770833333333 0.06388888888888888 0.0390625
3 0.599537037037037 0.33203125 0.05277777777777778 0.0328125
11 0.4907407407407407 0.3611979166666667 0.07777777777777777 0.05677083333333333
3 0.46574074074074073 0.28671875 0.046296296296296294 0.022395833333333334
2 0.48009259259259257 0.30859375 0.12685185185185185 0.0734375
3 0.5583333333333333 0.21692708333333333 0.027777777777777776 0.0140625
3 0.5847222222222221 0.22682291666666668 0.02685185185185185 0.015104166666666667
3 0.6370370370370371 0.23229166666666667 0.029629629629629627 0.015625
2 0.9739583333333334 0.33101851851851855 0.052083333333333336 0.08148148148148149
3 0.7666666666666667 0.30520833333333336 0.04259259259259259 0.023958333333333335
3 0.836574074074074 0.3065104166666667 0.04351851851851852 0.024479166666666666
3 0.8861111111111111 0.2947916666666667 0.04074074074074074 0.021875
3 0.8652777777777777 0.27682291666666664 0.041666666666666664 0.019270833333333334
3 0.8518518518518517 0.2625 0.03333333333333333 0.017708333333333333
3 0.9023148148148148 0.26614583333333336 0.041666666666666664 0.01875
3 0.8393518518518518 0.253125 0.02685185185185185 0.015625
3 0.8263888888888888 0.24322916666666666 0.0287037037037037 0.014583333333333334
3 0.8074074074074074 0.23411458333333332 0.03148148148148148 0.0140625
3 0.799074074074074 0.22630208333333332 0.029629629629629627 0.0140625
3 0.7865740740740741 0.21927083333333333 0.02685185185185185 0.0125
3 0.7800925925925924 0.21119791666666668 0.0287037037037037 0.0109375
3 0.762962962962963 0.20286458333333332 0.02592592592592592 0.011979166666666667
3 0.7611111111111111 0.28489583333333335 0.03888888888888888 0.019791666666666666
3 0.7467592592592591 0.2703125 0.03611111111111111 0.017708333333333333
3 0.7416666666666667 0.25546875 0.03518518518518519 0.016145833333333335
3 0.7333333333333333 0.2421875 0.029629629629629627 0.014583333333333334
3 0.7240740740740741 0.23307291666666666 0.029629629629629627 0.015104166666666667
3 0.7143518518518518 0.22473958333333333 0.0287037037037037 0.0140625
3 0.7134259259259258 0.21640625 0.02685185185185185 0.011979166666666667
3 0.7046296296296296 0.21015625 0.024074074074074074 0.011979166666666667
3 0.6972222222222222 0.20416666666666666 0.024074074074074074 0.011458333333333333
3 0.6902777777777778 0.19791666666666666 0.023148148148148147 0.010416666666666666
2 0.8134259259259259 0.2682291666666667 0.06759259259259259 0.053125
3 0.7777777777777778 0.24505208333333334 0.03333333333333333 0.015104166666666667
3 0.7675925925925925 0.23463541666666668 0.029629629629629627 0.0140625
3 0.7578703703703703 0.22682291666666668 0.02685185185185185 0.013020833333333334
3 0.7527777777777778 0.21796875 0.024074074074074074 0.011979166666666667
3 0.7384259259259258 0.2109375 0.025 0.011458333333333333
3 0.7277777777777777 0.203125 0.02592592592592592 0.011458333333333333
2 0.861111111111111 0.22890625 0.0574074074074074 0.0328125
3 0.8337962962962961 0.22421875 0.025 0.013020833333333334
3 0.8208333333333333 0.21640625 0.02685185185185185 0.0109375
3 0.8060185185185185 0.20833333333333334 0.02685185185185185 0.0125
3 0.7930555555555555 0.20182291666666666 0.02685185185185185 0.0109375
3 0.7791666666666667 0.18489583333333334 0.04351851851851852 0.009375
11 0.6356481481481481 0.17473958333333334 0.04351851851851852 0.0109375
3 0.6810185185185185 0.17317708333333334 0.03425925925925925 0.008854166666666666
3 0.4509259259259259 0.17291666666666666 0.04444444444444444 0.008333333333333333
11 0.5527777777777777 0.17552083333333332 0.04444444444444444 0.009375
3 0.4796296296296296 0.18151041666666667 0.027777777777777776 0.0078125
3 0.524537037037037 0.17239583333333333 0.03611111111111111 0.009375
3 0.6032407407407407 0.17291666666666666 0.03611111111111111 0.008333333333333333
3 0.6722222222222222 0.17057291666666666 0.02592592592592592 0.0067708333333333336
3 0.6722222222222222 0.16536458333333334 0.016666666666666666 0.0067708333333333336
3 0.6990740740740741 0.16770833333333332 0.016666666666666666 0.007291666666666667
3 0.6166666666666667 0.16484375 0.016666666666666666 0.0078125
3 0.5935185185185184 0.16380208333333332 0.016666666666666666 0.008854166666666666
3 0.5685185185185184 0.16380208333333332 0.016666666666666666 0.0067708333333333336
3 0.5472222222222222 0.16276041666666666 0.016666666666666666 0.0078125
3 0.5671296296296297 0.1609375 0.01574074074074074 0.00625
3 0.562962962962963 0.15338541666666666 0.016666666666666666 0.0067708333333333336
3 0.5564814814814815 0.14947916666666666 0.01296296296296296 0.00625
3 0.586574074074074 0.15989583333333332 0.01574074074074074 0.008333333333333333
3 0.611111111111111 0.16145833333333334 0.014814814814814814 0.008333333333333333
3 0.5912037037037037 0.1453125 0.013888888888888888 0.00625
3 0.6412037037037037 0.14739583333333334 0.013888888888888888 0.00625
3 0.6226851851851851 0.13802083333333334 0.012037037037037037 0.00625
3 0.650462962962963 0.14348958333333334 0.012037037037037037 0.005729166666666666
3 0.6671296296296296 0.15182291666666667 0.013888888888888888 0.0067708333333333336
11 0.28888888888888886 0.24609375 0.06481481481481481 0.028645833333333332
3 0.24768518518518517 0.25755208333333335 0.047222222222222214 0.019270833333333334
3 0.060648148148148145 0.28671875 0.11203703703703702 0.0203125
3 0.06574074074074074 0.3184895833333333 0.01296296296296296 0.018229166666666668
7 0.08657407407407407 0.31484375 0.012037037037037037 0.018229166666666668
7 0.18564814814814812 0.40208333333333335 0.017592592592592594 0.023958333333333335
7 0.1671296296296296 0.4322916666666667 0.0287037037037037 0.025
7 0.20694444444444443 0.39479166666666665 0.01574074074074074 0.023958333333333335
7 0.10416666666666667 0.31744791666666666 0.017592592592592594 0.022395833333333334
7 0.0949074074074074 0.3111979166666667 0.013888888888888888 0.021354166666666667
7 0.32407407407407407 0.25052083333333336 0.01296296296296296 0.016666666666666666
8 0.374537037037037 0.2328125 0.010185185185185184 0.0125
1 0.374537037037037 0.23541666666666666 0.010185185185185184 0.011458333333333333
8 0.3907407407407407 0.22317708333333333 0.00925925925925926 0.011979166666666667
1 0.39120370370370366 0.22526041666666666 0.00648148148148148 0.013020833333333334
7 0.425 0.20052083333333334 0.00925925925925926 0.011458333333333333
7 0.26759259259259255 0.3671875 0.01851851851851852 0.021875
3 0.22175925925925927 0.22682291666666668 0.03981481481481482 0.021354166666666667
3 0.4259259259259259 0.24427083333333333 0.03888888888888888 0.020833333333333332
7 0.4509259259259259 0.23984375 0.00925925925925926 0.0140625
8 0.4171296296296296 0.21875 0.010185185185185184 0.011458333333333333
5 0.41759259259259257 0.22057291666666667 0.00925925925925926 0.0109375
8 0.5717592592592593 0.19270833333333334 0.008333333333333333 0.008333333333333333
8 0.586111111111111 0.18854166666666666 0.007407407407407407 0.007291666666666667
8 0.6097222222222222 0.18880208333333334 0.008333333333333333 0.0078125
8 0.5560185185185185 0.18255208333333334 0.008333333333333333 0.008854166666666666
7 0.5990740740740741 0.18880208333333334 0.007407407407407407 0.009895833333333333
8 0.6763888888888888 0.18567708333333333 0.008333333333333333 0.0078125
8 0.6921296296296297 0.18515625 0.008333333333333333 0.0078125
8 0.6976851851851851 0.18359375 0.00648148148148148 0.0078125
8 0.773611111111111 0.18619791666666666 0.008333333333333333 0.0078125
8 0.787962962962963 0.18723958333333332 0.005555555555555555 0.0067708333333333336
5 0.7898148148148147 0.18958333333333333 0.014814814814814814 0.00625
5 0.7712962962962963 0.18776041666666668 0.014814814814814814 0.005729166666666666
5 0.6763888888888888 0.18880208333333334 0.01574074074074074 0.005729166666666666
5 0.6930555555555554 0.1875 0.017592592592592594 0.00625
1 0.6967592592592592 0.18619791666666666 0.01574074074074074 0.005729166666666666
1 0.6078703703703704 0.19244791666666666 0.017592592592592594 0.0067708333333333336
1 0.5851851851851851 0.19166666666666668 0.016666666666666666 0.005208333333333333
1 0.5578703703703703 0.18489583333333334 0.01574074074074074 0.005208333333333333
5 0.5717592592592593 0.19505208333333332 0.01944444444444444 0.0067708333333333336