3 0.9989583333333333 0.5231481481481481 0.0020833333333333333 0.05925925925925926
9 0.9064814814814814 0.4630208333333333 0.0685185185185185 0.05520833333333333
3 0.9963541666666667 0.3472222222222222 0.007291666666666667 0.046296296296296294
3 0.9407407407407408 0.28489583333333335 0.07407407407407408 0.034375
3 0.9018518518518518 0.24791666666666667 0.06666666666666667 0.029166666666666667
7 0.8546296296296295 0.2484375 0.01296296296296296 0.019791666666666666
7 0.8648148148148148 0.24583333333333332 0.01111111111111111 0.020833333333333332
3 0.8944444444444444 0.14479166666666668 0.03703703703703704 0.01875
9 0.8833333333333333 0.11822916666666666 0.02592592592592592 0.015625
7 0.762962962962963 0.17395833333333333 0.01111111111111111 0.014583333333333334
11 0.8064814814814815 0.17604166666666668 0.0537037037037037 0.029166666666666667
11 0.7731481481481481 0.15572916666666667 0.046296296296296294 0.023958333333333335
11 0.7407407407407407 0.1296875 0.04814814814814815 0.030208333333333334
3 0.7101851851851851 0.12135416666666667 0.03148148148148148 0.013541666666666667
3 0.6712962962962963 0.11822916666666666 0.024074074074074074 0.013541666666666667
4 0.8083333333333333 0.0859375 0.046296296296296294 0.021875
9 0.8027777777777777 0.06822916666666666 0.03148148148148148 0.011458333333333333
7 0.774074074074074 0.0734375 0.007407407407407407 0.009375
9 0.749074074074074 0.07083333333333333 0.03518518518518519 0.0125
8 0.7685185185185185 0.06302083333333333 0.007407407407407407 0.007291666666666667
9 0.762962962962963 0.06354166666666666 0.02222222222222222 0.00625
4 0.7666666666666667 0.05416666666666667 0.029629629629629627 0.008333333333333333
3 0.6648148148148147 0.040625 0.04074074074074074 0.008333333333333333
4 0.6953703703703703 0.028125 0.046296296296296294 0.0125
4 0.6611111111111111 0.021875 0.01851851851851852 0.008333333333333333
4 0.6814814814814815 0.017708333333333333 0.014814814814814814 0.00625
3 0.6583333333333333 0.014583333333333334 0.02037037037037037 0.00625
9 0.6907407407407408 0.09739583333333333 0.01851851851851852 0.013541666666666667
9 0.7046296296296296 0.09739583333333333 0.02037037037037037 0.013541666666666667
3 0.5351851851851851 0.0921875 0.02592592592592592 0.013541666666666667
0 0.687037037037037 0.09270833333333334 0.01851851851851852 0.0125
0 0.6787037037037037 0.08854166666666667 0.02037037037037037 0.0125
0 0.6666666666666666 0.08125 0.014814814814814814 0.010416666666666666
0 0.662037037037037 0.07708333333333334 0.016666666666666666 0.010416666666666666
0 0.6564814814814814 0.07447916666666667 0.016666666666666666 0.011458333333333333
5 0.6472222222222221 0.06822916666666666 0.01296296296296296 0.009375
3 0.6277777777777778 0.05625 0.02222222222222222 0.010416666666666666
3 0.6194444444444444 0.05260416666666667 0.02037037037037037 0.009375
10 0.6185185185185185 0.38125 0.06666666666666667 0.058333333333333334
3 0.6046296296296296 0.20520833333333333 0.04259259259259259 0.029166666666666667
3 0.4574074074074074 0.16822916666666668 0.03703703703703704 0.021875
8 0.49537037037037035 0.165625 0.016666666666666666 0.014583333333333334
5 0.49629629629629624 0.16875 0.014814814814814814 0.014583333333333334
7 0.4351851851851852 0.4875 0.029629629629629627 0.029166666666666667
11 0.4842592592592592 0.4708333333333333 0.09444444444444443 0.11041666666666666
11 0.4722222222222222 0.38125 0.07777777777777777 0.08125
11 0.46388888888888885 0.31302083333333336 0.0685185185185185 0.06354166666666666
11 0.4601851851851852 0.2578125 0.046296296296296294 0.040625
11 0.45555555555555555 0.22083333333333333 0.05555555555555555 0.05416666666666667
3 0.17592592592592593 0.5473958333333333 0.10370370370370369 0.028125
7 0.06018518518518518 0.4473958333333333 0.03518518518518519 0.028125
7 0.1611111111111111 0.4166666666666667 0.03333333333333333 0.027083333333333334
7 0.0861111111111111 0.39114583333333336 0.03148148148148148 0.023958333333333335
1 0.01574074074074074 0.3932291666666667 0.027777777777777776 0.021875
0 0.12962962962962962 0.29791666666666666 0.04814814814814815 0.03125
7 0.08888888888888888 0.2760416666666667 0.02222222222222222 0.020833333333333332
1 0.312037037037037 0.4609375 0.06111111111111111 0.015625
1 0.38055555555555554 0.4348958333333333 0.0685185185185185 0.013541666666666667
3 0.32037037037037036 0.4005208333333333 0.16296296296296295 0.036458333333333336
3 0.3453703703703704 0.3307291666666667 0.13518518518518519 0.030208333333333334
11 0.3685185185185185 0.2791666666666667 0.1111111111111111 0.029166666666666667
5 0.14351851851851852 0.2640625 0.02037037037037037 0.019791666666666666
5 0.12407407407407406 0.26614583333333336 0.02222222222222222 0.017708333333333333
5 0.13333333333333333 0.25 0.014814814814814814 0.014583333333333334
7 0.19907407407407407 0.2265625 0.016666666666666666 0.017708333333333333
7 0.2037037037037037 0.21875 0.01851851851851852 0.01875
7 0.23703703703703702 0.18020833333333333 0.01851851851851852 0.016666666666666666
5 0.22777777777777777 0.15208333333333332 0.014814814814814814 0.0125
5 0.2546296296296296 0.13385416666666666 0.03148148148148148 0.009375
3 0.37037037037037035 0.13645833333333332 0.07407407407407408 0.020833333333333332
3 0.38611111111111107 0.12864583333333332 0.0685185185185185 0.015625
0 0.4388888888888889 0.08645833333333333 0.02222222222222222 0.0125
3 0.5203703703703704 0.06927083333333334 0.02222222222222222 0.011458333333333333
7 0.2944444444444444 0.057291666666666664 0.007407407407407407 0.010416666666666666
10 0.30925925925925923 0.0578125 0.029629629629629627 0.019791666666666666
4 0.3055555555555555 0.040625 0.01851851851851852 0.008333333333333333
7 0.3324074074074074 0.034895833333333334 0.005555555555555555 0.009375
7 0.3416666666666667 0.034895833333333334 0.005555555555555555 0.007291666666666667
7 0.3564814814814815 0.0296875 0.005555555555555555 0.009375
7 0.3472222222222222 0.0203125 0.005555555555555555 0.007291666666666667
3 0.37129629629629624 0.009895833333333333 0.02037037037037037 0.005208333333333333
3 0.3564814814814815 0.00625 0.01296296296296296 0.00625
11 0.375 0.005208333333333333 0.01296296296296296 0.008333333333333333
3 0.437037037037037 0.0703125 0.02222222222222222 0.011458333333333333
5 0.4296296296296296 0.06197916666666667 0.007407407407407407 0.007291666666666667
3 0.437037037037037 0.05572916666666667 0.01851851851851852 0.011458333333333333
10 0.5888888888888888 0.03333333333333333 0.02592592592592592 0.0125
4 0.5777777777777777 0.019270833333333334 0.02222222222222222 0.011458333333333333
3 0.5574074074074074 0.011458333333333333 0.014814814814814814 0.00625
3 0.5472222222222222 0.0067708333333333336 0.016666666666666666 0.007291666666666667
11 0.5270833333333333 0.002777777777777778 0.0125 0.005555555555555556
3 0.5231481481481481 0.0067708333333333336 0.01296296296296296 0.007291666666666667
3 0.5212962962962963 0.011979166666666667 0.01296296296296296 0.007291666666666667
3 0.5222222222222223 0.021354166666666667 0.014814814814814814 0.007291666666666667
3 0.5138888888888888 0.05364583333333333 0.016666666666666666 0.011458333333333333
3 0.4787037037037037 0.0578125 0.016666666666666666 0.011458333333333333
8 0.48796296296296293 0.04791666666666667 0.005555555555555555 0.00625
9 0.48796296296296293 0.049479166666666664 0.01296296296296296 0.009375
3 0.5064814814814814 0.034375 0.016666666666666666 0.008333333333333333
8 0.4805555555555555 0.022395833333333334 0.005555555555555555 0.005208333333333333
5 0.4805555555555555 0.0234375 0.005555555555555555 0.005208333333333333
3 0.4935185185185185 0.0109375 0.02037037037037037 0.007291666666666667
8 0.47129629629629627 0.028125 0.005555555555555555 0.00625
9 0.47129629629629627 0.030208333333333334 0.00925925925925926 0.00625
3 0.44537037037037036 0.041666666666666664 0.03518518518518519 0.008333333333333333
10 0.4388888888888889 0.036458333333333336 0.02592592592592592 0.0125
3 0.4351851851851852 0.03125 0.014814814814814814 0.008333333333333333
3 0.4305555555555555 0.021354166666666667 0.016666666666666666 0.009375
3 0.4324074074074074 0.0171875 0.016666666666666666 0.009375
3 0.43333333333333335 0.0125 0.014814814814814814 0.008333333333333333
3 0.4305555555555555 0.005729166666666666 0.01296296296296296 0.007291666666666667