7 0.21435185185185185 0.41067708333333336 0.05648148148148148 0.07552083333333333
8 0.16388888888888886 0.39765625 0.06111111111111111 0.0609375
1 0.14583333333333334 0.42135416666666664 0.0898148148148148 0.059375
1 0.33935185185185185 0.3919270833333333 0.0787037037037037 0.0421875
3 0.6902777777777778 0.38359375 0.1324074074074074 0.06822916666666666
8 0.7898148148148147 0.35911458333333335 0.03148148148148148 0.0359375
1 0.8013888888888888 0.3731770833333333 0.07129629629629629 0.028645833333333332
3 0.3324074074074074 0.4979166666666667 0.2722222222222222 0.128125
8 0.624537037037037 0.48854166666666665 0.11944444444444444 0.12291666666666666
5 0.649074074074074 0.5002604166666667 0.22592592592592592 0.0984375
3 0.8805555555555554 0.3572916666666667 0.08703703703703704 0.05625
1 0.41157407407407404 0.3578125 0.054629629629629625 0.03333333333333333
1 0.26157407407407407 0.3651041666666667 0.058333333333333334 0.03229166666666667
5 0.3189814814814815 0.35494791666666664 0.054629629629629625 0.044270833333333336
3 0.7171296296296297 0.33203125 0.07685185185185185 0.04010416666666667
8 0.9869791666666666 0.4648148148148148 0.026041666666666668 0.08888888888888889
5 0.9739583333333334 0.48842592592592593 0.052083333333333336 0.08333333333333333
1 0.5356481481481481 0.3416666666666667 0.041666666666666664 0.022916666666666665
3 0.5967592592592592 0.325 0.06388888888888888 0.030208333333333334
8 0.7648148148148147 0.3140625 0.01851851851851852 0.01875
1 0.7666666666666667 0.32317708333333334 0.02222222222222222 0.016145833333333335
11 0.8490740740740741 0.33541666666666664 0.07777777777777777 0.04791666666666667
11 0.8245370370370371 0.31223958333333335 0.03981481481481482 0.021354166666666667
3 0.8310185185185185 0.32786458333333335 0.06018518518518518 0.022395833333333334
8 0.6472222222222221 0.32369791666666664 0.02592592592592592 0.025520833333333333
1 0.649074074074074 0.3328125 0.03888888888888888 0.017708333333333333
3 0.6185185185185185 0.31875 0.05 0.023958333333333335
3 0.7087962962962963 0.3098958333333333 0.047222222222222214 0.019791666666666666
4 0.7449074074074074 0.2903645833333333 0.16944444444444443 0.021354166666666667
9 0.6444444444444444 0.31223958333333335 0.03888888888888888 0.0203125
3 0.6592592592592592 0.3067708333333333 0.03703703703703704 0.016666666666666666
8 0.7648148148148147 0.4627604166666667 0.04074074074074074 0.0984375
1 0.7833333333333333 0.47734375 0.18148148148148147 0.07864583333333333
4 0.9638020833333333 0.3365740740740741 0.07239583333333334 0.06666666666666667
7 0.8902777777777777 0.3177083333333333 0.021296296296296296 0.022916666666666665
8 0.8699074074074074 0.3109375 0.013888888888888888 0.0125
4 0.9495370370370371 0.290625 0.030555555555555555 0.01875