10 0.06013071895424836 0.05698529411764706 0.07058823529411765 0.01838235294117647
10 0.15359477124183007 0.06102941176470588 0.06666666666666667 0.014705882352941176
3 0.23464052287581696 0.06397058823529411 0.05359477124183006 0.010294117647058823
3 0.31895424836601305 0.06470588235294118 0.047058823529411764 0.010294117647058823
7 0.0673202614379085 0.034926470588235295 0.006535947712418301 0.008088235294117648
6 0.21045751633986928 0.01764705882352941 0.06013071895424836 0.016176470588235296
10 0.0784313725490196 0.03713235294117647 0.06013071895424836 0.0125
3 0.26405228758169935 0.11433823529411764 0.03137254901960784 0.0125
7 0.30980392156862746 0.11654411764705883 0.01045751633986928 0.0125
9 0.3026143790849673 0.11102941176470588 0.022222222222222223 0.010294117647058823
3 0.9660130718954247 0.19963235294117648 0.04183006535947712 0.02426470588235294
3 0.9777777777777776 0.04926470588235294 0.02091503267973856 0.008823529411764706
11 0.9869281045751633 0.030147058823529412 0.01568627450980392 0.008823529411764706
11 0.9607843137254901 0.029411764705882353 0.01830065359477124 0.008823529411764706
11 0.9372549019607842 0.020588235294117647 0.01568627450980392 0.010294117647058823
3 0.9581699346405228 0.023161764705882354 0.01568627450980392 0.006617647058823529
3 0.865359477124183 0.041176470588235294 0.01568627450980392 0.008823529411764706
7 0.8320261437908496 0.05 0.006535947712418301 0.008823529411764706
1 0.8320261437908496 0.052941176470588235 0.006535947712418301 0.008823529411764706
3 0.7346405228758169 0.0713235294117647 0.05228758169934641 0.010294117647058823
3 0.9137254901960783 0.016544117647058824 0.013071895424836602 0.006617647058823529
3 0.8764705882352941 0.011029411764705883 0.01437908496732026 0.0058823529411764705
3 0.8470588235294118 0.009558823529411765 0.013071895424836602 0.007352941176470588
3 0.8397058823529412 0.00196078431372549 0.011764705882352941 0.00392156862745098
3 0.9254901960784313 0.014338235294117646 0.013071895424836602 0.006617647058823529
3 0.9248366013071894 0.010294117647058823 0.011764705882352941 0.0058823529411764705
3 0.9077205882352941 0.00196078431372549 0.011764705882352941 0.00392156862745098
10 0.6398692810457516 0.07352941176470588 0.09542483660130718 0.023529411764705882