3 0.27777777777777773 0.52890625 0.10370370370370369 0.06614583333333333
3 0.28935185185185186 0.4401041666666667 0.0861111111111111 0.059375
3 0.1574074074074074 0.43723958333333335 0.07962962962962963 0.04635416666666667
3 0.2810185185185185 0.33177083333333335 0.04351851851851852 0.023958333333333335
3 0.20231481481481478 0.3372395833333333 0.05277777777777778 0.024479166666666666
2 0.2111111111111111 0.30390625 0.06666666666666667 0.049479166666666664
3 0.30046296296296293 0.3 0.041666666666666664 0.019791666666666666
3 0.1472222222222222 0.30442708333333335 0.03518518518518519 0.018229166666666668
7 0.5305555555555556 0.4856770833333333 0.03148148148148148 0.04114583333333333
3 0.2546296296296296 0.2921875 0.03518518518518519 0.01875
5 0.06759259259259259 0.37890625 0.03148148148148148 0.028645833333333332
1 0.9869791666666666 0.48009259259259257 0.026041666666666668 0.03518518518518519
1 0.9467592592592592 0.45703125 0.02685185185185185 0.030729166666666665
1 0.9800925925925925 0.43723958333333335 0.02685185185185185 0.0265625
1 0.8796296296296295 0.39427083333333335 0.014814814814814814 0.019791666666666666
1 0.9342592592592591 0.36666666666666664 0.01296296296296296 0.017708333333333333
1 0.9194444444444444 0.3494791666666667 0.014814814814814814 0.017708333333333333
1 0.8902777777777777 0.35 0.017592592592592594 0.016666666666666666
1 0.862037037037037 0.34427083333333336 0.014814814814814814 0.016666666666666666
1 0.8231481481481481 0.33098958333333334 0.016666666666666666 0.015104166666666667
1 0.8731481481481481 0.31536458333333334 0.014814814814814814 0.0140625
1 0.9115740740740741 0.32317708333333334 0.013888888888888888 0.0140625
1 0.8509259259259259 0.29192708333333334 0.01111111111111111 0.0109375
1 0.8652777777777777 0.30494791666666665 0.012037037037037037 0.0109375
5 0.8421296296296296 0.31145833333333334 0.01574074074074074 0.013541666666666667
1 0.9157407407407407 0.37734375 0.016666666666666666 0.016145833333333335
8 0.98984375 0.4689814814814815 0.0203125 0.03888888888888889
8 0.9481481481481481 0.44609375 0.02222222222222222 0.027604166666666666
8 0.9810185185185184 0.42682291666666666 0.01944444444444444 0.025520833333333333
8 0.924537037037037 0.38645833333333335 0.021296296296296296 0.020833333333333332
8 0.9328703703703703 0.3614583333333333 0.012037037037037037 0.020833333333333332
8 0.9157407407407407 0.3731770833333333 0.01851851851851852 0.021354166666666667
8 0.8814814814814814 0.38697916666666665 0.01851851851851852 0.026041666666666668
8 0.9194444444444444 0.34375 0.016666666666666666 0.019791666666666666
8 0.8912037037037037 0.34401041666666665 0.017592592592592594 0.018229166666666668
8 0.861574074074074 0.3390625 0.013888888888888888 0.020833333333333332
8 0.9115740740740741 0.3184895833333333 0.012037037037037037 0.0140625
8 0.8222222222222222 0.32578125 0.01296296296296296 0.016145833333333335
8 0.8430555555555554 0.3078125 0.013888888888888888 0.014583333333333334
8 0.874537037037037 0.31015625 0.012037037037037037 0.016145833333333335
8 0.8652777777777777 0.30182291666666666 0.012037037037037037 0.015104166666666667
8 0.8509259259259259 0.28984375 0.00925925925925926 0.0140625
7 0.8875 0.2791666666666667 0.00648148148148148 0.014583333333333334
7 0.8273148148148147 0.2716145833333333 0.00648148148148148 0.013020833333333334
3 0.7675925925925925 0.34140625 0.046296296296296294 0.0234375
3 0.7680555555555555 0.30520833333333336 0.03796296296296296 0.020833333333333332
3 0.7527777777777778 0.28854166666666664 0.03148148148148148 0.015625
3 0.971875 0.387037037037037 0.05625 0.03148148148148148
3 0.9934895833333334 0.41898148148148145 0.013020833333333334 0.037037037037037035
3 0.03229166666666667 0.31712962962962965 0.06458333333333334 0.018518518518518517
3 0.032407407407407406 0.30703125 0.046296296296296294 0.0078125
8 0.14537037037037034 0.31536458333333334 0.01111111111111111 0.018229166666666668
8 0.17175925925925925 0.30911458333333336 0.012037037037037037 0.016145833333333335
1 0.17129629629629628 0.3138020833333333 0.00925925925925926 0.011979166666666667
1 0.14583333333333334 0.32005208333333335 0.008333333333333333 0.009895833333333333
8 0.28657407407407404 0.27109375 0.010185185185185184 0.009895833333333333
5 0.28703703703703703 0.2747395833333333 0.00925925925925926 0.008854166666666666
3 0.2532407407407407 0.2755208333333333 0.030555555555555555 0.014583333333333334
3 0.24907407407407406 0.26536458333333335 0.027777777777777776 0.011979166666666667
3 0.21712962962962962 0.2625 0.02685185185185185 0.013541666666666667
3 0.25787037037037036 0.25234375 0.025 0.0109375
3 0.2884259259259259 0.26796875 0.0287037037037037 0.013020833333333334
0 0.7949074074074074 0.27421875 0.01944444444444444 0.015104166666666667
7 0.724537037037037 0.26536458333333335 0.008333333333333333 0.013020833333333334
7 0.7138888888888888 0.26536458333333335 0.00925925925925926 0.011979166666666667
3 0.7476851851851851 0.24791666666666667 0.021296296296296296 0.009375
8 0.8032407407407407 0.2635416666666667 0.008333333333333333 0.010416666666666666
1 0.8050925925925925 0.2671875 0.008333333333333333 0.007291666666666667
8 0.7875 0.25390625 0.008333333333333333 0.008854166666666666
1 0.7875 0.25755208333333335 0.00648148148148148 0.005729166666666666
3 0.8291666666666667 0.265625 0.02685185185185185 0.0125
3 0.8245370370370371 0.2604166666666667 0.025 0.010416666666666666
3 0.8203703703703703 0.2552083333333333 0.02592592592592592 0.011458333333333333
3 0.8138888888888888 0.2515625 0.02222222222222222 0.009375
3 0.8101851851851851 0.24817708333333333 0.02222222222222222 0.009895833333333333
3 0.8050925925925925 0.24401041666666667 0.023148148148148147 0.011979166666666667
3 0.798611111111111 0.24088541666666666 0.01944444444444444 0.009895833333333333
3 0.7921296296296296 0.23723958333333334 0.017592592592592594 0.008854166666666666
4 0.7814814814814814 0.22291666666666668 0.03518518518518519 0.019791666666666666
1 0.9947916666666666 0.36435185185185187 0.010416666666666666 0.018518518518518517
5 0.3532407407407407 0.29140625 0.025 0.009895833333333333
4 0.3310185185185185 0.27682291666666664 0.032407407407407406 0.011979166666666667
1 0.35185185185185186 0.28854166666666664 0.029629629629629627 0.010416666666666666
8 0.3546296296296296 0.28958333333333336 0.00925925925925926 0.013541666666666667
8 0.35277777777777775 0.28515625 0.01111111111111111 0.015104166666666667
11 0.2222222222222222 0.25078125 0.02592592592592592 0.0171875