8 0.899074074074074 0.4328125 0.02037037037037037 0.026041666666666668
8 0.8046296296296297 0.384375 0.016666666666666666 0.020833333333333332
8 0.737037037037037 0.3671875 0.01851851851851852 0.019791666666666666
8 0.7222222222222221 0.40625 0.014814814814814814 0.016666666666666666
8 0.7222222222222221 0.4036458333333333 0.014814814814814814 0.017708333333333333
8 0.675 0.4505208333333333 0.024074074074074074 0.019791666666666666
8 0.6842592592592591 0.31979166666666664 0.01296296296296296 0.014583333333333334
8 0.8490740740740741 0.2604166666666667 0.00925925925925926 0.010416666666666666
8 0.5907407407407407 0.3140625 0.007407407407407407 0.017708333333333333
8 0.5824074074074074 0.3145833333333333 0.00925925925925926 0.0125
8 0.5935185185185184 0.31302083333333336 0.00925925925925926 0.009375
5 0.5916666666666667 0.3203125 0.03518518518518519 0.009375
9 0.6916666666666667 0.32447916666666665 0.046296296296296294 0.011458333333333333
8 0.712962962962963 0.26979166666666665 0.01111111111111111 0.010416666666666666
7 0.6824074074074074 0.28177083333333336 0.01296296296296296 0.013541666666666667
7 0.9277777777777777 0.28541666666666665 0.007407407407407407 0.014583333333333334
7 0.9203703703703704 0.2838541666666667 0.01111111111111111 0.013541666666666667
7 0.9148148148148147 0.28125 0.01111111111111111 0.0125
8 0.6027777777777777 0.30833333333333335 0.01296296296296296 0.0125
5 0.6064814814814814 0.31354166666666666 0.03148148148148148 0.010416666666666666
7 0.5962962962962963 0.4786458333333333 0.01851851851851852 0.03854166666666667
7 0.5722222222222222 0.4796875 0.02222222222222222 0.034375
7 0.5342592592592593 0.528125 0.03148148148148148 0.041666666666666664
7 0.4824074074074074 0.5328125 0.03148148148148148 0.036458333333333336
9 0.5074074074074074 0.48385416666666664 0.11851851851851851 0.030208333333333334
9 0.5324074074074073 0.4635416666666667 0.10925925925925925 0.035416666666666666
9 0.4629629629629629 0.4671875 0.08518518518518518 0.040625
7 0.6074074074074074 0.4239583333333333 0.01851851851851852 0.03333333333333333
7 0.5944444444444444 0.421875 0.01851851851851852 0.035416666666666666
3 0.5592592592592592 0.41510416666666666 0.1111111111111111 0.03229166666666667
5 0.337037037037037 0.43697916666666664 0.02222222222222222 0.026041666666666668
5 0.33888888888888885 0.46458333333333335 0.04444444444444444 0.022916666666666665
3 0.8435185185185184 0.32864583333333336 0.046296296296296294 0.023958333333333335
11 0.836111111111111 0.2838541666666667 0.03518518518518519 0.021875
3 0.8212962962962963 0.17708333333333334 0.01296296296296296 0.008333333333333333
8 0.9064814814814814 0.2552083333333333 0.00925925925925926 0.010416666666666666
5 0.9083333333333333 0.25833333333333336 0.01296296296296296 0.008333333333333333
9 0.8925925925925925 0.26145833333333335 0.01111111111111111 0.010416666666666666
8 0.9 0.2625 0.007407407407407407 0.008333333333333333
3 0.9880208333333333 0.25555555555555554 0.023958333333333335 0.012962962962962963
7 0.8592592592592592 0.234375 0.007407407407407407 0.00625
5 0.8601851851851852 0.23645833333333333 0.01296296296296296 0.008333333333333333
4 0.8287037037037037 0.1546875 0.02037037037037037 0.023958333333333335
9 0.6342592592592592 0.2875 0.03518518518518519 0.010416666666666666
5 0.611111111111111 0.275 0.01111111111111111 0.010416666666666666
7 0.6712962962962963 0.2677083333333333 0.00925925925925926 0.014583333333333334
7 0.6583333333333333 0.2677083333333333 0.00925925925925926 0.0125
7 0.6296296296296297 0.271875 0.01111111111111111 0.0125
3 0.8972222222222221 0.23072916666666668 0.024074074074074074 0.013541666666666667
3 0.8703703703703703 0.22604166666666667 0.02222222222222222 0.010416666666666666
8 0.6935185185185184 0.36666666666666664 0.024074074074074074 0.016666666666666666
8 0.675 0.36822916666666666 0.016666666666666666 0.015625
7 0.6435185185185185 0.35625 0.016666666666666666 0.022916666666666665
7 0.662037037037037 0.3645833333333333 0.02037037037037037 0.022916666666666665
7 0.6129629629629629 0.353125 0.014814814814814814 0.022916666666666665
8 0.6592592592592592 0.3802083333333333 0.014814814814814814 0.016666666666666666
1 0.662037037037037 0.3875 0.04259259259259259 0.014583333333333334
9 0.8027777777777777 0.19375 0.01296296296296296 0.008333333333333333
9 0.7601851851851851 0.21770833333333334 0.01296296296296296 0.008333333333333333
3 0.7768518518518518 0.18802083333333333 0.024074074074074074 0.013541666666666667
4 0.8027777777777777 0.1796875 0.024074074074074074 0.015625