4 0.8633986928104574 0.05845588235294118 0.06143790849673203 0.03455882352941177
8 0.8764705882352941 0.3161764705882353 0.01699346405228758 0.014705882352941176
8 0.8601307189542482 0.3136029411764706 0.01568627450980392 0.013970588235294118
8 0.8856209150326797 0.31176470588235294 0.01437908496732026 0.014705882352941176
8 0.8915032679738562 0.3095588235294118 0.01045751633986928 0.011764705882352941
8 0.8712418300653595 0.30808823529411766 0.011764705882352941 0.013235294117647059
8 0.8790849673202613 0.3003676470588235 0.01699346405228758 0.0125
9 0.8751633986928105 0.3136029411764706 0.050980392156862744 0.03602941176470588
3 0.9698529411764706 0.4588235294117647 0.060294117647058824 0.0718954248366013
3 0.74640522875817 0.5161764705882353 0.11241830065359477 0.08529411764705883
3 0.4117647058823529 0.5154411764705882 0.13333333333333333 0.09264705882352942
9 0.039705882352941174 0.365359477124183 0.07941176470588235 0.026143790849673203
1 0.0915032679738562 0.3463235294117647 0.026143790849673203 0.023529411764705882
9 0.2915032679738562 0.35551470588235295 0.047058823529411764 0.03897058823529412
8 0.29346405228758166 0.34558823529411764 0.024836601307189544 0.020588235294117647
3 0.226797385620915 0.3125 0.11372549019607843 0.045588235294117645
3 0.1 0.2893382352941177 0.09281045751633986 0.03161764705882353
3 0.5183006535947712 0.29007352941176473 0.07712418300653595 0.0375
3 0.33856209150326794 0.27389705882352944 0.07320261437908496 0.03161764705882353
3 0.3699346405228758 0.25330882352941175 0.07058823529411765 0.025735294117647058
5 0.2006535947712418 0.27095588235294116 0.04836601307189542 0.016911764705882352
1 0.230718954248366 0.2636029411764706 0.043137254901960784 0.015441176470588236
3 0.34313725490196073 0.22904411764705881 0.10849673202614378 0.025735294117647058
5 0.43921568627450974 0.22683823529411765 0.0392156862745098 0.013970588235294118
5 0.3875816993464052 0.2073529411764706 0.03790849673202614 0.013235294117647059
3 0.45751633986928103 0.21323529411764705 0.05490196078431372 0.020588235294117647
11 0.49019607843137253 0.19926470588235295 0.04967320261437909 0.01764705882352941
5 0.518954248366013 0.1875 0.01830065359477124 0.016176470588235296
3 0.7248366013071895 0.2275735294117647 0.04836601307189542 0.025735294117647058
3 0.5620915032679739 0.1724264705882353 0.047058823529411764 0.01838235294117647
3 0.5712418300653594 0.15661764705882353 0.044444444444444446 0.013235294117647059
3 0.6947712418300653 0.16323529411764706 0.058823529411764705 0.016176470588235296
3 0.6065359477124183 0.14926470588235294 0.03660130718954248 0.011764705882352941
3 0.6228758169934641 0.14595588235294119 0.03006535947712418 0.0125
3 0.6352941176470588 0.13933823529411765 0.03137254901960784 0.009558823529411765
3 0.6477124183006535 0.13308823529411765 0.022222222222222223 0.010294117647058823
3 0.6555555555555556 0.12536764705882353 0.043137254901960784 0.009558823529411765
3 0.6660130718954248 0.1213235294117647 0.043137254901960784 0.008823529411764706
3 0.7333333333333333 0.13933823529411765 0.026143790849673203 0.013970588235294118
3 0.8359477124183007 0.18382352941176472 0.03529411764705882 0.01764705882352941
8 0.8705882352941177 0.19411764705882353 0.01045751633986928 0.011764705882352941
5 0.8705882352941177 0.19926470588235295 0.01045751633986928 0.013235294117647059
3 0.9209150326797385 0.18786764705882353 0.03529411764705882 0.016911764705882352
7 0.8947712418300654 0.18161764705882352 0.011764705882352941 0.014705882352941176
3 0.9209150326797385 0.16875 0.02745098039215686 0.016911764705882352
8 0.7640522875816993 0.13713235294117648 0.00915032679738562 0.008088235294117648
1 0.7653594771241831 0.14154411764705882 0.006535947712418301 0.008088235294117648
3 0.8065359477124183 0.12867647058823528 0.023529411764705882 0.010294117647058823
3 0.8849673202614378 0.11911764705882352 0.02091503267973856 0.011764705882352941
9 0.7679738562091503 0.12316176470588236 0.011764705882352941 0.011029411764705883
9 0.780392156862745 0.11066176470588235 0.01045751633986928 0.008088235294117648
3 0.8052287581699347 0.1025735294117647 0.01568627450980392 0.006617647058823529
3 0.8588235294117647 0.10808823529411765 0.01568627450980392 0.007352941176470588
3 0.8588235294117647 0.1025735294117647 0.01568627450980392 0.008088235294117648
3 0.8843137254901959 0.09926470588235294 0.01437908496732026 0.007352941176470588
7 0.8699346405228758 0.09595588235294118 0.006535947712418301 0.008088235294117648
7 0.8732026143790849 0.0974264705882353 0.00522875816993464 0.006617647058823529
3 0.8098039215686273 0.09705882352941177 0.01437908496732026 0.007352941176470588
3 0.8300653594771242 0.09485294117647058 0.023529411764705882 0.007352941176470588
3 0.8189542483660132 0.08970588235294118 0.022222222222222223 0.0058823529411764705
3 0.8385620915032679 0.0849264705882353 0.011764705882352941 0.006617647058823529
3 0.8431372549019607 0.08088235294117647 0.00784313725490196 0.004411764705882353
3 0.9849264705882353 0.11830065359477124 0.030147058823529412 0.01045751633986928
3 0.9843137254901959 0.12830882352941175 0.023529411764705882 0.008088235294117648
3 0.9922794117647059 0.13660130718954247 0.015441176470588236 0.01045751633986928