11 0.42418300653594765 0.5158088235294118 0.20522875816993463 0.09191176470588236
5 0.5130718954248366 0.4488970588235294 0.05359477124183006 0.04044117647058824
5 0.5745098039215686 0.39558823529411763 0.058823529411764705 0.03823529411764706
5 0.5908496732026144 0.37316176470588236 0.03660130718954248 0.03897058823529412
8 0.6954248366013072 0.3577205882352941 0.023529411764705882 0.030147058823529412
8 0.7065359477124182 0.35441176470588237 0.01699346405228758 0.026470588235294117
5 0.6947712418300653 0.3698529411764706 0.02745098039215686 0.027941176470588237
5 0.4836601307189542 0.38786764705882354 0.07581699346405228 0.03308823529411765
1 0.37973856209150325 0.33492647058823527 0.06928104575163398 0.022794117647058822
5 0.34901960784313724 0.3411764705882353 0.06797385620915032 0.029411764705882353
5 0.33464052287581697 0.3514705882352941 0.07320261437908496 0.030882352941176472
1 0.2745098039215686 0.34558823529411764 0.07320261437908496 0.029411764705882353
5 0.25163398692810457 0.36911764705882355 0.06405228758169934 0.029411764705882353
5 0.3026143790849673 0.3963235294117647 0.06405228758169934 0.029411764705882353
5 0.28431372549019607 0.40551470588235294 0.0718954248366013 0.030147058823529412
5 0.26143790849673204 0.4522058823529412 0.06797385620915032 0.030882352941176472
4 0.16666666666666666 0.4294117647058823 0.0980392156862745 0.08676470588235294
5 0.5202614379084968 0.30919117647058825 0.06013071895424836 0.025735294117647058
3 0.5895424836601306 0.23455882352941176 0.14640522875816991 0.03529411764705882
5 0.5594771241830064 0.21580882352941178 0.04183006535947712 0.021323529411764706
5 0.5921568627450979 0.2172794117647059 0.02875816993464052 0.019852941176470587
3 0.618954248366013 0.18970588235294117 0.134640522875817 0.03235294117647059
3 0.6797385620915032 0.16948529411764707 0.13071895424836602 0.03161764705882353
8 0.7745098039215685 0.17463235294117646 0.01437908496732026 0.021323529411764706
8 0.7764705882352941 0.17316176470588235 0.013071895424836602 0.015441176470588236
5 0.7751633986928104 0.18125 0.02091503267973856 0.01838235294117647
7 0.5784313725490196 0.10955882352941176 0.011764705882352941 0.01911764705882353
3 0.895424836601307 0.10294117647058823 0.03660130718954248 0.023529411764705882
11 0.9908088235294118 0.2372549019607843 0.01838235294117647 0.03790849673202614
11 0.9698529411764706 0.40326797385620916 0.060294117647058824 0.08758169934640522
3 1 0.05751633986928104 0 0.01568627450980392
5 0.9784313725490195 0.027573529411764705 0.00915032679738562 0.011029411764705883
8 0.9784313725490195 0.02536764705882353 0.006535947712418301 0.0125
11 0.9287581699346406 0.048161764705882355 0.032679738562091505 0.019852941176470587
11 0.9948529411764706 0.03137254901960784 0.010294117647058823 0.01699346405228758
11 0.9966911764705882 0.01699346405228758 0.006617647058823529 0.013071895424836602
3 0.9948529411764706 0.00522875816993464 0.010294117647058823 0.01045751633986928
11 0.9509803921568627 0.01838235294117647 0.022222222222222223 0.01911764705882353
3 0.93125 0.0058823529411764705 0.025 0.011764705882352941
7 0.8647058823529412 0.046691176470588236 0.00915032679738562 0.013970588235294118
8 0.8816993464052287 0.022794117647058822 0.00915032679738562 0.010294117647058823
8 0.8816993464052287 0.025735294117647058 0.00915032679738562 0.010294117647058823
8 0.872549019607843 0.008455882352941176 0.006535947712418301 0.011029411764705883
1 0.872549019607843 0.011764705882352941 0.00915032679738562 0.008823529411764706
1 0.8856209150326797 0.026470588235294117 0.01699346405228758 0.008823529411764706
1 0.8830065359477124 0.030882352941176472 0.00915032679738562 0.008823529411764706
4 0.8307189542483661 0.04889705882352941 0.03790849673202614 0.022794117647058822
5 0.8464052287581699 0.06838235294117648 0.011764705882352941 0.011764705882352941
5 0.8359477124183007 0.07904411764705882 0.011764705882352941 0.0125
5 0.7496732026143791 0.06360294117647058 0.02745098039215686 0.009558823529411765
5 0.7522875816993464 0.06801470588235294 0.02745098039215686 0.0125
5 0.7372549019607842 0.07205882352941176 0.026143790849673203 0.011764705882352941
1 0.7496732026143791 0.12279411764705882 0.03529411764705882 0.016176470588235296
5 0.7450980392156862 0.13051470588235295 0.03660130718954248 0.0125
7 0.7254901960784313 0.04889705882352941 0.00784313725490196 0.011029411764705883
7 0.730718954248366 0.02389705882352941 0.00784313725490196 0.0125