3 0.3379084967320261 0.506985294117647 0.21045751633986928 0.09926470588235294
3 0.6143790849673203 0.3875 0.10457516339869281 0.08235294117647059
7 0.7091503267973855 0.3327205882352941 0.032679738562091505 0.03308823529411765
11 0.7006535947712418 0.2713235294117647 0.08627450980392157 0.04411764705882353
3 0.7039215686274509 0.23455882352941176 0.06666666666666667 0.03235294117647059
3 0.05477941176470588 0.4287581699346405 0.10955882352941176 0.05751633986928104
3 0.06654411764705882 0.39477124183006534 0.13308823529411765 0.05620915032679739
3 0.0661764705882353 0.3941176470588235 0.1323529411764706 0.05620915032679739
3 0.07463235294117647 0.3457516339869281 0.14926470588235294 0.05620915032679739
3 0.14248366013071895 0.3125 0.20130718954248367 0.04264705882352941
3 0.9117647058823529 0.15257352941176472 0.050980392156862744 0.027205882352941177
3 0.7915032679738562 0.11139705882352942 0.0457516339869281 0.022794117647058822
7 0.22091503267973853 0.18125 0.02091503267973856 0.022794117647058822
7 0.21045751633986928 0.18235294117647058 0.01830065359477124 0.023529411764705882
8 0.161437908496732 0.18235294117647058 0.022222222222222223 0.016176470588235296
5 0.165359477124183 0.19080882352941175 0.03006535947712418 0.019852941176470587
3 0.041176470588235294 0.18562091503267975 0.08235294117647059 0.03398692810457516
3 0.06797385620915032 0.17352941176470588 0.10718954248366012 0.029411764705882353
3 0.10130718954248366 0.15588235294117647 0.10849673202614378 0.023529411764705882
5 0.21176470588235294 0.13823529411764707 0.03398692810457516 0.016176470588235296
5 0.17254901960784313 0.13970588235294118 0.04183006535947712 0.016176470588235296
11 0.22549019607843135 0.08897058823529412 0.05359477124183006 0.025
4 0.11503267973856209 0.06985294117647059 0.1568627450980392 0.03676470588235294
4 0.8632352941176471 0.04967320261437908 0.2735294117647059 0.09934640522875816
7 0.9966911764705882 0.15816993464052287 0.006617647058823529 0.026143790849673203
7 0.9933823529411765 0.20980392156862746 0.013235294117647059 0.026143790849673203
8 0.8052287581699347 0.24963235294117647 0.023529411764705882 0.02426470588235294
5 0.8045751633986927 0.2566176470588235 0.024836601307189544 0.020588235294117647
7 0.7130718954248365 0.1988970588235294 0.024836601307189544 0.02426470588235294
7 0.6633986928104575 0.20625 0.022222222222222223 0.027205882352941177
7 0.6967320261437908 0.14926470588235294 0.013071895424836602 0.020588235294117647
7 0.7222222222222222 0.15514705882352942 0.01437908496732026 0.020588235294117647
7 0.7130718954248365 0.15441176470588236 0.01437908496732026 0.020588235294117647
8 0.9607843137254901 0.11801470588235294 0.01568627450980392 0.0125
5 0.9607843137254901 0.12352941176470589 0.01830065359477124 0.013235294117647059