8 0.08758169934640522 0.11286764705882353 0.02091503267973856 0.015441176470588236
7 0.07516339869281045 0.09963235294117648 0.0196078431372549 0.02426470588235294
6 0.0699346405228758 0.11654411764705883 0.024836601307189544 0.01838235294117647
8 0.38692810457516336 0.1827205882352941 0.023529411764705882 0.025735294117647058
8 0.373202614379085 0.1786764705882353 0.02745098039215686 0.027941176470588237
5 0.37385620915032675 0.1889705882352941 0.044444444444444446 0.025
7 0.6372549019607843 0.16948529411764707 0.022222222222222223 0.0375
7 0.834640522875817 0.21102941176470588 0.01699346405228758 0.026470588235294117
7 0.8209150326797385 0.20294117647058824 0.01830065359477124 0.039705882352941174
7 0.8366013071895425 0.19779411764705881 0.02875816993464052 0.03529411764705882
8 0.7947712418300654 0.20477941176470588 0.01830065359477124 0.013970588235294118
6 0.8013071895424837 0.20625 0.03398692810457516 0.028676470588235293
3 0.6555555555555556 0.3886029411764706 0.3751633986928104 0.08602941176470588
8 0.6666666666666666 0.38566176470588237 0.03660130718954248 0.022794117647058822