3 0.21764705882352942 0.028676470588235293 0.04052287581699346 0.016176470588235296
3 0.3810457516339869 0.06985294117647059 0.04836601307189542 0.020588235294117647
3 0.4725490196078431 0.08419117647058824 0.04052287581699346 0.01838235294117647
3 0.538562091503268 0.026838235294117645 0.03398692810457516 0.015441176470588236
3 0.5992647058823529 0.004575163398692811 0.027205882352941177 0.009150326797385621
11 0.21437908496732025 0.10992647058823529 0.07320261437908496 0.04191176470588235
2 0.49803921568627446 0.15441176470588236 0.09673202614379084 0.0661764705882353
3 0.6235294117647059 0.5286764705882353 0.11764705882352941 0.0661764705882353
3 0.7797385620915032 0.5220588235294118 0.11633986928104574 0.07941176470588235
3 0.9261437908496731 0.49080882352941174 0.12679738562091503 0.10955882352941176
3 0.5568627450980391 0.39448529411764705 0.1542483660130719 0.08161764705882353
3 0.6640522875816993 0.4235294117647059 0.11764705882352941 0.08529411764705883
3 0.7222222222222222 0.35073529411764703 0.08235294117647059 0.054411764705882354
3 0.9248366013071894 0.3875 0.0980392156862745 0.0838235294117647
3 0.8993464052287582 0.31213235294117647 0.0784313725490196 0.05220588235294118
3 0.9189542483660129 0.26066176470588237 0.06274509803921569 0.04632352941176471
3 0.8111111111111111 0.3338235294117647 0.08235294117647059 0.061764705882352944
11 0.7967320261437908 0.40955882352941175 0.10849673202614378 0.10294117647058823
3 0.8058823529411765 0.27647058823529413 0.06928104575163398 0.04852941176470588
3 0.7967320261437908 0.2275735294117647 0.058823529411764705 0.04191176470588235
3 0.7176470588235294 0.21433823529411763 0.06274509803921569 0.04191176470588235
2 0.6751633986928104 0.2746323529411765 0.18431372549019606 0.12720588235294117
3 0.8 0.18639705882352942 0.05751633986928104 0.03455882352941177
3 0.7483660130718954 0.15514705882352942 0.058823529411764705 0.030882352941176472
3 0.8117647058823529 0.15220588235294116 0.04967320261437909 0.026470588235294117
3 0.8738562091503267 0.15919117647058822 0.050980392156862744 0.030147058823529412
10 0.9209150326797385 0.1963235294117647 0.09281045751633986 0.07205882352941176
3 0.8758169934640523 0.10220588235294117 0.047058823529411764 0.023529411764705882
7 0.7202614379084967 0.11875 0.01045751633986928 0.021323529411764706
7 0.7398692810457516 0.10441176470588236 0.01045751633986928 0.020588235294117647
3 0.8490196078431371 0.07463235294117647 0.04052287581699346 0.021323529411764706
3 0.8176470588235294 0.12830882352941175 0.04836601307189542 0.028676470588235293
3 0.7424836601307189 0.09963235294117648 0.04183006535947712 0.022794117647058822
3 0.7496732026143791 0.12022058823529412 0.0457516339869281 0.025735294117647058
3 0.8183006535947712 0.10955882352941176 0.04967320261437909 0.023529411764705882
3 0.8339869281045751 0.04889705882352941 0.03398692810457516 0.016911764705882352
3 0.7810457516339869 0.08014705882352942 0.0457516339869281 0.025
2 0.7810457516339869 0.04411764705882353 0.05620915032679739 0.045588235294117645
10 0.8393382352941177 0.01895424836601307 0.047058823529411764 0.03790849673202614
10 0.7838235294117647 0.013725490196078431 0.04044117647058824 0.027450980392156862