4 0.872549019607843 0.026838235294117645 0.15816993464052287 0.05073529411764706
3 0.9117647058823529 0.2363970588235294 0.0457516339869281 0.025735294117647058
3 0.7215686274509804 0.2 0.04183006535947712 0.026470588235294117
11 0.4013071895424836 0.3191176470588235 0.06797385620915032 0.04411764705882353
3 0.4300653594771241 0.2933823529411765 0.08366013071895424 0.03529411764705882
3 0.47516339869281043 0.2647058823529412 0.06928104575163398 0.03235294117647059
11 0.5673202614379085 0.19411764705882353 0.08104575163398692 0.025
8 0.6732026143790849 0.2625 0.01568627450980392 0.022058823529411766
1 0.6745098039215686 0.27058823529411763 0.013071895424836602 0.01911764705882353
3 0.6215686274509803 0.16286764705882353 0.04052287581699346 0.019852941176470587
3 0.6516339869281046 0.14301470588235293 0.03529411764705882 0.016911764705882352
3 0.6764705882352942 0.12573529411764706 0.032679738562091505 0.014705882352941176
3 0.6379084967320261 0.11397058823529412 0.06013071895424836 0.011764705882352941
3 0.7379084967320262 0.10404411764705883 0.050980392156862744 0.0125
3 0.7098039215686274 0.07904411764705882 0.02091503267973856 0.011029411764705883
3 0.5542483660130718 0.21102941176470588 0.05228758169934641 0.030882352941176472
3 0.9503267973856209 0.13897058823529412 0.03137254901960784 0.014705882352941176
3 0.9418300653594771 0.11948529411764706 0.05359477124183006 0.013970588235294118
3 0.8869281045751634 0.11691176470588235 0.024836601307189544 0.011764705882352941
3 0.9078431372549018 0.1036764705882353 0.024836601307189544 0.011764705882352941
3 0.9019607843137254 0.0900735294117647 0.02091503267973856 0.011029411764705883
3 0.8581699346405228 0.08897058823529412 0.022222222222222223 0.011764705882352941
7 0.28888888888888886 0.30073529411764705 0.02091503267973856 0.026470588235294117
7 0.31176470588235294 0.29926470588235293 0.01437908496732026 0.025
5 0.5 0.21029411764705883 0.024836601307189544 0.01911764705882353
7 0.6196078431372549 0.19154411764705884 0.01045751633986928 0.01838235294117647
7 0.6261437908496732 0.19117647058823528 0.01045751633986928 0.01911764705882353
3 0.7084967320261438 0.07022058823529412 0.01830065359477124 0.009558823529411765
7 0.7790849673202613 0.13014705882352942 0.01045751633986928 0.014705882352941176
7 0.7666666666666666 0.13088235294117648 0.00915032679738562 0.013235294117647059
7 0.7313725490196078 0.1161764705882353 0.006535947712418301 0.010294117647058823
7 0.7366013071895424 0.11691176470588235 0.006535947712418301 0.010294117647058823
8 0.9588235294117647 0.15698529411764706 0.00915032679738562 0.009558823529411765
8 0.9588235294117647 0.15441176470588236 0.006535947712418301 0.010294117647058823
5 0.9588235294117647 0.1588235294117647 0.00915032679738562 0.013235294117647059
3 0.9019607843137254 0.06911764705882353 0.01568627450980392 0.007352941176470588
3 0.8856209150326797 0.057352941176470586 0.032679738562091505 0.007352941176470588
3 0.9137254901960783 0.057352941176470586 0.03137254901960784 0.007352941176470588
3 0.9006535947712418 0.06433823529411764 0.01830065359477124 0.006617647058823529