3 0.7379629629629629 0.290625 0.0537037037037037 0.029166666666666667
3 0.8953703703703704 0.2520833333333333 0.04259259259259259 0.022916666666666665
3 0.8314814814814814 0.209375 0.03703703703703704 0.01875
3 0.7722222222222221 0.21302083333333333 0.03703703703703704 0.019791666666666666
3 0.8787037037037037 0.1859375 0.03148148148148148 0.017708333333333333
3 0.8314814814814814 0.1828125 0.03333333333333333 0.015625
4 0.812962962962963 0.07916666666666666 0.05185185185185184 0.0125
4 0.8305555555555555 0.1 0.03148148148148148 0.020833333333333332
4 0.7611111111111111 0.10729166666666666 0.029629629629629627 0.020833333333333332
5 0.9055555555555554 0.42864583333333334 0.02222222222222222 0.028125
5 0.7944444444444444 0.4119791666666667 0.02222222222222222 0.028125
5 0.3138888888888889 0.46875 0.04259259259259259 0.027083333333333334
5 0.38425925925925924 0.3411458333333333 0.027777777777777776 0.019791666666666666
5 0.8879629629629628 0.3489583333333333 0.016666666666666666 0.022916666666666665
5 0.5231481481481481 0.2578125 0.00925925925925926 0.011458333333333333
5 0.624074074074074 0.18802083333333333 0.02222222222222222 0.007291666666666667
7 0.7925925925925925 0.4 0.02222222222222222 0.025
7 0.9055555555555554 0.415625 0.02222222222222222 0.025
7 0.8879629629629628 0.3390625 0.01296296296296296 0.021875
7 0.312037037037037 0.4546875 0.024074074074074074 0.019791666666666666
7 0.38333333333333336 0.33177083333333335 0.02222222222222222 0.017708333333333333
7 0.5231481481481481 0.25 0.00925925925925926 0.010416666666666666
5 0.29259259259259257 0.3015625 0.01851851851851852 0.015625
7 0.2907407407407407 0.29270833333333335 0.01111111111111111 0.016666666666666666
7 0.6212962962962963 0.18229166666666666 0.00925925925925926 0.010416666666666666
7 0.6981481481481481 0.17447916666666666 0.007407407407407407 0.009375
7 0.7296296296296296 0.15729166666666666 0.007407407407407407 0.008333333333333333
7 0.7342592592592592 0.15885416666666666 0.00925925925925926 0.007291666666666667
7 0.687037037037037 0.1671875 0.007407407407407407 0.007291666666666667
7 0.8453703703703703 0.1359375 0.005555555555555555 0.007291666666666667
7 0.5935185185185184 0.1734375 0.00925925925925926 0.009375
7 0.575925925925926 0.18802083333333333 0.007407407407407407 0.011458333333333333
7 0.6611111111111111 0.16041666666666668 0.007407407407407407 0.010416666666666666
7 0.6555555555555554 0.15729166666666666 0.007407407407407407 0.008333333333333333
7 0.6990740740740741 0.15989583333333332 0.00925925925925926 0.009375
7 0.673148148148148 0.1546875 0.00925925925925926 0.011458333333333333
5 0.5777777777777777 0.1921875 0.01851851851851852 0.007291666666666667
5 0.6972222222222222 0.17864583333333334 0.016666666666666666 0.009375
5 0.7305555555555555 0.1609375 0.02037037037037037 0.007291666666666667
5 0.6601851851851851 0.1640625 0.00925925925925926 0.007291666666666667
5 0.6555555555555554 0.159375 0.01111111111111111 0.00625
11 0.6435185185185185 0.16875 0.03518518518518519 0.0125
9 0.5981481481481481 0.17239583333333333 0.03703703703703704 0.013541666666666667
9 0.586111111111111 0.16354166666666667 0.03148148148148148 0.0125
3 0.7268518518518517 0.14635416666666667 0.02037037037037037 0.009375
3 0.7305555555555555 0.1421875 0.02037037037037037 0.009375
3 0.7351851851851852 0.12083333333333333 0.01111111111111111 0.008333333333333333
4 0.5537037037037037 0.16927083333333334 0.02592592592592592 0.013541666666666667
4 0.8314814814814814 0.14947916666666666 0.04074074074074074 0.011458333333333333
5 0.5231481481481481 0.19166666666666668 0.02037037037037037 0.010416666666666666
7 0.5212962962962963 0.1875 0.00925925925925926 0.010416666666666666
7 0.8305555555555555 0.13229166666666667 0.005555555555555555 0.00625
7 0.7712962962962963 0.153125 0.005555555555555555 0.00625
7 0.7666666666666667 0.15364583333333334 0.007407407407407407 0.007291666666666667
7 0.7601851851851851 0.15416666666666667 0.005555555555555555 0.00625
5 0.7648148148148147 0.15833333333333333 0.02222222222222222 0.008333333333333333
5 0.8305555555555555 0.13541666666666666 0.00925925925925926 0.00625
5 0.8453703703703703 0.13854166666666667 0.00925925925925926 0.00625
7 0.8546296296296295 0.125 0.005555555555555555 0.008333333333333333
3 0.6925925925925925 0.1484375 0.014814814814814814 0.007291666666666667
5 0.7092592592592591 0.134375 0.007407407407407407 0.00625
7 0.7101851851851851 0.13125 0.005555555555555555 0.008333333333333333
7 0.7185185185185184 0.134375 0.007407407407407407 0.008333333333333333
8 0.07685185185185185 0.546875 0.0574074074074074 0.027083333333333334
8 0.2537037037037037 0.43020833333333336 0.03333333333333333 0.025
0 0.2638888888888889 0.42604166666666665 0.08703703703703704 0.06875