4 0.9546875 0.10555555555555556 0.090625 0.05925925925925926
4 0.837037037037037 0.1046875 0.14074074074074075 0.06979166666666667
9 0.4527777777777777 0.4510416666666667 0.15 0.05
7 0.46481481481481474 0.4317708333333333 0.059259259259259255 0.042708333333333334
9 0.22129629629629627 0.475 0.29814814814814816 0.08541666666666667
5 0.9425925925925925 0.33177083333333335 0.07777777777777777 0.034375
7 1 0.32222222222222224 0 0.03333333333333333
7 0.9675925925925924 0.31979166666666664 0.024074074074074074 0.035416666666666666
5 0.9481481481481481 0.3067708333333333 0.03333333333333333 0.03229166666666667
8 0.9472222222222222 0.30104166666666665 0.03148148148148148 0.029166666666666667
9 0.9786458333333333 0.24814814814814815 0.042708333333333334 0.027777777777777776
5 0.8935185185185185 0.225 0.016666666666666666 0.01875
5 0.8027777777777777 0.19375 0.01296296296296296 0.014583333333333334
5 0.8138888888888888 0.17291666666666666 0.01296296296296296 0.0125
5 0.8731481481481481 0.16770833333333332 0.00925925925925926 0.0125
5 0.8101851851851851 0.27395833333333336 0.02037037037037037 0.022916666666666665
5 0.712962962962963 0.2833333333333333 0.04444444444444444 0.020833333333333332
5 0.8759259259259259 0.1546875 0.007407407407407407 0.009375
8 0.8101851851851851 0.2682291666666667 0.024074074074074074 0.028125
8 0.8962962962962961 0.221875 0.014814814814814814 0.020833333333333332
8 0.8027777777777777 0.1890625 0.01296296296296296 0.017708333333333333
8 0.812962962962963 0.16979166666666667 0.014814814814814814 0.0125
8 0.8722222222222221 0.1640625 0.014814814814814814 0.013541666666666667
8 0.8759259259259259 0.15104166666666666 0.007407407407407407 0.010416666666666666
7 0.7157407407407407 0.27760416666666665 0.02037037037037037 0.028125
5 0.737037037037037 0.2703125 0.04444444444444444 0.019791666666666666
7 0.7333333333333333 0.26510416666666664 0.01851851851851852 0.030208333333333334
7 0.7453703703703703 0.2864583333333333 0.024074074074074074 0.029166666666666667
5 0.6194444444444444 0.290625 0.06111111111111111 0.020833333333333332
8 0.6138888888888888 0.2869791666666667 0.02037037037037037 0.021875
9 0.7777777777777778 0.240625 0.02592592592592592 0.020833333333333332
8 0.7768518518518518 0.23333333333333334 0.016666666666666666 0.020833333333333332
9 0.7074074074074074 0.20416666666666666 0.07407407407407408 0.025
9 0.7138888888888888 0.21927083333333333 0.06111111111111111 0.017708333333333333
3 0.6351851851851851 0.178125 0.06666666666666667 0.01875
10 0.7648148148148147 0.16927083333333334 0.03333333333333333 0.019791666666666666
11 0.8324074074074074 0.16041666666666668 0.027777777777777776 0.01875
10 0.8805555555555554 0.19375 0.03518518518518519 0.027083333333333334
7 0.6611111111111111 0.2703125 0.02222222222222222 0.023958333333333335
5 0.0787037037037037 0.38697916666666665 0.08333333333333333 0.026041666666666668
5 0.2175925925925926 0.365625 0.03888888888888888 0.025
5 0.17592592592592593 0.3625 0.03333333333333333 0.022916666666666665
9 0.8953703703703704 0.16302083333333334 0.016666666666666666 0.013541666666666667
7 0.9064814814814814 0.16354166666666667 0.005555555555555555 0.0125
7 0.8870370370370371 0.16302083333333334 0.014814814814814814 0.013541666666666667
4 0.9645833333333333 0.1638888888888889 0.07083333333333333 0.018518518518518517
11 0.9666666666666667 0.15520833333333334 0.06296296296296296 0.014583333333333334
3 0.9822916666666667 0.1537037037037037 0.035416666666666666 0.014814814814814815
10 0.9770833333333333 0.14166666666666666 0.04583333333333333 0.016666666666666666
7 0.9064814814814814 0.15416666666666667 0.00925925925925926 0.0125
9 0.899074074074074 0.15364583333333334 0.016666666666666666 0.009375
5 0.8324074074074074 0.146875 0.01296296296296296 0.008333333333333333
8 0.8324074074074074 0.14375 0.00925925925925926 0.008333333333333333