4 0.8851851851851851 0.14114583333333333 0.01851851851851852 0.019791666666666666
4 0.95 0.15260416666666668 0.014814814814814814 0.013541666666666667
4 0.9166666666666666 0.1328125 0.04444444444444444 0.011458333333333333
3 0.9989583333333333 0.33055555555555555 0.0020833333333333333 0.02962962962962963
3 0.9942708333333333 0.30092592592592593 0.011458333333333333 0.02962962962962963
3 0.9927083333333333 0.2814814814814815 0.014583333333333334 0.022222222222222223
3 0.9787037037037037 0.2625 0.03518518518518519 0.020833333333333332
3 0.9869791666666666 0.24814814814814815 0.026041666666666668 0.014814814814814815
3 0.987037037037037 0.23854166666666668 0.02592592592592592 0.014583333333333334
3 0.9833333333333333 0.2265625 0.02592592592592592 0.013541666666666667
3 0.9796296296296295 0.21770833333333334 0.02222222222222222 0.0125
3 0.9564814814814814 0.20833333333333334 0.024074074074074074 0.0125
3 0.9675925925925924 0.1984375 0.02037037037037037 0.009375
3 0.962037037037037 0.190625 0.016666666666666666 0.008333333333333333
3 0.8981481481481481 0.2796875 0.03333333333333333 0.021875
3 0.40185185185185185 0.5098958333333333 0.16666666666666666 0.09270833333333334
3 0.5157407407407407 0.42239583333333336 0.12407407407407406 0.071875
3 0.6055555555555555 0.3609375 0.08148148148148147 0.042708333333333334
0 0.6509259259259258 0.31979166666666664 0.06481481481481481 0.035416666666666666
11 0.7194444444444444 0.2713541666666667 0.03518518518518519 0.023958333333333335
3 0.7472222222222221 0.246875 0.03518518518518519 0.01875
3 0.7657407407407407 0.23645833333333333 0.03148148148148148 0.01875
3 0.7898148148148147 0.21927083333333333 0.024074074074074074 0.015625
3 0.8055555555555555 0.20416666666666666 0.02222222222222222 0.0125
3 0.812037037037037 0.19895833333333332 0.02037037037037037 0.010416666666666666
3 0.8259259259259258 0.19427083333333334 0.03333333333333333 0.011458333333333333
3 0.8277777777777777 0.1875 0.01851851851851852 0.008333333333333333
3 0.8324074074074074 0.18229166666666666 0.02037037037037037 0.010416666666666666
3 0.812037037037037 0.17760416666666667 0.024074074074074074 0.009375
3 0.9175925925925925 0.17395833333333333 0.01296296296296296 0.008333333333333333
3 0.9212962962962962 0.16302083333333334 0.01296296296296296 0.007291666666666667
3 0.8472222222222221 0.1640625 0.02037037037037037 0.007291666666666667
3 0.8675925925925925 0.16197916666666667 0.01296296296296296 0.005208333333333333
3 0.9055555555555554 0.14479166666666668 0.007407407407407407 0.004166666666666667
3 0.9324074074074074 0.14739583333333334 0.00925925925925926 0.003125
3 0.8731481481481481 0.15572916666666667 0.005555555555555555 0.005208333333333333
3 0.9527777777777777 0.16354166666666667 0.01296296296296296 0.00625
9 0.9 0.15 0.007407407407407407 0.004166666666666667
7 0.7777777777777778 0.25416666666666665 0.014814814814814814 0.014583333333333334
1 0.7768518518518518 0.2578125 0.01296296296296296 0.011458333333333333