4 0.6856481481481481 0.15520833333333334 0.1324074074074074 0.13229166666666667
3 0.7717592592592591 0.13567708333333334 0.023148148148148147 0.022395833333333334
10 0.7967592592592592 0.13776041666666666 0.03796296296296296 0.0234375
3 0.7916666666666666 0.18098958333333334 0.03148148148148148 0.0171875
3 0.8837962962962962 0.17265625 0.032407407407407406 0.0140625
10 0.9041666666666667 0.22916666666666666 0.1361111111111111 0.0875
3 0.9888020833333333 0.25046296296296294 0.022395833333333334 0.03518518518518519
10 0.7296296296296296 0.3890625 0.25740740740740736 0.29375
7 0.3967592592592592 0.3984375 0.041666666666666664 0.059375
4 0.36666666666666664 0.4778645833333333 0.07407407407407408 0.08802083333333334
3 0.538425925925926 0.2265625 0.05648148148148148 0.03229166666666667
3 0.5712962962962963 0.1765625 0.04259259259259259 0.020833333333333332
3 0.5509259259259259 0.19114583333333332 0.0537037037037037 0.022916666666666665
3 0.599537037037037 0.16067708333333333 0.02685185185185185 0.0171875