5 0.3026143790849673 0.30514705882352944 0.04052287581699346 0.020588235294117647
5 0.8111111111111111 0.34191176470588236 0.03790849673202614 0.03676470588235294
1 0.9392156862745098 0.41544117647058826 0.03790849673202614 0.03529411764705882
10 0.5607843137254902 0.2933823529411765 0.32418300653594767 0.09411764705882353
11 0.7379084967320262 0.2926470588235294 0.14509803921568626 0.051470588235294115
3 0.9647058823529412 0.2928104575163399 0.07058823529411765 0.04183006535947712
3 0.8594771241830066 0.24154411764705883 0.12941176470588237 0.03161764705882353
1 0.7241830065359477 0.21360294117647058 0.044444444444444446 0.019852941176470587
1 0.6084967320261437 0.20808823529411766 0.0457516339869281 0.016176470588235296
1 0.5104575163398692 0.20294117647058824 0.03790849673202614 0.014705882352941176
1 0.8163398692810457 0.19595588235294117 0.024836601307189544 0.01838235294117647
1 0.9176470588235294 0.21470588235294116 0.02875816993464052 0.020588235294117647
1 0.2542483660130719 0.19154411764705884 0.03790849673202614 0.01838235294117647
7 0.6470588235294118 0.35257352941176473 0.023529411764705882 0.03308823529411765
7 0.6993464052287581 0.3408088235294118 0.023529411764705882 0.03308823529411765
7 0.7209150326797384 0.36433823529411763 0.02745098039215686 0.03602941176470588
7 0.7477124183006535 0.3625 0.026143790849673203 0.03529411764705882
7 0.7313725490196078 0.3577205882352941 0.022222222222222223 0.03308823529411765
7 0.8339869281045751 0.35 0.026143790849673203 0.03529411764705882
6 0.8724264705882353 0.4287581699346405 0.2551470588235294 0.09542483660130718