4 0.11574074074074073 0.24375 0.22777777777777777 0.06041666666666667
4 0.33055555555555555 0.22291666666666668 0.19814814814814813 0.03125
4 0.575 0.20260416666666667 0.2907407407407407 0.059375
4 0.9729166666666667 0.1398148148148148 0.05416666666666667 0.02962962962962963
4 0.8018518518518518 0.16510416666666666 0.137037037037037 0.021875
4 0.7888888888888889 0.14583333333333334 0.07777777777777777 0.014583333333333334
4 0.7583333333333333 0.19947916666666668 0.07222222222222222 0.026041666666666668
4 0.4296296296296296 0.134375 0.06666666666666667 0.014583333333333334
4 0.6083333333333333 0.1359375 0.07962962962962963 0.021875
7 0.1111111111111111 0.28958333333333336 0.014814814814814814 0.022916666666666665
7 0.24537037037037035 0.2828125 0.016666666666666666 0.021875
7 0.27314814814814814 0.27760416666666665 0.016666666666666666 0.021875
8 0.02037037037037037 0.35833333333333334 0.029629629629629627 0.016666666666666666
1 0.02685185185185185 0.36614583333333334 0.03518518518518519 0.011458333333333333
7 0.3814814814814815 0.30572916666666666 0.01851851851851852 0.023958333333333335
4 0.08796296296296297 0.42604166666666665 0.03148148148148148 0.041666666666666664
7 0.08148148148148147 0.39166666666666666 0.02222222222222222 0.027083333333333334
7 0.07407407407407408 0.39947916666666666 0.02222222222222222 0.023958333333333335
7 0.08425925925925926 0.4609375 0.027777777777777776 0.04895833333333333
7 0.12222222222222222 0.39739583333333334 0.01851851851851852 0.017708333333333333
7 0.15555555555555553 0.39010416666666664 0.02222222222222222 0.03229166666666667
7 0.1898148148148148 0.3921875 0.024074074074074074 0.03229166666666667
7 0.21018518518518517 0.3958333333333333 0.016666666666666666 0.01875
7 0.25740740740740736 0.37135416666666665 0.01851851851851852 0.028125
7 0.26296296296296295 0.365625 0.01111111111111111 0.0125
4 0.26666666666666666 0.42864583333333334 0.03333333333333333 0.040625
7 0.312037037037037 0.440625 0.03518518518518519 0.0375
7 0.2824074074074074 0.375 0.016666666666666666 0.01875
7 0.3722222222222222 0.35625 0.02222222222222222 0.01875
7 0.3314814814814815 0.375 0.01851851851851852 0.022916666666666665
7 0.33055555555555555 0.390625 0.02037037037037037 0.027083333333333334
7 0.3546296296296296 0.3958333333333333 0.016666666666666666 0.03125
7 0.4194444444444444 0.35989583333333336 0.02037037037037037 0.030208333333333334
7 0.4324074074074074 0.3609375 0.02037037037037037 0.026041666666666668
7 0.4611111111111111 0.35989583333333336 0.01851851851851852 0.028125
5 0.39537037037037037 0.38177083333333334 0.02037037037037037 0.026041666666666668
7 0.3768518518518518 0.3828125 0.016666666666666666 0.028125
7 0.3731481481481482 0.40989583333333335 0.02037037037037037 0.034375
7 0.39537037037037037 0.42135416666666664 0.02037037037037037 0.026041666666666668
9 0.4074074074074074 0.4359375 0.03333333333333333 0.023958333333333335
7 0.42685185185185187 0.4666666666666667 0.024074074074074074 0.0375
7 0.45555555555555555 0.5192708333333333 0.02592592592592592 0.03854166666666667
7 0.4759259259259259 0.5036458333333333 0.02222222222222222 0.040625
7 0.4935185185185185 0.5177083333333333 0.024074074074074074 0.041666666666666664
7 0.4231481481481481 0.39010416666666664 0.016666666666666666 0.019791666666666666
7 0.41759259259259257 0.40677083333333336 0.02037037037037037 0.03229166666666667
7 0.4388888888888889 0.40677083333333336 0.02222222222222222 0.03229166666666667
7 0.4407407407407407 0.40260416666666665 0.014814814814814814 0.017708333333333333
7 0.45555555555555555 0.4005208333333333 0.02592592592592592 0.030208333333333334
7 0.462037037037037 0.3859375 0.02037037037037037 0.015625
7 0.47777777777777775 0.4083333333333333 0.02592592592592592 0.022916666666666665
7 0.5287037037037037 0.503125 0.027777777777777776 0.03958333333333333
7 0.5435185185185184 0.5307291666666667 0.02037037037037037 0.028125
7 0.48148148148148145 0.2640625 0.02592592592592592 0.017708333333333333
7 0.55 0.2640625 0.014814814814814814 0.019791666666666666
7 0.562037037037037 0.2708333333333333 0.01296296296296296 0.016666666666666666
7 0.5740740740740741 0.27395833333333336 0.014814814814814814 0.016666666666666666
7 0.5675925925925926 0.28125 0.01296296296296296 0.022916666666666665
7 0.5462962962962963 0.31354166666666666 0.014814814814814814 0.025
8 0.5324074074074073 0.3302083333333333 0.01296296296296296 0.008333333333333333
7 0.5555555555555555 0.3229166666666667 0.02222222222222222 0.025
7 0.5796296296296296 0.3151041666666667 0.014814814814814814 0.023958333333333335
7 0.6296296296296297 0.2515625 0.01111111111111111 0.017708333333333333
8 0.6277777777777778 0.246875 0.007407407407407407 0.008333333333333333
4 0.6537037037037037 0.24895833333333334 0.01851851851851852 0.020833333333333332
7 0.6648148148148147 0.24427083333333333 0.014814814814814814 0.015625
8 0.6777777777777777 0.25104166666666666 0.014814814814814814 0.0125
4 0.6842592592592591 0.240625 0.02037037037037037 0.008333333333333333
7 0.6935185185185184 0.25104166666666666 0.00925925925925926 0.0125
7 0.7027777777777777 0.2484375 0.00925925925925926 0.019791666666666666
7 0.7092592592592591 0.24947916666666667 0.007407407407407407 0.015625
7 0.7092592592592591 0.24583333333333332 0.007407407407407407 0.016666666666666666
7 0.7277777777777777 0.24427083333333333 0.007407407407407407 0.017708333333333333
7 0.6611111111111111 0.290625 0.014814814814814814 0.022916666666666665
7 0.6555555555555554 0.2864583333333333 0.01111111111111111 0.020833333333333332
7 0.7416666666666667 0.3171875 0.02037037037037037 0.015625
7 0.6407407407407407 0.3776041666666667 0.014814814814814814 0.028125
4 0.5305555555555556 0.409375 0.04259259259259259 0.029166666666666667
7 0.5259259259259259 0.39375 0.014814814814814814 0.022916666666666665
7 0.5453703703703704 0.43125 0.01296296296296296 0.01875
7 0.562037037037037 0.4265625 0.016666666666666666 0.028125
7 0.5805555555555555 0.49895833333333334 0.024074074074074074 0.0375
7 0.5805555555555555 0.46770833333333334 0.016666666666666666 0.03125
7 0.7009259259259258 0.36770833333333336 0.016666666666666666 0.01875
7 0.673148148148148 0.4401041666666667 0.016666666666666666 0.023958333333333335
7 0.6916666666666667 0.43645833333333334 0.016666666666666666 0.022916666666666665
7 0.6481481481481481 0.49114583333333334 0.02592592592592592 0.042708333333333334
7 0.6518518518518518 0.5088541666666667 0.02592592592592592 0.028125
7 0.7546296296296297 0.2635416666666667 0.01296296296296296 0.020833333333333332
7 0.7453703703703703 0.2796875 0.016666666666666666 0.021875
7 0.8185185185185184 0.28541666666666665 0.01111111111111111 0.020833333333333332
7 0.8314814814814814 0.290625 0.007407407407407407 0.010416666666666666
7 0.8055555555555555 0.315625 0.014814814814814814 0.025
7 0.8203703703703703 0.3171875 0.01111111111111111 0.015625
8 0.7379629629629629 0.3828125 0.01296296296296296 0.011458333333333333
7 0.7379629629629629 0.38697916666666665 0.02037037037037037 0.030208333333333334
7 0.7564814814814814 0.3770833333333333 0.016666666666666666 0.029166666666666667
7 0.7777777777777778 0.37916666666666665 0.02222222222222222 0.03333333333333333
7 0.8083333333333333 0.5135416666666667 0.03888888888888888 0.03958333333333333
7 0.8277777777777777 0.365625 0.014814814814814814 0.027083333333333334
7 0.8509259259259259 0.38125 0.02037037037037037 0.03333333333333333
7 0.8638888888888888 0.34322916666666664 0.00925925925925926 0.011458333333333333
7 0.875 0.32864583333333336 0.01296296296296296 0.023958333333333335
7 0.8907407407407407 0.271875 0.01111111111111111 0.020833333333333332
8 0.8111111111111111 0.21770833333333334 0.01111111111111111 0.010416666666666666
7 0.812037037037037 0.2 0.00925925925925926 0.014583333333333334
7 0.8666666666666667 0.2015625 0.014814814814814814 0.013541666666666667
7 0.9398148148148148 0.22916666666666666 0.005555555555555555 0.014583333333333334
7 0.9481481481481481 0.23020833333333332 0.007407407407407407 0.014583333333333334
4 0.9638888888888888 0.23072916666666668 0.02037037037037037 0.023958333333333335
7 0.9814814814814814 0.23229166666666667 0.01111111111111111 0.014583333333333334
7 0.9953125 0.3574074074074074 0.009375 0.018518518518518517
7 0.9222222222222222 0.4010416666666667 0.01111111111111111 0.020833333333333332
7 0.9342592592592591 0.4010416666666667 0.02037037037037037 0.029166666666666667
7 0.9583333333333334 0.4203125 0.024074074074074074 0.03229166666666667
7 0.9407407407407408 0.5390625 0.029629629629629627 0.042708333333333334
7 0.9305555555555555 0.5276041666666667 0.03518518518518519 0.036458333333333336
1 0.9869791666666666 0.2462962962962963 0.026041666666666668 0.011111111111111112
7 0.3935185185185185 0.24322916666666666 0.016666666666666666 0.017708333333333333
7 0.4388888888888889 0.2390625 0.014814814814814814 0.015625