3 0.9697916666666667 0.4532407407407407 0.06041666666666667 0.06944444444444445
3 0.8162037037037037 0.390625 0.075 0.04479166666666667
3 0.9569444444444444 0.3536458333333333 0.07685185185185185 0.040625
3 0.799537037037037 0.3145833333333333 0.06018518518518518 0.03229166666666667
3 0.8703703703703703 0.25755208333333335 0.04814814814814815 0.022395833333333334
11 0.7805555555555554 0.2578125 0.04259259259259259 0.029166666666666667
11 0.7930555555555555 0.23932291666666666 0.03981481481481482 0.025520833333333333
11 0.8583333333333333 0.22317708333333333 0.03333333333333333 0.021354166666666667
3 0.861111111111111 0.2078125 0.03703703703703704 0.016666666666666666
3 0.7875 0.209375 0.03611111111111111 0.01875
3 0.9083333333333333 0.18723958333333332 0.029629629629629627 0.015104166666666667
3 0.8560185185185184 0.1828125 0.030555555555555555 0.015625
3 0.7944444444444444 0.190625 0.03518518518518519 0.017708333333333333
10 0.96953125 0.15648148148148147 0.0609375 0.021296296296296296
3 0.8569444444444444 0.16119791666666666 0.025 0.011979166666666667
3 0.8680555555555555 0.14817708333333332 0.023148148148148147 0.0109375
3 0.8013888888888888 0.16979166666666667 0.030555555555555555 0.014583333333333334
3 0.7046296296296296 0.15833333333333333 0.027777777777777776 0.0125
3 0.8083333333333333 0.1484375 0.02592592592592592 0.0125
3 0.7638888888888888 0.1453125 0.02592592592592592 0.013541666666666667
3 0.7268518518518517 0.1421875 0.02592592592592592 0.010416666666666666
8 0.6949074074074074 0.13333333333333333 0.00648148148148148 0.007291666666666667
1 0.6953703703703703 0.13671875 0.00925925925925926 0.0046875
2 0.7449074074074074 0.11953125 0.047222222222222214 0.021354166666666667
3 0.7717592592592591 0.12708333333333333 0.01944444444444444 0.009375
3 0.7972222222222222 0.13072916666666667 0.024074074074074074 0.010416666666666666
3 0.774074074074074 0.115625 0.01851851851851852 0.007291666666666667
3 0.7953703703703704 0.11979166666666667 0.02037037037037037 0.008333333333333333
11 0.8231481481481481 0.1203125 0.02037037037037037 0.011458333333333333
11 0.9185185185185184 0.1125 0.01851851851851852 0.009375
3 0.8402777777777778 0.11744791666666667 0.01944444444444444 0.0078125
3 0.8527777777777777 0.1140625 0.014814814814814814 0.007291666666666667
3 0.8666666666666667 0.10989583333333333 0.014814814814814814 0.007291666666666667
3 0.8814814814814814 0.10755208333333334 0.01851851851851852 0.0067708333333333336
3 0.8925925925925925 0.10364583333333334 0.016666666666666666 0.007291666666666667
3 0.9388888888888888 0.09661458333333334 0.016666666666666666 0.0067708333333333336
11 0.9629629629629629 0.08984375 0.014814814814814814 0.0078125
3 0.9777777777777777 0.08880208333333334 0.01111111111111111 0.005729166666666666
3 0.985648148148148 0.084375 0.010185185185185184 0.004166666666666667
3 0.9527777777777777 0.08984375 0.01111111111111111 0.005729166666666666
11 0.9328703703703703 0.09401041666666667 0.010185185185185184 0.0067708333333333336
3 0.9194444444444444 0.09401041666666667 0.01296296296296296 0.0067708333333333336
10 0.9097222222222221 0.0953125 0.01574074074074074 0.007291666666666667
3 0.9018518518518518 0.09869791666666666 0.01296296296296296 0.005729166666666666
3 0.8893518518518518 0.09895833333333333 0.012037037037037037 0.005208333333333333
11 0.8787037037037037 0.10052083333333334 0.014814814814814814 0.00625
3 0.8638888888888888 0.10390625 0.014814814814814814 0.005729166666666666
3 0.8532407407407407 0.10677083333333333 0.012037037037037037 0.00625
11 0.8412037037037037 0.10859375 0.01944444444444444 0.0067708333333333336
3 0.8296296296296295 0.11171875 0.01851851851851852 0.0067708333333333336
3 0.8125 0.11614583333333334 0.017592592592592594 0.007291666666666667
3 0.8087962962962963 0.10885416666666667 0.01944444444444444 0.008333333333333333
3 0.8310185185185185 0.10598958333333333 0.01574074074074074 0.0067708333333333336
3 0.875 0.09557291666666666 0.016666666666666666 0.0046875
3 0.8462962962962962 0.0953125 0.02592592592592592 0.00625