3 0.5657407407407408 0.29322916666666665 0.07962962962962963 0.021875
3 0.586111111111111 0.35625 0.08333333333333333 0.025
5 0.42777777777777776 0.41302083333333334 0.03703703703703704 0.015625
5 0.5138888888888888 0.390625 0.024074074074074074 0.014583333333333334
8 0.5101851851851852 0.38229166666666664 0.016666666666666666 0.014583333333333334
9 0.5092592592592592 0.4270833333333333 0.06666666666666667 0.03333333333333333
8 0.5509259259259259 0.32135416666666666 0.016666666666666666 0.017708333333333333
8 0.749074074074074 0.3625 0.016666666666666666 0.016666666666666666
8 0.8629629629629628 0.4010416666666667 0.014814814814814814 0.020833333333333332
5 0.55 0.328125 0.02592592592592592 0.0125
5 0.7518518518518518 0.3729166666666667 0.01851851851851852 0.016666666666666666
5 0.8555555555555555 0.40989583333333335 0.03333333333333333 0.013541666666666667
5 0.6472222222222221 0.334375 0.03518518518518519 0.0125
5 0.625 0.3109375 0.03518518518518519 0.013541666666666667
5 0.7851851851851851 0.34322916666666664 0.02592592592592592 0.011458333333333333
5 0.6777777777777777 0.340625 0.03703703703703704 0.0125
7 0.6944444444444444 0.3380208333333333 0.01111111111111111 0.019791666666666666
7 0.7231481481481481 0.33489583333333334 0.016666666666666666 0.019791666666666666
5 0.7037037037037037 0.35104166666666664 0.04074074074074074 0.014583333333333334
5 0.7222222222222221 0.3515625 0.04814814814814815 0.009375
5 0.7305555555555555 0.3536458333333333 0.03518518518518519 0.009375
5 0.7416666666666667 0.35625 0.03148148148148148 0.0125
5 0.736111111111111 0.34739583333333335 0.03888888888888888 0.013541666666666667
5 0.7768518518518518 0.34375 0.03518518518518519 0.008333333333333333
3 0.837037037037037 0.34322916666666664 0.07407407407407408 0.023958333333333335
3 0.49907407407407406 0.271875 0.0537037037037037 0.014583333333333334
9 0.5712962962962963 0.48802083333333335 0.05 0.03229166666666667
7 0.4314814814814814 0.5369791666666667 0.01851851851851852 0.030208333333333334
7 0.462037037037037 0.5328125 0.02037037037037037 0.026041666666666668
8 0.6305555555555554 0.5302083333333333 0.024074074074074074 0.01875
5 0.6055555555555555 0.546875 0.03703703703703704 0.025
3 0.959375 0.46296296296296297 0.08125 0.04259259259259259
3 0.9536458333333333 0.5138888888888888 0.09270833333333334 0.05555555555555555
9 0.8805555555555554 0.3854166666666667 0.046296296296296294 0.029166666666666667
9 0.9222222222222222 0.3932291666666667 0.04074074074074074 0.026041666666666668
9 0.9546296296296295 0.3854166666666667 0.0537037037037037 0.03333333333333333
7 0.8805555555555554 0.39739583333333334 0.016666666666666666 0.028125
7 0.8907407407407407 0.3927083333333333 0.02222222222222222 0.029166666666666667
8 0.673148148148148 0.5473958333333333 0.03148148148148148 0.028125