10 0.9849264705882353 0.00980392156862745 0.027205882352941177 0.0196078431372549
10 0.9897058823529412 0.034640522875816995 0.020588235294117647 0.023529411764705882
3 0.8632352941176471 0.004575163398692811 0.016911764705882352 0.009150326797385621
3 0.8666666666666666 0.025735294117647058 0.01830065359477124 0.011764705882352941
10 0.9065359477124183 0.05330882352941176 0.032679738562091505 0.04779411764705882
3 0.8464052287581699 0.042279411764705885 0.022222222222222223 0.0125
10 0.9908088235294118 0.0718954248366013 0.01838235294117647 0.026143790849673203
3 0.9959558823529412 0.09019607843137255 0.008088235294117648 0.01437908496732026
10 0.822875816993464 0.09889705882352941 0.032679738562091505 0.03308823529411765
3 0.9959558823529412 0.11633986928104575 0.008088235294117648 0.01699346405228758
7 0.8307189542483661 0.13933823529411765 0.00915032679738562 0.013970588235294118
3 0.8137254901960783 0.13566176470588234 0.032679738562091505 0.01838235294117647
3 0.8026143790849672 0.15698529411764706 0.03137254901960784 0.022794117647058822
11 0.7830065359477124 0.18161764705882352 0.05490196078431372 0.030882352941176472
8 0.8091503267973855 0.18933823529411764 0.00784313725490196 0.008088235294117648
9 0.8065359477124183 0.19558823529411765 0.023529411764705882 0.016176470588235296
3 0.9836601307189541 0.19448529411764706 0.032679738562091505 0.021323529411764706
3 0.9352941176470588 0.2202205882352941 0.03790849673202614 0.025735294117647058
3 0.8849673202614378 0.27095588235294116 0.04183006535947712 0.03455882352941177
3 0.9516339869281045 0.2977941176470588 0.04183006535947712 0.030882352941176472
8 0.8274509803921568 0.2863970588235294 0.01568627450980392 0.0125
5 0.8274509803921568 0.2948529411764706 0.01045751633986928 0.014705882352941176
8 0.8111111111111111 0.3003676470588235 0.01437908496732026 0.015441176470588236
5 0.8098039215686273 0.30661764705882355 0.01437908496732026 0.014705882352941176
10 0.7326797385620915 0.2963235294117647 0.12679738562091503 0.061764705882352944
3 0.8679738562091502 0.35441176470588237 0.047058823529411764 0.045588235294117645
3 0.9772058823529411 0.38758169934640524 0.045588235294117645 0.043137254901960784
3 0.8581699346405228 0.4713235294117647 0.06143790849673203 0.06470588235294118
3 0.7287581699346405 0.4202205882352941 0.06143790849673203 0.0625
3 0.7529411764705882 0.4459558823529412 0.02091503267973856 0.025735294117647058
3 0.6869281045751634 0.48970588235294116 0.06405228758169934 0.06470588235294118
3 0.9326797385620914 0.524264705882353 0.06666666666666667 0.06911764705882353
3 0.9974264705882353 0.5418300653594771 0.005147058823529412 0.0392156862745098
3 0.5699346405228758 0.5305147058823529 0.0784313725490196 0.0625
9 0.4823529411764706 0.5470588235294118 0.08627450980392157 0.029411764705882353
7 0.4549019607843137 0.4783088235294118 0.01830065359477124 0.027205882352941177
7 0.45555555555555555 0.46544117647058825 0.022222222222222223 0.027941176470588237
3 0.6666666666666666 0.39448529411764705 0.05751633986928104 0.04632352941176471
3 0.5411764705882353 0.3176470588235294 0.06013071895424836 0.051470588235294115
3 0.033455882352941176 0.23398692810457516 0.06691176470588235 0.02091503267973856
10 0.14901960784313725 0.23125 0.1411764705882353 0.03161764705882353
3 0.30980392156862746 0.23198529411764707 0.0915032679738562 0.02426470588235294
11 0.6032679738562091 0.02463235294117647 0.03006535947712418 0.0125
3 0.761437908496732 0.021323529411764706 0.03529411764705882 0.011764705882352941
3 0.6888888888888888 0.1036764705882353 0.03137254901960784 0.01764705882352941
3 0.6764705882352942 0.11985294117647059 0.032679738562091505 0.01764705882352941
3 0.7156862745098038 0.16875 0.03529411764705882 0.022794117647058822
11 0.6483660130718953 0.15808823529411764 0.02875816993464052 0.025
10 0.6339869281045751 0.225 0.13594771241830064 0.029411764705882353
10 0.6320261437908496 0.20661764705882352 0.12156862745098038 0.025
10 0.49346405228758167 0.22720588235294117 0.1398692810457516 0.029411764705882353
3 0.4647058823529412 0.3154411764705882 0.06928104575163398 0.04411764705882353
7 0.5071895424836601 0.3047794117647059 0.013071895424836602 0.01838235294117647
3 0.265359477124183 0.28308823529411764 0.10980392156862744 0.01911764705882353