3 0.7339869281045751 0.48676470588235293 0.2418300653594771 0.15
3 0.9091911764705882 0.38300653594771245 0.18161764705882352 0.08235294117647059
3 0.9632352941176471 0.32287581699346407 0.07352941176470588 0.06666666666666667
3 0.5705882352941176 0.33933823529411766 0.13202614379084968 0.08897058823529412
3 0.6764705882352942 0.22205882352941175 0.10065359477124183 0.047058823529411764
3 0.6647058823529411 0.1588235294117647 0.0718954248366013 0.029411764705882353
3 0.5666666666666667 0.15551470588235294 0.06928104575163398 0.03161764705882353
3 0.5176470588235295 0.12279411764705882 0.05490196078431372 0.026470588235294117
3 0.5529411764705883 0.09779411764705882 0.044444444444444446 0.01764705882352941
3 0.48823529411764705 0.10073529411764706 0.04836601307189542 0.022058823529411766
3 0.47581699346405226 0.08676470588235294 0.0392156862745098 0.01911764705882353
3 0.4620915032679739 0.07720588235294118 0.03529411764705882 0.01764705882352941
3 0.5032679738562091 0.05955882352941176 0.02875816993464052 0.013235294117647059
3 0.5261437908496732 0.26544117647058824 0.10588235294117647 0.057352941176470586
3 0.5013071895424837 0.22316176470588237 0.08758169934640522 0.04485294117647059
3 0.47712418300653586 0.19117647058823528 0.07581699346405228 0.039705882352941174
3 0.45751633986928103 0.16544117647058823 0.06535947712418301 0.033823529411764704
11 0.42287581699346405 0.14044117647058824 0.050980392156862744 0.03676470588235294
3 0.4339869281045751 0.1297794117647059 0.04967320261437909 0.027205882352941177
3 0.40522875816993464 0.10514705882352941 0.047058823529411764 0.022058823529411766
3 0.06470588235294118 0.13088235294117648 0.05620915032679739 0.026470588235294117
7 0.0718954248366013 0.29154411764705884 0.04183006535947712 0.04338235294117647
7 0.06535947712418301 0.28602941176470587 0.0392156862745098 0.04411764705882353
3 0.9542483660130717 0.16580882352941176 0.08366013071895424 0.03455882352941177
3 0.9647058823529412 0.12810457516339868 0.07058823529411765 0.027450980392156862
3 0.9941176470588236 0.09477124183006536 0.011764705882352941 0.018300653594771243
3 0.4137254901960784 0.045588235294117645 0.024836601307189544 0.010294117647058823
9 0.4483660130718954 0.04301470588235294 0.013071895424836602 0.009558823529411765
3 0.3150326797385621 0.05955882352941176 0.026143790849673203 0.013235294117647059
3 0.3372549019607843 0.04595588235294118 0.05228758169934641 0.0125
11 0.40261437908496733 0.036397058823529414 0.02091503267973856 0.011029411764705883
3 0.418954248366013 0.034926470588235295 0.01699346405228758 0.009558823529411765
3 0.4261437908496732 0.027205882352941177 0.02091503267973856 0.008823529411764706
8 0.3091503267973856 0.03125 0.006535947712418301 0.006617647058823529
3 0.3398692810457516 0.01801470588235294 0.01568627450980392 0.006617647058823529
11 0.37058823529411766 0.016544117647058824 0.01437908496732026 0.008088235294117648
3 0.4130718954248366 0.020955882352941175 0.013071895424836602 0.006617647058823529
3 0.40784313725490196 0.017279411764705883 0.01045751633986928 0.005147058823529412
8 0.5921568627450979 0.11580882352941177 0.01568627450980392 0.016911764705882352
5 0.5947712418300652 0.12022058823529412 0.01830065359477124 0.015441176470588236