3 0.7592592592592592 0.5270833333333333 0.2111111111111111 0.05625
3 0.7666666666666667 0.46979166666666666 0.17037037037037037 0.03958333333333333
3 0.8824074074074074 0.4140625 0.07222222222222222 0.07604166666666666
3 0.9869791666666666 0.26296296296296295 0.026041666666666668 0.027777777777777776
3 0.9942708333333333 0.16018518518518518 0.011458333333333333 0.014814814814814815
3 0.9703703703703703 0.15364583333333334 0.029629629629629627 0.017708333333333333
4 0.9333333333333333 0.06481481481481481 0.13333333333333333 0.12222222222222222
11 0.8148148148148148 0.3546875 0.10370370370370369 0.034375
11 0.8407407407407407 0.32083333333333336 0.1 0.03333333333333333
3 0.8407407407407407 0.27447916666666666 0.08888888888888888 0.026041666666666668
7 0.7555555555555554 0.32708333333333334 0.02222222222222222 0.027083333333333334
3 0.85 0.25833333333333336 0.10370370370370369 0.020833333333333332
3 0.8703703703703703 0.21458333333333332 0.09259259259259259 0.016666666666666666
3 0.8722222222222221 0.20364583333333333 0.07407407407407408 0.015625
3 0.8805555555555554 0.19322916666666667 0.07592592592592592 0.013541666666666667
3 0.875 0.1828125 0.07592592592592592 0.011458333333333333
3 0.874074074074074 0.17708333333333334 0.06666666666666667 0.0125
3 0.8796296296296295 0.17291666666666666 0.059259259259259255 0.010416666666666666
3 0.8870370370370371 0.1640625 0.059259259259259255 0.011458333333333333
3 0.8907407407407407 0.14739583333333334 0.06296296296296296 0.011458333333333333
3 0.8870370370370371 0.15677083333333333 0.059259259259259255 0.011458333333333333
0 0.8972222222222221 0.13489583333333333 0.03148148148148148 0.011458333333333333
7 0.9564814814814814 0.17760416666666667 0.016666666666666666 0.017708333333333333
7 0.9592592592592591 0.18020833333333333 0.007407407407407407 0.0125
11 0.8583333333333333 0.2453125 0.07962962962962963 0.017708333333333333
8 0.9546296296296295 0.28177083333333336 0.01296296296296296 0.015625
5 0.9546296296296295 0.28958333333333336 0.016666666666666666 0.016666666666666666
7 0.812962962962963 0.20104166666666667 0.01111111111111111 0.016666666666666666
7 0.8268518518518518 0.18541666666666667 0.00925925925925926 0.016666666666666666
7 0.8351851851851851 0.16927083333333334 0.01111111111111111 0.015625