4 0.6759259259259258 0.23098958333333333 0.059259259259259255 0.030729166666666665
4 0.8546296296296295 0.26510416666666664 0.03518518518518519 0.011458333333333333
4 0.7810185185185184 0.24322916666666666 0.04351851851851852 0.013541666666666667
3 0.7337962962962963 0.24270833333333333 0.010185185185185184 0.004166666666666667
3 0.7171296296296297 0.24244791666666668 0.010185185185185184 0.0046875
3 0.7143518518518518 0.24661458333333333 0.010185185185185184 0.0046875
3 0.7101851851851851 0.25364583333333335 0.00925925925925926 0.005208333333333333
3 0.7138888888888888 0.25494791666666666 0.00925925925925926 0.0046875
3 0.7162037037037037 0.2559895833333333 0.010185185185185184 0.0036458333333333334
3 0.7208333333333333 0.2578125 0.010185185185185184 0.005208333333333333
3 0.7236111111111111 0.253125 0.010185185185185184 0.004166666666666667
3 0.7458333333333333 0.2559895833333333 0.012037037037037037 0.0046875
3 0.735648148148148 0.25755208333333335 0.012037037037037037 0.005729166666666666
3 0.7273148148148147 0.2546875 0.012037037037037037 0.004166666666666667
3 0.7347222222222222 0.2638020833333333 0.013888888888888888 0.005729166666666666
3 0.7106481481481481 0.2635416666666667 0.013888888888888888 0.00625
3 0.712962962962963 0.26927083333333335 0.014814814814814814 0.00625
3 0.725462962962963 0.27447916666666666 0.013888888888888888 0.007291666666666667
3 0.6898148148148148 0.2752604166666667 0.014814814814814814 0.008854166666666666
3 0.7416666666666667 0.28098958333333335 0.016666666666666666 0.0078125
3 0.7138888888888888 0.2791666666666667 0.014814814814814814 0.007291666666666667
3 0.7138888888888888 0.28619791666666666 0.014814814814814814 0.0078125
3 0.7162037037037037 0.29296875 0.017592592592592594 0.008854166666666666
3 0.7333333333333333 0.2984375 0.01851851851851852 0.009375
3 0.7518518518518518 0.28802083333333334 0.016666666666666666 0.008333333333333333
3 0.7611111111111111 0.3046875 0.02037037037037037 0.010416666666666666
3 0.7680555555555555 0.3138020833333333 0.021296296296296296 0.0109375
3 0.737037037037037 0.3171875 0.02222222222222222 0.011458333333333333
3 0.7342592592592592 0.3328125 0.02592592592592592 0.015625
3 0.7717592592592591 0.3359375 0.025 0.014583333333333334
3 0.7212962962962963 0.3614583333333333 0.03148148148148148 0.016666666666666666
3 0.762962962962963 0.36380208333333336 0.029629629629629627 0.0171875
2 0.6773148148148148 0.2877604166666667 0.03425925925925925 0.0203125
2 0.6569444444444444 0.30182291666666666 0.04351851851851852 0.024479166666666666
11 0.6587962962962963 0.34296875 0.0287037037037037 0.019270833333333334
3 0.7166666666666667 0.3924479166666667 0.03888888888888888 0.024479166666666666
3 0.7023148148148147 0.421875 0.045370370370370366 0.030208333333333334
7 0.7953703703703704 0.4265625 0.01111111111111111 0.019791666666666666
3 0.6833333333333333 0.4609375 0.04814814814814815 0.03125
2 0.5407407407407407 0.4549479166666667 0.1074074074074074 0.08177083333333333
3 0.6569444444444444 0.4078125 0.03981481481481482 0.022916666666666665
3 0.6083333333333333 0.39895833333333336 0.03888888888888888 0.022916666666666665
3 0.5407407407407407 0.39140625 0.03518518518518519 0.0203125
4 0.5222222222222223 0.37265625 0.04074074074074074 0.016145833333333335
7 0.5550925925925926 0.37942708333333336 0.010185185185185184 0.0140625
7 0.548148148148148 0.37161458333333336 0.01111111111111111 0.016145833333333335
7 0.5541666666666667 0.36875 0.00648148148148148 0.015625
7 0.5601851851851851 0.36484375 0.00925925925925926 0.015104166666666667
7 0.575925925925926 0.359375 0.00925925925925926 0.015625
7 0.48287037037037034 0.4317708333333333 0.010185185185185184 0.019791666666666666
7 0.4930555555555555 0.4171875 0.008333333333333333 0.019791666666666666
7 0.4972222222222222 0.41901041666666666 0.00925925925925926 0.015104166666666667
3 0.44166666666666665 0.48020833333333335 0.0574074074074074 0.03229166666666667
3 0.3782407407407407 0.5403645833333334 0.09166666666666666 0.043229166666666666
3 0.6675925925925925 0.5403645833333334 0.06111111111111111 0.043229166666666666
3 0.7546296296296297 0.5424479166666667 0.06111111111111111 0.0390625
3 0.7731481481481481 0.25234375 0.01111111111111111 0.0036458333333333334
3 0.7847222222222221 0.2552083333333333 0.012037037037037037 0.004166666666666667
3 0.7796296296296297 0.26223958333333336 0.01296296296296296 0.0046875
3 0.7953703703703704 0.2669270833333333 0.014814814814814814 0.005729166666666666
3 0.7824074074074073 0.26901041666666664 0.014814814814814814 0.005729166666666666
3 0.7949074074074074 0.275 0.01574074074074074 0.00625
3 0.8148148148148148 0.2734375 0.014814814814814814 0.00625
3 0.8148148148148148 0.2796875 0.01296296296296296 0.00625
3 0.8101851851851851 0.28359375 0.014814814814814814 0.0067708333333333336
3 0.8486111111111111 0.27395833333333336 0.017592592592592594 0.00625
3 0.8425925925925924 0.28098958333333335 0.01851851851851852 0.0067708333333333336
3 0.8351851851851851 0.28619791666666666 0.016666666666666666 0.0078125
3 0.8453703703703703 0.2950520833333333 0.02037037037037037 0.009895833333333333
3 0.8578703703703704 0.2908854166666667 0.017592592592592594 0.008854166666666666
3 0.8523148148148147 0.30234375 0.01944444444444444 0.0078125
3 0.8231481481481481 0.309375 0.02222222222222222 0.010416666666666666
11 0.8527777777777777 0.30885416666666665 0.02037037037037037 0.0125
3 0.8708333333333333 0.30755208333333334 0.021296296296296296 0.008854166666666666
3 0.8717592592592591 0.3145833333333333 0.023148148148148147 0.010416666666666666
3 0.8768518518518518 0.321875 0.024074074074074074 0.011458333333333333
2 0.8814814814814814 0.2950520833333333 0.03888888888888888 0.027604166666666666
3 0.9097222222222221 0.29713541666666665 0.021296296296296296 0.009895833333333333
3 0.9439814814814814 0.31640625 0.021296296296296296 0.009895833333333333
3 0.9106481481481481 0.31484375 0.03796296296296296 0.0265625
3 0.9226851851851852 0.33151041666666664 0.025 0.011979166666666667
7 0.9689814814814814 0.32708333333333334 0.00648148148148148 0.010416666666666666
7 0.9768518518518517 0.32786458333333335 0.007407407407407407 0.0109375
7 0.9888888888888888 0.33541666666666664 0.005555555555555555 0.009375
7 0.9930555555555555 0.33671875 0.00648148148148148 0.0109375
3 0.9824074074074074 0.3424479166666667 0.03148148148148148 0.013020833333333334
3 0.9444444444444444 0.3372395833333333 0.02592592592592592 0.013020833333333334
3 0.8736111111111111 0.32838541666666665 0.023148148148148147 0.011979166666666667
3 0.8328703703703704 0.32057291666666665 0.023148148148148147 0.011979166666666667
3 0.8453703703703703 0.33567708333333335 0.02592592592592592 0.013020833333333334
3 0.9495370370370371 0.3619791666666667 0.032407407407407406 0.015625
3 0.9375 0.34713541666666664 0.0287037037037037 0.0140625
3 0.8856481481481481 0.33645833333333336 0.025 0.0125
3 0.9046296296296296 0.3484375 0.029629629629629627 0.015625
3 0.8699074074074074 0.35598958333333336 0.032407407407407406 0.015104166666666667
3 0.9815104166666667 0.38657407407407407 0.03697916666666667 0.018518518518518517
3 0.9287037037037037 0.3919270833333333 0.03703703703703704 0.0203125
3 0.8763888888888888 0.3890625 0.03425925925925925 0.017708333333333333
7 0.8171296296296297 0.42942708333333335 0.008333333333333333 0.0203125
7 0.8217592592592592 0.4270833333333333 0.010185185185185184 0.019791666666666666
7 0.8180555555555554 0.4244791666666667 0.010185185185185184 0.020833333333333332
3 0.962037037037037 0.4192708333333333 0.04259259259259259 0.022916666666666665
3 0.9875 0.475462962962963 0.025 0.028703703703703703
3 0.874074074074074 0.4901041666666667 0.05555555555555555 0.034375
3 0.9721354166666667 0.5523148148148148 0.05572916666666667 0.019444444444444445