3 0.47129629629629627 0.4940104166666667 0.1574074074074074 0.09010416666666667
3 0.5574074074074074 0.5286458333333334 0.137037037037037 0.06458333333333334
3 0.549537037037037 0.3807291666666667 0.10277777777777777 0.059375
3 0.6101851851851852 0.30442708333333335 0.08333333333333333 0.0453125
3 0.28564814814814815 0.4747395833333333 0.1472222222222222 0.1015625
3 0.6722222222222222 0.24296875 0.06666666666666667 0.034895833333333334
3 0.7046296296296296 0.20572916666666666 0.046296296296296294 0.028125
3 0.7847222222222221 0.19817708333333334 0.04351851851851852 0.025520833333333333
3 0.8412037037037037 0.21979166666666666 0.04907407407407407 0.028125
3 0.28657407407407404 0.2421875 0.09537037037037037 0.04479166666666667
3 0.0421875 0.3907407407407407 0.084375 0.06759259259259259
3 0.4925925925925926 0.17890625 0.06111111111111111 0.027604166666666666
3 0.5962962962962963 0.18880208333333334 0.1 0.024479166666666666
3 0.624074074074074 0.171875 0.09074074074074073 0.021875
8 0.6199074074074074 0.20494791666666667 0.012037037037037037 0.0171875
8 0.6291666666666667 0.20260416666666667 0.008333333333333333 0.020833333333333332
8 0.6351851851851851 0.20208333333333334 0.00925925925925926 0.013541666666666667
5 0.6337962962962963 0.20703125 0.032407407407407406 0.0109375
3 0.6652777777777777 0.10104166666666667 0.03981481481481482 0.019791666666666666
3 0.7143518518518518 0.11953125 0.05277777777777778 0.019270833333333334
3 0.8226851851851851 0.13463541666666667 0.03611111111111111 0.0203125
3 0.8421296296296296 0.10989583333333333 0.0287037037037037 0.016666666666666666
3 0.9638888888888888 0.13697916666666668 0.04259259259259259 0.01875
3 0.9092592592592592 0.10442708333333334 0.02592592592592592 0.015104166666666667
3 0.9694444444444444 0.09739583333333333 0.027777777777777776 0.015625
3 0.8787037037037037 0.07369791666666667 0.02592592592592592 0.0140625
3 0.8518518518518517 0.051041666666666666 0.02222222222222222 0.0125
3 0.7148148148148148 0.05026041666666667 0.02592592592592592 0.013020833333333334
3 0.8226851851851851 0.027083333333333334 0.017592592592592594 0.009375
3 0.7930555555555555 0.019010416666666665 0.017592592592592594 0.008854166666666666
3 0.8722222222222221 0.021354166666666667 0.02037037037037037 0.009375
3 0.9027777777777778 0.008854166666666666 0.014814814814814814 0.008333333333333333
8 0.9671296296296296 0.21432291666666667 0.013888888888888888 0.0171875
1 0.9685185185185184 0.21822916666666667 0.01296296296296296 0.015625
3 0.023611111111111107 0.0421875 0.04351851851851852 0.014583333333333334
3 0.053240740740740734 0.04192708333333333 0.03981481481481482 0.013020833333333334
3 0.08425925925925926 0.04375 0.03333333333333333 0.011458333333333333
3 0.09027777777777776 0.0375 0.032407407407407406 0.011458333333333333
3 0.06388888888888888 0.0359375 0.03333333333333333 0.010416666666666666
7 0.5851851851851851 0.06380208333333333 0.007407407407407407 0.013020833333333334
7 0.6361111111111111 0.0421875 0.005555555555555555 0.011458333333333333
7 0.65 0.03723958333333333 0.005555555555555555 0.011979166666666667
7 0.6462962962962963 0.03828125 0.005555555555555555 0.009895833333333333
7 0.6300925925925925 0.03802083333333333 0.00648148148148148 0.010416666666666666
7 0.6185185185185185 0.04244791666666667 0.007407407407407407 0.0109375
7 0.7666666666666667 0.11848958333333333 0.00925925925925926 0.0171875
7 0.9504629629629628 0.10989583333333333 0.008333333333333333 0.015625
7 0.9407407407407408 0.10859375 0.007407407407407407 0.016145833333333335
7 0.9509259259259258 0.10130208333333333 0.01111111111111111 0.011979166666666667
7 0.9986979166666666 0.08842592592592592 0.0026041666666666665 0.014814814814814815
3 0.6958333333333333 0.020052083333333335 0.021296296296296296 0.009895833333333333
3 0.7060185185185185 0.015364583333333333 0.021296296296296296 0.008854166666666666
3 0.7194444444444444 0.011197916666666667 0.02037037037037037 0.008854166666666666
3 0.725462962962963 0.005729166666666666 0.01574074074074074 0.007291666666666667
2 0.7690104166666667 0.007407407407407408 0.0453125 0.014814814814814815
3 0.7416666666666667 0.0023148148148148147 0.016666666666666666 0.004629629629629629
8 0.7231481481481481 0.0171875 0.005555555555555555 0.007291666666666667
5 0.7231481481481481 0.01953125 0.007407407407407407 0.005729166666666666
7 0.9587962962962961 0.02421875 0.00462962962962963 0.009895833333333333
8 0.9476851851851851 0.026302083333333334 0.00462962962962963 0.0067708333333333336
5 0.9462962962962962 0.028125 0.00925925925925926 0.00625
3 0.99765625 0.011111111111111112 0.0046875 0.009259259259259259
4 0.2699074074074074 0.016666666666666666 0.11574074074074073 0.019791666666666666