4 0.6156862745098038 0.2731617647058823 0.04183006535947712 0.03161764705882353
4 0.5947712418300652 0.2202205882352941 0.0915032679738562 0.05661764705882353
5 0.9503267973856209 0.2735294117647059 0.023529411764705882 0.033823529411764704
11 0.9628676470588236 0.3581699346405229 0.07426470588235294 0.08627450980392157
7 0.9758169934640523 0.33455882352941174 0.0196078431372549 0.03676470588235294
7 0.922875816993464 0.3400735294117647 0.02875816993464052 0.04044117647058824
7 0.9013071895424836 0.3533088235294118 0.02745098039215686 0.04338235294117647
1 0.8941176470588236 0.23345588235294118 0.05490196078431372 0.019852941176470587
7 0.8784313725490195 0.24558823529411763 0.02091503267973856 0.025
7 0.8189542483660132 0.21066176470588235 0.01699346405228758 0.027205882352941177
7 0.8039215686274509 0.23125 0.01568627450980392 0.03161764705882353
7 0.8130718954248366 0.23566176470588235 0.01568627450980392 0.028676470588235293
7 0.7457516339869281 0.25 0.01437908496732026 0.023529411764705882
5 0.7784313725490195 0.2536764705882353 0.04836601307189542 0.025
8 0.777124183006536 0.24889705882352942 0.024836601307189544 0.03308823529411765
1 0.8385620915032679 0.25698529411764703 0.024836601307189544 0.03308823529411765
1 0.8130718954248366 0.26286764705882354 0.03137254901960784 0.030147058823529412
5 0.8294117647058824 0.28051470588235294 0.024836601307189544 0.03455882352941177
7 0.8098039215686273 0.2952205882352941 0.022222222222222223 0.0375
7 0.7908496732026142 0.30220588235294116 0.023529411764705882 0.041176470588235294
7 0.7712418300653595 0.29375 0.026143790849673203 0.04044117647058824
7 0.7653594771241831 0.3029411764705882 0.024836601307189544 0.03676470588235294
1 0.7516339869281046 0.34705882352941175 0.05751633986928104 0.03676470588235294
5 0.8450980392156863 0.31985294117647056 0.043137254901960784 0.033823529411764704
1 0.8366013071895425 0.33455882352941174 0.03660130718954248 0.03235294117647059
1 0.7065359477124182 0.24154411764705883 0.022222222222222223 0.028676470588235293
5 0.6862745098039215 0.2386029411764706 0.026143790849673203 0.027205882352941177
5 0.6745098039215686 0.2613970588235294 0.026143790849673203 0.027205882352941177
7 0.580392156862745 0.26286764705882354 0.026143790849673203 0.03161764705882353
5 0.6542483660130719 0.26066176470588237 0.02745098039215686 0.03161764705882353
8 0.6437908496732027 0.3952205882352941 0.0457516339869281 0.028676470588235293
5 0.4875816993464052 0.32573529411764707 0.05751633986928104 0.030882352941176472
5 0.322875816993464 0.38529411764705884 0.06013071895424836 0.041176470588235294
3 0.3078431372549019 0.4621323529411765 0.2549019607843137 0.08161764705882353
7 0.5084967320261438 0.275 0.01830065359477124 0.020588235294117647
7 0.4725490196078431 0.2841911764705882 0.03529411764705882 0.03455882352941177
7 0.49084967320261436 0.2827205882352941 0.024836601307189544 0.03308823529411765
7 0.46797385620915033 0.2761029411764706 0.02091503267973856 0.03602941176470588
7 0.48039215686274506 0.26838235294117646 0.022222222222222223 0.03529411764705882
7 0.4300653594771241 0.2261029411764706 0.026143790849673203 0.03308823529411765
7 0.41437908496732023 0.22720588235294117 0.023529411764705882 0.03235294117647059
7 0.21176470588235294 0.2801470588235294 0.03660130718954248 0.039705882352941174
7 0.3 0.17279411764705882 0.022222222222222223 0.029411764705882353
7 0.3254901960784313 0.18529411764705883 0.023529411764705882 0.027941176470588237
7 0.1973856209150327 0.1724264705882353 0.02091503267973856 0.028676470588235293
3 0.23660130718954248 0.2235294117647059 0.12026143790849672 0.047058823529411764
5 0.2627450980392157 0.26323529411764707 0.05751633986928104 0.026470588235294117
5 0.27385620915032677 0.27242647058823527 0.06405228758169934 0.028676470588235293
5 0.2986928104575163 0.2801470588235294 0.05620915032679739 0.03529411764705882
5 0.08954248366013072 0.18088235294117647 0.05620915032679739 0.020588235294117647
5 0.03333333333333333 0.15919117647058822 0.02745098039215686 0.016911764705882352
7 0.08366013071895424 0.14963235294117647 0.026143790849673203 0.03161764705882353
7 0.12091503267973855 0.12279411764705882 0.03006535947712418 0.027941176470588237
5 0.20261437908496732 0.12463235294117647 0.047058823529411764 0.019852941176470587
7 0.16666666666666666 0.13161764705882353 0.0196078431372549 0.027941176470588237
4 0.024836601307189544 0.06507352941176471 0.04183006535947712 0.03308823529411765
5 0.0699346405228758 0.08272058823529412 0.032679738562091505 0.016911764705882352
3 0.02426470588235294 0.09803921568627451 0.04852941176470588 0.027450980392156862
8 0.8143790849673201 0.10404411764705883 0.026143790849673203 0.022794117647058822
8 0.9163398692810457 0.10661764705882353 0.023529411764705882 0.023529411764705882
8 0.7705882352941177 0.10441176470588236 0.0196078431372549 0.022058823529411766
8 0.6104575163398692 0.10110294117647059 0.023529411764705882 0.015441176470588236
8 0.5758169934640522 0.1 0.01699346405228758 0.020588235294117647
8 0.5398692810457516 0.09852941176470588 0.023529411764705882 0.01911764705882353