3 0.7784313725490195 0.27389705882352944 0.1398692810457516 0.0713235294117647
3 0.8607843137254901 0.24338235294117647 0.134640522875817 0.061764705882352944
3 0.7601307189542484 0.19558823529411765 0.12156862745098038 0.060294117647058824
3 0.6594771241830065 0.15661764705882353 0.10326797385620914 0.03823529411764706
7 0.4712418300653594 0.2852941176470588 0.03529411764705882 0.04264705882352941
7 0.30130718954248364 0.17573529411764705 0.03529411764705882 0.030882352941176472
3 0.5111111111111111 0.09191176470588236 0.0784313725490196 0.03676470588235294
3 0.896078431372549 0.13088235294117648 0.10849673202614378 0.033823529411764704
3 0.8071895424836601 0.10551470588235294 0.08758169934640522 0.027205882352941177
3 0.715032679738562 0.08308823529411764 0.0784313725490196 0.023529411764705882
3 0.6620915032679738 0.061764705882352944 0.06928104575163398 0.025
3 0.496078431372549 0.03566176470588235 0.058823529411764705 0.025735294117647058
3 0.6156862745098038 0.04852941176470588 0.06797385620915032 0.025
3 0.5725490196078431 0.03602941176470588 0.06797385620915032 0.025
3 0.39742647058823527 0.004575163398692811 0.03676470588235294 0.009150326797385621
8 0.837908496732026 0.3551470588235294 0.03398692810457516 0.03529411764705882
8 0.9477124183006536 0.4496323529411765 0.03398692810457516 0.04485294117647059
8 0.9300653594771242 0.43676470588235294 0.03529411764705882 0.03529411764705882
1 0.8392156862745097 0.3724264705882353 0.07320261437908496 0.0375
5 0.9411764705882353 0.46433823529411766 0.08104575163398692 0.04926470588235294
8 0.2633986928104575 0.125 0.03790849673202614 0.016176470588235296
5 0.2627450980392157 0.13529411764705881 0.0392156862745098 0.01911764705882353
8 0.2333333333333333 0.16397058823529412 0.03006535947712418 0.013235294117647059
5 0.23398692810457516 0.17647058823529413 0.03137254901960784 0.020588235294117647
7 0.16274509803921566 0.07426470588235294 0.03529411764705882 0.04264705882352941
4 0.8838235294117647 0.046405228758169936 0.2323529411764706 0.08366013071895424