11 0.9989583333333333 0.44814814814814813 0.0020833333333333333 0.046296296296296294
3 0.9833333333333333 0.4115740740740741 0.03333333333333333 0.03611111111111111
9 0.961574074074074 0.3614583333333333 0.06203703703703703 0.021875
8 0.9472222222222222 0.35625 0.02222222222222222 0.014583333333333334
3 0.05416666666666667 0.29739583333333336 0.0898148148148148 0.019791666666666666
3 0.35833333333333334 0.3026041666666667 0.08703703703703704 0.020833333333333332
3 0.27685185185185185 0.27708333333333335 0.08518518518518518 0.01875
3 0.1824074074074074 0.2872395833333333 0.1 0.0203125
3 0.13796296296296295 0.26640625 0.07777777777777777 0.016145833333333335
3 0.2550925925925926 0.23828125 0.06574074074074074 0.0140625
3 0.24074074074074073 0.22552083333333334 0.06666666666666667 0.013541666666666667
3 0.2796296296296296 0.20755208333333333 0.05555555555555555 0.013020833333333334
3 0.3777777777777777 0.22682291666666668 0.06666666666666667 0.015104166666666667
3 0.4574074074074074 0.23255208333333333 0.0574074074074074 0.013020833333333334
3 0.6138888888888888 0.2833333333333333 0.07222222222222222 0.017708333333333333
10 0.7138888888888888 0.296875 0.13333333333333333 0.03125
3 0.5763888888888888 0.24166666666666667 0.06759259259259259 0.014583333333333334
3 0.5805555555555555 0.22708333333333333 0.06481481481481481 0.013541666666666667
11 0.6916666666666667 0.225 0.05555555555555555 0.016666666666666666
3 0.7907407407407407 0.28932291666666665 0.07962962962962963 0.019270833333333334
3 0.9635416666666666 0.30185185185185187 0.07291666666666667 0.021296296296296296
3 0.7773148148148148 0.27786458333333336 0.0824074074074074 0.0171875
3 0.7962962962962963 0.240625 0.07407407407407408 0.014583333333333334
3 0.9189814814814814 0.22786458333333334 0.06203703703703703 0.0140625
3 0.9763020833333333 0.2351851851851852 0.04739583333333333 0.013888888888888888
3 0.9717592592592592 0.20494791666666667 0.04351851851851852 0.011979166666666667
8 0.4222222222222222 0.20833333333333334 0.00925925925925926 0.011458333333333333
8 0.43287037037037035 0.20729166666666668 0.008333333333333333 0.009375
8 0.44351851851851853 0.20703125 0.00925925925925926 0.0109375
1 0.4212962962962962 0.21067708333333332 0.01111111111111111 0.0078125
1 0.43333333333333335 0.21015625 0.01111111111111111 0.0067708333333333336
1 0.44305555555555554 0.21041666666666667 0.012037037037037037 0.009375
3 0.43981481481481477 0.19765625 0.05185185185185184 0.011979166666666667
3 0.3763888888888889 0.19765625 0.04907407407407407 0.0109375
9 0.5060185185185185 0.19791666666666666 0.01574074074074074 0.010416666666666666
8 0.5060185185185185 0.19635416666666666 0.008333333333333333 0.007291666666666667
3 0.5731481481481481 0.196875 0.024074074074074074 0.011458333333333333
3 0.6083333333333333 0.19505208333333332 0.024074074074074074 0.013020833333333334
3 0.6402777777777777 0.19375 0.023148148148148147 0.0125
3 0.6759259259259258 0.19322916666666667 0.024074074074074074 0.0125
3 0.5736111111111111 0.19114583333333332 0.023148148148148147 0.009375
3 0.5768518518518518 0.18515625 0.02222222222222222 0.0109375
3 0.5787037037037037 0.17864583333333334 0.01851851851851852 0.0125
3 0.5805555555555555 0.17421875 0.016666666666666666 0.008854166666666666
3 0.5856481481481481 0.17057291666666666 0.017592592592592594 0.009895833333333333
3 0.5837962962962963 0.16458333333333333 0.01944444444444444 0.010416666666666666
3 0.587037037037037 0.16197916666666667 0.016666666666666666 0.009375
3 0.586111111111111 0.1578125 0.016666666666666666 0.00625
3 0.5888888888888888 0.1546875 0.016666666666666666 0.008333333333333333
3 0.5888888888888888 0.15026041666666667 0.016666666666666666 0.0078125
3 0.5884259259259259 0.14661458333333333 0.017592592592592594 0.0078125
2 0.5916666666666667 0.14036458333333332 0.02222222222222222 0.016145833333333335
3 0.6092592592592592 0.18958333333333333 0.02222222222222222 0.009375
3 0.610648148148148 0.18385416666666668 0.021296296296296296 0.009375
3 0.611111111111111 0.17864583333333334 0.02037037037037037 0.009375
3 0.611574074074074 0.171875 0.01944444444444444 0.009375
3 0.6125 0.16744791666666667 0.017592592592592594 0.008854166666666666
3 0.611111111111111 0.1640625 0.01851851851851852 0.007291666666666667
3 0.611111111111111 0.16015625 0.01851851851851852 0.008854166666666666
3 0.6143518518518518 0.15572916666666667 0.017592592592592594 0.009375
3 0.6134259259259258 0.153125 0.017592592592592594 0.007291666666666667
3 0.611574074074074 0.14869791666666668 0.01574074074074074 0.0078125
3 0.6129629629629629 0.14557291666666666 0.014814814814814814 0.008854166666666666
3 0.6162037037037037 0.14348958333333334 0.01574074074074074 0.0078125
3 0.6162037037037037 0.13958333333333334 0.01574074074074074 0.007291666666666667
3 0.6175925925925925 0.13723958333333333 0.016666666666666666 0.005729166666666666
3 0.6171296296296297 0.1328125 0.013888888888888888 0.007291666666666667
3 0.6388888888888888 0.18671875 0.02222222222222222 0.009895833333333333
3 0.6393518518518518 0.18046875 0.01944444444444444 0.0109375
3 0.6384259259259258 0.17526041666666667 0.021296296296296296 0.009895833333333333
3 0.6375 0.17057291666666666 0.01944444444444444 0.0078125
3 0.6365740740740741 0.16614583333333333 0.01944444444444444 0.008333333333333333
3 0.6361111111111111 0.16276041666666666 0.01851851851851852 0.0067708333333333336
3 0.6370370370370371 0.15885416666666666 0.016666666666666666 0.008333333333333333
3 0.6375 0.15494791666666666 0.017592592592592594 0.0078125
3 0.6361111111111111 0.14713541666666666 0.016666666666666666 0.009895833333333333
3 0.674537037037037 0.18880208333333334 0.023148148148148147 0.011979166666666667
3 0.6708333333333333 0.18098958333333334 0.01944444444444444 0.0140625
2 0.6680555555555555 0.16875 0.02685185185185185 0.020833333333333332
3 0.6643518518518517 0.15989583333333332 0.017592592592592594 0.009375
3 0.6601851851851851 0.15572916666666667 0.01296296296296296 0.009375
3 0.6583333333333333 0.14947916666666666 0.01296296296296296 0.008333333333333333
3 0.6569444444444444 0.14583333333333334 0.013888888888888888 0.00625
3 0.6564814814814814 0.14244791666666667 0.014814814814814814 0.0067708333333333336
3 0.6578703703703703 0.13932291666666666 0.013888888888888888 0.0067708333333333336
3 0.6342592592592592 0.13151041666666666 0.01111111111111111 0.0067708333333333336
4 0.6384259259259258 0.08958333333333333 0.0824074074074074 0.05
4 0.6527777777777778 0.12604166666666666 0.01851851851851852 0.020833333333333332
7 0.5476851851851852 0.13098958333333333 0.00462962962962963 0.0067708333333333336
4 0.8226851851851851 0.15520833333333334 0.023148148148148147 0.0125