3 0.49019607843137253 0.4875 0.1542483660130719 0.11029411764705882
3 0.5934640522875817 0.3492647058823529 0.10196078431372549 0.08235294117647059
3 0.09084967320261438 0.42573529411764705 0.16862745098039214 0.07205882352941176
3 0.18366013071895423 0.35110294117647056 0.1477124183006536 0.06985294117647059
3 0.27647058823529413 0.3014705882352941 0.11111111111111112 0.058823529411764705
3 0.865359477124183 0.09889705882352941 0.03398692810457516 0.01838235294117647
3 0.9981617647058824 0.050980392156862744 0.003676470588235294 0.011764705882352941
3 0.90718954248366 0.03125 0.01830065359477124 0.009558823529411765
3 0.9045751633986928 0.022794117647058822 0.01568627450980392 0.008823529411764706
3 0.968627450980392 0.01911764705882353 0.02091503267973856 0.008823529411764706
3 0.9843137254901959 0.03161764705882353 0.02091503267973856 0.008823529411764706
3 0.9594771241830066 0.011397058823529411 0.01568627450980392 0.008088235294117648
3 0.856985294117647 0.00392156862745098 0.014705882352941176 0.00784313725490196
3 0.711764705882353 0.021323529411764706 0.0196078431372549 0.008823529411764706
3 0.7169934640522876 0.016544117647058824 0.01699346405228758 0.008088235294117648
8 0.7300653594771241 0.2301470588235294 0.0196078431372549 0.026470588235294117
5 0.7313725490196078 0.23602941176470588 0.032679738562091505 0.022058823529411766
8 0.4117647058823529 0.24338235294117647 0.01830065359477124 0.023529411764705882
1 0.4163398692810457 0.2511029411764706 0.022222222222222223 0.01838235294117647
1 0.3836601307189542 0.2536764705882353 0.0196078431372549 0.01911764705882353
8 0.38300653594771245 0.24779411764705883 0.01830065359477124 0.01911764705882353
7 0.496078431372549 0.1474264705882353 0.01437908496732026 0.016911764705882352
7 0.5300653594771241 0.12830882352941175 0.011764705882352941 0.016911764705882352
7 0.5464052287581699 0.12536764705882353 0.013071895424836602 0.016911764705882352
7 0.561437908496732 0.12794117647058822 0.01437908496732026 0.014705882352941176
7 0.7281045751633987 0.075 0.01045751633986928 0.013235294117647059
7 0.6915032679738561 0.03676470588235294 0.00784313725490196 0.008823529411764706
7 0.7013071895424836 0.03676470588235294 0.006535947712418301 0.010294117647058823
8 0.8816993464052287 0.04852941176470588 0.006535947712418301 0.008823529411764706
8 0.8967320261437908 0.039705882352941174 0.00784313725490196 0.007352941176470588
8 0.8967320261437908 0.03823529411764706 0.00784313725490196 0.007352941176470588
8 0.757516339869281 0.04926470588235294 0.006535947712418301 0.008823529411764706
1 0.757516339869281 0.052573529411764706 0.00915032679738562 0.008088235294117648