11 0.08758169934640522 0.1577205882352941 0.07058823529411765 0.030147058823529412
3 0.09346405228758169 0.35808823529411765 0.07973856209150326 0.025
3 0.36666666666666664 0.3275735294117647 0.07973856209150326 0.02426470588235294
3 0.7640522875816993 0.2933823529411765 0.0718954248366013 0.025
7 0.5640522875816993 0.4889705882352941 0.01437908496732026 0.010294117647058823
7 0.5516339869281045 0.49117647058823527 0.013071895424836602 0.010294117647058823
8 0.5568627450980391 0.4088235294117647 0.013071895424836602 0.008823529411764706
5 0.5555555555555556 0.40698529411764706 0.03660130718954248 0.009558823529411765
5 0.7104575163398692 0.4426470588235294 0.032679738562091505 0.010294117647058823
8 0.7084967320261438 0.4430147058823529 0.013071895424836602 0.008088235294117648
7 0.9424836601307188 0.49080882352941174 0.013071895424836602 0.006617647058823529
7 0.9568627450980391 0.4889705882352941 0.013071895424836602 0.007352941176470588
7 0.5359477124183006 0.22830882352941176 0.026143790849673203 0.009558823529411765
3 0.7110294117647059 0.02287581699346405 0.03897058823529412 0.0457516339869281
7 0.7665441176470589 0.020261437908496733 0.03823529411764706 0.040522875816993466
7 0.5705882352941176 0.12463235294117647 0.01699346405228758 0.008088235294117648
7 0.5849673202614379 0.07941176470588235 0.01699346405228758 0.007352941176470588
8 0.8385620915032679 0.1636029411764706 0.01437908496732026 0.008088235294117648
5 0.8405228758169935 0.16323529411764706 0.026143790849673203 0.011764705882352941
5 0.9948529411764706 0.06209150326797386 0.010294117647058823 0.01699346405228758
8 0.9955882352941177 0.06535947712418301 0.008823529411764706 0.006535947712418301
8 0.9974264705882353 0.05947712418300653 0.005147058823529412 0.006535947712418301
8 0.8490196078431371 0.16286764705882353 0.00915032679738562 0.006617647058823529
3 0.972549019607843 0.5540441176470589 0.04967320261437909 0.013970588235294118
4 0.134640522875817 0.07647058823529412 0.26666666666666666 0.033823529411764704