3 0.11699346405228758 0.2852941176470588 0.08235294117647059 0.045588235294117645
3 0.5496732026143791 0.39044117647058824 0.06405228758169934 0.05588235294117647
3 0.9660130718954247 0.3650735294117647 0.06535947712418301 0.05073529411764706
3 0.8464052287581699 0.24779411764705883 0.04836601307189542 0.033823529411764704
3 0.6320261437908496 0.01875 0.024836601307189544 0.0125
3 0.9639705882352941 0.11045751633986928 0.07205882352941176 0.0196078431372549
3 0.9620915032679738 0.0849264705882353 0.05751633986928104 0.013970588235294118
9 0.9698529411764706 0.00392156862745098 0.010294117647058823 0.00784313725490196
10 0.66875 0.0058823529411764705 0.027205882352941177 0.011764705882352941
10 0.34313725490196073 0.08161764705882353 0.06928104575163398 0.054411764705882354
7 0.23202614379084965 0.039338235294117646 0.01437908496732026 0.013970588235294118
8 0.7111111111111111 0.24632352941176472 0.01568627450980392 0.014705882352941176
8 0.9013071895424836 0.24191176470588235 0.01437908496732026 0.016176470588235296
8 0.7967320261437908 0.0849264705882353 0.011764705882352941 0.0125
7 0.8320261437908496 0.0375 0.00915032679738562 0.013235294117647059
7 0.8333333333333333 0.07095588235294117 0.00915032679738562 0.013970588235294118
7 0.8405228758169935 0.07169117647058823 0.00784313725490196 0.013970588235294118
7 0.8248366013071896 0.0375 0.00784313725490196 0.013235294117647059
7 0.8562091503267973 0.07022058823529412 0.01045751633986928 0.013970588235294118
11 0.49215686274509796 0.19191176470588237 0.04836601307189542 0.03823529411764706
1 0.9006535947712418 0.24595588235294116 0.01568627450980392 0.01838235294117647
5 0.7111111111111111 0.25 0.01568627450980392 0.01764705882352941
5 0.7960784313725489 0.08897058823529412 0.01045751633986928 0.013235294117647059