3 0.08425925925925926 0.13515625 0.07592592592592592 0.015104166666666667
4 0.016203703703703703 0.11770833333333333 0.01574074074074074 0.011458333333333333
11 0.0962962962962963 0.12317708333333334 0.09444444444444443 0.0203125
5 0.15925925925925927 0.1125 0.01851851851851852 0.005208333333333333
8 0.14027777777777778 0.13854166666666667 0.012037037037037037 0.010416666666666666
5 0.1449074074074074 0.1421875 0.025 0.008333333333333333
8 0.07962962962962963 0.1375 0.01111111111111111 0.008333333333333333
7 0.11574074074074073 0.15 0.01111111111111111 0.010416666666666666
8 0.0962962962962963 0.175 0.01296296296296296 0.0125
0 0.16944444444444443 0.1609375 0.024074074074074074 0.019791666666666666
8 0.19537037037037036 0.15677083333333333 0.014814814814814814 0.013541666666666667
3 0.20416666666666666 0.14479166666666668 0.045370370370370366 0.015625
8 0.1847222222222222 0.13020833333333334 0.008333333333333333 0.009375
5 0.1875 0.13411458333333334 0.025 0.0078125
8 0.20185185185185184 0.12135416666666667 0.00925925925925926 0.011458333333333333
4 0.19675925925925924 0.10442708333333334 0.03425925925925925 0.013020833333333334
4 0.24907407407407406 0.09479166666666666 0.024074074074074074 0.0125
5 0.274074074074074 0.09322916666666667 0.01851851851851852 0.007291666666666667
2 0.2939814814814815 0.10833333333333334 0.08425925925925926 0.027083333333333334
8 0.2106481481481481 0.1296875 0.012037037037037037 0.010416666666666666
5 0.21527777777777776 0.13359375 0.025 0.0067708333333333336
0 0.24583333333333332 0.14088541666666668 0.03796296296296296 0.016145833333333335
0 0.2944444444444444 0.12005208333333334 0.03148148148148148 0.011979166666666667
5 0.33564814814814814 0.12239583333333333 0.021296296296296296 0.009375
8 0.29583333333333334 0.13125 0.010185185185185184 0.010416666666666666
8 0.3037037037037037 0.13411458333333334 0.01111111111111111 0.009895833333333333
5 0.29629629629629634 0.13489583333333333 0.016666666666666666 0.00625
5 0.30925925925925923 0.13854166666666667 0.01851851851851852 0.00625
3 0.29768518518518516 0.14661458333333333 0.047222222222222214 0.015104166666666667
4 0.2513888888888889 0.15729166666666666 0.012037037037037037 0.014583333333333334
0 0.2699074074074074 0.153125 0.025 0.017708333333333333
7 0.27314814814814814 0.16302083333333334 0.01111111111111111 0.014583333333333334
8 0.2569444444444444 0.17083333333333334 0.010185185185185184 0.009375
5 0.2597222222222222 0.17682291666666666 0.017592592592592594 0.008854166666666666
0 0.3162037037037037 0.15963541666666667 0.021296296296296296 0.019270833333333334
8 0.2833333333333333 0.16692708333333334 0.01111111111111111 0.013020833333333334
7 0.2967592592592592 0.17317708333333334 0.012037037037037037 0.0140625
7 0.2875 0.17369791666666667 0.00648148148148148 0.013020833333333334
8 0.3472222222222222 0.15026041666666667 0.00925925925925926 0.009895833333333333
5 0.34814814814814815 0.15572916666666667 0.01296296296296296 0.009375
7 0.36527777777777776 0.14322916666666666 0.00648148148148148 0.0125
7 0.37175925925925923 0.14348958333333334 0.008333333333333333 0.016145833333333335
7 0.3782407407407407 0.13671875 0.008333333333333333 0.013020833333333334
7 0.38935185185185184 0.14192708333333334 0.010185185185185184 0.0140625
7 0.4037037037037037 0.13723958333333333 0.00925925925925926 0.013020833333333334
4 0.3541666666666667 0.10494791666666667 0.0287037037037037 0.0140625
4 0.38564814814814813 0.115625 0.01574074074074074 0.015625
3 0.425 0.12552083333333333 0.05 0.014583333333333334
3 0.4592592592592592 0.13463541666666667 0.03148148148148148 0.0140625
11 0.462037037037037 0.15833333333333333 0.03703703703703704 0.01875
4 0.4629629629629629 0.16979166666666667 0.01296296296296296 0.0125
7 0.45185185185185184 0.11927083333333334 0.007407407407407407 0.010416666666666666
7 0.46527777777777773 0.11875 0.010185185185185184 0.011458333333333333
7 0.48009259259259257 0.11744791666666667 0.010185185185185184 0.011979166666666667
7 0.4527777777777777 0.10859375 0.007407407407407407 0.008854166666666666
5 0.4532407407407407 0.11041666666666666 0.023148148148148147 0.00625
7 0.49861111111111106 0.11640625 0.008333333333333333 0.0109375
4 0.5402777777777777 0.10963541666666667 0.02685185185185185 0.0265625
8 0.4939814814814814 0.11067708333333333 0.010185185185185184 0.009895833333333333
3 0.32314814814814813 0.09375 0.014814814814814814 0.008333333333333333
4 0.38425925925925924 0.09088541666666666 0.01111111111111111 0.013020833333333334
10 0.4125 0.09635416666666667 0.023148148148148147 0.019791666666666666
3 0.4180555555555555 0.08723958333333333 0.021296296296296296 0.009895833333333333
3 0.4231481481481481 0.07708333333333334 0.01851851851851852 0.009375
4 0.4004629629629629 0.0734375 0.017592592592592594 0.010416666666666666
3 0.5541666666666667 0.0828125 0.01944444444444444 0.008333333333333333
3 0.5532407407407407 0.07630208333333334 0.01944444444444444 0.0067708333333333336
4 0.5148148148148147 0.06901041666666667 0.04444444444444444 0.0140625
0 0.4092592592592592 0.06145833333333333 0.01111111111111111 0.009375
4 0.43287037037037035 0.05078125 0.03425925925925925 0.0234375
11 0.5208333333333334 0.05026041666666667 0.013888888888888888 0.0109375
3 0.4634259259259259 0.031510416666666666 0.013888888888888888 0.005729166666666666
2 0.4856481481481481 0.01875 0.012037037037037037 0.008333333333333333
3 0.4888888888888889 0.024739583333333332 0.00925925925925926 0.0067708333333333336
3 0.48703703703703705 0.03411458333333333 0.01111111111111111 0.005729166666666666
4 0.5041666666666667 0.0453125 0.01574074074074074 0.020833333333333332
4 0.4481481481481481 0.013541666666666667 0.046296296296296294 0.026041666666666668
4 0.4944444444444444 0.008854166666666666 0.03703703703703704 0.010416666666666666
7 0.6564814814814814 0.084375 0.005555555555555555 0.009375
7 0.6800925925925925 0.1140625 0.008333333333333333 0.011458333333333333
7 0.6722222222222222 0.11953125 0.007407407407407407 0.011979166666666667
4 0.6583333333333333 0.12473958333333333 0.01296296296296296 0.015104166666666667
11 0.7680555555555555 0.1171875 0.04907407407407407 0.013541666666666667
4 0.8134259259259259 0.134375 0.15648148148148147 0.010416666666666666
7 0.6884259259259259 0.16380208333333332 0.010185185185185184 0.015104166666666667
7 0.7398148148148148 0.15859375 0.007407407407407407 0.013020833333333334
7 0.8009259259259258 0.16276041666666666 0.007407407407407407 0.013020833333333334
7 0.7939814814814814 0.16536458333333334 0.00648148148148148 0.013020833333333334
4 0.7268518518518517 0.16901041666666666 0.00925925925925926 0.011979166666666667
4 0.7125 0.19973958333333333 0.0287037037037037 0.03802083333333333
4 0.662037037037037 0.20546875 0.016666666666666666 0.016145833333333335
7 0.7902777777777777 0.20286458333333332 0.008333333333333333 0.016145833333333335
7 0.7814814814814814 0.2 0.00925925925925926 0.013541666666666667
7 0.7717592592592591 0.20026041666666666 0.010185185185185184 0.018229166666666668
7 0.7680555555555555 0.18151041666666667 0.008333333333333333 0.0140625
4 0.8222222222222222 0.21015625 0.05555555555555555 0.07239583333333334
4 0.8703703703703703 0.21979166666666666 0.03703703703703704 0.010416666666666666
5 0.9425925925925925 0.22213541666666667 0.01111111111111111 0.013020833333333334
0 0.9125 0.22864583333333333 0.0287037037037037 0.019791666666666666
4 0.9263888888888888 0.16145833333333334 0.021296296296296296 0.027083333333333334
7 0.6962962962962963 0.22109375 0.01111111111111111 0.018229166666666668
8 0.7259259259259259 0.21614583333333334 0.01111111111111111 0.013541666666666667
0 0.711574074074074 0.22916666666666666 0.021296296296296296 0.020833333333333332
7 0.6648148148148147 0.2565104166666667 0.01296296296296296 0.0203125
7 0.6300925925925925 0.25885416666666666 0.010185185185185184 0.01875
3 0.6949074074074074 0.2708333333333333 0.041666666666666664 0.025
0 0.7106481481481481 0.25 0.023148148148148147 0.023958333333333335
4 0.7509259259259259 0.2598958333333333 0.03148148148148148 0.16979166666666667
7 0.7569444444444444 0.34609375 0.01944444444444444 0.0265625
7 0.7935185185185184 0.2877604166666667 0.01296296296296296 0.0234375
4 0.8379629629629629 0.28411458333333334 0.046296296296296294 0.06927083333333334
7 0.8263888888888888 0.30911458333333336 0.01574074074074074 0.025520833333333333
5 0.8592592592592592 0.3294270833333333 0.046296296296296294 0.0140625
5 0.8541666666666666 0.321875 0.041666666666666664 0.013541666666666667
3 0.14444444444444443 0.2520833333333333 0.07407407407407408 0.029166666666666667
3 0.812962962962963 0.390625 0.02037037037037037 0.027083333333333334
7 0.7893518518518517 0.4015625 0.012037037037037037 0.023958333333333335
7 0.8023148148148148 0.3997395833333333 0.012037037037037037 0.021354166666666667
7 0.7222222222222221 0.3953125 0.014814814814814814 0.023958333333333335
4 0.7620370370370371 0.37890625 0.04259259259259259 0.03802083333333333
5 0.8912037037037037 0.38619791666666664 0.023148148148148147 0.03177083333333333
5 0.8425925925925924 0.38984375 0.014814814814814814 0.024479166666666666
5 0.811574074074074 0.3736979166666667 0.01944444444444444 0.013020833333333334
5 0.8652777777777777 0.3875 0.01944444444444444 0.021875
0 0.8680555555555555 0.41640625 0.03796296296296296 0.0328125
5 0.9885416666666667 0.3837962962962963 0.022916666666666665 0.014814814814814815
8 0.9819444444444444 0.42161458333333335 0.012037037037037037 0.0140625
8 0.9879629629629628 0.4236979166666667 0.01111111111111111 0.028645833333333332
5 0.9744791666666667 0.42962962962962964 0.051041666666666666 0.019444444444444445
4 0.9351851851851851 0.26536458333333335 0.04259259259259259 0.0296875
5 0.9439814814814814 0.28802083333333334 0.03981481481481482 0.013541666666666667
4 0.9578703703703704 0.31223958333333335 0.05277777777777778 0.022395833333333334
4 0.9755208333333333 0.34953703703703703 0.04895833333333333 0.049074074074074076
5 1 0.2652777777777778 0 0.012962962962962963
10 0.98203125 0.45231481481481484 0.0359375 0.05092592592592592
8 0.5287037037037037 0.5510416666666667 0.03703703703703704 0.019791666666666666
7 0.6185185185185185 0.48046875 0.02222222222222222 0.03697916666666667
0 0.5740740740740741 0.4830729166666667 0.03888888888888888 0.06302083333333333
7 0.5217592592592593 0.4354166666666667 0.01944444444444444 0.034375
1 0.5375 0.4401041666666667 0.01944444444444444 0.03125
0 0.6652777777777777 0.40703125 0.058333333333333334 0.049479166666666664
0 0.1439814814814815 0.17630208333333333 0.04351851851851852 0.0203125
0 0.19166666666666668 0.17630208333333333 0.03148148148148148 0.022395833333333334
8 0.18194444444444444 0.19296875 0.01574074074074074 0.0140625
1 0.18148148148148147 0.19869791666666667 0.02222222222222222 0.008854166666666666
8 0.20509259259259258 0.19583333333333333 0.012037037037037037 0.014583333333333334
8 0.1236111111111111 0.21510416666666668 0.01574074074074074 0.013541666666666667
5 0.125 0.2203125 0.02222222222222222 0.017708333333333333
0 0.2347222222222222 0.19869791666666667 0.03981481481481482 0.025520833333333333
8 0.2796296296296296 0.19609375 0.01111111111111111 0.009895833333333333
8 0.3097222222222222 0.1828125 0.012037037037037037 0.010416666666666666
5 0.30925925925925923 0.18776041666666668 0.01111111111111111 0.011979166666666667
8 0.30648148148148147 0.20598958333333334 0.01296296296296296 0.013020833333333334
5 0.30787037037037035 0.2109375 0.017592592592592594 0.011458333333333333
3 0.1685185185185185 0.22708333333333333 0.06111111111111111 0.026041666666666668
7 0.06157407407407407 0.28619791666666666 0.01944444444444444 0.025520833333333333
8 0.12222222222222222 0.24192708333333332 0.01296296296296296 0.0140625
8 0.022685185185185183 0.28515625 0.01944444444444444 0.015104166666666667
7 0.00787037037037037 0.25755208333333335 0.013888888888888888 0.019270833333333334
7 0.01944444444444444 0.2559895833333333 0.014814814814814814 0.021354166666666667
4 0.04907407407407407 0.2515625 0.03518518518518519 0.026041666666666668
3 0.07638888888888888 0.27682291666666664 0.08425925925925926 0.0328125
3 0.030208333333333334 0.3106481481481482 0.06041666666666667 0.03425925925925926
2 0.06848958333333334 0.38287037037037036 0.13697916666666668 0.10740740740740741