3 0.21960784313725487 0.18933823529411764 0.09673202614379084 0.03161764705882353
3 0.35163398692810455 0.1386029411764706 0.07058823529411765 0.022794117647058822
3 0.47712418300653586 0.47610294117647056 0.2849673202614379 0.07426470588235294
11 0.49281045751633984 0.5301470588235294 0.3372549019607843 0.06323529411764706
3 0.9779411764705882 0.29411764705882354 0.04411764705882353 0.044444444444444446
3 0.6071895424836601 0.3029411764705882 0.17647058823529413 0.041176470588235294
3 0.618954248366013 0.26544117647058824 0.1633986928104575 0.04264705882352941
3 0.6196078431372549 0.23970588235294119 0.1437908496732026 0.03529411764705882
3 0.6339869281045751 0.22389705882352942 0.1437908496732026 0.030147058823529412
3 0.9606617647058824 0.2647058823529412 0.07867647058823529 0.03529411764705882
3 0.9838235294117647 0.23398692810457516 0.03235294117647059 0.030065359477124184
7 0.96875 0.21045751633986928 0.0625 0.027450980392156862
7 0.9621323529411765 0.19673202614379084 0.07573529411764705 0.026143790849673203
7 0.9529411764705882 0.1843137254901961 0.09411764705882353 0.022222222222222223
7 0.9444444444444444 0.17279411764705882 0.10849673202614378 0.020588235294117647
3 0.692156862745098 0.18198529411764705 0.10326797385620914 0.025735294117647058
3 0.6901960784313725 0.17169117647058824 0.10980392156862744 0.022794117647058822
3 0.6993464052287581 0.1588235294117647 0.11241830065359477 0.026470588235294117
3 0.45816993464052286 0.10330882352941176 0.050980392156862744 0.019852941176470587
3 0.5398692810457516 0.07904411764705882 0.03660130718954248 0.0125
11 0.6052287581699346 0.05808823529411765 0.026143790849673203 0.014705882352941176
3 0.6045751633986928 0.04889705882352941 0.022222222222222223 0.008088235294117648
3 0.6352941176470588 0.040808823529411765 0.01830065359477124 0.008088235294117648
3 0.6620915032679738 0.033823529411764704 0.01699346405228758 0.007352941176470588
3 0.692156862745098 0.03455882352941177 0.01699346405228758 0.007352941176470588
3 0.6856209150326796 0.027205882352941177 0.01437908496732026 0.0058823529411764705
3 0.6947712418300653 0.025 0.01437908496732026 0.0058823529411764705
10 0.2065359477124183 0.019852941176470587 0.02875816993464052 0.007352941176470588
2 0.5398692810457516 0.013970588235294118 0.05228758169934641 0.011764705882352941
4 0.6660130718954248 0.015808823529411764 0.06405228758169934 0.009558823529411765
4 0.7457516339869281 0.020588235294117647 0.07450980392156863 0.014705882352941176
3 0.8196078431372548 0.01875 0.026143790849673203 0.005147058823529412
3 0.861437908496732 0.01911764705882353 0.02875816993464052 0.0058823529411764705