4 0.9052287581699346 0.05110294117647059 0.0849673202614379 0.05073529411764706
4 0.922875816993464 0.09044117647058823 0.06535947712418301 0.04264705882352941
4 0.9856617647058824 0.09411764705882353 0.028676470588235293 0.06274509803921569
4 0.7973856209150326 0.08308823529411764 0.0392156862745098 0.027941176470588237
7 0.20588235294117646 0.49522058823529413 0.04052287581699346 0.04632352941176471
3 0.06139705882352941 0.49084967320261436 0.12279411764705882 0.09542483660130718
3 0.24248366013071895 0.30367647058823527 0.11372549019607843 0.03823529411764706
3 0.9985294117647059 0.1326797385620915 0.0029411764705882353 0.009150326797385621
3 0.9712418300653595 0.13345588235294117 0.04967320261437909 0.011029411764705883
3 0.972549019607843 0.1448529411764706 0.026143790849673203 0.014705882352941176
3 0.9777777777777776 0.16948529411764707 0.03398692810457516 0.013970588235294118
3 0.9926470588235294 0.20522875816993463 0.014705882352941176 0.01699346405228758
3 0.8692810457516339 0.10661764705882353 0.01830065359477124 0.010294117647058823
3 0.9026143790849672 0.11875 0.0196078431372549 0.009558823529411765
7 0.9176470588235294 0.13051470588235295 0.00784313725490196 0.0125
3 0.9620915032679738 0.12720588235294117 0.02091503267973856 0.010294117647058823
3 0.9169934640522875 0.15551470588235294 0.02745098039215686 0.0125
3 0.8973856209150326 0.13566176470588234 0.024836601307189544 0.011029411764705883
3 0.9549019607843137 0.11985294117647059 0.01699346405228758 0.008823529411764706
11 0.8941176470588236 0.17977941176470588 0.03137254901960784 0.021323529411764706
11 0.9026143790849672 0.24411764705882352 0.04052287581699346 0.027941176470588237
1 0.9372549019607842 0.11948529411764706 0.00784313725490196 0.008088235294117648
8 0.9366013071895424 0.11727941176470588 0.006535947712418301 0.008088235294117648
8 0.9235294117647059 0.12022058823529412 0.006535947712418301 0.006617647058823529
5 0.9241830065359478 0.12205882352941176 0.00522875816993464 0.007352941176470588
3 0.8509803921568627 0.12316176470588236 0.02091503267973856 0.0125
3 0.8411764705882353 0.1338235294117647 0.024836601307189544 0.011764705882352941
3 0.8542483660130717 0.14044117647058824 0.022222222222222223 0.011764705882352941
3 0.8307189542483661 0.11691176470588235 0.032679738562091505 0.008823529411764706
3 0.8411764705882353 0.09191176470588236 0.011764705882352941 0.0058823529411764705
3 0.8718954248366012 0.08897058823529412 0.013071895424836602 0.0058823529411764705
5 0.8294117647058824 0.10919117647058824 0.006535947712418301 0.005147058823529412
8 0.8294117647058824 0.10772058823529412 0.006535947712418301 0.005147058823529412
3 0.7405228758169935 0.11029411764705882 0.01699346405228758 0.010294117647058823
3 0.7640522875816993 0.10588235294117647 0.01699346405228758 0.008823529411764706
3 0.7640522875816993 0.10220588235294117 0.01699346405228758 0.007352941176470588
3 0.7006535947712418 0.13529411764705881 0.026143790849673203 0.011764705882352941
3 0.6777777777777777 0.13161764705882353 0.024836601307189544 0.011764705882352941
3 0.6607843137254902 0.1547794117647059 0.03790849673202614 0.01838235294117647
3 0.6294117647058823 0.14448529411764705 0.058823529411764705 0.0125
3 0.6320261437908496 0.1698529411764706 0.03529411764705882 0.014705882352941176
3 0.7901960784313724 0.1375 0.024836601307189544 0.011764705882352941
3 0.7993464052287581 0.1297794117647059 0.024836601307189544 0.015441176470588236
3 0.8718954248366012 0.08272058823529412 0.01045751633986928 0.005147058823529412
3 0.8196078431372548 0.22573529411764706 0.04183006535947712 0.023529411764705882
3 0.9424836601307188 0.30514705882352944 0.05228758169934641 0.030882352941176472
3 0.7366013071895424 0.2584558823529412 0.06143790849673203 0.03161764705882353
11 0.8189542483660132 0.28566176470588234 0.06928104575163398 0.04779411764705882
5 0.7352941176470589 0.1860294117647059 0.00915032679738562 0.013235294117647059
7 0.730718954248366 0.18345588235294116 0.013071895424836602 0.016911764705882352
5 0.6928104575163399 0.21911764705882353 0.013071895424836602 0.014705882352941176
8 0.6908496732026144 0.2161764705882353 0.01437908496732026 0.016176470588235296