7 0.9091503267973855 0.5044117647058823 0.032679738562091505 0.039705882352941174
7 0.8764705882352941 0.5007352941176471 0.043137254901960784 0.047058823529411764
7 0.903267973856209 0.46691176470588236 0.03137254901960784 0.05588235294117647
7 0.9339869281045752 0.475 0.03529411764705882 0.033823529411764704
7 0.9900735294117647 0.4300653594771242 0.019852941176470587 0.048366013071895426
3 0.5699346405228758 0.37683823529411764 0.23529411764705882 0.11691176470588235
7 0.40588235294117647 0.35955882352941176 0.032679738562091505 0.047058823529411764
7 0.41699346405228754 0.3069852941176471 0.03398692810457516 0.04338235294117647
9 0.1718954248366013 0.2529411764705882 0.07712418300653595 0.03676470588235294
9 0.09346405228758169 0.2286764705882353 0.10326797385620914 0.03529411764705882
9 0.11699346405228758 0.19522058823529412 0.09019607843137255 0.028676470588235293
7 0.10196078431372549 0.18198529411764705 0.03398692810457516 0.03308823529411765
8 0.2241830065359477 0.175 0.03006535947712418 0.01764705882352941
11 0.07794117647058824 0.15816993464052287 0.15588235294117647 0.06013071895424837
11 0.04889705882352941 0.13986928104575164 0.09779411764705882 0.06013071895424837
5 0.10261437908496732 0.09411764705882353 0.050980392156862744 0.022058823529411766
5 0.15490196078431373 0.09779411764705882 0.04836601307189542 0.020588235294117647
5 0.2156862745098039 0.10036764705882353 0.05228758169934641 0.022794117647058822
8 0.30196078431372547 0.10404411764705883 0.01568627450980392 0.009558823529411765
8 0.29607843137254897 0.1036764705882353 0.024836601307189544 0.01764705882352941
8 0.3078431372549019 0.09375 0.0196078431372549 0.016911764705882352
9 0.30718954248366015 0.10992647058823529 0.08366013071895424 0.028676470588235293
7 0.4862745098039215 0.1860294117647059 0.02875816993464052 0.03823529411764706
7 0.4359477124183006 0.10845588235294118 0.022222222222222223 0.03161764705882353
7 0.4516339869281045 0.11213235294117647 0.0196078431372549 0.030147058823529412
5 0.561437908496732 0.11323529411764706 0.02745098039215686 0.025
5 0.6006535947712418 0.10919117647058824 0.0196078431372549 0.025735294117647058
7 0.5437908496732026 0.29154411764705884 0.03398692810457516 0.03897058823529412
8 0.5405228758169934 0.26948529411764705 0.02745098039215686 0.02426470588235294
9 0.6640522875816993 0.25477941176470587 0.09411764705882353 0.04338235294117647
3 0.9713235294117647 0.2196078431372549 0.057352941176470586 0.07450980392156863
8 0.7444444444444444 0.21470588235294116 0.03006535947712418 0.025
7 0.7699346405228757 0.2213235294117647 0.02091503267973856 0.039705882352941174
9 0.741830065359477 0.18345588235294116 0.0718954248366013 0.03602941176470588
11 0.76078431372549 0.14191176470588235 0.21699346405228756 0.07205882352941176
7 0.9163398692810457 0.17205882352941176 0.03137254901960784 0.033823529411764704
1 0.9117647058823529 0.17573529411764705 0.04836601307189542 0.025
3 0.903267973856209 0.14338235294117646 0.13594771241830064 0.04411764705882353
5 0.888235294117647 0.11213235294117647 0.0457516339869281 0.025735294117647058
8 0.9163398692810457 0.10183823529411765 0.023529411764705882 0.02426470588235294
1 0.9111111111111111 0.09852941176470588 0.02091503267973856 0.026470588235294117
9 0.9437908496732025 0.0838235294117647 0.07320261437908496 0.027941176470588237
7 0.9535947712418301 0.05808823529411765 0.01437908496732026 0.027941176470588237
5 0.9529411764705882 0.10147058823529412 0.03660130718954248 0.025
1 0.9712418300653595 0.09852941176470588 0.03398692810457516 0.025
1 0.9926470588235294 0.08758169934640522 0.014705882352941176 0.0196078431372549
5 0.9955882352941177 0.1065359477124183 0.008823529411764706 0.02091503267973856
5 0.9830882352941176 0.09215686274509804 0.033823529411764704 0.02483660130718954
5 0.9959558823529412 0.10196078431372549 0.008088235294117648 0.02483660130718954