10 0.9989583333333333 0.1300925925925926 0.0020833333333333333 0.014814814814814815
3 0.9947916666666666 0.1388888888888889 0.010416666666666666 0.006481481481481481
3 1 0.1439814814814815 0 0.007407407407407408
3 0.9731481481481481 0.14427083333333332 0.02037037037037037 0.008333333333333333
11 0.9532407407407407 0.14869791666666668 0.01944444444444444 0.009895833333333333
3 0.898611111111111 0.15286458333333333 0.021296296296296296 0.0078125
3 0.8546296296296295 0.15078125 0.03518518518518519 0.005729166666666666
3 0.9462962962962962 0.15729166666666666 0.02037037037037037 0.010416666666666666
3 0.9495370370370371 0.16744791666666667 0.025 0.011979166666666667
11 0.9375 0.17682291666666666 0.030555555555555555 0.019270833333333334
3 0.9111111111111111 0.16614583333333333 0.024074074074074074 0.0125
3 0.8949074074074074 0.178125 0.02685185185185185 0.0125
3 0.9097222222222221 0.18776041666666668 0.023148148148148147 0.0171875
3 0.874074074074074 0.18463541666666666 0.029629629629629627 0.0140625
11 0.8523148148148147 0.19270833333333334 0.0287037037037037 0.017708333333333333
3 0.8314814814814814 0.20703125 0.03333333333333333 0.015104166666666667
10 0.8041666666666667 0.19401041666666666 0.041666666666666664 0.021354166666666667
3 0.9903645833333333 0.2861111111111111 0.019270833333333334 0.024074074074074074
3 0.8810185185185184 0.21276041666666667 0.03611111111111111 0.021354166666666667
8 0.6666666666666666 0.22369791666666666 0.01111111111111111 0.009895833333333333
9 0.6708333333333333 0.22864583333333333 0.017592592592592594 0.013541666666666667
3 0.8375 0.2598958333333333 0.047222222222222214 0.027083333333333334
3 0.7773148148148148 0.24375 0.03981481481481482 0.020833333333333332
11 0.7675925925925925 0.25755208333333335 0.04444444444444444 0.030729166666666665
3 0.7203703703703703 0.28046875 0.07407407407407408 0.027604166666666666
3 0.6129629629629629 0.2799479166666667 0.08333333333333333 0.0265625
3 0.4597222222222222 0.29348958333333336 0.11944444444444444 0.027604166666666666
3 0.2486111111111111 0.29453125 0.11388888888888889 0.028645833333333332
1 0.3694444444444444 0.2760416666666667 0.03703703703703704 0.0125
1 0.1310185185185185 0.21770833333333334 0.025 0.011458333333333333
1 0.15925925925925927 0.21901041666666668 0.024074074074074074 0.009895833333333333
3 0.04398148148148148 0.21875 0.075 0.014583333333333334
3 0.018489583333333334 0.21666666666666667 0.03697916666666667 0.012962962962962963
3 0.04305555555555555 0.22708333333333333 0.03425925925925925 0.014583333333333334
3 0.019010416666666665 0.2337962962962963 0.03802083333333333 0.017592592592592594
3 0.009375 0.2657407407407407 0.01875 0.018518518518518517
3 0.1087962962962963 0.31145833333333334 0.09722222222222222 0.030208333333333334
3 0.02265625 0.29907407407407405 0.0453125 0.025
3 0.049479166666666664 0.3194444444444444 0.09895833333333333 0.040740740740740744
2 0.019791666666666666 0.3287037037037037 0.03958333333333333 0.044444444444444446
3 0.8638888888888888 0.3302083333333333 0.06481481481481481 0.03958333333333333
8 0.15462962962962962 0.428125 0.027777777777777776 0.022916666666666665
5 0.16203703703703703 0.4393229166666667 0.03333333333333333 0.025520833333333333
3 0.7296296296296296 0.415625 0.08148148148148147 0.059375
3 0.8532407407407407 0.4440104166666667 0.0861111111111111 0.0609375
3 0.9565104166666667 0.43657407407407406 0.08697916666666666 0.06481481481481481
3 0.8712962962962962 0.5286458333333334 0.1148148148148148 0.06666666666666667
4 0.7601851851851851 0.11354166666666667 0.08703703703703704 0.023958333333333335
4 0.8574074074074074 0.09765625 0.08888888888888888 0.021354166666666667