4 0.8705882352941177 0.0661764705882353 0.16732026143790849 0.06764705882352941
4 0.6915032679738561 0.09816176470588235 0.09673202614379084 0.019852941176470587
4 0.9691176470588235 0.1111111111111111 0.061764705882352944 0.03790849673202614
3 0.8581699346405228 0.10588235294117647 0.01699346405228758 0.008823529411764706
3 0.8071895424836601 0.11654411764705883 0.0196078431372549 0.009558823529411765
4 0.8352941176470589 0.12058823529411765 0.01045751633986928 0.011764705882352941
7 0.7725490196078431 0.14227941176470588 0.00522875816993464 0.011029411764705883
3 0.7549019607843136 0.12316176470588236 0.022222222222222223 0.0125
3 0.8686274509803921 0.16875 0.03006535947712418 0.016911764705882352
3 0.7980392156862745 0.14926470588235294 0.02745098039215686 0.013235294117647059
3 0.7300653594771241 0.13933823529411765 0.043137254901960784 0.0125
3 0.6830065359477123 0.17794117647058824 0.03006535947712418 0.01764705882352941
3 0.7522875816993464 0.20808823529411766 0.03790849673202614 0.022058823529411766
3 0.9974264705882353 0.13856209150326798 0.005147058823529412 0.013071895424836602
5 0.969281045751634 0.1411764705882353 0.00915032679738562 0.010294117647058823
8 0.969281045751634 0.14080882352941176 0.006535947712418301 0.006617647058823529
8 0.969281045751634 0.1400735294117647 0.00915032679738562 0.008088235294117648
3 0.9156862745098039 0.16029411764705884 0.03006535947712418 0.013235294117647059
3 0.9137254901960783 0.1426470588235294 0.026143790849673203 0.014705882352941176
3 0.9985294117647059 0.1477124183006536 0.0029411764705882353 0.011764705882352941
3 0.9985294117647059 0.15359477124183007 0.0029411764705882353 0.011764705882352941
7 0.9948529411764706 0.269281045751634 0.010294117647058823 0.023529411764705882
3 0.9398692810457516 0.2757352941176471 0.047058823529411764 0.029411764705882353
3 0.9738970588235294 0.4117647058823529 0.05220588235294118 0.06274509803921569
3 0.7411764705882353 0.41544117647058826 0.09411764705882353 0.061764705882352944
5 0.865359477124183 0.3492647058823529 0.023529411764705882 0.026470588235294117
8 0.8647058823529412 0.34191176470588236 0.024836601307189544 0.026470588235294117
4 0.6562091503267973 0.11691176470588235 0.023529411764705882 0.007352941176470588
3 0.6771241830065359 0.11360294117647059 0.03398692810457516 0.008088235294117648
3 0.6830065359477123 0.11875 0.0196078431372549 0.008088235294117648
3 0.6699346405228758 0.12242647058823529 0.03006535947712418 0.008088235294117648
3 0.6261437908496732 0.1349264705882353 0.03660130718954248 0.0125
3 0.6228758169934641 0.14448529411764705 0.03006535947712418 0.0125
3 0.6542483660130719 0.1297794117647059 0.024836601307189544 0.011029411764705883
3 0.5810457516339869 0.16139705882352942 0.03790849673202614 0.015441176470588236
3 0.5594771241830064 0.17058823529411765 0.0392156862745098 0.01764705882352941
5 0.5202614379084968 0.1577205882352941 0.013071895424836602 0.011029411764705883
3 0.48692810457516333 0.17683823529411766 0.07712418300653595 0.016911764705882352
5 0.5052287581699346 0.16875 0.02745098039215686 0.008088235294117648
3 0.5150326797385621 0.19080882352941175 0.044444444444444446 0.016911764705882352
3 0.5078431372549019 0.20147058823529412 0.04836601307189542 0.020588235294117647
3 0.4503267973856209 0.21948529411764706 0.06143790849673203 0.022794117647058822
5 0.41830065359477125 0.20183823529411765 0.01830065359477124 0.008088235294117648
1 0.42418300653594765 0.19779411764705881 0.02745098039215686 0.008823529411764706
3 0.13660130718954247 0.2400735294117647 0.11633986928104574 0.027205882352941177
3 0.20261437908496732 0.275 0.1568627450980392 0.030882352941176472
5 0.3810457516339869 0.2338235294117647 0.01437908496732026 0.014705882352941176
8 0.3437908496732026 0.2363970588235294 0.01045751633986928 0.009558823529411765
9 0.34313725490196073 0.24191176470588235 0.07450980392156863 0.014705882352941176
3 0.07254901960784313 0.37830882352941175 0.14248366013071895 0.05955882352941176
9 0.5490196078431372 0.3522058823529412 0.044444444444444446 0.030882352941176472
8 0.5424836601307189 0.3408088235294118 0.023529411764705882 0.021323529411764706
3 0.6339869281045751 0.21066176470588235 0.047058823529411764 0.021323529411764706