7 0.6777777777777777 0.41323529411764703 0.03790849673202614 0.057352941176470586
7 0.8039215686274509 0.2647058823529412 0.03398692810457516 0.03823529411764706
7 0.8679738562091502 0.1974264705882353 0.02091503267973856 0.03602941176470588
7 0.8895424836601306 0.2051470588235294 0.024836601307189544 0.026470588235294117
7 0.9006535947712418 0.19411764705882353 0.01830065359477124 0.027941176470588237
7 0.9751633986928104 0.04926470588235294 0.01568627450980392 0.022058823529411766
7 0.14248366013071895 0.20294117647058824 0.01568627450980392 0.020588235294117647
7 0.15620915032679739 0.19301470588235295 0.03006535947712418 0.03602941176470588
7 0.1 0.17169117647058824 0.03006535947712418 0.030147058823529412
8 0.7594771241830065 0.2621323529411765 0.02875816993464052 0.03455882352941177
1 0.7915032679738562 0.21911764705882353 0.024836601307189544 0.030882352941176472
1 0.8418300653594771 0.2161764705882353 0.06274509803921569 0.020588235294117647
1 0.8326797385620914 0.20294117647058824 0.044444444444444446 0.020588235294117647
1 0.6986928104575163 0.24485294117647058 0.03790849673202614 0.025
5 0.37712418300653594 0.27426470588235297 0.0457516339869281 0.04264705882352941
5 0.6281045751633987 0.2639705882352941 0.0718954248366013 0.026470588235294117
5 0.7483660130718954 0.27426470588235297 0.022222222222222223 0.030882352941176472
1 0.15751633986928104 0.1698529411764706 0.05620915032679739 0.023529411764705882
7 0.630718954248366 0.2647058823529412 0.022222222222222223 0.04264705882352941