3 0.17124183006535948 0.20625 0.07581699346405228 0.04191176470588235
3 0.64640522875817 0.3011029411764706 0.21045751633986928 0.06985294117647059
3 0.7699346405228757 0.2411764705882353 0.10457516339869281 0.05
3 0.8385620915032679 0.1974264705882353 0.0980392156862745 0.05367647058823529
3 0.6 0.1889705882352941 0.1542483660130719 0.045588235294117645
3 0.5300653594771241 0.21470588235294116 0.15555555555555556 0.04852941176470588
3 0.5065359477124183 0.2691176470588235 0.1895424836601307 0.047058823529411764
3 0.5104575163398692 0.23933823529411766 0.1738562091503268 0.04191176470588235
3 0.38235294117647056 0.2922794117647059 0.18692810457516337 0.05367647058823529
3 0.3379084967320261 0.45625 0.265359477124183 0.07573529411764705
3 0.3078431372549019 0.5191176470588236 0.17908496732026144 0.07647058823529412
3 0.48954248366013065 0.048161764705882355 0.0849673202614379 0.021323529411764706
11 0.6235294117647059 0.15992647058823528 0.09934640522875818 0.030147058823529412
11 0.03713235294117647 0.21568627450980393 0.07426470588235294 0.04183006535947712
11 0.5248366013071895 0.08088235294117647 0.0980392156862745 0.029411764705882353
11 0.6516339869281046 0.07022058823529412 0.07973856209150326 0.02426470588235294
11 0.7640522875816993 0.07757352941176471 0.0980392156862745 0.021323529411764706
11 0.7666666666666666 0.15661764705882353 0.12156862745098038 0.033823529411764704
3 0.7666666666666666 0.13970588235294118 0.12679738562091503 0.025
3 0.09477124183006536 0.43713235294117647 0.18431372549019606 0.0625
3 0.986764705882353 0.10196078431372549 0.026470588235294117 0.0196078431372549
3 0.9588235294117647 0.06139705882352941 0.04836601307189542 0.025735294117647058
7 0.8287581699346405 0.4716911764705882 0.03137254901960784 0.04926470588235294
7 0.8594771241830066 0.4919117647058823 0.032679738562091505 0.04852941176470588
7 0.22941176470588234 0.18198529411764705 0.02745098039215686 0.03602941176470588
7 0.2575163398692811 0.17536764705882352 0.02875816993464052 0.028676470588235293
7 0.5300653594771241 0.14411764705882352 0.01437908496732026 0.025
7 0.5431372549019607 0.1448529411764706 0.01437908496732026 0.022058823529411766
7 0.5679738562091503 0.14448529411764705 0.0196078431372549 0.02426470588235294
8 0.4790849673202614 0.14301470588235293 0.01437908496732026 0.01838235294117647
1 0.4784313725490196 0.15294117647058825 0.03398692810457516 0.014705882352941176
1 0.6699346405228758 0.4088235294117647 0.032679738562091505 0.01911764705882353
8 0.6692810457516339 0.38933823529411765 0.01830065359477124 0.02426470588235294
8 0.6882352941176471 0.3886029411764706 0.01437908496732026 0.028676470588235293