1 0.3032679738562091 0.5503676470588236 0.07581699346405228 0.022794117647058822
5 0.3254901960784313 0.5338235294117647 0.0784313725490196 0.026470588235294117
1 0.3444444444444444 0.5253676470588236 0.0718954248366013 0.027205882352941177
10 0.5424836601307189 0.5139705882352941 0.2065359477124183 0.06323529411764706
11 0.580392156862745 0.4768382352941177 0.1699346405228758 0.04926470588235294
3 0.6366013071895424 0.4113970588235294 0.17777777777777778 0.04485294117647059
3 0.569281045751634 0.3044117647058823 0.11372549019607843 0.075
5 0.6640522875816993 0.29301470588235295 0.03398692810457516 0.019852941176470587
8 0.6581699346405229 0.2889705882352941 0.01699346405228758 0.022058823529411766
3 0.7124183006535947 0.28345588235294117 0.12549019607843137 0.03897058823529412
3 0.7254901960784313 0.25588235294117645 0.10196078431372549 0.027941176470588237
3 0.7823529411764706 0.23455882352941176 0.09281045751633986 0.03529411764705882
5 0.7078431372549019 0.23713235294117646 0.03006535947712418 0.013970588235294118
3 0.7431372549019608 0.2099264705882353 0.10588235294117647 0.022794117647058822
10 0.7058823529411765 0.18676470588235294 0.1411764705882353 0.03529411764705882
3 0.7816993464052288 0.16433823529411765 0.08366013071895424 0.027205882352941177
11 0.7830065359477124 0.14779411764705883 0.07320261437908496 0.027941176470588237
3 0.7895424836601308 0.13455882352941176 0.06797385620915032 0.022058823529411766
3 0.8065359477124183 0.09705882352941177 0.044444444444444446 0.020588235294117647
3 0.8294117647058824 0.08308823529411764 0.05359477124183006 0.014705882352941176
8 0.8058823529411765 0.0849264705882353 0.00915032679738562 0.009558823529411765
5 0.8078431372549019 0.0875 0.023529411764705882 0.008823529411764706
3 0.861437908496732 0.07426470588235294 0.02875816993464052 0.01764705882352941
3 0.822875816993464 0.07058823529411765 0.02745098039215686 0.014705882352941176
10 0.8156862745098039 0.06213235294117647 0.06797385620915032 0.015441176470588236
3 0.8437908496732025 0.05772058823529412 0.0457516339869281 0.013970588235294118
3 0.8339869281045751 0.04852941176470588 0.026143790849673203 0.013235294117647059
3 0.7856209150326796 0.04411764705882353 0.05228758169934641 0.011764705882352941
7 0.9111111111111111 0.06102941176470588 0.00784313725490196 0.013235294117647059
1 0.8797385620915031 0.052573529411764706 0.00784313725490196 0.011029411764705883
8 0.8797385620915031 0.04963235294117647 0.00784313725490196 0.011029411764705883
3 0.7986928104575163 0.033455882352941176 0.044444444444444446 0.009558823529411765
3 0.8411764705882353 0.03125 0.0457516339869281 0.0125
11 0.8516339869281045 0.023529411764705882 0.022222222222222223 0.014705882352941176
3 0.8862745098039215 0.02977941176470588 0.023529411764705882 0.013970588235294118
3 0.8581699346405228 0.020955882352941175 0.04052287581699346 0.011029411764705883
3 0.8130718954248366 0.017279411764705883 0.04183006535947712 0.0125
3 0.8607843137254901 0.014338235294117646 0.022222222222222223 0.009558823529411765
3 0.8620915032679738 0.010294117647058823 0.01699346405228758 0.008823529411764706
3 0.8784313725490195 0.008088235294117648 0.02875816993464052 0.010294117647058823
3 0.8816176470588235 0.0032679738562091504 0.03235294117647059 0.006535947712418301
3 0.969281045751634 0.16727941176470587 0.04052287581699346 0.022794117647058822
10 0.903267973856209 0.13308823529411765 0.05490196078431372 0.04264705882352941
3 0.9562091503267973 0.0900735294117647 0.03006535947712418 0.01838235294117647
3 0.9959558823529412 0.060784313725490195 0.008088235294117648 0.01437908496732026
3 0.9974264705882353 0.045098039215686274 0.005147058823529412 0.01437908496732026
3 0.9875 0.02287581699346405 0.025 0.01045751633986928
7 0.9718954248366012 0.022794117647058822 0.006535947712418301 0.010294117647058823
7 0.9679738562091502 0.022794117647058822 0.006535947712418301 0.010294117647058823
3 0.9933823529411765 0.016339869281045753 0.013235294117647059 0.00784313725490196
3 0.9897058823529412 0.013071895424836602 0.020588235294117647 0.009150326797385621
3 0.9816176470588235 0.011111111111111112 0.03676470588235294 0.01045751633986928
3 0.986764705882353 0.00849673202614379 0.026470588235294117 0.01045751633986928