4 0.7104575163398692 0.09558823529411764 0.09542483660130718 0.039705882352941174
10 0.6934640522875817 0.12095588235294118 0.0196078431372549 0.009558823529411765
11 0.64640522875817 0.1588235294117647 0.024836601307189544 0.014705882352941176
3 0.6901960784313725 0.18198529411764705 0.03137254901960784 0.015441176470588236
11 0.6071895424836601 0.22279411764705884 0.0457516339869281 0.026470588235294117
3 0.6084967320261437 0.20845588235294119 0.03790849673202614 0.01838235294117647
3 0.7496732026143791 0.15955882352941175 0.022222222222222223 0.013235294117647059
3 0.7405228758169935 0.1514705882352941 0.0196078431372549 0.010294117647058823
3 0.7562091503267974 0.14411764705882352 0.0196078431372549 0.008823529411764706
9 0.7509803921568627 0.1323529411764706 0.00915032679738562 0.007352941176470588
10 0.7679738562091503 0.12573529411764706 0.01437908496732026 0.004411764705882353
3 0.7699346405228757 0.12941176470588237 0.013071895424836602 0.007352941176470588
3 0.780392156862745 0.1338235294117647 0.01568627450980392 0.007352941176470588
11 0.7869281045751634 0.1386029411764706 0.01568627450980392 0.011029411764705883
3 0.7928104575163398 0.14411764705882352 0.01699346405228758 0.008823529411764706
3 0.7993464052287581 0.1474264705882353 0.0196078431372549 0.009558823529411765
3 0.8130718954248366 0.1547794117647059 0.026143790849673203 0.011029411764705883
3 0.822875816993464 0.16286764705882353 0.02745098039215686 0.009558823529411765
3 0.8274509803921568 0.16911764705882354 0.023529411764705882 0.010294117647058823
9 0.8006535947712419 0.1698529411764706 0.022222222222222223 0.013235294117647059
3 0.7732026143790849 0.18786764705882353 0.03006535947712418 0.016911764705882352
3 0.872549019607843 0.19411764705882353 0.03790849673202614 0.01764705882352941
8 0.7869281045751634 0.20588235294117646 0.013071895424836602 0.007352941176470588
9 0.7869281045751634 0.2139705882352941 0.03137254901960784 0.01764705882352941
4 0.550326797385621 0.10735294117647058 0.06013071895424836 0.016176470588235296
3 0.8483660130718953 0.11801470588235294 0.026143790849673203 0.006617647058823529
3 0.9424836601307188 0.1463235294117647 0.047058823529411764 0.010294117647058823
11 0.461437908496732 0.1375 0.026143790849673203 0.013235294117647059
11 0.430718954248366 0.12794117647058822 0.01699346405228758 0.010294117647058823
3 0.43464052287581695 0.14558823529411766 0.024836601307189544 0.010294117647058823
9 0.42026143790849674 0.15220588235294116 0.04052287581699346 0.011764705882352941
3 0.38235294117647056 0.1610294117647059 0.02745098039215686 0.010294117647058823
3 0.3633986928104575 0.16544117647058823 0.03660130718954248 0.010294117647058823
3 0.3509803921568627 0.15845588235294117 0.03006535947712418 0.011029411764705883
3 0.3549019607843137 0.17169117647058824 0.03529411764705882 0.0125
3 0.3084967320261438 0.15661764705882353 0.03137254901960784 0.011764705882352941
3 0.2241830065359477 0.18235294117647058 0.07712418300653595 0.013235294117647059
3 0.13790849673202613 0.19595588235294117 0.08758169934640522 0.016911764705882352
7 0.2235294117647059 0.2 0.013071895424836602 0.014705882352941176
7 0.21437908496732025 0.19963235294117648 0.00784313725490196 0.013970588235294118
7 0.20849673202614377 0.19816176470588234 0.011764705882352941 0.016911764705882352
7 0.17320261437908496 0.2099264705882353 0.011764705882352941 0.015441176470588236
7 0.161437908496732 0.21066176470588235 0.011764705882352941 0.01838235294117647
7 0.14640522875816991 0.2202205882352941 0.01568627450980392 0.016911764705882352
7 0.1326797385620915 0.21801470588235294 0.011764705882352941 0.01838235294117647
3 0.0699346405228758 0.22058823529411764 0.06928104575163398 0.01911764705882353
11 0.03786764705882353 0.22418300653594772 0.07573529411764705 0.022222222222222223
5 0.05032679738562092 0.23823529411764705 0.04836601307189542 0.013235294117647059
5 0.0125 0.2437908496732026 0.025 0.01437908496732026
7 0.04248366013071895 0.2529411764705882 0.011764705882352941 0.016176470588235296
3 0.07254901960784313 0.2926470588235294 0.10326797385620914 0.041176470588235294
3 0.13202614379084968 0.2577205882352941 0.0915032679738562 0.03161764705882353
9 0.21111111111111108 0.23602941176470588 0.043137254901960784 0.023529411764705882
7 0.23529411764705882 0.21911764705882353 0.01045751633986928 0.01911764705882353
7 0.2437908496732026 0.22095588235294117 0.00915032679738562 0.015441176470588236
7 0.2522875816993464 0.2213235294117647 0.013071895424836602 0.01911764705882353
3 0.4111111111111111 0.17977941176470588 0.07450980392156863 0.0125
3 0.4117647058823529 0.1875 0.07320261437908496 0.016176470588235296
7 0.380392156862745 0.19375 0.08104575163398692 0.01838235294117647
7 0.4248366013071895 0.2011029411764706 0.01045751633986928 0.015441176470588236
7 0.43725490196078426 0.1988970588235294 0.006535947712418301 0.015441176470588236
7 0.4450980392156862 0.2036764705882353 0.00915032679738562 0.010294117647058823
7 0.3784313725490196 0.21801470588235294 0.011764705882352941 0.01838235294117647
7 0.3196078431372549 0.26433823529411765 0.022222222222222223 0.027205882352941177
7 0.3411764705882353 0.2595588235294118 0.01568627450980392 0.023529411764705882
7 0.3549019607843137 0.2584558823529412 0.01437908496732026 0.022794117647058822
7 0.37058823529411766 0.24080882352941177 0.01437908496732026 0.022794117647058822
7 0.3934640522875817 0.2400735294117647 0.013071895424836602 0.022794117647058822
7 0.4091503267973856 0.2400735294117647 0.01830065359477124 0.022794117647058822
3 0.4248366013071895 0.22389705882352942 0.06013071895424836 0.022794117647058822
7 0.3679738562091503 0.2613970588235294 0.01437908496732026 0.02426470588235294
7 0.3758169934640523 0.2621323529411765 0.01437908496732026 0.022794117647058822
7 0.3954248366013071 0.25919117647058826 0.01699346405228758 0.022794117647058822
7 0.43464052287581695 0.2746323529411765 0.01437908496732026 0.021323529411764706
7 0.4483660130718954 0.2757352941176471 0.01568627450980392 0.022058823529411766
3 0.13660130718954247 0.3650735294117647 0.21045751633986928 0.11102941176470588
3 0.5516339869281045 0.39926470588235297 0.10980392156862744 0.08088235294117647
3 0.7111111111111111 0.36911764705882355 0.08627450980392157 0.057352941176470586
3 0.7045751633986927 0.3014705882352941 0.06797385620915032 0.04411764705882353
7 0.7653594771241831 0.27941176470588236 0.0196078431372549 0.029411764705882353
7 0.5967320261437908 0.2849264705882353 0.00915032679738562 0.016911764705882352
7 0.6045751633986928 0.2801470588235294 0.01437908496732026 0.026470588235294117
11 0.5725490196078431 0.27683823529411766 0.08627450980392157 0.04338235294117647
3 0.6084967320261437 0.22426470588235295 0.0457516339869281 0.023529411764705882
3 0.6104575163398692 0.20919117647058824 0.0392156862745098 0.01838235294117647
3 0.6908496732026144 0.18235294117647058 0.03529411764705882 0.01764705882352941
4 0.6758169934640522 0.09044117647058823 0.13594771241830064 0.033823529411764704
3 0.5712418300653594 0.10441176470588236 0.01568627450980392 0.0058823529411764705
3 0.5647058823529412 0.10588235294117647 0.01568627450980392 0.0058823529411764705
3 0.5575163398692811 0.10772058823529412 0.0196078431372549 0.006617647058823529
11 0.47450980392156855 0.11948529411764706 0.023529411764705882 0.008088235294117648
11 0.4300653594771241 0.1275735294117647 0.01830065359477124 0.009558823529411765
11 0.46013071895424834 0.1375 0.026143790849673203 0.013235294117647059
3 0.43464052287581695 0.1448529411764706 0.024836601307189544 0.008823529411764706
0 0.42091503267973857 0.15330882352941178 0.0392156862745098 0.0125
3 0.3836601307189542 0.15955882352941175 0.032679738562091505 0.010294117647058823
3 0.6 0.12058823529411765 0.01045751633986928 0.0058823529411764705
3 0.5901960784313726 0.12610294117647058 0.011764705882352941 0.006617647058823529
11 0.5816993464052287 0.12904411764705884 0.01568627450980392 0.009558823529411765
3 0.5745098039215686 0.13529411764705881 0.022222222222222223 0.008823529411764706
10 0.6934640522875817 0.12095588235294118 0.0196078431372549 0.011029411764705883
11 0.64640522875817 0.15919117647058822 0.022222222222222223 0.015441176470588236
10 0.7503267973856208 0.11433823529411764 0.01568627450980392 0.006617647058823529
3 0.7692810457516339 0.12573529411764706 0.01437908496732026 0.007352941176470588
3 0.7699346405228757 0.1297794117647059 0.01568627450980392 0.008088235294117648
3 0.7790849673202613 0.13455882352941176 0.01568627450980392 0.008823529411764706
11 0.788235294117647 0.13823529411764707 0.01830065359477124 0.010294117647058823
3 0.7941176470588235 0.14411764705882352 0.01699346405228758 0.008823529411764706
3 0.8 0.1474264705882353 0.01830065359477124 0.008088235294117648
3 0.8130718954248366 0.1547794117647059 0.023529411764705882 0.011029411764705883
3 0.822875816993464 0.16323529411764706 0.024836601307189544 0.010294117647058823
3 0.826797385620915 0.1698529411764706 0.024836601307189544 0.011764705882352941
0 0.8019607843137254 0.16948529411764707 0.0196078431372549 0.015441176470588236
9 0.7503267973856208 0.13161764705882353 0.00784313725490196 0.0058823529411764705
3 0.757516339869281 0.14338235294117646 0.01699346405228758 0.008823529411764706
3 0.7405228758169935 0.15036764705882352 0.022222222222222223 0.009558823529411765
3 0.7503267973856208 0.15919117647058822 0.023529411764705882 0.0125
3 0.7725490196078431 0.1875 0.03137254901960784 0.016176470588235296
3 0.872549019607843 0.19411764705882353 0.04052287581699346 0.01764705882352941
3 0.8091503267973855 0.25477941176470587 0.05228758169934641 0.02426470588235294
8 0.7993464052287581 0.26544117647058824 0.01437908496732026 0.022058823529411766
5 0.7986928104575163 0.27242647058823527 0.03137254901960784 0.015441176470588236
8 0.8261437908496732 0.22058823529411764 0.013071895424836602 0.010294117647058823
8 0.8254901960784312 0.21764705882352942 0.011764705882352941 0.013235294117647059
5 0.822875816993464 0.22426470588235295 0.011764705882352941 0.011764705882352941
8 0.8398692810457516 0.23125 0.011764705882352941 0.013970588235294118
5 0.8392156862745097 0.2375 0.01045751633986928 0.011764705882352941
8 0.8633986928104574 0.21176470588235294 0.00915032679738562 0.008823529411764706
9 0.8568627450980392 0.21691176470588236 0.03790849673202614 0.013235294117647059
3 0.8784313725490195 0.23161764705882354 0.06013071895424836 0.020588235294117647
3 0.90718954248366 0.22242647058823528 0.03660130718954248 0.01838235294117647
3 0.9457516339869281 0.2452205882352941 0.0457516339869281 0.022794117647058822
3 0.9483660130718953 0.16654411764705881 0.032679738562091505 0.011029411764705883
3 0.9882352941176471 0.2934640522875817 0.023529411764705882 0.03137254901960784
7 0.9889705882352942 0.3281045751633987 0.022058823529411766 0.03398692810457516
8 1 0.3326797385620915 0 0.01568627450980392
1 0.9992647058823529 0.33986928104575165 0.0014705882352941176 0.01437908496732026