3 0.9338235294117647 0.37712418300653594 0.1323529411764706 0.08758169934640522
3 0.8464052287581699 0.2525735294117647 0.07450980392156863 0.04485294117647059
3 0.6673202614379085 0.3985294117647059 0.11895424836601307 0.09411764705882353
3 0.8464052287581699 0.18382352941176472 0.058823529411764705 0.03676470588235294
3 0.8594771241830066 0.15441176470588236 0.04836601307189542 0.027941176470588237
3 0.8509803921568627 0.1125 0.03398692810457516 0.014705882352941176
3 0.8457516339869281 0.09926470588235294 0.03398692810457516 0.014705882352941176
3 0.8477124183006536 0.09117647058823529 0.02745098039215686 0.014705882352941176
3 0.8437908496732025 0.0849264705882353 0.02745098039215686 0.013970588235294118
3 0.837908496732026 0.07573529411764705 0.02875816993464052 0.014705882352941176
3 0.892156862745098 0.06764705882352941 0.024836601307189544 0.011764705882352941
3 0.9026143790849672 0.05661764705882353 0.024836601307189544 0.011764705882352941
3 0.9352941176470588 0.07720588235294118 0.024836601307189544 0.011764705882352941
3 0.9529411764705882 0.10808823529411765 0.03137254901960784 0.016176470588235296
3 0.5392156862745098 0.16029411764705884 0.06928104575163398 0.026470588235294117
3 0.8777777777777777 0.047058823529411764 0.01437908496732026 0.008823529411764706
11 0.25882352941176473 0.24191176470588235 0.1568627450980392 0.05588235294117647
11 0.8424836601307188 0.04154411764705882 0.01437908496732026 0.009558823529411765
11 0.8450980392156863 0.03419117647058824 0.01437908496732026 0.009558823529411765
4 0.8549019607843136 0.013602941176470588 0.08366013071895424 0.025735294117647058
3 0.8013071895424837 0.04485294117647059 0.01568627450980392 0.007352941176470588
3 0.8045751633986927 0.033823529411764704 0.01699346405228758 0.008823529411764706
3 0.8294117647058824 0.031985294117647056 0.01699346405228758 0.006617647058823529
3 0.569281045751634 0.12941176470588237 0.0457516339869281 0.023529411764705882
3 0.6098039215686274 0.10183823529411765 0.06666666666666667 0.013970588235294118
3 0.65359477124183 0.08198529411764706 0.0392156862745098 0.013970588235294118
4 0.23006535947712417 0.14816176470588235 0.13071895424836602 0.03455882352941177
4 0.08888888888888889 0.1738970588235294 0.11503267973856209 0.04779411764705882
11 0.06797385620915032 0.27058823529411763 0.0784313725490196 0.041176470588235294
5 0.11111111111111112 0.22941176470588234 0.03137254901960784 0.029411764705882353
5 0.1588235294117647 0.21102941176470588 0.04052287581699346 0.01911764705882353
5 0.08758169934640522 0.20698529411764705 0.04967320261437909 0.015441176470588236
5 0.0699346405228758 0.22169117647058822 0.04052287581699346 0.019852941176470587
5 0.02875816993464052 0.21948529411764706 0.026143790849673203 0.022794117647058822
5 0.01437908496732026 0.19338235294117648 0.026143790849673203 0.022058823529411766
5 0.2261437908496732 0.17463235294117646 0.03660130718954248 0.015441176470588236
5 0.39803921568627443 0.22794117647058823 0.0457516339869281 0.01764705882352941
7 0.3261437908496732 0.19375 0.024836601307189544 0.028676470588235293
7 0.37385620915032675 0.19117647058823528 0.026143790849673203 0.030882352941176472
7 0.45947712418300646 0.17647058823529413 0.01699346405228758 0.025
7 0.42418300653594765 0.1761029411764706 0.01699346405228758 0.025735294117647058
5 0.48562091503267973 0.13676470588235295 0.022222222222222223 0.016176470588235296
1 0.3183006535947712 0.25882352941176473 0.06143790849673203 0.020588235294117647
7 0.27647058823529413 0.1988970588235294 0.024836601307189544 0.028676470588235293
7 0.041176470588235294 0.3411764705882353 0.06143790849673203 0.041176470588235294
1 0.09084967320261438 0.24411764705882352 0.05620915032679739 0.020588235294117647
7 0.3196078431372549 0.2474264705882353 0.032679738562091505 0.030147058823529412
7 0.3954248366013071 0.22463235294117648 0.032679738562091505 0.030147058823529412
7 0.5934640522875817 0.15992647058823528 0.013071895424836602 0.015441176470588236
5 0.5941176470588235 0.1676470588235294 0.0196078431372549 0.013235294117647059
9 0.373202614379085 0.15808823529411764 0.08235294117647059 0.030882352941176472
0 0.26666666666666666 0.18786764705882353 0.08888888888888889 0.030147058823529412
4 0.2986928104575163 0.11875 0.03790849673202614 0.022794117647058822
4 0.3503267973856209 0.09669117647058824 0.05490196078431372 0.025735294117647058
7 0.43529411764705883 0.17022058823529412 0.01568627450980392 0.02426470588235294
7 0.4326797385620915 0.15919117647058822 0.013071895424836602 0.01838235294117647
7 0.42549019607843136 0.15110294117647058 0.00915032679738562 0.019852941176470587
7 0.418954248366013 0.14338235294117646 0.01699346405228758 0.020588235294117647
7 0.4065359477124183 0.10919117647058824 0.013071895424836602 0.0125
5 0.40718954248366007 0.1150735294117647 0.01437908496732026 0.013970588235294118
3 0.861437908496732 0.02977941176470588 0.013071895424836602 0.005147058823529412
3 0.8901960784313724 0.03051470588235294 0.013071895424836602 0.006617647058823529
8 0.5941176470588235 0.5080882352941176 0.18169934640522875 0.10735294117647058
5 0.5287581699346405 0.41691176470588237 0.0457516339869281 0.06323529411764706
7 0.5379084967320261 0.40845588235294117 0.050980392156862744 0.04632352941176471