3 0.9511029411764705 0.515686274509804 0.09779411764705882 0.08627450980392157
3 0.1633986928104575 0.4213235294117647 0.1411764705882353 0.07352941176470588
3 0.3581699346405229 0.31176470588235294 0.09934640522875818 0.03676470588235294
5 0.09019607843137255 0.3875 0.05751633986928104 0.020588235294117647
5 0.058823529411764705 0.37463235294117647 0.05228758169934641 0.021323529411764706
5 0.08300653594771241 0.37279411764705883 0.06143790849673203 0.014705882352941176
7 0.4261437908496732 0.36176470588235293 0.023529411764705882 0.03235294117647059
7 0.4712418300653594 0.26544117647058824 0.01699346405228758 0.026470588235294117
7 0.48823529411764705 0.26948529411764705 0.01437908496732026 0.02426470588235294
3 0.32941176470588235 0.26580882352941176 0.11503267973856209 0.027205882352941177
3 0.42026143790849674 0.23125 0.09542483660130718 0.019852941176470587
3 0.5424836601307189 0.21286764705882352 0.06013071895424836 0.03161764705882353
7 0.5882352941176471 0.21323529411764705 0.013071895424836602 0.020588235294117647
7 0.5921568627450979 0.19779411764705881 0.01830065359477124 0.01764705882352941
7 0.611764705882353 0.19816176470588234 0.013071895424836602 0.019852941176470587
3 0.5450980392156862 0.1713235294117647 0.06274509803921569 0.01764705882352941
3 0.7091503267973855 0.1213235294117647 0.022222222222222223 0.010294117647058823
3 0.7235294117647059 0.11323529411764706 0.024836601307189544 0.011764705882352941
3 0.7450980392156862 0.10220588235294117 0.01830065359477124 0.010294117647058823
3 0.7261437908496732 0.09963235294117648 0.022222222222222223 0.009558823529411765
3 0.7777777777777778 0.09595588235294118 0.02091503267973856 0.008088235294117648
3 0.7666666666666666 0.08713235294117647 0.01437908496732026 0.008088235294117648
3 0.7823529411764706 0.08198529411764706 0.01437908496732026 0.006617647058823529
11 0.7915032679738562 0.07683823529411765 0.011764705882352941 0.008088235294117648
3 0.8065359477124183 0.06875 0.01045751633986928 0.005147058823529412
4 0.8901960784313724 0.03161764705882353 0.03398692810457516 0.01764705882352941
4 0.8849673202614378 0.052573529411764706 0.07058823529411765 0.021323529411764706
3 0.8431372549019607 0.075 0.01045751633986928 0.0058823529411764705
3 0.8601307189542482 0.07463235294117647 0.01045751633986928 0.006617647058823529
3 0.8627450980392156 0.08566176470588235 0.013071895424836602 0.006617647058823529
11 0.8777777777777777 0.06911764705882353 0.00915032679738562 0.008823529411764706
11 0.8679738562091502 0.08088235294117647 0.01045751633986928 0.008823529411764706
3 0.8633986928104574 0.06691176470588235 0.00915032679738562 0.004411764705882353
3 0.8986928104575163 0.07426470588235294 0.011764705882352941 0.007352941176470588
3 0.9130718954248365 0.07647058823529412 0.011764705882352941 0.007352941176470588
3 0.8986928104575163 0.06691176470588235 0.011764705882352941 0.004411764705882353
3 0.896078431372549 0.09485294117647058 0.01437908496732026 0.007352941176470588
3 0.8124183006535948 0.10441176470588236 0.0196078431372549 0.008823529411764706
3 0.8183006535947712 0.10036764705882353 0.01830065359477124 0.009558823529411765
3 0.8457516339869281 0.11029411764705882 0.02091503267973856 0.010294117647058823
11 0.8509803921568627 0.1213235294117647 0.02091503267973856 0.014705882352941176
3 0.892156862745098 0.11360294117647059 0.0196078431372549 0.011029411764705883
3 0.8928104575163398 0.10698529411764705 0.01830065359477124 0.009558823529411765
3 0.922875816993464 0.12022058823529412 0.02091503267973856 0.011029411764705883
3 0.9516339869281045 0.10845588235294118 0.02091503267973856 0.011029411764705883
3 0.9450980392156862 0.09816176470588235 0.01830065359477124 0.008088235294117648
3 0.9392156862745098 0.09411764705882353 0.01437908496732026 0.007352941176470588
3 0.9549019607843137 0.1213235294117647 0.022222222222222223 0.010294117647058823
3 0.896078431372549 0.13676470588235295 0.024836601307189544 0.013235294117647059
3 0.969281045751634 0.1386029411764706 0.024836601307189544 0.0125
3 0.9019607843137254 0.16397058823529412 0.03137254901960784 0.016176470588235296
3 0.903267973856209 0.1948529411764706 0.03398692810457516 0.01911764705882353
3 0.9209150326797385 0.2301470588235294 0.0457516339869281 0.025
4 0.9779411764705882 0.07058823529411765 0.04411764705882353 0.0196078431372549
4 0.9568627450980391 0.05073529411764706 0.026143790849673203 0.016176470588235296
5 0.9627450980392156 0.19375 0.006535947712418301 0.011029411764705883
8 0.9633986928104574 0.18823529411764706 0.00784313725490196 0.011764705882352941
7 0.9974264705882353 0.1738562091503268 0.005147058823529412 0.01437908496732026
7 0.9941176470588236 0.1724264705882353 0.006535947712418301 0.015441176470588236
7 0.7549019607843136 0.15992647058823528 0.01437908496732026 0.013970588235294118
5 0.7581699346405228 0.16213235294117648 0.00784313725490196 0.011029411764705883
5 0.7666666666666666 0.14448529411764705 0.00915032679738562 0.008088235294117648
8 0.7673202614379084 0.14227941176470588 0.01045751633986928 0.011029411764705883
8 0.8032679738562091 0.11911764705882352 0.006535947712418301 0.007352941176470588
5 0.8026143790849672 0.12242647058823529 0.00784313725490196 0.008088235294117648
7 0.9013071895424836 0.10073529411764706 0.006535947712418301 0.008823529411764706
7 0.9084967320261437 0.10110294117647059 0.00784313725490196 0.009558823529411765
7 0.9235294117647059 0.09926470588235294 0.006535947712418301 0.008823529411764706
5 0.9274509803921568 0.0849264705882353 0.006535947712418301 0.006617647058823529
8 0.9274509803921568 0.08308823529411764 0.006535947712418301 0.004411764705882353
8 0.9117647058823529 0.08455882352941177 0.006535947712418301 0.004411764705882353
5 0.9124183006535947 0.0875 0.00784313725490196 0.004411764705882353
3 0.7568627450980392 0.2977941176470588 0.08104575163398692 0.03676470588235294
3 0.9065359477124183 0.3044117647058823 0.05359477124183006 0.03529411764705882
4 0.9900735294117647 0.0934640522875817 0.019852941176470587 0.023529411764705882