3 0.9779411764705882 0.2549019607843137 0.04411764705882353 0.0457516339869281
3 1 0.19934640522875818 0 0.0457516339869281
3 0.9621323529411765 0.1588235294117647 0.07573529411764705 0.03790849673202614
3 0.9633986928104574 0.12426470588235294 0.06274509803921569 0.03676470588235294
3 0.9196078431372547 0.06911764705882353 0.058823529411764705 0.029411764705882353
3 0.8941176470588236 0.04338235294117647 0.05490196078431372 0.026470588235294117
5 0.8895424836601306 0.11360294117647059 0.01699346405228758 0.022794117647058822
8 0.8901960784313724 0.11176470588235295 0.01568627450980392 0.013235294117647059
8 0.8875816993464052 0.10882352941176471 0.01830065359477124 0.020588235294117647
3 0.9419117647058823 0.00849673202614379 0.09558823529411764 0.01699346405228758
3 0.7248366013071895 0.012867647058823529 0.043137254901960784 0.022794117647058822
3 0.7287581699346405 0.03455882352941177 0.04052287581699346 0.025
3 0.7450980392156862 0.059926470588235296 0.04967320261437909 0.028676470588235293
3 0.7529411764705882 0.1036764705882353 0.04967320261437909 0.03235294117647059
3 0.7725490196078431 0.1400735294117647 0.06013071895424836 0.03897058823529412
3 0.8124183006535948 0.1948529411764706 0.0718954248366013 0.04852941176470588
7 0.8326797385620914 0.22647058823529412 0.023529411764705882 0.03235294117647059
7 0.8222222222222222 0.23455882352941176 0.026143790849673203 0.03235294117647059
3 0.8006535947712419 0.3463235294117647 0.18431372549019606 0.0661764705882353
3 0.43970588235294117 0.01241830065359477 0.09044117647058823 0.02483660130718954
7 0.3947712418300654 0.025 0.013071895424836602 0.023529411764705882
7 0.40326797385620916 0.03308823529411765 0.00915032679738562 0.013235294117647059
7 0.38823529411764707 0.029411764705882353 0.01830065359477124 0.020588235294117647
7 0.38169934640522873 0.022058823529411766 0.01568627450980392 0.020588235294117647
3 0.503921568627451 0.03455882352941177 0.043137254901960784 0.026470588235294117
3 0.4973856209150327 0.057352941176470586 0.050980392156862744 0.03529411764705882
3 0.48823529411764705 0.08602941176470588 0.050980392156862744 0.03676470588235294
3 0.4823529411764706 0.13161764705882353 0.06274509803921569 0.045588235294117645
3 0.4699346405228758 0.17904411764705883 0.06405228758169934 0.04926470588235294
3 0.4588235294117647 0.225 0.07581699346405228 0.06470588235294118
3 0.43725490196078426 0.30772058823529413 0.08758169934640522 0.07279411764705883
3 0.41830065359477125 0.3911764705882353 0.10980392156862744 0.10735294117647058
3 0.3875816993464052 0.5194852941176471 0.12679738562091503 0.08455882352941177
5 0.27385620915032677 0.3845588235294118 0.032679738562091505 0.03529411764705882
7 0.3568627450980392 0.32316176470588237 0.02875816993464052 0.03602941176470588
5 0.34901960784313724 0.2665441176470588 0.05751633986928104 0.021323529411764706
5 0.25163398692810457 0.2551470588235294 0.02745098039215686 0.027941176470588237
5 0.40065359477124185 0.09926470588235294 0.043137254901960784 0.013235294117647059
5 0.34967320261437906 0.09522058823529411 0.02745098039215686 0.01838235294117647
7 0.3477124183006536 0.12794117647058822 0.02091503267973856 0.023529411764705882
7 0.3130718954248366 0.15661764705882353 0.01699346405228758 0.025
5 0.3176470588235294 0.14338235294117646 0.02091503267973856 0.01911764705882353