3 0.9418300653594771 0.2772058823529412 0.03006535947712418 0.03676470588235294
3 0.9307189542483659 0.1610294117647059 0.02875816993464052 0.03529411764705882
3 0.8581699346405228 0.13786764705882354 0.02745098039215686 0.03602941176470588
1 0.9398692810457516 0.09705882352941177 0.00784313725490196 0.014705882352941176
8 0.9392156862745098 0.0974264705882353 0.00915032679738562 0.005147058823529412
3 0.8581699346405228 0.5047794117647059 0.032679738562091505 0.03897058823529412
5 0.9065359477124183 0.3327205882352941 0.00915032679738562 0.013970588235294118
8 0.90718954248366 0.33125 0.01045751633986928 0.006617647058823529
3 0.6098039215686274 0.4621323529411765 0.024836601307189544 0.03897058823529412
3 0.6065359477124183 0.40808823529411764 0.026143790849673203 0.03676470588235294
3 0.10392156862745097 0.5290441176470588 0.06928104575163398 0.015441176470588236
3 0.3633986928104575 0.2349264705882353 0.03398692810457516 0.03161764705882353
3 0.1503267973856209 0.21213235294117647 0.07320261437908496 0.01838235294117647
11 0.10588235294117647 0.18308823529411763 0.06013071895424836 0.016176470588235296
3 0.19281045751633988 0.14301470588235293 0.032679738562091505 0.03308823529411765
3 0.40784313725490196 0.14963235294117647 0.0392156862745098 0.03897058823529412
11 0.615032679738562 0.26066176470588237 0.032679738562091505 0.04632352941176471
4 0.06405228758169934 0.39338235294117646 0.04967320261437909 0.01764705882352941
5 0.7372549019607842 0.01875 0.00784313725490196 0.008088235294117648
8 0.7379084967320262 0.016544117647058824 0.00915032679738562 0.008088235294117648