3 0.17685185185185184 0.4552083333333333 0.3055555555555555 0.09583333333333334
3 0.6287037037037037 0.31197916666666664 0.07222222222222222 0.04895833333333333
3 0.6324074074074074 0.2598958333333333 0.06111111111111111 0.036458333333333336
3 0.8259259259259258 0.30364583333333334 0.0962962962962963 0.040625
3 0.9677083333333333 0.40555555555555556 0.06458333333333334 0.06666666666666667
3 0.7277777777777777 0.22083333333333333 0.05555555555555555 0.025
3 0.7083333333333334 0.19114583333333332 0.046296296296296294 0.023958333333333335
3 0.6296296296296297 0.23125 0.05555555555555555 0.03333333333333333
3 0.6425925925925925 0.20677083333333332 0.05555555555555555 0.030208333333333334
3 0.6194444444444444 0.190625 0.05 0.027083333333333334
3 0.637962962962963 0.17864583333333334 0.03888888888888888 0.021875
3 0.6314814814814814 0.16458333333333333 0.03703703703703704 0.020833333333333332
3 0.6361111111111111 0.15416666666666667 0.03888888888888888 0.0125
3 0.6314814814814814 0.10729166666666666 0.02222222222222222 0.0125
3 0.65 0.0859375 0.014814814814814814 0.007291666666666667
3 0.6453703703703704 0.08020833333333334 0.01296296296296296 0.010416666666666666
3 0.8138888888888888 0.19166666666666668 0.04259259259259259 0.020833333333333332
3 0.9388888888888888 0.20260416666666667 0.07037037037037037 0.019791666666666666
8 0.21296296296296294 0.2838541666666667 0.02592592592592592 0.021875
8 0.24907407407407406 0.28125 0.027777777777777776 0.022916666666666665
7 0.2787037037037037 0.24375 0.02037037037037037 0.025
7 0.4972222222222222 0.32083333333333336 0.024074074074074074 0.029166666666666667
7 0.4351851851851852 0.2890625 0.02592592592592592 0.023958333333333335
7 0.5537037037037037 0.19114583333333332 0.014814814814814814 0.015625
7 0.5305555555555556 0.17864583333333334 0.01296296296296296 0.011458333333333333
7 0.5546296296296297 0.18020833333333333 0.01296296296296296 0.014583333333333334
7 0.5675925925925926 0.16927083333333334 0.01296296296296296 0.011458333333333333
7 0.5351851851851851 0.16875 0.01111111111111111 0.014583333333333334
7 0.7861111111111111 0.2635416666666667 0.016666666666666666 0.020833333333333332
7 0.8 0.2453125 0.01851851851851852 0.019791666666666666
7 0.812962962962963 0.225 0.01851851851851852 0.014583333333333334
7 0.7925925925925925 0.209375 0.01851851851851852 0.014583333333333334
7 0.8481481481481481 0.20833333333333334 0.02222222222222222 0.016666666666666666
7 0.836111111111111 0.20416666666666666 0.01296296296296296 0.016666666666666666
7 0.8259259259259258 0.20364583333333333 0.01111111111111111 0.013541666666666667
7 0.8944444444444444 0.2109375 0.014814814814814814 0.021875
7 0.9814814814814814 0.43854166666666666 0.03703703703703704 0.04583333333333333
7 0.7379629629629629 0.15989583333333332 0.01296296296296296 0.011458333333333333
7 0.7092592592592591 0.15052083333333333 0.01111111111111111 0.013541666666666667
4 0.6277777777777778 0.0859375 0.01111111111111111 0.023958333333333335
7 0.6037037037037037 0.1515625 0.01111111111111111 0.011458333333333333
5 0.4351851851851852 0.2989583333333333 0.029629629629629627 0.025
5 0.4972222222222222 0.32916666666666666 0.027777777777777776 0.03125
5 0.9796296296296295 0.4505208333333333 0.03703703703703704 0.04479166666666667
5 0.7851851851851851 0.2708333333333333 0.02592592592592592 0.022916666666666665
5 0.8009259259259258 0.25 0.024074074074074074 0.01875
5 0.812037037037037 0.22916666666666666 0.02037037037037037 0.01875
5 0.7925925925925925 0.2125 0.02222222222222222 0.014583333333333334
5 0.8351851851851851 0.20885416666666667 0.029629629629629627 0.011458333333333333
5 0.9953125 0.27314814814814814 0.009375 0.022222222222222223
5 0.7388888888888888 0.16197916666666667 0.014814814814814814 0.009375
5 0.7092592592592591 0.153125 0.01111111111111111 0.010416666666666666
5 0.7537037037037037 0.18177083333333333 0.014814814814814814 0.013541666666666667
7 0.7537037037037037 0.17916666666666667 0.01111111111111111 0.010416666666666666
7 0.7537037037037037 0.17708333333333334 0.014814814814814814 0.014583333333333334
3 0.7731481481481481 0.15520833333333334 0.027777777777777776 0.016666666666666666
5 0.5824074074074074 0.16458333333333333 0.016666666666666666 0.01875
3 0.6722222222222222 0.11145833333333334 0.01851851851851852 0.010416666666666666
4 0.6 0.10208333333333333 0.029629629629629627 0.016666666666666666
4 0.675 0.09322916666666667 0.027777777777777776 0.017708333333333333
5 0.8462962962962962 0.21614583333333334 0.01851851851851852 0.017708333333333333
5 0.862037037037037 0.221875 0.02037037037037037 0.020833333333333332
9 0.8703703703703703 0.23541666666666666 0.03703703703703704 0.029166666666666667
5 0.9287037037037037 0.2375 0.03888888888888888 0.014583333333333334
5 0.9731481481481481 0.23541666666666666 0.04259259259259259 0.014583333333333334
8 0.45370370370370366 0.39166666666666666 0.03703703703703704 0.03333333333333333
8 0.4703703703703704 0.3932291666666667 0.03703703703703704 0.036458333333333336
9 0.47407407407407404 0.39375 0.08518518518518518 0.075
3 0.8305555555555555 0.5151041666666667 0.18333333333333332 0.09270833333333334
0 0.9333333333333333 0.48020833333333335 0.1111111111111111 0.07708333333333334
8 0.9509259259259258 0.4703125 0.05 0.03854166666666667