3 0.7393518518518518 0.51640625 0.19722222222222222 0.09114583333333333
3 0.8189814814814814 0.45234375 0.12870370370370368 0.06822916666666666
3 0.8379629629629629 0.4125 0.10370370370370369 0.04479166666666667
3 0.8898148148148147 0.36380208333333336 0.09074074074074073 0.0328125
7 0.9796875 0.449537037037037 0.040625 0.046296296296296294
5 0.9778645833333334 0.4652777777777778 0.044270833333333336 0.04351851851851852
7 0.99453125 0.38287037037037036 0.0109375 0.023148148148148147
5 0.9927083333333333 0.39351851851851855 0.014583333333333334 0.03148148148148148
7 0.6388888888888888 0.4309895833333333 0.03333333333333333 0.04739583333333333
1 0.6347222222222222 0.44973958333333336 0.03425925925925925 0.03802083333333333
7 0.5638888888888888 0.42239583333333336 0.027777777777777776 0.05416666666666667
7 0.5064814814814814 0.42161458333333335 0.03518518518518519 0.0546875
7 0.8157407407407408 0.36666666666666664 0.02592592592592592 0.028125
1 0.8185185185185184 0.3736979166666667 0.0537037037037037 0.019270833333333334
1 0.7652777777777777 0.38203125 0.01944444444444444 0.021354166666666667
7 0.7759259259259258 0.3614583333333333 0.02037037037037037 0.023958333333333335
1 0.7805555555555554 0.36796875 0.03888888888888888 0.015104166666666667
7 0.8282407407407407 0.3575520833333333 0.017592592592592594 0.024479166666666666
7 0.774074074074074 0.35520833333333335 0.02592592592592592 0.01875
1 0.7717592592592591 0.36171875 0.045370370370370366 0.013020833333333334
3 0.9736111111111111 0.3419270833333333 0.04351851851851852 0.0203125
4 0.9407407407407408 0.3143229166666667 0.04814814814814815 0.018229166666666668
11 0.9934895833333334 0.33564814814814814 0.013020833333333334 0.017592592592592594
3 0.9875 0.3277777777777778 0.025 0.012037037037037037
7 0.9398148148148148 0.33489583333333334 0.01296296296296296 0.020833333333333332
1 0.9157407407407407 0.33098958333333334 0.024074074074074074 0.009895833333333333
5 0.8425925925925924 0.33151041666666664 0.01296296296296296 0.018229166666666668
4 0.874074074074074 0.33619791666666665 0.024074074074074074 0.0234375
11 0.6824074074074074 0.3419270833333333 0.1 0.0296875