4 0.7869281045751634 0.048161764705882355 0.1437908496732026 0.08897058823529412
7 0.28366013071895424 0.49669117647058825 0.02875816993464052 0.04632352941176471
7 0.25163398692810457 0.5022058823529412 0.04052287581699346 0.041176470588235294
5 0.5052287581699346 0.3275735294117647 0.05359477124183006 0.021323529411764706
9 0.7241830065359477 0.3849264705882353 0.0392156862745098 0.04485294117647059
8 0.7183006535947711 0.38125 0.02745098039215686 0.021323529411764706
3 0.9698529411764706 0.37450980392156863 0.060294117647058824 0.048366013071895426
3 0.8084967320261437 0.33125 0.06928104575163398 0.05073529411764706
3 0.7947712418300654 0.275 0.05228758169934641 0.033823529411764704
3 0.8771241830065359 0.20919117647058824 0.04183006535947712 0.022794117647058822
3 0.7790849673202613 0.23308823529411765 0.044444444444444446 0.026470588235294117
3 0.7189542483660131 0.2474264705882353 0.047058823529411764 0.03602941176470588
3 0.7176470588235294 0.22169117647058822 0.04183006535947712 0.027205882352941177
3 0.7764705882352941 0.21360294117647058 0.0392156862745098 0.02426470588235294
3 0.784313725490196 0.1974264705882353 0.03660130718954248 0.021323529411764706
3 0.8366013071895425 0.14411764705882352 0.026143790849673203 0.013235294117647059
11 0.8143790849673201 0.13014705882352942 0.02091503267973856 0.014705882352941176
7 0.7156862745098038 0.1275735294117647 0.00915032679738562 0.011029411764705883
1 0.6797385620915032 0.2713235294117647 0.01568627450980392 0.022058823529411766
8 0.6797385620915032 0.2661764705882353 0.01568627450980392 0.020588235294117647
3 0.5967320261437908 0.1338235294117647 0.05620915032679739 0.011764705882352941
7 0.7235294117647059 0.11139705882352942 0.006535947712418301 0.011029411764705883
3 0.7026143790849673 0.11139705882352942 0.02745098039215686 0.0125
7 0.7137254901960784 0.10992647058823529 0.00784313725490196 0.013970588235294118
4 0.9091503267973855 0.06397058823529411 0.09281045751633986 0.0661764705882353
3 0.8862745098039215 0.10808823529411765 0.047058823529411764 0.013235294117647059
3 0.8862745098039215 0.11213235294117647 0.03398692810457516 0.009558823529411765