3 0.5235294117647059 0.4573529411764706 0.134640522875817 0.10147058823529412
11 0.6156862745098038 0.3360294117647059 0.10718954248366012 0.060294117647058824
3 0.9823529411764705 0.2699346405228758 0.03529411764705882 0.05228758169934641
0 0.9805147058823529 0.3633986928104575 0.03897058823529412 0.06274509803921569
3 0.7013071895424836 0.22904411764705881 0.0718954248366013 0.04485294117647059
3 0.7281045751633987 0.19522058823529412 0.06274509803921569 0.03602941176470588
3 0.5810457516339869 0.1963235294117647 0.10326797385620914 0.029411764705882353
3 0.5967320261437908 0.1786764705882353 0.13202614379084968 0.027941176470588237
3 0.48039215686274506 0.23676470588235293 0.16078431372549018 0.03676470588235294
3 0.45816993464052286 0.2584558823529412 0.1372549019607843 0.0375
7 0.1588235294117647 0.36875 0.03006535947712418 0.030147058823529412
7 0.1437908496732026 0.36580882352941174 0.02875816993464052 0.03897058823529412
3 0.2718954248366013 0.2511029411764706 0.10718954248366012 0.04632352941176471
11 0.26405228758169935 0.20073529411764707 0.12810457516339868 0.051470588235294115
5 0.08954248366013072 0.21801470588235294 0.04052287581699346 0.019852941176470587
7 0.35947712418300654 0.19705882352941176 0.01830065359477124 0.025
7 0.38235294117647056 0.1974264705882353 0.01699346405228758 0.02426470588235294
7 0.43660130718954243 0.20808823529411766 0.02091503267973856 0.026470588235294117
7 0.42156862745098034 0.20661764705882352 0.022222222222222223 0.025
5 0.3196078431372549 0.18125 0.03006535947712418 0.019852941176470587
8 0.3176470588235294 0.17536764705882352 0.02091503267973856 0.01838235294117647
7 0.4660130718954248 0.1650735294117647 0.011764705882352941 0.021323529411764706
10 0.5816993464052287 0.14154411764705882 0.13594771241830064 0.03308823529411765
5 0.9555555555555555 0.22095588235294117 0.01830065359477124 0.021323529411764706
5 0.9535947712418301 0.1889705882352941 0.0196078431372549 0.020588235294117647
8 0.9562091503267973 0.21323529411764705 0.0196078431372549 0.020588235294117647
8 0.9522875816993464 0.18382352941176472 0.01699346405228758 0.01911764705882353
8 0.9535947712418301 0.18235294117647058 0.01699346405228758 0.01911764705882353
3 0.4666666666666666 0.09448529411764706 0.08366013071895424 0.019852941176470587
10 0.6169934640522876 0.09191176470588236 0.15163398692810456 0.030882352941176472
7 0.7078431372549019 0.08897058823529412 0.01437908496732026 0.01911764705882353
7 0.665359477124183 0.09816176470588235 0.01045751633986928 0.01838235294117647
7 0.64640522875817 0.10110294117647059 0.01437908496732026 0.01838235294117647
7 0.65359477124183 0.09889705882352941 0.01045751633986928 0.01838235294117647
11 0.8137254901960783 0.09632352941176471 0.07450980392156863 0.026470588235294117
3 0.8254901960784312 0.07463235294117647 0.03790849673202614 0.01838235294117647
3 0.8392156862745097 0.06066176470588235 0.03137254901960784 0.01838235294117647
7 0.8620915032679738 0.06286764705882353 0.011764705882352941 0.015441176470588236
3 0.849673202614379 0.03897058823529412 0.026143790849673203 0.014705882352941176
3 0.8620915032679738 0.031985294117647056 0.02745098039215686 0.013970588235294118
3 0.8718954248366012 0.021691176470588235 0.026143790849673203 0.016911764705882352
7 0.8823529411764706 0.013235294117647059 0.00784313725490196 0.014705882352941176
3 0.8803921568627451 0.007352941176470588 0.022222222222222223 0.010294117647058823
9 0.9104575163398693 0.009926470588235294 0.011764705882352941 0.009558823529411765
8 0.9111111111111111 0.009191176470588236 0.00784313725490196 0.008088235294117648
5 0.9620915032679738 0.03897058823529412 0.00784313725490196 0.010294117647058823
5 0.9928104575163398 0.022794117647058822 0.00915032679738562 0.008823529411764706
8 0.9633986928104574 0.03676470588235294 0.00784313725490196 0.011764705882352941
8 0.9934640522875817 0.020588235294117647 0.00784313725490196 0.010294117647058823
3 0.9602941176470589 0.004575163398692811 0.04338235294117647 0.009150326797385621