3 0.05220588235294118 0.28431372549019607 0.10441176470588236 0.050980392156862744
3 0.030882352941176472 0.3287581699346405 0.061764705882352944 0.048366013071895426
3 0.08088235294117647 0.238562091503268 0.16176470588235295 0.05228758169934641
3 0.12941176470588237 0.21066176470588235 0.1699346405228758 0.04338235294117647
3 0.17124183006535948 0.18933823529411764 0.17777777777777778 0.03455882352941177
3 0.21045751633986928 0.16544117647058823 0.16209150326797384 0.033823529411764704
3 0.22549019607843135 0.14779411764705883 0.1503267973856209 0.029411764705882353
3 0.27124183006535946 0.13713235294117648 0.1398692810457516 0.030147058823529412
3 0.30980392156862746 0.12022058823529412 0.13594771241830064 0.03161764705882353
3 0.32483660130718955 0.10441176470588236 0.12156862745098038 0.027941176470588237
11 0.6366013071895424 0.33639705882352944 0.21960784313725487 0.06397058823529411
3 0.6790849673202615 0.2908088235294118 0.1973856209150327 0.04044117647058824
3 0.711764705882353 0.17904411764705883 0.15816993464052287 0.04338235294117647
3 0.9287581699346406 0.3297794117647059 0.08758169934640522 0.08455882352941177
3 0.9261437908496731 0.24705882352941178 0.08235294117647059 0.06764705882352941
3 0.9307189542483659 0.19595588235294117 0.07320261437908496 0.05220588235294118
3 0.9320261437908496 0.1426470588235294 0.05751633986928104 0.045588235294117645
3 0.9313725490196078 0.10808823529411765 0.058823529411764705 0.03676470588235294
3 0.9366013071895424 0.07867647058823529 0.050980392156862744 0.03529411764705882
3 0.7235294117647059 0.15183823529411763 0.1398692810457516 0.03455882352941177
3 0.7509803921568627 0.1349264705882353 0.1398692810457516 0.028676470588235293
3 0.7562091503267974 0.12022058823529412 0.14248366013071895 0.030147058823529412
3 0.7640522875816993 0.10441176470588236 0.14248366013071895 0.029411764705882353
3 0.7764705882352941 0.08713235294117647 0.1411764705882353 0.025735294117647058
3 0.7901960784313724 0.06911764705882353 0.1372549019607843 0.027941176470588237
11 0.8104575163398693 0.046691176470588236 0.09411764705882353 0.025735294117647058
7 0.9784313725490195 0.20404411764705882 0.022222222222222223 0.03161764705882353
7 0.9797385620915032 0.08455882352941177 0.01437908496732026 0.026470588235294117
5 0.38431372549019605 0.09522058823529411 0.04183006535947712 0.01838235294117647
1 0.4 0.08198529411764706 0.044444444444444446 0.015441176470588236
7 0.44052287581699345 0.12389705882352942 0.02091503267973856 0.028676470588235293
7 0.44052287581699345 0.09595588235294118 0.023529411764705882 0.028676470588235293
7 0.41960784313725485 0.09632352941176471 0.01830065359477124 0.027941176470588237
7 0.42091503267973857 0.09411764705882353 0.01830065359477124 0.027941176470588237
7 0.545751633986928 0.07022058823529412 0.01437908496732026 0.028676470588235293
7 0.48692810457516333 0.06286764705882353 0.01699346405228758 0.02426470588235294
7 0.6503267973856208 0.1338235294117647 0.01699346405228758 0.027941176470588237
7 0.6509803921568627 0.12169117647058823 0.01045751633986928 0.022794117647058822
7 0.6254901960784314 0.08125 0.01437908496732026 0.02426470588235294
7 0.615032679738562 0.08602941176470588 0.01437908496732026 0.020588235294117647
7 0.6124183006535947 0.05036764705882353 0.01437908496732026 0.021323529411764706
7 0.5928104575163399 0.04742647058823529 0.011764705882352941 0.019852941176470587
7 0.5856209150326797 0.045588235294117645 0.013071895424836602 0.022058823529411766
8 0.42418300653594765 0.175 0.032679738562091505 0.030882352941176472
8 0.545751633986928 0.2485294117647059 0.02745098039215686 0.027941176470588237
8 0.6 0.20036764705882354 0.02875816993464052 0.022794117647058822
8 0.596078431372549 0.20477941176470588 0.02875816993464052 0.0125
8 0.565359477124183 0.2375 0.022222222222222223 0.013235294117647059
5 0.5 0.2849264705882353 0.043137254901960784 0.03455882352941177
5 0.45816993464052286 0.07169117647058823 0.022222222222222223 0.016911764705882352
7 0.6797385620915032 0.11691176470588235 0.01830065359477124 0.027941176470588237
8 0.11895424836601307 0.16580882352941176 0.02091503267973856 0.016911764705882352
9 0.8084967320261437 0.03235294117647059 0.04836601307189542 0.016176470588235296
8 0.8450980392156863 0.03272058823529412 0.01437908496732026 0.0125
3 0.8895424836601306 0.01801470588235294 0.08758169934640522 0.022794117647058822
7 0.8985294117647059 0.00718954248366013 0.011764705882352941 0.01437908496732026
7 0.9091503267973855 0.006985294117647059 0.00915032679738562 0.011029411764705883
7 0.9169934640522875 0.008823529411764706 0.00915032679738562 0.011764705882352941
7 0.9320261437908496 0.04485294117647059 0.01568627450980392 0.022058823529411766
3 0.6555555555555556 0.41360294117647056 0.2915032679738562 0.06397058823529411
3 0.9137254901960783 0.4573529411764706 0.12549019607843137 0.1338235294117647