3 0.2611111111111111 0.3229166666666667 0.02222222222222222 0.022916666666666665
10 0.24259259259259258 0.38177083333333334 0.059259259259259255 0.026041666666666668
3 0.2898148148148148 0.3255208333333333 0.02037037037037037 0.023958333333333335
11 0.31296296296296294 0.3296875 0.01851851851851852 0.021875
3 0.3638888888888889 0.33489583333333334 0.024074074074074074 0.026041666666666668
3 0.38611111111111107 0.32395833333333335 0.016666666666666666 0.025
3 0.4074074074074074 0.35520833333333335 0.04074074074074074 0.010416666666666666
3 0.46574074074074073 0.3578125 0.04259259259259259 0.011458333333333333
3 0.4212962962962962 0.32916666666666666 0.02037037037037037 0.027083333333333334
3 0.44907407407407407 0.33125 0.016666666666666666 0.025
3 0.47407407407407404 0.3296875 0.01851851851851852 0.026041666666666668
3 0.5037037037037037 0.3375 0.01851851851851852 0.025
3 0.5314814814814814 0.3385416666666667 0.02222222222222222 0.025
3 0.5157407407407407 0.31614583333333335 0.046296296296296294 0.009375
3 0.5842592592592593 0.32395833333333335 0.016666666666666666 0.025
3 0.6055555555555555 0.3416666666666667 0.02222222222222222 0.025
3 0.65 0.3411458333333333 0.02222222222222222 0.028125
3 0.6759259259259258 0.334375 0.01851851851851852 0.022916666666666665
11 0.7018518518518518 0.3296875 0.01851851851851852 0.026041666666666668
3 0.8037037037037037 0.3328125 0.01851851851851852 0.026041666666666668
3 0.8 0.359375 0.04444444444444444 0.010416666666666666
3 0.175 0.15572916666666667 0.05 0.011458333333333333
3 0.1796296296296296 0.2864583333333333 0.04444444444444444 0.008333333333333333
3 0.17685185185185184 0.31145833333333334 0.046296296296296294 0.010416666666666666
3 0.42777777777777776 0.5322916666666667 0.029629629629629627 0.010416666666666666