7 0.4359477124183006 0.28308823529411764 0.04052287581699346 0.04264705882352941
7 0.4673202614379085 0.2610294117647059 0.03790849673202614 0.030882352941176472
7 0.2771241830065359 0.22683823529411765 0.02091503267973856 0.03161764705882353
7 0.36013071895424836 0.15220588235294116 0.022222222222222223 0.030882352941176472
7 0.3052287581699346 0.13823529411764707 0.0196078431372549 0.027941176470588237
7 0.5666666666666667 0.27242647058823527 0.032679738562091505 0.03897058823529412
7 0.5934640522875817 0.2849264705882353 0.023529411764705882 0.019852941176470587
9 0.6169934640522876 0.23198529411764707 0.11503267973856209 0.03602941176470588
8 0.7745098039215685 0.21911764705882353 0.03006535947712418 0.026470588235294117
7 0.8503267973856209 0.21875 0.024836601307189544 0.03308823529411765
7 0.892156862745098 0.2113970588235294 0.011764705882352941 0.02426470588235294
8 0.903267973856209 0.19301470588235295 0.023529411764705882 0.015441176470588236
8 0.8810457516339869 0.20036764705882354 0.03398692810457516 0.03161764705882353
8 0.9966911764705882 0.011111111111111112 0.006617647058823529 0.009150326797385621
8 0.9985294117647059 0.00980392156862745 0.0029411764705882353 0.00784313725490196
7 0.9326797385620914 0.05551470588235294 0.00915032679738562 0.021323529411764706
7 0.8444444444444443 0.05477941176470588 0.01045751633986928 0.01838235294117647
11 0.857516339869281 0.06323529411764706 0.05490196078431372 0.03235294117647059
9 0.8692810457516339 0.05772058823529412 0.04967320261437909 0.01838235294117647
7 0.7176470588235294 0.021323529411764706 0.013071895424836602 0.020588235294117647
7 0.7613970588235294 0.006535947712418301 0.019852941176470587 0.013071895424836602
7 0.9091911764705882 0.00784313725490196 0.014705882352941176 0.01568627450980392
7 0.8411764705882353 0.00522875816993464 0.011764705882352941 0.01045751633986928
7 0.7202614379084967 0.07389705882352941 0.013071895424836602 0.022794117647058822
7 0.7058823529411765 0.04889705882352941 0.013071895424836602 0.022794117647058822
8 0.7261437908496732 0.057352941176470586 0.011764705882352941 0.011764705882352941
7 0.6797385620915032 0.06911764705882353 0.013071895424836602 0.025
8 0.6784313725490195 0.05477941176470588 0.01045751633986928 0.0125
8 0.6647058823529411 0.06433823529411764 0.01699346405228758 0.015441176470588236
7 0.6647058823529411 0.05073529411764706 0.00915032679738562 0.01764705882352941
7 0.6581699346405229 0.052941176470588235 0.01437908496732026 0.020588235294117647
7 0.6437908496732027 0.06066176470588235 0.01437908496732026 0.022794117647058822
7 0.6026143790849673 0.06066176470588235 0.01568627450980392 0.019852941176470587
7 0.5895424836601306 0.060294117647058824 0.01568627450980392 0.020588235294117647
8 0.6 0.04889705882352941 0.01045751633986928 0.0125
7 0.6235294117647059 0.05661764705882353 0.01045751633986928 0.020588235294117647
8 0.6183006535947712 0.051470588235294115 0.01568627450980392 0.014705882352941176
7 0.6411764705882353 0.051470588235294115 0.00915032679738562 0.016176470588235296
7 0.630718954248366 0.05625 0.011764705882352941 0.015441176470588236
8 0.5718954248366013 0.054411764705882354 0.01699346405228758 0.010294117647058823
8 0.5620915032679739 0.05661764705882353 0.013071895424836602 0.008823529411764706
7 0.47516339869281043 0.061764705882352944 0.01699346405228758 0.022058823529411766
7 0.47058823529411764 0.05036764705882353 0.013071895424836602 0.022794117647058822
7 0.48823529411764705 0.048161764705882355 0.01699346405228758 0.019852941176470587
7 0.49281045751633984 0.05919117647058823 0.01568627450980392 0.021323529411764706
7 0.49411764705882355 0.06066176470588235 0.013071895424836602 0.016911764705882352
7 0.3751633986928104 0.048161764705882355 0.013071895424836602 0.016911764705882352
9 0.42091503267973857 0.03860294117647059 0.04967320261437909 0.016911764705882352
3 0.44052287581699345 0.011029411764705883 0.06535947712418301 0.016176470588235296
3 0.31045751633986923 0.010661764705882353 0.06928104575163398 0.016911764705882352
3 0.3568627450980392 0.01911764705882353 0.06797385620915032 0.022058823529411766
3 0.28888888888888886 0.02977941176470588 0.08627450980392157 0.01838235294117647
7 0.3261437908496732 0.047058823529411764 0.01699346405228758 0.023529411764705882
7 0.34575163398692804 0.04963235294117647 0.01699346405228758 0.02426470588235294
7 0.34901960784313724 0.047058823529411764 0.01568627450980392 0.023529411764705882
7 0.33856209150326794 0.04632352941176471 0.013071895424836602 0.016176470588235296
3 0.15294117647058825 0.027205882352941177 0.06797385620915032 0.01911764705882353
7 0.1300653594771242 0.013602941176470588 0.00915032679738562 0.016911764705882352
7 0.0784313725490196 0.016911764705882352 0.013071895424836602 0.01764705882352941
3 0.10065359477124183 0.01213235294117647 0.0784313725490196 0.022794117647058822
3 0.03125 0.022222222222222223 0.0625 0.018300653594771243
7 0.1130718954248366 0.11066176470588235 0.024836601307189544 0.028676470588235293
11 0.052941176470588235 0.05330882352941176 0.09542483660130718 0.027205882352941177
7 0.03464052287581699 0.09558823529411764 0.0196078431372549 0.022058823529411766
7 0.04967320261437909 0.0974264705882353 0.01568627450980392 0.016911764705882352
8 0.0196078431372549 0.10808823529411765 0.01568627450980392 0.013235294117647059
8 0.006617647058823529 0.10915032679738562 0.013235294117647059 0.013071895424836602
7 0.07254901960784313 0.08897058823529412 0.0196078431372549 0.023529411764705882
7 0.06535947712418301 0.09375 0.01568627450980392 0.022794117647058822
7 0.0915032679738562 0.09044117647058823 0.01830065359477124 0.014705882352941176
7 0.01699346405228758 0.08419117647058824 0.01830065359477124 0.025735294117647058
7 0.11437908496732026 0.09522058823529411 0.01437908496732026 0.025735294117647058
7 0.10392156862745097 0.08897058823529412 0.01699346405228758 0.026470588235294117
7 0.13529411764705881 0.08897058823529412 0.01437908496732026 0.011764705882352941
7 0.14444444444444443 0.08161764705882353 0.0196078431372549 0.023529411764705882
8 0.17254901960784313 0.07720588235294118 0.03137254901960784 0.011764705882352941
7 0.17581699346405227 0.07426470588235294 0.0196078431372549 0.01764705882352941
7 0.15098039215686274 0.06544117647058824 0.01699346405228758 0.020588235294117647
7 0.19934640522875816 0.07058823529411765 0.01437908496732026 0.01764705882352941
7 0.21830065359477122 0.06580882352941177 0.013071895424836602 0.019852941176470587
7 0.23856209150326793 0.06360294117647058 0.024836601307189544 0.022794117647058822
7 0.3026143790849673 0.05036764705882353 0.01437908496732026 0.021323529411764706
7 0.28366013071895424 0.04632352941176471 0.013071895424836602 0.01764705882352941
7 0.28366013071895424 0.05551470588235294 0.01568627450980392 0.02426470588235294
7 0.27320261437908494 0.05955882352941176 0.013071895424836602 0.020588235294117647
7 0.269281045751634 0.054411764705882354 0.01830065359477124 0.023529411764705882
7 0.2568627450980392 0.05955882352941176 0.01437908496732026 0.023529411764705882
1 0.17973856209150327 0.046691176470588236 0.01437908496732026 0.013970588235294118
7 0.17973856209150327 0.04264705882352941 0.01699346405228758 0.01764705882352941
7 0.20522875816993463 0.06102941176470588 0.013071895424836602 0.014705882352941176
7 0.1980392156862745 0.057352941176470586 0.01437908496732026 0.01911764705882353
0 0.2130718954248366 0.04926470588235294 0.05490196078431372 0.025
11 0.22026143790849673 0.04411764705882353 0.08758169934640522 0.029411764705882353
11 0.033823529411764704 0.07777777777777778 0.06764705882352941 0.03137254901960784
3 0.04771241830065359 0.07169117647058823 0.08758169934640522 0.025735294117647058
9 0.09934640522875818 0.07205882352941176 0.047058823529411764 0.027941176470588237
7 0.14640522875816991 0.05073529411764706 0.013071895424836602 0.01911764705882353
7 0.15555555555555556 0.04926470588235294 0.01045751633986928 0.011764705882352941
7 0.13137254901960785 0.04595588235294118 0.0196078431372549 0.01838235294117647
7 0.12287581699346406 0.04632352941176471 0.00784313725490196 0.014705882352941176
11 0.1300653594771242 0.06139705882352941 0.10588235294117647 0.027205882352941177