10 0.7287037037037037 0.28984375 0.08333333333333333 0.06510416666666667
7 0.6912037037037037 0.234375 0.012037037037037037 0.017708333333333333
3 0.8439814814814814 0.24713541666666666 0.03796296296296296 0.0234375
3 0.99765625 0.21898148148148147 0.0046875 0.01574074074074074
3 0.9847222222222222 0.19609375 0.02685185185185185 0.015104166666666667
3 0.9013888888888888 0.20208333333333334 0.0287037037037037 0.014583333333333334
8 0.8300925925925925 0.18255208333333334 0.008333333333333333 0.005729166666666666
5 0.8291666666666667 0.18723958333333332 0.008333333333333333 0.005729166666666666
8 0.8643518518518518 0.16458333333333333 0.00648148148148148 0.00625
5 0.8638888888888888 0.16901041666666666 0.00925925925925926 0.0067708333333333336
3 0.8958333333333334 0.16744791666666667 0.023148148148148147 0.009895833333333333
7 0.8287037037037037 0.16145833333333334 0.005555555555555555 0.008333333333333333
7 0.8259259259259258 0.16041666666666668 0.0037037037037037034 0.007291666666666667
1 0.8199074074074074 0.16432291666666668 0.012037037037037037 0.005729166666666666
8 0.849537037037037 0.15104166666666666 0.00462962962962963 0.005208333333333333
1 0.849537037037037 0.1546875 0.00462962962962963 0.004166666666666667
8 0.8578703703703704 0.15520833333333334 0.00648148148148148 0.005208333333333333
5 0.8583333333333333 0.15807291666666667 0.0037037037037037034 0.0046875
8 0.8652777777777777 0.153125 0.00648148148148148 0.005208333333333333
5 0.8648148148148148 0.15625 0.005555555555555555 0.005208333333333333
10 0.996875 0.15833333333333333 0.00625 0.01574074074074074
3 0.8967592592592591 0.15260416666666668 0.017592592592592594 0.009375
3 0.9083333333333333 0.14427083333333332 0.016666666666666666 0.009375
3 0.8888888888888888 0.14088541666666668 0.016666666666666666 0.0078125
3 0.8833333333333333 0.13645833333333332 0.014814814814814814 0.00625
3 0.8865740740740741 0.13385416666666666 0.013888888888888888 0.00625
3 0.8824074074074074 0.12421875 0.014814814814814814 0.0067708333333333336
3 0.861111111111111 0.11640625 0.01296296296296296 0.0046875
11 0.8435185185185184 0.11380208333333333 0.01111111111111111 0.0046875
7 0.8726851851851851 0.11197916666666667 0.00462962962962963 0.004166666666666667
7 0.9203703703703704 0.11588541666666667 0.0037037037037037034 0.005729166666666666
9 0.9032407407407407 0.11666666666666667 0.00648148148148148 0.004166666666666667
3 0.9087962962962962 0.12109375 0.013888888888888888 0.0046875
3 0.9324074074074074 0.12265625 0.016666666666666666 0.0046875
10 0.961574074074074 0.12526041666666668 0.023148148148148147 0.015104166666666667
11 0.986574074074074 0.14114583333333333 0.017592592592592594 0.010416666666666666
10 0.9583333333333334 0.14114583333333333 0.01851851851851852 0.010416666666666666
3 0.9759259259259259 0.13776041666666666 0.014814814814814814 0.0067708333333333336
3 0.9814814814814814 0.13619791666666667 0.01296296296296296 0.005729166666666666
3 0.9523148148148147 0.13854166666666667 0.013888888888888888 0.00625
11 0.95 0.13463541666666667 0.01296296296296296 0.0078125
3 0.9407407407407408 0.13411458333333334 0.01296296296296296 0.0067708333333333336
3 0.9314814814814815 0.1296875 0.01296296296296296 0.007291666666666667
3 0.9222222222222222 0.12890625 0.01111111111111111 0.0067708333333333336
3 0.937037037037037 0.12760416666666666 0.016666666666666666 0.005208333333333333