4 0.8240740740740741 0.28229166666666666 0.0962962962962963 0.04375
3 0.23425925925925925 0.5119791666666667 0.0685185185185185 0.021875
3 0.3768518518518518 0.5119791666666667 0.07962962962962963 0.015625
3 0.923148148148148 0.5036458333333333 0.03518518518518519 0.019791666666666666
3 0.9203703703703704 0.46927083333333336 0.029629629629629627 0.017708333333333333
3 0.874074074074074 0.4828125 0.029629629629629627 0.019791666666666666
11 0.5685185185185184 0.471875 0.01851851851851852 0.014583333333333334
7 0.7055555555555555 0.5197916666666667 0.01111111111111111 0.016666666666666666
7 0.7277777777777777 0.4973958333333333 0.007407407407407407 0.015625
7 0.7212962962962963 0.4890625 0.00925925925925926 0.015625
9 0.6074074074074074 0.4744791666666667 0.029629629629629627 0.013541666666666667
7 0.6092592592592592 0.4822916666666667 0.01111111111111111 0.014583333333333334
7 0.6462962962962963 0.4786458333333333 0.01111111111111111 0.013541666666666667
7 0.6305555555555554 0.4817708333333333 0.00925925925925926 0.013541666666666667
3 0.5925925925925927 0.44427083333333334 0.04074074074074074 0.009375
3 0.6962962962962963 0.42552083333333335 0.02222222222222222 0.011458333333333333
3 0.7305555555555555 0.4265625 0.024074074074074074 0.013541666666666667
8 0.7555555555555554 0.42552083333333335 0.007407407407407407 0.007291666666666667
5 0.7574074074074074 0.43072916666666666 0.007407407407407407 0.007291666666666667
7 0.725 0.39166666666666666 0.005555555555555555 0.008333333333333333
3 0.8 0.4119791666666667 0.04814814814814815 0.011458333333333333
10 0.7351851851851852 0.41458333333333336 0.02222222222222222 0.010416666666666666
3 0.787037037037037 0.396875 0.02222222222222222 0.010416666666666666
3 0.912037037037037 0.434375 0.03888888888888888 0.014583333333333334
3 0.8694444444444444 0.42604166666666665 0.02037037037037037 0.0125
3 0.862037037037037 0.4078125 0.02037037037037037 0.011458333333333333
3 0.8916666666666667 0.3921875 0.02037037037037037 0.009375
3 0.8629629629629628 0.38125 0.01851851851851852 0.010416666666666666
3 0.8037037037037037 0.371875 0.014814814814814814 0.008333333333333333
3 0.8064814814814815 0.3567708333333333 0.01296296296296296 0.007291666666666667
11 0.8268518518518518 0.36041666666666666 0.01296296296296296 0.008333333333333333
3 0.8527777777777777 0.3645833333333333 0.01296296296296296 0.00625
3 0.8509259259259259 0.35572916666666665 0.01296296296296296 0.007291666666666667
3 0.8546296296296295 0.346875 0.00925925925925926 0.00625
3 0.798148148148148 0.33541666666666664 0.02222222222222222 0.00625
3 0.7675925925925925 0.35885416666666664 0.01296296296296296 0.007291666666666667
3 0.7777777777777778 0.3359375 0.01851851851851852 0.005208333333333333
2 0.812037037037037 0.3260416666666667 0.00925925925925926 0.008333333333333333
3 0.7898148148148147 0.3302083333333333 0.00925925925925926 0.004166666666666667
3 0.899074074074074 0.37395833333333334 0.01296296296296296 0.008333333333333333
7 0.8935185185185185 0.3671875 0.005555555555555555 0.009375
2 0.9287037037037037 0.42135416666666664 0.03148148148148148 0.021875
7 0.9842592592592592 0.4401041666666667 0.00925925925925926 0.011458333333333333
7 0.9564814814814814 0.4296875 0.00925925925925926 0.013541666666666667
7 0.9731481481481481 0.42864583333333334 0.005555555555555555 0.011458333333333333
3 0.9638888888888888 0.4171875 0.024074074074074074 0.011458333333333333
3 0.9583333333333334 0.40677083333333336 0.02037037037037037 0.009375
3 0.9444444444444444 0.3958333333333333 0.014814814814814814 0.008333333333333333
3 0.9203703703703704 0.36666666666666664 0.01111111111111111 0.008333333333333333
3 0.9157407407407407 0.36302083333333335 0.01296296296296296 0.007291666666666667
3 0.9064814814814814 0.35885416666666664 0.01296296296296296 0.007291666666666667
3 0.899074074074074 0.35572916666666665 0.01296296296296296 0.007291666666666667
3 0.8814814814814814 0.35104166666666664 0.014814814814814814 0.00625
3 0.9 0.34791666666666665 0.01111111111111111 0.00625
3 0.8870370370370371 0.3307291666666667 0.01111111111111111 0.005208333333333333
3 0.8555555555555555 0.334375 0.02222222222222222 0.00625
3 0.8527777777777777 0.3385416666666667 0.00925925925925926 0.00625
3 0.8694444444444444 0.3255208333333333 0.00925925925925926 0.005208333333333333
3 0.8796296296296295 0.3229166666666667 0.007407407407407407 0.004166666666666667
10 0.8416666666666667 0.31666666666666665 0.00925925925925926 0.008333333333333333
3 0.8166666666666667 0.31927083333333334 0.007407407407407407 0.005208333333333333
3 0.8509259259259259 0.3125 0.005555555555555555 0.004166666666666667
3 0.8379629629629629 0.309375 0.00925925925925926 0.004166666666666667
5 0.8379629629629629 0.34010416666666665 0.005555555555555555 0.005208333333333333
5 0.8888888888888888 0.3385416666666667 0.007407407407407407 0.00625
7 0.7768518518518518 0.35 0.005555555555555555 0.00625