4 0.8583333333333333 0.08802083333333334 0.21296296296296294 0.090625
3 0.3731481481481482 0.4078125 0.12037037037037036 0.057291666666666664
3 0.29629629629629634 0.3854166666666667 0.1074074074074074 0.052083333333333336
3 0.7601851851851851 0.28072916666666664 0.046296296296296294 0.026041666666666668
3 0.8231481481481481 0.2515625 0.046296296296296294 0.021875
3 0.5842592592592593 0.2671875 0.0574074074074074 0.028125
3 0.6361111111111111 0.23802083333333332 0.046296296296296294 0.023958333333333335
3 0.5685185185185184 0.24166666666666667 0.04444444444444444 0.029166666666666667
3 0.673148148148148 0.21302083333333333 0.04259259259259259 0.021875
3 0.7 0.19583333333333333 0.03333333333333333 0.01875
3 0.7342592592592592 0.16927083333333334 0.024074074074074074 0.017708333333333333
3 0.9101851851851851 0.2140625 0.03148148148148148 0.017708333333333333
3 0.6425925925925925 0.18072916666666666 0.029629629629629627 0.015625
3 0.6851851851851851 0.18125 0.029629629629629627 0.014583333333333334
3 0.6990740740740741 0.17083333333333334 0.027777777777777776 0.01875
11 0.7027777777777777 0.15104166666666666 0.02037037037037037 0.010416666666666666
3 0.49907407407407406 0.24427083333333333 0.0537037037037037 0.030208333333333334
2 0.3888888888888889 0.271875 0.18888888888888886 0.09791666666666667
8 0.3537037037037037 0.33645833333333336 0.03333333333333333 0.016666666666666666
5 0.3564814814814815 0.34427083333333336 0.0537037037037037 0.019791666666666666
7 0.017708333333333333 0.3472222222222222 0.035416666666666666 0.03148148148148148
3 0.9203703703703704 0.23072916666666668 0.04074074074074074 0.019791666666666666
8 0.9129629629629629 0.24427083333333333 0.01851851851851852 0.013541666666666667
8 0.9342592592592591 0.24427083333333333 0.02037037037037037 0.013541666666666667
5 0.9083333333333333 0.2526041666666667 0.02037037037037037 0.011458333333333333
5 0.9324074074074074 0.253125 0.02037037037037037 0.0125
4 0.5092592592592592 0.19947916666666668 0.05185185185185184 0.053125
4 0.9822916666666667 0.19814814814814816 0.035416666666666666 0.12962962962962962
0 0.9138888888888889 0.18958333333333333 0.024074074074074074 0.014583333333333334