7 0.969281045751634 0.12683823529411764 0.011764705882352941 0.022794117647058822
7 0.9084967320261437 0.10772058823529412 0.01568627450980392 0.021323529411764706
7 0.9084967320261437 0.10036764705882353 0.013071895424836602 0.019852941176470587
7 0.9006535947712418 0.23676470588235293 0.023529411764705882 0.025
7 0.8973856209150326 0.2893382352941177 0.01437908496732026 0.02426470588235294
7 0.9488970588235294 0.00522875816993464 0.010294117647058823 0.01045751633986928
7 0.9220588235294118 0.006535947712418301 0.014705882352941176 0.013071895424836602
7 0.8647058823529412 0.00718954248366013 0.008823529411764706 0.01437908496732026
8 0.8051470588235294 0.00392156862745098 0.013235294117647059 0.00784313725490196
8 0.7856617647058823 0.00392156862745098 0.010294117647058823 0.00784313725490196
8 0.711764705882353 0.00392156862745098 0.011764705882352941 0.00784313725490196
7 0.6691176470588235 0.00522875816993464 0.013235294117647059 0.01045751633986928
7 0.6862745098039215 0.03566176470588235 0.01568627450980392 0.019852941176470587
8 0.6699346405228758 0.03676470588235294 0.011764705882352941 0.013235294117647059
1 0.6725490196078431 0.04154411764705882 0.01699346405228758 0.011029411764705883
7 0.6568627450980392 0.03529411764705882 0.011764705882352941 0.01911764705882353
7 0.8091503267973855 0.16323529411764706 0.013071895424836602 0.022058823529411766
7 0.6875816993464052 0.1650735294117647 0.02091503267973856 0.02426470588235294
7 0.6718954248366013 0.16323529411764706 0.01568627450980392 0.025
7 0.6895424836601307 0.22095588235294117 0.0196078431372549 0.025735294117647058
7 0.6908496732026144 0.21507352941176472 0.01437908496732026 0.021323529411764706
7 0.7627450980392156 0.3610294117647059 0.022222222222222223 0.029411764705882353
7 0.7692810457516339 0.4808823529411765 0.01699346405228758 0.01764705882352941
7 0.761437908496732 0.49963235294117647 0.032679738562091505 0.03308823529411765
7 0.7346405228758169 0.4988970588235294 0.023529411764705882 0.03455882352941177
7 0.6986928104575163 0.5154411764705882 0.024836601307189544 0.030882352941176472
7 0.6888888888888888 0.3996323529411765 0.026143790849673203 0.03161764705882353
7 0.6679738562091503 0.3985294117647059 0.026143790849673203 0.029411764705882353
8 0.5705882352941176 0.47757352941176473 0.03006535947712418 0.0375
7 0.534640522875817 0.46801470588235294 0.03398692810457516 0.03455882352941177
7 0.49281045751633984 0.4323529411764706 0.03660130718954248 0.029411764705882353
5 0.6026143790849673 0.4661764705882353 0.06013071895424836 0.023529411764705882
5 0.6091503267973856 0.4375 0.06797385620915032 0.026470588235294117
8 0.5522875816993464 0.3830882352941177 0.024836601307189544 0.013235294117647059
8 0.5464052287581699 0.35661764705882354 0.03398692810457516 0.01764705882352941
7 0.503921568627451 0.33051470588235293 0.011764705882352941 0.019852941176470587
7 0.45555555555555555 0.3805147058823529 0.0196078431372549 0.028676470588235293
7 0.4490196078431372 0.37573529411764706 0.022222222222222223 0.029411764705882353
8 0.43986928104575157 0.37279411764705883 0.011764705882352941 0.013235294117647059
7 0.5320261437908497 0.23455882352941176 0.01568627450980392 0.025
7 0.49477124183006527 0.2963235294117647 0.0196078431372549 0.026470588235294117
7 0.46928104575163393 0.3136029411764706 0.023529411764705882 0.02426470588235294
7 0.4470588235294118 0.3044117647058823 0.01830065359477124 0.029411764705882353
8 0.47320261437908495 0.30183823529411763 0.023529411764705882 0.013970588235294118
8 0.49215686274509796 0.27095588235294116 0.024836601307189544 0.016911764705882352
8 0.49346405228758167 0.26323529411764707 0.0196078431372549 0.014705882352941176
7 0.4673202614379085 0.2650735294117647 0.01699346405228758 0.022794117647058822
7 0.5 0.2386029411764706 0.01699346405228758 0.015441176470588236
7 0.4875816993464052 0.23455882352941176 0.01830065359477124 0.014705882352941176
7 0.555514705882353 0.009150326797385621 0.013235294117647059 0.018300653594771243
7 0.5430147058823529 0.009150326797385621 0.014705882352941176 0.018300653594771243
7 0.518954248366013 0.02610294117647059 0.013071895424836602 0.021323529411764706
7 0.48692810457516333 0.01948529411764706 0.011764705882352941 0.019852941176470587
7 0.5718954248366013 0.054411764705882354 0.011764705882352941 0.01911764705882353
7 0.5797385620915033 0.11727941176470588 0.01699346405228758 0.022794117647058822
7 0.5542483660130718 0.12205882352941176 0.01568627450980392 0.023529411764705882
7 0.5084967320261438 0.11948529411764706 0.01830065359477124 0.022794117647058822
7 0.5568627450980391 0.08860294117647059 0.013071895424836602 0.022794117647058822
7 0.5444444444444445 0.09375 0.011764705882352941 0.021323529411764706
7 0.5326797385620915 0.051470588235294115 0.00915032679738562 0.011764705882352941
7 0.4784313725490196 0.052573529411764706 0.01045751633986928 0.0125
7 0.5006535947712417 0.05220588235294118 0.01568627450980392 0.016176470588235296
8 0.518954248366013 0.060294117647058824 0.01045751633986928 0.011764705882352941
8 0.5143790849673202 0.05625 0.011764705882352941 0.011029411764705883
8 0.5235294117647059 0.05110294117647059 0.00915032679738562 0.009558823529411765
8 0.5196078431372548 0.05036764705882353 0.011764705882352941 0.011029411764705883
8 0.5176470588235295 0.04632352941176471 0.01045751633986928 0.011764705882352941
8 0.5111111111111111 0.04448529411764706 0.01045751633986928 0.009558823529411765
8 0.5130718954248366 0.054411764705882354 0.011764705882352941 0.011764705882352941
5 0.23398692810457516 0.5503676470588236 0.08366013071895424 0.022794117647058822
1 0.30196078431372547 0.5286764705882353 0.07581699346405228 0.025
5 0.31176470588235294 0.5095588235294117 0.07450980392156863 0.025
5 0.3542483660130719 0.4970588235294118 0.05751633986928104 0.027941176470588237
5 0.196078431372549 0.5066176470588235 0.0392156862745098 0.03676470588235294
5 0.3915032679738562 0.4676470588235294 0.04052287581699346 0.026470588235294117
5 0.34705882352941175 0.47610294117647056 0.07450980392156863 0.022794117647058822
7 0.35620915032679734 0.46139705882352944 0.03006535947712418 0.025735294117647058
8 0.3196078431372549 0.46654411764705883 0.02745098039215686 0.016911764705882352
7 0.27843137254901956 0.47794117647058826 0.03398692810457516 0.029411764705882353
8 0.28627450980392155 0.4658088235294118 0.03137254901960784 0.03161764705882353
7 0.3150326797385621 0.45294117647058824 0.02875816993464052 0.029411764705882353
3 0.10065359477124183 0.5209558823529412 0.16209150326797384 0.08014705882352942
9 0.11241830065359477 0.40551470588235294 0.10718954248366012 0.04191176470588235
8 0.2699346405228758 0.39375 0.032679738562091505 0.019852941176470587
8 0.3660130718954248 0.37463235294117647 0.02875816993464052 0.016911764705882352
8 0.3627450980392157 0.3654411764705882 0.02745098039215686 0.016176470588235296
8 0.3849673202614379 0.3533088235294118 0.03006535947712418 0.015441176470588236
5 0.3137254901960784 0.32794117647058824 0.02875816993464052 0.027941176470588237
5 0.36405228758169933 0.29669117647058824 0.024836601307189544 0.030147058823529412
5 0.35359477124183003 0.27683823529411766 0.0196078431372549 0.02426470588235294
9 0.32483660130718955 0.29191176470588237 0.043137254901960784 0.03235294117647059
8 0.4300653594771241 0.2139705882352941 0.023529411764705882 0.014705882352941176
8 0.4261437908496732 0.2073529411764706 0.01830065359477124 0.011764705882352941
7 0.37973856209150325 0.19779411764705881 0.022222222222222223 0.023529411764705882
8 0.3111111111111111 0.21580882352941178 0.02091503267973856 0.011029411764705883
7 0.2830065359477124 0.21433823529411763 0.024836601307189544 0.02426470588235294
3 0.25032679738562086 0.2536764705882353 0.1477124183006536 0.047058823529411764
7 0.05620915032679739 0.28860294117647056 0.026143790849673203 0.025735294117647058
7 0.07973856209150326 0.2786764705882353 0.023529411764705882 0.026470588235294117
7 0.04771241830065359 0.27904411764705883 0.024836601307189544 0.028676470588235293
7 0.0718954248366013 0.2698529411764706 0.023529411764705882 0.025
8 0.07254901960784313 0.2610294117647059 0.011764705882352941 0.013235294117647059
11 0.12941176470588237 0.22169117647058822 0.12549019607843137 0.05220588235294118
5 0.21960784313725487 0.20625 0.03660130718954248 0.01838235294117647
0 0.26078431372549016 0.21580882352941178 0.04052287581699346 0.04191176470588235
8 0.326797385620915 0.17794117647058824 0.023529411764705882 0.022058823529411766
7 0.18235294117647058 0.17941176470588235 0.01699346405228758 0.01764705882352941
3 0.26405228758169935 0.18161764705882352 0.12810457516339868 0.039705882352941174
0 0.2261437908496732 0.1610294117647059 0.08104575163398692 0.029411764705882353
3 0.28627450980392155 0.14375 0.11764705882352941 0.027205882352941177
8 0.35294117647058826 0.14448529411764705 0.01568627450980392 0.013970588235294118
8 0.3549019607843137 0.1400735294117647 0.01437908496732026 0.0125
8 0.3954248366013071 0.16433823529411765 0.024836601307189544 0.019852941176470587
11 0.17516339869281045 0.12058823529411765 0.08366013071895424 0.033823529411764704
7 0.3542483660130719 0.12169117647058823 0.01568627450980392 0.01838235294117647
7 0.3549019607843137 0.11544117647058824 0.01699346405228758 0.020588235294117647
7 0.42091503267973857 0.11029411764705882 0.01568627450980392 0.01911764705882353
7 0.4294117647058823 0.10441176470588236 0.011764705882352941 0.020588235294117647
8 0.4666666666666666 0.09779411764705882 0.01568627450980392 0.011764705882352941
8 0.4666666666666666 0.09338235294117647 0.01568627450980392 0.011764705882352941
7 0.41699346405228754 0.075 0.013071895424836602 0.020588235294117647
8 0.3607843137254902 0.09375 0.01830065359477124 0.015441176470588236
9 0.30196078431372547 0.1161764705882353 0.03137254901960784 0.025
5 0.2771241830065359 0.09816176470588235 0.03398692810457516 0.013970588235294118
0 0.3352941176470588 0.09080882352941176 0.03529411764705882 0.03308823529411765
7 0.35947712418300654 0.07463235294117647 0.013071895424836602 0.01838235294117647
7 0.3718954248366013 0.07683823529411765 0.011764705882352941 0.016911764705882352
7 0.38692810457516336 0.07169117647058823 0.013071895424836602 0.016911764705882352
8 0.40065359477124185 0.07389705882352941 0.01699346405228758 0.011029411764705883
8 0.392156862745098 0.06691176470588235 0.013071895424836602 0.01911764705882353
8 0.40196078431372545 0.05514705882352941 0.0196078431372549 0.014705882352941176
7 0.43529411764705883 0.04448529411764706 0.01568627450980392 0.021323529411764706
7 0.4516339869281045 0.03786764705882353 0.01699346405228758 0.013970588235294118
7 0.4163398692810457 0.039705882352941174 0.011764705882352941 0.016176470588235296
7 0.4313725490196078 0.03272058823529412 0.013071895424836602 0.016911764705882352
7 0.4411764705882353 0.030882352941176472 0.011764705882352941 0.016176470588235296
11 0.330718954248366 0.07316176470588236 0.09673202614379084 0.028676470588235293
3 0.3058823529411765 0.06286764705882353 0.0915032679738562 0.02426470588235294
3 0.33856209150326794 0.04522058823529412 0.10457516339869281 0.028676470588235293
9 0.418954248366013 0.021323529411764706 0.024836601307189544 0.014705882352941176
11 0.330718954248366 0.022426470588235294 0.10718954248366012 0.02426470588235294
9 0.3934640522875817 0.03051470588235294 0.01830065359477124 0.013970588235294118
1 0.26601307189542484 0.027941176470588237 0.022222222222222223 0.011764705882352941
8 0.29607843137254897 0.023529411764705882 0.01437908496732026 0.016176470588235296
3 0.3 0.0058823529411764705 0.09264705882352942 0.011764705882352941
5 0.38300653594771245 0.013970588235294118 0.02091503267973856 0.013235294117647059
5 0.35620915032679734 0.007352941176470588 0.00915032679738562 0.011764705882352941
1 0.36928104575163395 0.008088235294117648 0.01437908496732026 0.014705882352941176
3 0.14522058823529413 0.004575163398692811 0.04191176470588235 0.009150326797385621
3 0.09411764705882353 0.01911764705882353 0.044444444444444446 0.023529411764705882
3 0.020955882352941175 0.00718954248366013 0.04191176470588235 0.01437908496732026
3 0.011764705882352941 0.021568627450980392 0.023529411764705882 0.02483660130718954
3 0.009191176470588236 0.04771241830065359 0.01838235294117647 0.023529411764705882