3 0.6555555555555554 0.5010416666666667 0.08518518518518518 0.07083333333333333
5 0.5342592592592593 0.465625 0.06481481481481481 0.029166666666666667
5 0.6805555555555555 0.4114583333333333 0.016666666666666666 0.025
5 0.6537037037037037 0.4140625 0.014814814814814814 0.023958333333333335
5 0.8629629629629628 0.371875 0.01851851851851852 0.01875
5 0.875 0.32447916666666665 0.03148148148148148 0.015625
5 0.9157407407407407 0.3411458333333333 0.046296296296296294 0.019791666666666666
5 0.9869791666666666 0.412962962962963 0.026041666666666668 0.022222222222222223
5 0.9953125 0.4287037037037037 0.009375 0.022222222222222223
8 0.6537037037037037 0.40677083333333336 0.02222222222222222 0.023958333333333335
8 0.6805555555555555 0.403125 0.02037037037037037 0.020833333333333332
8 0.8638888888888888 0.36822916666666666 0.02037037037037037 0.017708333333333333
8 0.8731481481481481 0.32083333333333336 0.016666666666666666 0.01875
7 0.8879629629629628 0.340625 0.01296296296296296 0.022916666666666665
3 0.7287037037037037 0.346875 0.0574074074074074 0.03958333333333333
10 0.575925925925926 0.378125 0.05555555555555555 0.06458333333333334
3 0.7833333333333333 0.315625 0.05185185185185184 0.022916666666666665
7 0.8212962962962963 0.29010416666666666 0.01296296296296296 0.017708333333333333
7 0.8324074074074074 0.29010416666666666 0.00925925925925926 0.019791666666666666
1 0.7944444444444444 0.29010416666666666 0.01111111111111111 0.013541666666666667
8 0.7944444444444444 0.2869791666666667 0.01111111111111111 0.013541666666666667
8 0.7620370370370371 0.25 0.01296296296296296 0.0125
8 0.7611111111111111 0.21041666666666667 0.01111111111111111 0.008333333333333333
5 0.762962962962963 0.25364583333333335 0.01111111111111111 0.011458333333333333
5 0.7611111111111111 0.21302083333333333 0.01111111111111111 0.009375
3 0.8268518518518518 0.2609375 0.03518518518518519 0.017708333333333333
7 0.924074074074074 0.32083333333333336 0.01111111111111111 0.01875
5 0.8194444444444444 0.24947916666666667 0.03148148148148148 0.011458333333333333
9 0.812037037037037 0.240625 0.02037037037037037 0.0125
3 0.7259259259259259 0.19583333333333333 0.02592592592592592 0.010416666666666666
5 0.7055555555555555 0.1828125 0.014814814814814814 0.007291666666666667
5 0.6907407407407408 0.18229166666666666 0.014814814814814814 0.00625
5 0.7203703703703703 0.1859375 0.007407407407407407 0.007291666666666667
5 0.7277777777777777 0.171875 0.01111111111111111 0.004166666666666667
5 0.7453703703703703 0.18958333333333333 0.00925925925925926 0.00625
8 0.7462962962962963 0.18802083333333333 0.007407407407407407 0.007291666666666667
8 0.7194444444444444 0.18333333333333332 0.005555555555555555 0.008333333333333333
8 0.7055555555555555 0.18072916666666666 0.007407407407407407 0.007291666666666667
8 0.6925925925925925 0.1796875 0.007407407407407407 0.005208333333333333
8 0.7287037037037037 0.16927083333333334 0.005555555555555555 0.005208333333333333
7 0.674074074074074 0.18802083333333333 0.007407407407407407 0.009375
3 0.662962962962963 0.1671875 0.014814814814814814 0.007291666666666667
3 0.662962962962963 0.16041666666666668 0.014814814814814814 0.00625
3 0.6648148148148147 0.15572916666666667 0.014814814814814814 0.007291666666666667
3 0.7212962962962963 0.16145833333333334 0.016666666666666666 0.00625
3 0.7064814814814814 0.15885416666666666 0.01296296296296296 0.007291666666666667
9 0.7083333333333334 0.16510416666666666 0.00925925925925926 0.005208333333333333
9 0.6944444444444444 0.16458333333333333 0.007407407407407407 0.004166666666666667
8 0.7074074074074074 0.16302083333333334 0.0037037037037037034 0.007291666666666667
8 0.6935185185185184 0.16302083333333334 0.005555555555555555 0.005208333333333333
8 0.6842592592592591 0.15885416666666666 0.005555555555555555 0.005208333333333333
5 0.6842592592592591 0.16041666666666668 0.005555555555555555 0.004166666666666667