4 0.9060185185185184 0.08203125 0.15648148148148147 0.0265625
4 0.8300925925925925 0.1078125 0.03981481481481482 0.023958333333333335
3 0.9509259259259258 0.09895833333333333 0.00925925925925926 0.004166666666666667
3 0.9657407407407407 0.1015625 0.01111111111111111 0.005208333333333333
3 0.9740740740740741 0.11614583333333334 0.01296296296296296 0.00625
3 0.9222222222222222 0.10208333333333333 0.01111111111111111 0.005208333333333333
3 0.9462962962962962 0.14114583333333333 0.01851851851851852 0.009375
3 0.9546296296296295 0.13645833333333332 0.016666666666666666 0.007291666666666667
3 0.9412037037037037 0.1265625 0.013888888888888888 0.007291666666666667
11 0.9435185185185184 0.13229166666666667 0.01296296296296296 0.009375
3 0.936574074074074 0.11953125 0.013888888888888888 0.0067708333333333336
3 0.9337962962962962 0.11328125 0.012037037037037037 0.005729166666666666
3 0.9277777777777777 0.10833333333333334 0.01111111111111111 0.00625
3 0.9291666666666667 0.1046875 0.010185185185185184 0.005208333333333333
11 0.9004629629629629 0.121875 0.01574074074074074 0.009375
3 0.8597222222222222 0.13072916666666667 0.017592592592592594 0.007291666666666667
3 0.8430555555555554 0.16822916666666668 0.023148148148148147 0.011458333333333333
3 0.8828703703703703 0.16484375 0.023148148148148147 0.0140625
3 0.8375 0.190625 0.02685185185185185 0.013541666666666667
3 0.925 0.19401041666666666 0.029629629629629627 0.016145833333333335
3 0.9296296296296295 0.18020833333333333 0.024074074074074074 0.013541666666666667
3 0.9212962962962962 0.16588541666666667 0.02222222222222222 0.0109375
3 0.9180555555555555 0.15833333333333333 0.021296296296296296 0.010416666666666666
3 0.9175925925925925 0.153125 0.02037037037037037 0.009375
3 0.9180555555555555 0.1484375 0.017592592592592594 0.008333333333333333
3 0.9152777777777777 0.14453125 0.017592592592592594 0.008854166666666666
3 0.9148148148148147 0.14114583333333333 0.016666666666666666 0.007291666666666667
3 0.9064814814814814 0.12838541666666667 0.014814814814814814 0.0078125
3 0.9129629629629629 0.13177083333333334 0.014814814814814814 0.007291666666666667
3 0.9106481481481481 0.13463541666666667 0.01574074074074074 0.0067708333333333336
3 0.9143518518518517 0.13776041666666666 0.01574074074074074 0.0078125
4 0.8060185185185185 0.1359375 0.030555555555555555 0.010416666666666666
4 0.775 0.15390625 0.01296296296296296 0.0140625
7 0.7439814814814815 0.16536458333333334 0.00648148148148148 0.0109375
3 0.8199074074074074 0.23515625 0.03611111111111111 0.0203125
3 0.8069444444444444 0.2669270833333333 0.041666666666666664 0.024479166666666666
3 0.8819444444444444 0.24401041666666667 0.03611111111111111 0.0203125
3 0.9375 0.221875 0.032407407407407406 0.016666666666666666
10 0.96015625 0.2824074074074074 0.0796875 0.11574074074074074
3 0.7648148148148147 0.3463541666666667 0.06111111111111111 0.036458333333333336
3 0.6703703703703704 0.3484375 0.07037037037037037 0.04583333333333333
3 0.8143518518518518 0.3807291666666667 0.06574074074074074 0.04583333333333333
3 0.9661458333333334 0.39444444444444443 0.06770833333333333 0.05462962962962963
3 0.9097222222222221 0.4484375 0.08425925925925926 0.07083333333333333
3 0.9921875 0.4888888888888889 0.015625 0.07407407407407407
3 0.5601851851851851 0.46875 0.1 0.06979166666666667
3 0.6805555555555555 0.4903645833333333 0.09814814814814814 0.08802083333333334
1 0.4837962962962962 0.39869791666666665 0.021296296296296296 0.024479166666666666
8 0.4837962962962962 0.38984375 0.021296296296296296 0.027604166666666666