3 0.8629629629629628 0.15520833333333334 0.02222222222222222 0.014583333333333334
3 0.8481481481481481 0.1765625 0.02592592592592592 0.015625
3 0.8870370370370371 0.24322916666666666 0.04814814814814815 0.026041666666666668
8 0.712962962962963 0.26145833333333335 0.014814814814814814 0.014583333333333334
5 0.7138888888888888 0.271875 0.016666666666666666 0.010416666666666666
0 0.7638888888888888 0.25416666666666665 0.03148148148148148 0.03125
8 0.9333333333333333 0.28541666666666665 0.014814814814814814 0.014583333333333334
5 0.9342592592592591 0.2947916666666667 0.016666666666666666 0.0125
9 0.9629629629629629 0.31197916666666664 0.03333333333333333 0.028125
3 0.8833333333333333 0.321875 0.04444444444444444 0.03125
8 0.7805555555555554 0.30833333333333335 0.02037037037037037 0.014583333333333334
5 0.7814814814814814 0.3182291666666667 0.01851851851851852 0.019791666666666666
8 0.7546296296296297 0.3067708333333333 0.027777777777777776 0.017708333333333333
5 0.7509259259259259 0.315625 0.02037037037037037 0.020833333333333332
8 0.5833333333333334 0.403125 0.03333333333333333 0.022916666666666665
5 0.5777777777777777 0.421875 0.03333333333333333 0.025
0 0.7722222222222221 0.4270833333333333 0.04814814814814815 0.06666666666666667
8 0.9361111111111111 0.3515625 0.027777777777777776 0.019791666666666666
5 0.9361111111111111 0.3640625 0.02037037037037037 0.019791666666666666
8 0.9859375 0.5287037037037037 0.028125 0.03518518518518519
5 0.9833333333333333 0.5416666666666666 0.03333333333333333 0.037037037037037035