10 0.3111111111111111 0.5165441176470589 0.08104575163398692 0.06102941176470588
11 0.3398692810457516 0.4235294117647059 0.03137254901960784 0.045588235294117645
1 0.9143790849673201 0.03823529411764706 0.00915032679738562 0.011764705882352941
8 0.9150326797385621 0.03786764705882353 0.00784313725490196 0.008088235294117648
3 0.9790441176470588 0.01699346405228758 0.04191176470588235 0.01699346405228758
3 0.9738970588235294 0.20130718954248367 0.05220588235294118 0.013071895424836602
3 0.9746323529411764 0.2169934640522876 0.05073529411764706 0.018300653594771243
3 0.975735294117647 0.2477124183006536 0.04852941176470588 0.018300653594771243
3 0.9779411764705882 0.26601307189542484 0.04411764705882353 0.01568627450980392
3 0.9764705882352941 0.2928104575163399 0.047058823529411764 0.02091503267973856
3 0.9790441176470588 0.3156862745098039 0.04191176470588235 0.01699346405228758
3 0.9731617647058823 0.3509803921568627 0.05367647058823529 0.01437908496732026
3 0.9816176470588235 0.3934640522875817 0.03676470588235294 0.01568627450980392
3 0.975735294117647 0.4627450980392157 0.04852941176470588 0.01568627450980392
11 0.9313725490196078 0.3720588235294118 0.024836601307189544 0.03676470588235294
3 0.9202614379084967 0.5209558823529412 0.026143790849673203 0.03897058823529412
3 0.8627450980392156 0.4363970588235294 0.02875816993464052 0.03897058823529412
3 0.8078431372549019 0.4113970588235294 0.02875816993464052 0.03897058823529412
3 0.7973856209150326 0.4922794117647059 0.02875816993464052 0.03897058823529412
5 0.7620915032679738 0.44779411764705884 0.01045751633986928 0.013235294117647059
8 0.7627450980392156 0.44669117647058826 0.011764705882352941 0.008088235294117648
5 0.7254901960784313 0.5095588235294117 0.00784313725490196 0.013235294117647059
7 0.7372549019607842 0.5110294117647058 0.00784313725490196 0.0058823529411764705
3 0.12156862745098038 0.2827205882352941 0.05228758169934641 0.015441176470588236
3 0.6790849673202615 0.5371323529411764 0.05359477124183006 0.03308823529411765
3 0.38627450980392153 0.35919117647058824 0.03529411764705882 0.03161764705882353
11 0.26405228758169935 0.28198529411764706 0.05751633986928104 0.015441176470588236
3 0.396078431372549 0.2625 0.026143790849673203 0.03235294117647059
3 0.40522875816993464 0.16911764705882354 0.03137254901960784 0.03676470588235294
3 0.18169934640522875 0.18125 0.02875816993464052 0.01838235294117647
9 0.31895424836601305 0.2400735294117647 0.023529411764705882 0.028676470588235293
3 0.36405228758169933 0.16286764705882353 0.04052287581699346 0.03455882352941177
7 0.12418300653594772 0.17058823529411765 0.01568627450980392 0.007352941176470588
7 0.12156862745098038 0.20477941176470588 0.01568627450980392 0.006617647058823529
3 0.09934640522875818 0.15220588235294116 0.03660130718954248 0.03529411764705882
9 0.07124183006535947 0.1738970588235294 0.032679738562091505 0.01838235294117647
4 0.21503267973856205 0.12720588235294117 0.05359477124183006 0.016176470588235296
7 0.3718954248366013 0.04485294117647059 0.00915032679738562 0.008823529411764706
7 0.35294117647058826 0.0125 0.01045751633986928 0.008823529411764706
10 0.357516339869281 0.07941176470588235 0.04052287581699346 0.051470588235294115
3 0.6797385620915032 0.4904411764705882 0.07058823529411765 0.01764705882352941
5 0.7032679738562091 0.4441176470588235 0.02091503267973856 0.011764705882352941
3 0.9816176470588235 0.06405228758169934 0.03676470588235294 0.01437908496732026
3 0.9841911764705882 0.09738562091503268 0.03161764705882353 0.01699346405228758
3 0.9783088235294117 0.16405228758169935 0.04338235294117647 0.01699346405228758
3 0.7013071895424836 0.04301470588235294 0.05359477124183006 0.019852941176470587
9 0.6450980392156862 0.047058823529411764 0.01699346405228758 0.01764705882352941
7 0.6640522875816993 0.052941176470588235 0.00784313725490196 0.007352941176470588
3 0.7006535947712418 0.0713235294117647 0.05490196078431372 0.020588235294117647
3 0.7444444444444444 0.16139705882352942 0.032679738562091505 0.0375
7 0.76078431372549 0.14705882352941177 0.01045751633986928 0.007352941176470588
3 0.7901960784313724 0.13602941176470587 0.02745098039215686 0.03676470588235294
7 0.9418300653594771 0.1889705882352941 0.006535947712418301 0.008823529411764706
7 0.696078431372549 0.09889705882352941 0.006535947712418301 0.006617647058823529
7 0.6124183006535947 0.10477941176470588 0.006535947712418301 0.006617647058823529
7 0.8156862745098039 0.3136029411764706 0.00784313725490196 0.006617647058823529
9 0.7777777777777778 0.3235294117647059 0.01830065359477124 0.023529411764705882
8 0.7777777777777778 0.3297794117647059 0.01045751633986928 0.009558823529411765
3 0.6947712418300653 0.2849264705882353 0.06405228758169934 0.027205882352941177
3 0.6862745098039215 0.3176470588235294 0.06797385620915032 0.020588235294117647
5 0.7320261437908496 0.2959558823529412 0.00784313725490196 0.013970588235294118
7 0.7895424836601308 0.3466911764705882 0.00784313725490196 0.0125
5 0.7372549019607842 0.44227941176470587 0.023529411764705882 0.013970588235294118
7 0.6359477124183006 0.44779411764705884 0.00915032679738562 0.007352941176470588
7 0.6313725490196078 0.41911764705882354 0.01045751633986928 0.007352941176470588
7 0.6477124183006535 0.28088235294117647 0.006535947712418301 0.004411764705882353
7 0.6411764705882353 0.27941176470588236 0.006535947712418301 0.0058823529411764705
9 0.7470588235294118 0.3463235294117647 0.01699346405228758 0.01764705882352941
8 0.7503267973856208 0.3514705882352941 0.00784313725490196 0.0058823529411764705
7 0.618954248366013 0.5128676470588235 0.006535947712418301 0.005147058823529412
7 0.64640522875817 0.5022058823529412 0.00915032679738562 0.004411764705882353
7 0.6398692810457516 0.5047794117647059 0.006535947712418301 0.003676470588235294
7 0.6588235294117647 0.5246323529411765 0.00784313725490196 0.005147058823529412
7 0.6287581699346405 0.5316176470588235 0.01045751633986928 0.004411764705882353
7 0.6281045751633987 0.5411764705882353 0.00915032679738562 0.0058823529411764705
4 0.6235294117647059 0.5227941176470589 0.01830065359477124 0.008823529411764706
5 0.9450980392156862 0.021691176470588235 0.00784313725490196 0.016911764705882352
4 0.757516339869281 0.08676470588235294 0.00915032679738562 0.008823529411764706
4 0.9084967320261437 0.12610294117647058 0.01045751633986928 0.0125
4 0.9209150326797385 0.21838235294117647 0.011764705882352941 0.013235294117647059
4 0.9143790849673201 0.2893382352941177 0.00915032679738562 0.0125
5 0.2620915032679738 0.5275735294117647 0.00915032679738562 0.013970588235294118