5 0.0915032679738562 0.4742647058823529 0.07320261437908496 0.029411764705882353
7 0.45294117647058824 0.2786764705882353 0.01437908496732026 0.022058823529411766
3 0.46078431372549017 0.2878676470588235 0.10849673202614378 0.02426470588235294
3 0.5633986928104575 0.2922794117647059 0.10718954248366012 0.02426470588235294
3 0.6379084967320261 0.43970588235294117 0.0915032679738562 0.0661764705882353
7 0.6790849673202615 0.2897058823529412 0.00915032679738562 0.020588235294117647
7 0.6816993464052288 0.2933823529411765 0.00915032679738562 0.01911764705882353
7 0.6875816993464052 0.2908088235294118 0.01045751633986928 0.019852941176470587
8 0.8790849673202613 0.18529411764705883 0.006535947712418301 0.007352941176470588
5 0.8790849673202613 0.18786764705882353 0.006535947712418301 0.008088235294117648
7 0.8032679738562091 0.17720588235294119 0.006535947712418301 0.008823529411764706
1 0.8013071895424837 0.17904411764705883 0.013071895424836602 0.005147058823529412
3 0.8104575163398693 0.1713235294117647 0.04183006535947712 0.010294117647058823
3 0.8424836601307188 0.19080882352941175 0.022222222222222223 0.011029411764705883
7 0.857516339869281 0.18382352941176472 0.00522875816993464 0.010294117647058823
3 0.8620915032679738 0.17022058823529412 0.0196078431372549 0.009558823529411765
8 0.8444444444444443 0.18345588235294116 0.00784313725490196 0.008088235294117648
5 0.8437908496732025 0.1860294117647059 0.011764705882352941 0.0058823529411764705
3 0.8490196078431371 0.17463235294117646 0.02745098039215686 0.008088235294117648
3 0.85359477124183 0.17720588235294119 0.02091503267973856 0.010294117647058823
7 0.9398692810457516 0.15073529411764705 0.00522875816993464 0.0058823529411764705
8 0.9019607843137254 0.16029411764705884 0.00522875816993464 0.0058823529411764705
1 0.9 0.16213235294117648 0.01437908496732026 0.005147058823529412
7 0.8457516339869281 0.16213235294117648 0.00522875816993464 0.008088235294117648
8 0.861437908496732 0.16176470588235295 0.00522875816993464 0.0058823529411764705
1 0.861437908496732 0.16286764705882353 0.00522875816993464 0.005147058823529412
8 0.8856209150326797 0.15661764705882353 0.00392156862745098 0.007352941176470588
5 0.8869281045751634 0.15845588235294117 0.011764705882352941 0.005147058823529412
3 0.8673202614379084 0.15661764705882353 0.032679738562091505 0.007352941176470588
3 0.9013071895424836 0.15514705882352942 0.03006535947712418 0.007352941176470588
3 0.9130718954248365 0.15808823529411764 0.0196078431372549 0.008823529411764706
3 0.8084967320261437 0.15183823529411763 0.03006535947712418 0.006617647058823529
3 0.8437908496732025 0.15073529411764705 0.03006535947712418 0.007352941176470588
9 0.895424836601307 0.14816176470588235 0.00784313725490196 0.005147058823529412
3 0.9052287581699346 0.14375 0.01437908496732026 0.006617647058823529
3 0.9019607843137254 0.14227941176470588 0.013071895424836602 0.006617647058823529
3 0.8947712418300654 0.13970588235294118 0.011764705882352941 0.0058823529411764705
3 0.892156862745098 0.13786764705882354 0.011764705882352941 0.005147058823529412
3 0.8895424836601306 0.1363970588235294 0.011764705882352941 0.006617647058823529
7 0.9222222222222222 0.13051470588235295 0.00392156862745098 0.005147058823529412
3 0.9614379084967319 0.13529411764705881 0.0196078431372549 0.004411764705882353
3 0.9470588235294117 0.13198529411764706 0.022222222222222223 0.005147058823529412
3 0.9241830065359478 0.12610294117647058 0.01830065359477124 0.003676470588235294
11 0.9215686274509803 0.12352941176470589 0.02091503267973856 0.0058823529411764705
5 0.9117647058823529 0.13014705882352942 0.00392156862745098 0.004411764705882353
0 0.9006535947712418 0.12720588235294117 0.00784313725490196 0.004411764705882353
3 0.9065359477124183 0.11985294117647059 0.01437908496732026 0.004411764705882353
11 0.896078431372549 0.11654411764705883 0.006535947712418301 0.003676470588235294
3 0.8895424836601306 0.11470588235294117 0.006535947712418301 0.0029411764705882353
4 0.8313725490196078 0.09558823529411764 0.01045751633986928 0.007352941176470588
4 0.8477124183006536 0.10110294117647059 0.01699346405228758 0.008088235294117648
4 0.8679738562091502 0.10772058823529412 0.01045751633986928 0.005147058823529412
3 0.8692810457516339 0.11433823529411764 0.00784313725490196 0.003676470588235294
11 0.857516339869281 0.11066176470588235 0.00784313725490196 0.003676470588235294
4 0.8797385620915031 0.11213235294117647 0.01045751633986928 0.003676470588235294