3 0.22824074074074072 0.3502604166666667 0.09907407407407406 0.0421875
4 0.83515625 0.11064814814814815 0.3296875 0.1388888888888889
3 0.5509259259259259 0.48020833333333335 0.10925925925925925 0.05416666666666667
3 0.6134259259259258 0.4158854166666667 0.10462962962962963 0.04739583333333333
3 0.7597222222222222 0.3997395833333333 0.0787037037037037 0.044270833333333336
3 0.8444444444444444 0.4317708333333333 0.08518518518518518 0.053125
3 0.9569444444444444 0.43203125 0.08055555555555555 0.049479166666666664
3 0.9662037037037037 0.3841145833333333 0.06388888888888888 0.043229166666666666
3 0.98984375 0.3486111111111111 0.0203125 0.03148148148148148
3 0.9880208333333333 0.31574074074074077 0.023958333333333335 0.025925925925925925
3 0.8805555555555554 0.37057291666666664 0.07037037037037037 0.04010416666666667
3 0.9101851851851851 0.3375 0.06296296296296296 0.028125
3 0.725 0.3390625 0.0685185185185185 0.0375
3 0.8162037037037037 0.3416666666666667 0.06388888888888888 0.03125
3 0.8523148148148147 0.30859375 0.05648148148148148 0.025520833333333333
3 0.7921296296296296 0.2859375 0.05648148148148148 0.025
3 0.7805555555555554 0.2559895833333333 0.04444444444444444 0.019270833333333334
8 0.8972222222222221 0.20078125 0.016666666666666666 0.011979166666666667
5 0.8976851851851851 0.20442708333333334 0.0287037037037037 0.0109375
3 0.6203703703703703 0.52890625 0.1259259259259259 0.06614583333333333
3 0.4583333333333333 0.5359375 0.12962962962962962 0.052083333333333336
11 0.773611111111111 0.5354166666666667 0.11018518518518518 0.052083333333333336
10 0.9111111111111111 0.5341145833333333 0.1148148148148148 0.05572916666666667
3 0.036458333333333336 0.475 0.07291666666666667 0.05925925925925926
8 0.23564814814814813 0.24270833333333333 0.01574074074074074 0.013541666666666667
8 0.2375 0.24505208333333334 0.012037037037037037 0.011979166666666667
5 0.23657407407407405 0.24661458333333333 0.032407407407407406 0.009895833333333333
3 0.11064814814814813 0.23984375 0.07685185185185185 0.0171875
11 0.10416666666666667 0.22890625 0.08425925925925926 0.016145833333333335
11 0.14074074074074075 0.22447916666666667 0.08333333333333333 0.01875
3 0.18333333333333332 0.21953125 0.07407407407407408 0.015104166666666667
3 0.3879629629629629 0.18802083333333333 0.0537037037037037 0.0125
7 0.523611111111111 0.2721354166666667 0.01944444444444444 0.018229166666666668
7 0.5828703703703704 0.2708333333333333 0.01944444444444444 0.017708333333333333
11 0.04953703703703703 0.22734375 0.06574074074074074 0.016145833333333335
3 0.0837962962962963 0.22239583333333332 0.058333333333333334 0.015625
3 0.023177083333333334 0.24027777777777778 0.04635416666666667 0.019444444444444445
3 0.01953125 0.2324074074074074 0.0390625 0.017592592592592594
4 0.25 0.1015625 0.4944444444444444 0.027083333333333334