4 0.20588235294117646 0.1607843137254902 0.4117647058823529 0.06143790849673202
4 0.8490196078431371 0.13088235294117648 0.23398692810457516 0.03676470588235294
4 0.9816176470588235 0.09803921568627451 0.03676470588235294 0.01568627450980392
1 0.9607843137254901 0.10845588235294118 0.02875816993464052 0.011029411764705883
7 0.8398692810457516 0.10772058823529412 0.011764705882352941 0.019852941176470587
7 0.8529411764705882 0.11139705882352942 0.011764705882352941 0.01838235294117647
5 0.7581699346405228 0.4959558823529412 0.07058823529411765 0.06691176470588235
8 0.7660130718954249 0.48676470588235293 0.05490196078431372 0.07058823529411765
7 0.777124183006536 0.26580882352941176 0.022222222222222223 0.0375
4 0.837908496732026 0.15257352941176472 0.10980392156862744 0.015441176470588236
5 0.9875 0.14640522875816994 0.025 0.01437908496732026
5 0.8993464052287582 0.2735294117647059 0.044444444444444446 0.027941176470588237
8 0.8973856209150326 0.26580882352941176 0.032679738562091505 0.03455882352941177
8 0.026143790849673203 0.20294117647058824 0.023529411764705882 0.025
8 0.041176470588235294 0.20147058823529412 0.01437908496732026 0.022058823529411766
4 0.22156862745098038 0.1889705882352941 0.1738562091503268 0.022058823529411766
5 0.1784313725490196 0.2051470588235294 0.032679738562091505 0.025
5 0.2235294117647059 0.20698529411764705 0.02875816993464052 0.021323529411764706
5 0.24836601307189543 0.20588235294117646 0.03398692810457516 0.026470588235294117
5 0.2856209150326797 0.20404411764705882 0.03006535947712418 0.025735294117647058
5 0.34313725490196073 0.20588235294117646 0.0196078431372549 0.025
5 0.322875816993464 0.19522058823529412 0.01568627450980392 0.022794117647058822
5 0.3607843137254902 0.19301470588235295 0.013071895424836602 0.02426470588235294
5 0.37973856209150325 0.20404411764705882 0.022222222222222223 0.022794117647058822
5 0.39673202614379083 0.19264705882352942 0.0196078431372549 0.025
7 0.41830065359477125 0.13345588235294117 0.02091503267973856 0.02426470588235294
3 0.14313725490196078 0.26029411764705884 0.1503267973856209 0.05
3 0.34509803921568627 0.26286764705882354 0.15163398692810456 0.04926470588235294
3 0.4633986928104575 0.2525735294117647 0.12941176470588237 0.04338235294117647
4 0.47516339869281043 0.12316176470588236 0.01699346405228758 0.02426470588235294
7 0.49150326797385624 0.12536764705882353 0.01568627450980392 0.021323529411764706
7 0.47189542483660124 0.13161764705882353 0.01830065359477124 0.025
7 0.5235294117647059 0.12205882352941176 0.01699346405228758 0.025
8 0.5248366013071895 0.13198529411764706 0.01437908496732026 0.013970588235294118
4 0.6633986928104575 0.1275735294117647 0.03529411764705882 0.011029411764705883
8 0.7169934640522876 0.125 0.01437908496732026 0.013235294117647059
8 0.6947712418300653 0.12683823529411764 0.01699346405228758 0.013970588235294118
7 0.6503267973856208 0.1426470588235294 0.00915032679738562 0.022058823529411766
11 0.9019607843137254 0.21102941176470588 0.1411764705882353 0.045588235294117645
7 0.9026143790849672 0.18308823529411763 0.011764705882352941 0.026470588235294117
7 0.8895424836601306 0.17720588235294119 0.01437908496732026 0.026470588235294117
7 0.8751633986928105 0.175 0.01699346405228758 0.027941176470588237
5 0.8594771241830066 0.18382352941176472 0.0457516339869281 0.020588235294117647
5 0.8274509803921568 0.17977941176470588 0.03660130718954248 0.021323529411764706
5 0.8281045751633986 0.16875 0.022222222222222223 0.019852941176470587
1 0.6875816993464052 0.15992647058823528 0.0392156862745098 0.015441176470588236
7 0.6888888888888888 0.15514705882352942 0.01830065359477124 0.026470588235294117
5 0.7209150326797384 0.15955882352941175 0.0196078431372549 0.01764705882352941
7 0.7209150326797384 0.1588235294117647 0.01437908496732026 0.023529411764705882
5 0.7026143790849673 0.17058823529411765 0.01699346405228758 0.01764705882352941
9 0.6973856209150326 0.19117647058823528 0.02745098039215686 0.023529411764705882
5 0.7261437908496732 0.1801470588235294 0.0196078431372549 0.01764705882352941
5 0.7725490196078431 0.17205882352941176 0.0392156862745098 0.01911764705882353
5 0.7875816993464052 0.19264705882352942 0.022222222222222223 0.022058823529411766
1 0.7686274509803921 0.20147058823529412 0.03660130718954248 0.023529411764705882
5 0.7686274509803921 0.19411764705882353 0.01568627450980392 0.022058823529411766
0 0.74640522875817 0.22095588235294117 0.05490196078431372 0.03897058823529412
0 0.9241830065359478 0.1661764705882353 0.06013071895424836 0.03529411764705882
5 0.6163398692810457 0.24338235294117647 0.03006535947712418 0.030882352941176472
5 0.5254901960784314 0.19595588235294117 0.02091503267973856 0.025735294117647058
8 0.6176470588235294 0.2363970588235294 0.03006535947712418 0.03602941176470588
8 0.6209150326797385 0.2363970588235294 0.01830065359477124 0.02426470588235294
1 0.6352941176470588 0.21544117647058825 0.023529411764705882 0.026470588235294117
5 0.5862745098039215 0.2139705882352941 0.024836601307189544 0.025
5 0.6065359477124183 0.21544117647058825 0.023529411764705882 0.026470588235294117
7 0.6287581699346405 0.14852941176470588 0.01568627450980392 0.022058823529411766
7 0.6281045751633987 0.14558823529411766 0.01437908496732026 0.022058823529411766
5 0.5875816993464053 0.1625 0.0196078431372549 0.020588235294117647
5 0.6039215686274509 0.17316176470588235 0.02091503267973856 0.021323529411764706
1 0.6339869281045751 0.16139705882352942 0.01568627450980392 0.01838235294117647
1 0.6274509803921569 0.17022058823529412 0.01830065359477124 0.021323529411764706
5 0.6372549019607843 0.1786764705882353 0.01699346405228758 0.020588235294117647
1 0.5 0.19154411764705884 0.0196078431372549 0.021323529411764706
5 0.4274509803921568 0.17095588235294118 0.01830065359477124 0.01838235294117647
5 0.426797385620915 0.20036764705882354 0.03006535947712418 0.02426470588235294
5 0.4359477124183006 0.18786764705882353 0.01699346405228758 0.027205882352941177
5 0.4496732026143791 0.17941176470588235 0.02091503267973856 0.020588235294117647
5 0.45816993464052286 0.20772058823529413 0.02745098039215686 0.027205882352941177
1 0.4849673202614379 0.19595588235294117 0.023529411764705882 0.025735294117647058
7 0.48823529411764705 0.20845588235294119 0.0196078431372549 0.03455882352941177
7 0.48562091503267973 0.20808823529411766 0.024836601307189544 0.029411764705882353