5 0.2496732026143791 0.41544117647058826 0.12026143790849672 0.039705882352941174
3 0.5627450980392157 0.4360294117647059 0.20522875816993463 0.09411764705882353
3 0.6091503267973856 0.36617647058823527 0.1803921568627451 0.07205882352941176
3 0.7450980392156862 0.14338235294117646 0.04967320261437909 0.026470588235294117
3 0.6647058823529411 0.32132352941176473 0.1738562091503268 0.058823529411764705
3 0.6379084967320261 0.25919117647058826 0.08104575163398692 0.04926470588235294
3 0.6699346405228758 0.2235294117647059 0.06928104575163398 0.041176470588235294
3 0.48562091503267973 0.2051470588235294 0.1477124183006536 0.03235294117647059
3 0.5901960784313726 0.14779411764705883 0.04836601307189542 0.027941176470588237
3 0.657516339869281 0.14595588235294119 0.05751633986928104 0.027205882352941177
3 0.6490196078431373 0.11360294117647059 0.10065359477124183 0.01838235294117647
3 0.7437908496732026 0.11654411764705883 0.05228758169934641 0.019852941176470587
3 0.872549019607843 0.08933823529411765 0.032679738562091505 0.015441176470588236
3 0.7725490196078431 0.1 0.08366013071895424 0.01911764705882353
3 0.7398692810457516 0.09338235294117647 0.06797385620915032 0.01764705882352941
11 0.7830065359477124 0.08860294117647059 0.05751633986928104 0.01838235294117647
3 0.7816993464052288 0.08014705882352942 0.06535947712418301 0.016176470588235296
11 0.8189542483660132 0.07426470588235294 0.02745098039215686 0.01764705882352941
11 0.7875816993464052 0.06875 0.050980392156862744 0.016911764705882352
7 0.9908496732026143 0.05551470588235294 0.00522875816993464 0.009558823529411765
2 0.7928104575163398 0.060294117647058824 0.0849673202614379 0.026470588235294117
3 0.8235294117647058 0.04522058823529412 0.02091503267973856 0.009558823529411765
3 0.7947712418300654 0.04779411764705882 0.026143790849673203 0.008823529411764706
3 0.8078431372549019 0.04264705882352941 0.02875816993464052 0.010294117647058823
3 0.7934640522875817 0.04522058823529412 0.01830065359477124 0.009558823529411765
3 0.9398692810457516 0.04191176470588235 0.02091503267973856 0.008823529411764706
3 0.9405228758169935 0.03860294117647059 0.01699346405228758 0.008088235294117648
4 0.8124183006535948 0.019852941176470587 0.06666666666666667 0.03235294117647059
3 0.8522875816993464 0.016176470588235296 0.01045751633986928 0.0058823529411764705
4 0.8895424836601306 0.008088235294117648 0.0849673202614379 0.013235294117647059
4 0.9712418300653595 0.03713235294117647 0.03398692810457516 0.013970588235294118
4 0.9594771241830066 0.027573529411764705 0.01830065359477124 0.009558823529411765
4 0.9215686274509803 0.01838235294117647 0.05751633986928104 0.004411764705882353
3 0.8673202614379084 0.020955882352941175 0.011764705882352941 0.006617647058823529
11 0.8836601307189541 0.01948529411764706 0.013071895424836602 0.008088235294117648
5 0.9019607843137254 0.04191176470588235 0.01045751633986928 0.007352941176470588
8 0.9013071895424836 0.03897058823529412 0.006535947712418301 0.007352941176470588
3 0.9091503267973855 0.023161764705882354 0.022222222222222223 0.006617647058823529
3 0.9333333333333332 0.02610294117647059 0.02875816993464052 0.006617647058823529
3 0.9130718954248365 0.027205882352941177 0.024836601307189544 0.0058823529411764705
3 0.9196078431372547 0.030147058823529412 0.02745098039215686 0.007352941176470588
3 0.9320261437908496 0.034926470588235295 0.01568627450980392 0.008088235294117648
3 0.9261437908496731 0.03161764705882353 0.01699346405228758 0.008823529411764706
3 0.9679738562091502 0.05772058823529412 0.024836601307189544 0.011029411764705883
1 0.9823529411764705 0.07830882352941176 0.006535947712418301 0.011029411764705883
8 0.9816993464052287 0.07610294117647058 0.00784313725490196 0.0125