7 0.7928104575163398 0.21875 0.04836601307189542 0.04338235294117647
11 0.3581699346405229 0.08897058823529412 0.11241830065359477 0.051470588235294115
7 0.0392156862745098 0.14963235294117647 0.0392156862745098 0.030147058823529412
3 0.40845588235294117 0.013071895424836602 0.11397058823529412 0.026143790849673203
3 0.15110294117647058 0.01241830065359477 0.11911764705882352 0.02483660130718954
8 0.5895424836601306 0.01948529411764706 0.023529411764705882 0.015441176470588236
7 0.5588235294117647 0.10808823529411765 0.022222222222222223 0.029411764705882353
5 0.5967320261437908 0.027573529411764705 0.03529411764705882 0.013970588235294118
8 0.5732026143790849 0.014705882352941176 0.0196078431372549 0.016176470588235296
5 0.5699346405228758 0.02426470588235294 0.03398692810457516 0.010294117647058823
7 0.42549019607843136 0.06948529411764706 0.022222222222222223 0.028676470588235293
7 0.4084967320261438 0.06985294117647059 0.01699346405228758 0.029411764705882353