7 0.24814814814814812 0.23072916666666668 0.014814814814814814 0.019791666666666666
8 0.26759259259259255 0.2296875 0.00925925925925926 0.017708333333333333
5 0.2648148148148148 0.2328125 0.02592592592592592 0.011458333333333333
7 0.23055555555555554 0.2546875 0.016666666666666666 0.021875
7 0.21666666666666667 0.278125 0.01851851851851852 0.025
7 0.20648148148148146 0.2833333333333333 0.016666666666666666 0.016666666666666666
7 0.27037037037037037 0.2828125 0.02222222222222222 0.023958333333333335
7 0.2796296296296296 0.30364583333333334 0.02222222222222222 0.026041666666666668
7 0.2824074074074074 0.33177083333333335 0.02037037037037037 0.028125
7 0.3277777777777777 0.40677083333333336 0.014814814814814814 0.021875
8 0.337037037037037 0.4036458333333333 0.02592592592592592 0.021875
7 0.40462962962962956 0.5171875 0.027777777777777776 0.04479166666666667
5 0.32037037037037036 0.3140625 0.029629629629629627 0.026041666666666668
8 0.5361111111111111 0.37083333333333335 0.024074074074074074 0.020833333333333332
8 0.5527777777777777 0.37135416666666665 0.02037037037037037 0.017708333333333333
8 0.6907407407407408 0.3703125 0.01111111111111111 0.013541666666666667
8 0.6851851851851851 0.37395833333333334 0.02222222222222222 0.01875
7 0.7574074074074074 0.428125 0.014814814814814814 0.03333333333333333
7 0.9472222222222222 0.36770833333333336 0.01296296296296296 0.022916666666666665
7 0.912037037037037 0.3854166666666667 0.00925925925925926 0.020833333333333332
7 0.924074074074074 0.3770833333333333 0.014814814814814814 0.029166666666666667
7 0.9074074074074073 0.37447916666666664 0.01851851851851852 0.030208333333333334
7 0.9768518518518517 0.3338541666666667 0.01296296296296296 0.015625
7 0.7861111111111111 0.30052083333333335 0.02037037037037037 0.026041666666666668
8 0.799074074074074 0.2942708333333333 0.024074074074074074 0.019791666666666666
7 0.8194444444444444 0.31666666666666665 0.02037037037037037 0.027083333333333334
8 0.8601851851851852 0.3046875 0.016666666666666666 0.017708333333333333
5 0.8601851851851852 0.31145833333333334 0.027777777777777776 0.010416666666666666
5 0.8416666666666667 0.3265625 0.02037037037037037 0.023958333333333335
5 0.8685185185185185 0.32395833333333335 0.01851851851851852 0.01875
1 0.912037037037037 0.31979166666666664 0.027777777777777776 0.027083333333333334
5 0.9314814814814815 0.31875 0.014814814814814814 0.022916666666666665
5 0.9527777777777777 0.32083333333333336 0.016666666666666666 0.020833333333333332
5 0.9796296296296295 0.31145833333333334 0.02592592592592592 0.020833333333333332
5 0.9712962962962962 0.32135416666666666 0.016666666666666666 0.015625
4 0.9973958333333334 0.3148148148148148 0.005208333333333333 0.027777777777777776
7 0.9675925925925924 0.25416666666666665 0.027777777777777776 0.025
7 0.9175925925925925 0.246875 0.016666666666666666 0.020833333333333332
7 0.9416666666666667 0.2984375 0.024074074074074074 0.026041666666666668
7 0.9648148148148148 0.2984375 0.02592592592592592 0.026041666666666668
7 0.912037037037037 0.2760416666666667 0.016666666666666666 0.025
7 0.8898148148148147 0.2869791666666667 0.024074074074074074 0.019791666666666666
7 0.8444444444444444 0.2864583333333333 0.014814814814814814 0.022916666666666665
7 0.8777777777777778 0.25833333333333336 0.014814814814814814 0.022916666666666665
7 0.8851851851851851 0.2791666666666667 0.01111111111111111 0.01875
7 0.8861111111111111 0.2703125 0.01296296296296296 0.017708333333333333
7 0.8444444444444444 0.2765625 0.01111111111111111 0.021875
7 0.8462962962962962 0.26510416666666664 0.01111111111111111 0.019791666666666666
7 0.8435185185185184 0.23697916666666666 0.00925925925925926 0.011458333333333333
7 0.8314814814814814 0.23125 0.014814814814814814 0.020833333333333332
8 0.9574074074074074 0.21666666666666667 0.01111111111111111 0.014583333333333334
0 0.9564814814814814 0.21614583333333334 0.016666666666666666 0.021875
5 0.75 0.209375 0.02592592592592592 0.0125
5 0.7296296296296296 0.21041666666666667 0.01851851851851852 0.014583333333333334
3 0.8601851851851852 0.20208333333333334 0.09074074074074073 0.01875
3 0.8268518518518518 0.1953125 0.08333333333333333 0.017708333333333333
11 0.8583333333333333 0.1875 0.07962962962962963 0.016666666666666666
4 0.8722222222222221 0.14895833333333333 0.16296296296296295 0.05625
3 0.9963541666666667 0.19722222222222222 0.007291666666666667 0.022222222222222223
7 0.9824074074074074 0.19375 0.01296296296296296 0.016666666666666666
7 0.961111111111111 0.16614583333333333 0.014814814814814814 0.015625
7 0.9712962962962962 0.16822916666666668 0.00925925925925926 0.011458333333333333
4 0.9973958333333334 0.1574074074074074 0.005208333333333333 0.05
7 0.9888888888888888 0.1265625 0.007407407407407407 0.011458333333333333
7 0.9768518518518517 0.12708333333333333 0.005555555555555555 0.010416666666666666
3 0.9351851851851851 0.11822916666666666 0.02222222222222222 0.011458333333333333
3 0.9074074074074073 0.1171875 0.02222222222222222 0.009375
3 0.874074074074074 0.11770833333333333 0.01851851851851852 0.010416666666666666
11 0.8481481481481481 0.11666666666666667 0.02222222222222222 0.010416666666666666
10 0.8083333333333333 0.1078125 0.03888888888888888 0.023958333333333335
11 0.7481481481481481 0.11197916666666667 0.02222222222222222 0.011458333333333333
11 0.7759259259259258 0.1140625 0.02592592592592592 0.015625
4 0.9786458333333333 0.08981481481481482 0.042708333333333334 0.027777777777777776
4 0.8842592592592592 0.09947916666666666 0.10555555555555556 0.017708333333333333
4 0.737037037037037 0.0921875 0.08518518518518518 0.015625
4 0.5555555555555555 0.1 0.13333333333333333 0.029166666666666667
4 0.7333333333333333 0.05260416666666667 0.1148148148148148 0.017708333333333333