4 0.787037037037037 0.028125 0.2148148148148148 0.05416666666666667
9 0.5083333333333333 0.4786458333333333 0.0685185185185185 0.05520833333333333
3 0.6361111111111111 0.4484375 0.06481481481481481 0.071875
3 0.6777777777777777 0.325 0.05555555555555555 0.04791666666666667
3 0.6222222222222221 0.284375 0.05555555555555555 0.04791666666666667
3 0.7083333333333334 0.20625 0.03888888888888888 0.027083333333333334
3 0.8379629629629629 0.1921875 0.03888888888888888 0.021875
11 0.7212962962962963 0.15 0.027777777777777776 0.025
3 0.8287037037037037 0.14427083333333332 0.027777777777777776 0.017708333333333333
3 0.7722222222222221 0.10364583333333334 0.02592592592592592 0.015625
3 0.7787037037037037 0.07239583333333334 0.02037037037037037 0.011458333333333333
11 0.85 0.08489583333333334 0.01851851851851852 0.013541666666666667
3 0.6898148148148148 0.06197916666666667 0.02037037037037037 0.011458333333333333
3 0.9388888888888888 0.07083333333333333 0.04444444444444444 0.010416666666666666
3 0.9388888888888888 0.058854166666666666 0.01851851851851852 0.011458333333333333
8 0.7416666666666667 0.29583333333333334 0.016666666666666666 0.01875
5 0.7416666666666667 0.3026041666666667 0.016666666666666666 0.019791666666666666
3 0.9074074074074073 0.275 0.04814814814814815 0.03333333333333333
9 0.9814814814814814 0.29322916666666665 0.03333333333333333 0.028125
8 0.9759259259259259 0.28489583333333335 0.014814814814814814 0.011458333333333333
3 0.10833333333333334 0.33645833333333336 0.12037037037037036 0.035416666666666666
10 0.23055555555555554 0.34270833333333334 0.1722222222222222 0.05625
8 0.6990740740740741 0.12760416666666666 0.00925925925925926 0.009375
9 0.7 0.13072916666666667 0.014814814814814814 0.011458333333333333