7 0.3627450980392157 0.34154411764705883 0.07973856209150326 0.06691176470588235
10 0.6849264705882353 0.4568627450980392 0.6301470588235294 0.2065359477124183
10 0.6764705882352942 0.20625 0.5006535947712417 0.2213235294117647
10 0.20073529411764707 0.15555555555555556 0.40147058823529413 0.21830065359477124
7 0.47316176470588234 0.01764705882352941 0.033823529411764704 0.03529411764705882
7 0.5058823529411764 0.02287581699346405 0.04411764705882353 0.0457516339869281
7 0.4516339869281045 0.05698529411764706 0.05359477124183006 0.05808823529411765
7 0.40326797385620916 0.08014705882352942 0.05620915032679739 0.060294117647058824
7 0.3777777777777777 0.04411764705882353 0.044444444444444446 0.05588235294117647
7 0.31699346405228757 0.04411764705882353 0.04836601307189542 0.052941176470588235
10 0.6091911764705882 0.06143790849673202 0.2852941176470588 0.12287581699346405