9 0.15359477124183007 0.4202205882352941 0.1503267973856209 0.04632352941176471
3 0.3725490196078431 0.42169117647058824 0.23267973856209148 0.0625
8 0.8777777777777777 0.4540441176470588 0.03529411764705882 0.03161764705882353
5 0.8660130718954248 0.4602941176470588 0.09281045751633986 0.03235294117647059
7 0.7915032679738562 0.40036764705882355 0.03529411764705882 0.04485294117647059
11 0.9308823529411765 0.40522875816993464 0.13823529411764707 0.06274509803921569
8 0.90718954248366 0.36801470588235297 0.0392156862745098 0.030147058823529412
8 0.822875816993464 0.36470588235294116 0.0196078431372549 0.029411764705882353
8 0.8437908496732025 0.35919117647058824 0.02745098039215686 0.021323529411764706
7 0.9450980392156862 0.33308823529411763 0.026143790849673203 0.030882352941176472
7 0.9437908496732025 0.3224264705882353 0.01830065359477124 0.021323529411764706
7 0.9143790849673201 0.31286764705882353 0.02745098039215686 0.025735294117647058
7 0.9633986928104574 0.31470588235294117 0.023529411764705882 0.03676470588235294
7 0.9581699346405228 0.3003676470588235 0.01568627450980392 0.025735294117647058
10 0.7562091503267974 0.2610294117647059 0.09281045751633986 0.09852941176470588
7 0.8366013071895425 0.2349264705882353 0.023529411764705882 0.03602941176470588