3 0.7861111111111111 0.009375 0.02037037037037037 0.0125
3 0.7601851851851851 0.011458333333333333 0.024074074074074074 0.016666666666666666
8 0.8083333333333333 0.10260416666666666 0.016666666666666666 0.011458333333333333
5 0.8083333333333333 0.109375 0.00925925925925926 0.0125
9 0.9259259259259258 0.15677083333333333 0.02222222222222222 0.017708333333333333
3 0.6370370370370371 0.0375 0.059259259259259255 0.016666666666666666
10 0.6481481481481481 0.06614583333333333 0.03333333333333333 0.028125
3 0.5111111111111111 0.11979166666666667 0.08518518518518518 0.016666666666666666
3 0.4935185185185185 0.13333333333333333 0.07962962962962963 0.016666666666666666
11 0.5305555555555556 0.1671875 0.09444444444444443 0.028125
7 0.475 0.1609375 0.01296296296296296 0.019791666666666666
7 0.4574074074074074 0.1671875 0.02222222222222222 0.023958333333333335
2 0.6925925925925925 0.134375 0.06666666666666667 0.06666666666666667
8 0.7574074074074074 0.18385416666666668 0.01851851851851852 0.015625
5 0.7574074074074074 0.19375 0.01851851851851852 0.01875
3 0.8805555555555554 0.28177083333333336 0.07222222222222222 0.051041666666666666
8 0.7694444444444444 0.27447916666666666 0.024074074074074074 0.015625
8 0.7601851851851851 0.265625 0.016666666666666666 0.014583333333333334
9 0.7694444444444444 0.2786458333333333 0.03518518518518519 0.03854166666666667
11 0.4509259259259259 0.24375 0.11296296296296296 0.035416666666666666
3 0.3722222222222222 0.29270833333333335 0.16296296296296295 0.041666666666666664
9 0.4324074074074074 0.3302083333333333 0.09814814814814814 0.025
3 0.4314814814814814 0.3640625 0.18148148148148147 0.046875
3 0.5166666666666667 0.4791666666666667 0.10370370370370369 0.10416666666666667
3 0.19907407407407407 0.5411458333333333 0.2351851851851852 0.040625
7 0.2824074074074074 0.3546875 0.024074074074074074 0.026041666666666668
7 0.24814814814814812 0.3651041666666667 0.02592592592592592 0.026041666666666668
7 0.1861111111111111 0.3932291666666667 0.03888888888888888 0.034375
7 0.13796296296296295 0.40520833333333334 0.03888888888888888 0.035416666666666666