3 0.43856209150326797 0.5165441176470589 0.1503267973856209 0.04044117647058824
1 0.42418300653594765 0.4827205882352941 0.04052287581699346 0.01838235294117647
3 0.5679738562091503 0.5007352941176471 0.0718954248366013 0.06764705882352941
11 0.8457516339869281 0.5147058823529411 0.06797385620915032 0.075
3 0.986764705882353 0.5326797385620915 0.026470588235294117 0.03790849673202614
3 0.9966911764705882 0.38300653594771245 0.006617647058823529 0.03137254901960784
3 0.5660130718954248 0.4125 0.10980392156862744 0.045588235294117645
11 0.6633986928104575 0.37022058823529413 0.06143790849673203 0.05073529411764706
3 0.872549019607843 0.3025735294117647 0.050980392156862744 0.03455882352941177
1 0.5758169934640522 0.30919117647058825 0.032679738562091505 0.009558823529411765
5 0.5908496732026144 0.29963235294117646 0.0392156862745098 0.013970588235294118
1 0.6183006535947712 0.2511029411764706 0.03137254901960784 0.0125
5 0.6294117647058823 0.2426470588235294 0.03006535947712418 0.010294117647058823
5 0.6333333333333333 0.23713235294117646 0.03006535947712418 0.009558823529411765
1 0.6294117647058823 0.22647058823529412 0.032679738562091505 0.011764705882352941
8 0.7130718954248365 0.26544117647058824 0.00915032679738562 0.008823529411764706
7 0.7222222222222222 0.2595588235294118 0.011764705882352941 0.01911764705882353
3 0.7581699346405228 0.27058823529411763 0.047058823529411764 0.033823529411764704
3 0.9019607843137254 0.25919117647058826 0.0392156862745098 0.028676470588235293
3 0.9052287581699346 0.21875 0.03529411764705882 0.022794117647058822
10 0.8366013071895425 0.21433823529411763 0.06274509803921569 0.08455882352941177
3 0.9713235294117647 0.22875816993464052 0.057352941176470586 0.03137254901960784
3 0.9830882352941176 0.17254901960784313 0.033823529411764704 0.023529411764705882
3 0.8986928104575163 0.17683823529411766 0.03790849673202614 0.022794117647058822
8 0.7875816993464052 0.21875 0.011764705882352941 0.0125
5 0.7869281045751634 0.225 0.00784313725490196 0.013235294117647059
7 0.7823529411764706 0.19044117647058822 0.00915032679738562 0.014705882352941176
7 0.7745098039215685 0.18823529411764706 0.00915032679738562 0.016176470588235296
7 0.7849673202614378 0.17794117647058824 0.00915032679738562 0.013235294117647059
7 0.7888888888888889 0.16691176470588234 0.011764705882352941 0.016176470588235296
10 0.7705882352941177 0.15183823529411763 0.0457516339869281 0.03308823529411765
10 0.7745098039215685 0.12536764705882353 0.03529411764705882 0.030147058823529412
11 0.7320261437908496 0.11139705882352942 0.05228758169934641 0.016911764705882352
5 0.7470588235294118 0.1264705882352941 0.00915032679738562 0.011764705882352941
7 0.9679738562091502 0.14779411764705883 0.006535947712418301 0.014705882352941176
7 0.9522875816993464 0.15514705882352942 0.011764705882352941 0.016176470588235296
7 0.9594771241830066 0.13933823529411765 0.01045751633986928 0.016911764705882352
3 0.9307189542483659 0.15036764705882352 0.03137254901960784 0.021323529411764706
7 0.9215686274509803 0.12683823529411764 0.01045751633986928 0.0125
7 0.9183006535947713 0.12463235294117647 0.00915032679738562 0.013970588235294118
10 0.8542483660130717 0.11875 0.04052287581699346 0.04191176470588235
3 0.9398692810457516 0.10220588235294117 0.026143790849673203 0.016176470588235296
3 0.9764705882352941 0.08014705882352942 0.026143790849673203 0.016176470588235296
3 0.9751633986928104 0.06580882352941177 0.02091503267973856 0.0125
3 0.9673202614379084 0.05330882352941176 0.03137254901960784 0.013970588235294118
3 0.8026143790849672 0.08823529411764706 0.02875816993464052 0.016176470588235296
3 0.7581699346405228 0.09485294117647058 0.02875816993464052 0.016176470588235296
9 0.7248366013071895 0.09595588235294118 0.03529411764705882 0.013970588235294118
3 0.8156862745098039 0.07573529411764705 0.026143790849673203 0.016176470588235296
11 0.7856209150326796 0.06764705882352941 0.026143790849673203 0.01764705882352941
7 0.7215686274509804 0.061764705882352944 0.01045751633986928 0.010294117647058823
11 0.722875816993464 0.051470588235294115 0.026143790849673203 0.01764705882352941
3 0.9248366013071894 0.04595588235294118 0.022222222222222223 0.0125
10 0.9699346405228758 0.008455882352941176 0.02091503267973856 0.013970588235294118
3 0.9352941176470588 0.010661764705882353 0.0196078431372549 0.009558823529411765
10 0.8784313725490195 0.04485294117647059 0.03398692810457516 0.03529411764705882
11 0.8836601307189541 0.015808823529411764 0.01830065359477124 0.013970588235294118
3 0.9007352941176471 0.00392156862745098 0.01838235294117647 0.00784313725490196
11 0.8339869281045751 0.015441176470588236 0.03137254901960784 0.014705882352941176
3 0.8511029411764706 0.00261437908496732 0.023529411764705882 0.00522875816993464
3 0.7947712418300654 0.011397058823529411 0.02091503267973856 0.011029411764705883
11 0.7555555555555554 0.006985294117647059 0.01830065359477124 0.0125
10 0.7039215686274509 0.025735294117647058 0.0849673202614379 0.01911764705882353