3 0.8359477124183007 0.2775735294117647 0.17647058823529413 0.07573529411764705
5 0.380392156862745 0.39558823529411763 0.09934640522875818 0.04264705882352941
8 0.3784313725490196 0.3886029411764706 0.04836601307189542 0.04191176470588235
8 0.3509803921568627 0.3922794117647059 0.032679738562091505 0.03308823529411765
7 0.3372549019607843 0.36470588235294116 0.03137254901960784 0.045588235294117645
8 0.30130718954248364 0.5466911764705882 0.050980392156862744 0.030147058823529412
8 0.4836601307189542 0.2878676470588235 0.02875816993464052 0.030147058823529412
9 0.6098039215686274 0.2735294117647059 0.08758169934640522 0.030882352941176472
8 0.6816993464052288 0.23198529411764707 0.043137254901960784 0.030147058823529412
1 0.7424836601307189 0.20772058823529413 0.06535947712418301 0.02426470588235294
1 0.6712418300653594 0.20036764705882354 0.06143790849673203 0.025735294117647058
7 0.7111111111111111 0.2349264705882353 0.02091503267973856 0.03602941176470588
7 0.8869281045751634 0.18713235294117647 0.0196078431372549 0.03161764705882353
11 0.6941176470588235 0.16286764705882353 0.21699346405228756 0.06838235294117648
3 0.8333333333333333 0.16213235294117648 0.14248366013071895 0.04044117647058824
7 0.4784313725490196 0.1775735294117647 0.03137254901960784 0.03308823529411765
7 0.4849673202614379 0.17316176470588235 0.023529411764705882 0.03455882352941177
7 0.75359477124183 0.12242647058823529 0.01699346405228758 0.025735294117647058
5 0.49150326797385624 0.1400735294117647 0.026143790849673203 0.025735294117647058
5 0.5313725490196078 0.13455882352941176 0.024836601307189544 0.026470588235294117
7 0.5052287581699346 0.12279411764705882 0.024836601307189544 0.029411764705882353
7 0.5464052287581699 0.12095588235294118 0.02875816993464052 0.03308823529411765
8 0.15294117647058825 0.20661764705882352 0.03398692810457516 0.01764705882352941
11 0.039705882352941174 0.18823529411764706 0.07941176470588235 0.05359477124183006
9 0.23267973856209148 0.1411764705882353 0.08627450980392157 0.029411764705882353
8 0.23137254901960783 0.1264705882352941 0.023529411764705882 0.01764705882352941
5 0.13790849673202613 0.13308823529411765 0.05620915032679739 0.022058823529411766
5 0.07516339869281045 0.1323529411764706 0.05359477124183006 0.022058823529411766
5 0.02426470588235294 0.1287581699346405 0.04852941176470588 0.022222222222222223
9 0.11241830065359477 0.28602941176470587 0.07581699346405228 0.03235294117647059
9 0.028676470588235293 0.2581699346405229 0.057352941176470586 0.036601307189542485
5 0.8183006535947712 0.1323529411764706 0.044444444444444446 0.022058823529411766
1 0.8366013071895425 0.12022058823529412 0.026143790849673203 0.025735294117647058
5 0.8797385620915031 0.12205882352941176 0.03660130718954248 0.023529411764705882
1 0.896078431372549 0.11985294117647059 0.03529411764705882 0.022058823529411766
5 0.9424836601307188 0.12610294117647058 0.05228758169934641 0.01838235294117647
7 0.9483660130718953 0.12794117647058822 0.01437908496732026 0.030882352941176472
8 0.9549019607843137 0.12205882352941176 0.00915032679738562 0.014705882352941176
5 0.9104575163398693 0.11176470588235295 0.04836601307189542 0.020588235294117647
1 0.9339869281045752 0.10845588235294118 0.04052287581699346 0.016911764705882352
5 0.9392156862745098 0.10294117647058823 0.04052287581699346 0.01911764705882353
5 0.9450980392156862 0.09926470588235294 0.047058823529411764 0.01911764705882353
7 0.9169934640522875 0.0974264705882353 0.011764705882352941 0.025735294117647058
7 0.9300653594771242 0.09632352941176471 0.01437908496732026 0.020588235294117647
9 0.8673202614379084 0.10514705882352941 0.07450980392156863 0.025
7 0.8692810457516339 0.08198529411764706 0.01568627450980392 0.028676470588235293
7 0.9915032679738561 0.05220588235294118 0.01699346405228758 0.025