7 0.611764705882353 0.5411764705882353 0.02875816993464052 0.041176470588235294
7 0.6183006535947712 0.5474264705882353 0.01830065359477124 0.028676470588235293
3 0.8633986928104574 0.5139705882352941 0.21830065359477122 0.09558823529411764
3 0.9419117647058823 0.30980392156862746 0.1161764705882353 0.05751633986928104
3 0.31176470588235294 0.41066176470588234 0.16601307189542483 0.07279411764705883
3 0.18169934640522875 0.34301470588235294 0.13333333333333333 0.06838235294117648
3 0.13071895424836602 0.28455882352941175 0.12549019607843137 0.052941176470588235
11 0.42156862745098034 0.3073529411764706 0.15816993464052287 0.07941176470588235
3 0.7581699346405228 0.22426470588235295 0.12549019607843137 0.04852941176470588
3 0.5281045751633987 0.19558823529411765 0.09673202614379084 0.033823529411764704
3 0.33202614379084966 0.19522058823529412 0.09934640522875818 0.03455882352941177
3 0.4091503267973856 0.1676470588235294 0.09411764705882353 0.030882352941176472
3 0.43921568627450974 0.1275735294117647 0.11503267973856209 0.030147058823529412
3 0.40457516339869276 0.12169117647058823 0.10849673202614378 0.02426470588235294
3 0.01948529411764706 0.14183006535947712 0.03897058823529412 0.032679738562091505
5 0.11045751633986926 0.05220588235294118 0.032679738562091505 0.011764705882352941
7 0.08431372549019607 0.05514705882352941 0.01437908496732026 0.01764705882352941
5 0.08758169934640522 0.04301470588235294 0.02875816993464052 0.011029411764705883
5 0.08104575163398692 0.04154411764705882 0.026143790849673203 0.0125
1 0.16405228758169932 0.06838235294117648 0.032679738562091505 0.013235294117647059
9 0.15098039215686274 0.07352941176470588 0.043137254901960784 0.020588235294117647
7 0.2241830065359477 0.06433823529411764 0.011764705882352941 0.016911764705882352
5 0.21437908496732025 0.07647058823529412 0.044444444444444446 0.01764705882352941