4 0.06302083333333333 0.17592592592592593 0.12604166666666666 0.05648148148148148
4 0.5171296296296296 0.22057291666666667 0.10648148148148147 0.03802083333333333
4 0.5912037037037037 0.18645833333333334 0.12129629629629629 0.041666666666666664
4 0.5689814814814814 0.14192708333333334 0.058333333333333334 0.025520833333333333
4 1 0.12824074074074074 0 0.044444444444444446
4 0.749074074074074 0.18307291666666667 0.19444444444444445 0.0484375
4 0.8032407407407407 0.14817708333333332 0.05092592592592592 0.03802083333333333
4 0.7333333333333333 0.15963541666666667 0.09259259259259259 0.027604166666666666
4 0.9212962962962962 0.17630208333333333 0.15185185185185185 0.0390625
4 0.9518518518518518 0.20807291666666666 0.07222222222222222 0.050520833333333334
4 0.9927083333333333 0.1537037037037037 0.014583333333333334 0.019444444444444445
5 0.5439814814814814 0.3815104166666667 0.030555555555555555 0.013020833333333334
5 0.5782407407407407 0.35833333333333334 0.021296296296296296 0.015625
5 0.5875 0.3424479166666667 0.023148148148148147 0.0109375
5 0.6532407407407407 0.55 0.021296296296296296 0.022916666666666665
3 0.7125 0.5111979166666667 0.058333333333333334 0.03802083333333333
1 0.8555555555555555 0.47708333333333336 0.014814814814814814 0.028125
8 0.8518518518518517 0.48385416666666664 0.01296296296296296 0.011458333333333333
8 0.8546296296296295 0.47630208333333335 0.014814814814814814 0.018229166666666668
3 0.8060185185185185 0.40208333333333335 0.06944444444444443 0.030208333333333334
3 0.8138888888888888 0.3802083333333333 0.029629629629629627 0.016666666666666666
5 0.9740740740740741 0.40598958333333335 0.01296296296296296 0.0171875
8 0.9736111111111111 0.40520833333333334 0.012037037037037037 0.0125
8 0.9736111111111111 0.4041666666666667 0.013888888888888888 0.016666666666666666
9 0.9884259259259258 0.36380208333333336 0.017592592592592594 0.016145833333333335
8 0.985648148148148 0.3619791666666667 0.017592592592592594 0.016666666666666666
0 0.9550925925925925 0.41484375 0.025 0.0296875
3 0.9527777777777777 0.38567708333333334 0.03518518518518519 0.022395833333333334
3 0.8791666666666667 0.2950520833333333 0.03611111111111111 0.0171875
3 0.912037037037037 0.321875 0.03518518518518519 0.029166666666666667
5 0.9111111111111111 0.30703125 0.014814814814814814 0.008854166666666666
8 0.9115740740740741 0.3026041666666667 0.00648148148148148 0.008333333333333333
3 0.9712962962962962 0.29713541666666665 0.03148148148148148 0.018229166666666668
3 1 0.1865740740740741 0 0.010185185185185186
3 0.99453125 0.20416666666666666 0.0109375 0.012962962962962963
7 0.9324074074074074 0.27005208333333336 0.005555555555555555 0.009895833333333333
7 0.9101851851851851 0.28359375 0.00925925925925926 0.013020833333333334
5 0.9199074074074074 0.2911458333333333 0.008333333333333333 0.011458333333333333
8 0.9199074074074074 0.28802083333333334 0.008333333333333333 0.011458333333333333
1 0.9175925925925925 0.27109375 0.005555555555555555 0.009895833333333333
7 0.9199074074074074 0.26953125 0.00648148148148148 0.011979166666666667
3 0.9740740740740741 0.23567708333333334 0.02037037037037037 0.013020833333333334
8 0.95 0.24583333333333332 0.007407407407407407 0.009375
8 0.9509259259259258 0.24375 0.00925925925925926 0.010416666666666666
3 0.9652777777777778 0.25703125 0.0287037037037037 0.018229166666666668
1 0.9449074074074074 0.27369791666666665 0.008333333333333333 0.009895833333333333
8 0.9458333333333333 0.27109375 0.008333333333333333 0.008854166666666666