8 0.7231481481481481 0.490625 0.024074074074074074 0.027083333333333334
5 0.7203703703703703 0.503125 0.02592592592592592 0.03333333333333333
5 0.9953125 0.3972222222222222 0.009375 0.027777777777777776
8 0.9979166666666667 0.3888888888888889 0.004166666666666667 0.027777777777777776
3 0.8898148148148147 0.353125 0.05 0.029166666666666667
7 0.7212962962962963 0.4114583333333333 0.016666666666666666 0.035416666666666666
7 0.7037037037037037 0.41302083333333334 0.014814814814814814 0.03229166666666667
3 0.8462962962962962 0.27447916666666666 0.03333333333333333 0.019791666666666666
8 0.7768518518518518 0.31197916666666664 0.00925925925925926 0.013541666666666667
5 0.775 0.31666666666666665 0.01296296296296296 0.01875
8 0.9583333333333334 0.3015625 0.00925925925925926 0.009375
8 0.937037037037037 0.2765625 0.007407407407407407 0.013541666666666667
8 0.8953703703703704 0.2755208333333333 0.00925925925925926 0.011458333333333333
8 0.9148148148148147 0.2671875 0.007407407407407407 0.009375
8 0.8018518518518518 0.2328125 0.0037037037037037034 0.009375
8 0.8796296296296295 0.24270833333333333 0.007407407407407407 0.008333333333333333
8 0.8759259259259259 0.24010416666666667 0.007407407407407407 0.007291666666666667
9 0.961111111111111 0.3072916666666667 0.02222222222222222 0.01875
5 0.8981481481481481 0.27760416666666665 0.007407407407407407 0.009375
5 0.9157407407407407 0.2713541666666667 0.00925925925925926 0.009375
5 0.9361111111111111 0.278125 0.00925925925925926 0.0125
9 0.8768518518518518 0.24791666666666667 0.016666666666666666 0.0125
1 0.8 0.23489583333333333 0.007407407407407407 0.009375
3 0.8435185185185184 0.19791666666666666 0.01296296296296296 0.008333333333333333
4 0.9222222222222222 0.215625 0.03333333333333333 0.025
4 0.8592592592592592 0.15208333333333332 0.029629629629629627 0.03333333333333333
4 0.8064814814814815 0.18958333333333333 0.02037037037037037 0.01875
4 0.8777777777777778 0.19114583333333332 0.01111111111111111 0.011458333333333333
4 0.8879629629629628 0.16875 0.016666666666666666 0.010416666666666666