3 0.4796296296296296 0.5239583333333333 0.10370370370370369 0.075
3 0.9166666666666666 0.30052083333333335 0.08888888888888888 0.06770833333333333
8 0.8472222222222221 0.278125 0.02037037037037037 0.01875
9 0.8481481481481481 0.2859375 0.029629629629629627 0.028125
3 0.4888888888888889 0.25625 0.06666666666666667 0.06458333333333334
8 0.3759259259259259 0.1578125 0.01851851851851852 0.013541666666666667
1 0.375 0.16614583333333333 0.024074074074074074 0.019791666666666666
7 0.549074074074074 0.1171875 0.024074074074074074 0.021875
3 0.29537037037037034 0.08020833333333334 0.10185185185185185 0.035416666666666666
3 0.8324074074074074 0.18697916666666667 0.06481481481481481 0.046875
3 0.7888888888888889 0.13645833333333332 0.059259259259259255 0.041666666666666664
9 0.8527777777777777 0.1140625 0.03518518518518519 0.026041666666666668
8 0.8453703703703703 0.10416666666666667 0.01296296296296296 0.014583333333333334
3 0.5222222222222223 0.024479166666666666 0.07037037037037037 0.034375
3 0.5213541666666667 0.010185185185185186 0.07916666666666666 0.020370370370370372