3 0.712037037037037 0.428125 0.07222222222222222 0.05520833333333333
3 0.9138888888888889 0.2708333333333333 0.04074074074074074 0.025
3 0.8217592592592592 0.22604166666666667 0.03425925925925925 0.019791666666666666
3 0.9041666666666667 0.20807291666666666 0.03796296296296296 0.0171875
3 0.7597222222222222 0.2234375 0.03796296296296296 0.01875
3 0.42777777777777776 0.20625 0.04444444444444444 0.021875
3 0.8143518518518518 0.19973958333333333 0.030555555555555555 0.0171875
5 0.9994791666666667 0.2861111111111111 0.0010416666666666667 0.017592592592592594
3 0.7587962962962963 0.20520833333333333 0.03611111111111111 0.019791666666666666
3 0.7712962962962963 0.19453125 0.027777777777777776 0.0140625
3 0.8166666666666667 0.18723958333333332 0.027777777777777776 0.0140625
3 0.85 0.16848958333333333 0.024074074074074074 0.011979166666666667
3 0.8842592592592592 0.15390625 0.024074074074074074 0.0109375
3 0.8666666666666667 0.13229166666666667 0.01851851851851852 0.008333333333333333
3 0.8550925925925925 0.1640625 0.025 0.010416666666666666
3 0.8523148148148147 0.15651041666666668 0.023148148148148147 0.008854166666666666
3 0.8490740740740741 0.15182291666666667 0.02037037037037037 0.009895833333333333
11 0.8444444444444444 0.14557291666666666 0.016666666666666666 0.011979166666666667
3 0.8416666666666667 0.14114583333333333 0.02037037037037037 0.007291666666666667
3 0.8416666666666667 0.13645833333333332 0.01851851851851852 0.008333333333333333
3 0.8388888888888888 0.13125 0.01851851851851852 0.007291666666666667
3 0.8379629629629629 0.12838541666666667 0.014814814814814814 0.005729166666666666
3 0.837037037037037 0.12552083333333333 0.014814814814814814 0.00625
3 0.837037037037037 0.121875 0.016666666666666666 0.007291666666666667
3 0.8097222222222221 0.17604166666666668 0.02685185185185185 0.0125
3 0.8083333333333333 0.16692708333333334 0.02222222222222222 0.0109375
3 0.8097222222222221 0.16328125 0.023148148148148147 0.011979166666666667
3 0.8138888888888888 0.15598958333333332 0.02222222222222222 0.0109375
3 0.8180555555555554 0.14947916666666666 0.017592592592592594 0.011458333333333333
3 0.8087962962962963 0.1453125 0.01944444444444444 0.010416666666666666
3 0.812962962962963 0.13880208333333333 0.01851851851851852 0.009895833333333333
11 0.8046296296296297 0.1359375 0.01851851851851852 0.010416666666666666
3 0.8111111111111111 0.13203125 0.014814814814814814 0.0067708333333333336
3 0.8087962962962963 0.12890625 0.01574074074074074 0.0067708333333333336
3 0.8097222222222221 0.12395833333333334 0.01574074074074074 0.008333333333333333
3 0.8074074074074074 0.11953125 0.01296296296296296 0.005729166666666666
3 0.7666666666666667 0.18229166666666666 0.029629629629629627 0.014583333333333334
3 0.7671296296296296 0.17005208333333333 0.025 0.011979166666666667
3 0.7689814814814814 0.16458333333333333 0.023148148148148147 0.011458333333333333
3 0.773611111111111 0.15703125 0.025 0.0109375
3 0.774074074074074 0.15078125 0.02037037037037037 0.0109375
11 0.774537037037037 0.14270833333333333 0.01944444444444444 0.0125
3 0.7782407407407407 0.1359375 0.01944444444444444 0.008333333333333333
3 0.7800925925925924 0.13307291666666668 0.01944444444444444 0.008854166666666666
3 0.775 0.128125 0.01851851851851852 0.007291666666666667
3 0.7833333333333333 0.12630208333333334 0.014814814814814814 0.0078125
3 0.775462962962963 0.12473958333333333 0.013888888888888888 0.0067708333333333336
3 0.7768518518518518 0.12109375 0.01851851851851852 0.0078125
3 0.7856481481481481 0.1203125 0.013888888888888888 0.00625
3 0.7509259259259259 0.11927083333333334 0.01851851851851852 0.009375
3 0.6185185185185185 0.11875 0.01851851851851852 0.007291666666666667
3 0.8013888888888888 0.10885416666666667 0.030555555555555555 0.007291666666666667
3 0.8175925925925925 0.09557291666666666 0.01296296296296296 0.0067708333333333336
3 0.8236111111111111 0.08203125 0.008333333333333333 0.005729166666666666
3 0.8064814814814815 0.07916666666666666 0.00925925925925926 0.004166666666666667
3 0.8041666666666667 0.071875 0.008333333333333333 0.003125
3 0.8444444444444444 0.08463541666666667 0.01111111111111111 0.005729166666666666
3 0.8347222222222221 0.10338541666666666 0.030555555555555555 0.0078125
3 0.8416666666666667 0.10234375 0.02592592592592592 0.0078125
4 0.8064814814814815 0.04895833333333333 0.024074074074074074 0.013541666666666667
7 0.8759259259259259 0.09895833333333333 0.00925925925925926 0.00625
3 0.986574074074074 0.10234375 0.025 0.0078125
3 0.9546296296296295 0.09817708333333333 0.024074074074074074 0.005729166666666666
3 0.9180555555555555 0.10182291666666667 0.023148148148148147 0.005729166666666666
3 0.9055555555555554 0.11119791666666666 0.029629629629629627 0.0078125
3 0.8944444444444444 0.10807291666666667 0.02222222222222222 0.005729166666666666
3 0.9069444444444444 0.10364583333333334 0.021296296296296296 0.007291666666666667
3 0.9083333333333333 0.10390625 0.016666666666666666 0.0046875
3 0.7662037037037037 0.10364583333333334 0.025 0.007291666666666667
3 0.7537037037037037 0.10260416666666666 0.02592592592592592 0.007291666666666667
3 0.5800925925925926 0.14375 0.023148148148148147 0.011458333333333333
3 0.5125 0.13046875 0.023148148148148147 0.009895833333333333
3 0.5277777777777778 0.12604166666666666 0.024074074074074074 0.009375
3 0.5458333333333333 0.11302083333333333 0.032407407407407406 0.009375
3 0.5601851851851851 0.10963541666666667 0.03703703703703704 0.0078125
3 0.5675925925925926 0.10625 0.03333333333333333 0.007291666666666667
3 0.600462962962963 0.103125 0.017592592592592594 0.007291666666666667
3 0.6402777777777777 0.10520833333333333 0.02685185185185185 0.00625
3 0.6296296296296297 0.09661458333333334 0.01296296296296296 0.0078125
3 0.6819444444444444 0.1078125 0.030555555555555555 0.007291666666666667
3 0.7180555555555554 0.10442708333333334 0.025 0.0067708333333333336
3 0.7055555555555555 0.1046875 0.02592592592592592 0.005208333333333333
3 0.2787037037037037 0.10651041666666666 0.03703703703703704 0.0067708333333333336
3 0.29583333333333334 0.11145833333333334 0.041666666666666664 0.009375
3 0.3384259259259259 0.11197916666666667 0.030555555555555555 0.009375
3 0.3638888888888889 0.10807291666666667 0.02592592592592592 0.0078125
3 0.3958333333333333 0.11067708333333333 0.030555555555555555 0.0078125
3 0.5268518518518518 0.1046875 0.024074074074074074 0.007291666666666667
8 0.5958333333333333 0.11171875 0.00648148148148148 0.005729166666666666
5 0.5967592592592592 0.11328125 0.012037037037037037 0.0046875
8 0.6777777777777777 0.11171875 0.005555555555555555 0.0046875
8 0.6939814814814814 0.11276041666666667 0.008333333333333333 0.005729166666666666
9 0.6805555555555555 0.11328125 0.016666666666666666 0.0046875
5 0.6944444444444444 0.1140625 0.014814814814814814 0.005208333333333333
5 0.6884259259259259 0.10286458333333333 0.010185185185185184 0.0036458333333333334
8 0.687962962962963 0.10182291666666667 0.005555555555555555 0.0046875
8 0.8976851851851851 0.12083333333333333 0.00648148148148148 0.00625
5 0.8972222222222221 0.12265625 0.007407407407407407 0.0067708333333333336
3 0.687962962962963 0.096875 0.014814814814814814 0.007291666666666667
3 0.650462962962963 0.09635416666666667 0.013888888888888888 0.005208333333333333
3 0.649537037037037 0.09036458333333333 0.010185185185185184 0.0046875
3 0.6615740740740741 0.08619791666666667 0.010185185185185184 0.0046875
3 0.6652777777777777 0.08307291666666666 0.008333333333333333 0.0036458333333333334
3 0.6560185185185184 0.09453125 0.010185185185185184 0.005729166666666666
3 0.6592592592592592 0.09270833333333334 0.01111111111111111 0.005208333333333333
3 0.6625 0.09010416666666667 0.010185185185185184 0.005208333333333333
3 0.6675925925925925 0.09010416666666667 0.00925925925925926 0.005208333333333333
3 0.6699074074074074 0.08880208333333334 0.008333333333333333 0.0046875
3 0.6712962962962963 0.08828125 0.01111111111111111 0.0046875
3 0.674074074074074 0.08671875 0.00925925925925926 0.0046875
3 0.6763888888888888 0.0859375 0.008333333333333333 0.004166666666666667
3 0.6805555555555555 0.08515625 0.01111111111111111 0.0046875
3 0.6833333333333333 0.08333333333333333 0.01111111111111111 0.004166666666666667
3 0.6699074074074074 0.09557291666666666 0.013888888888888888 0.005729166666666666
3 0.674537037037037 0.09427083333333333 0.010185185185185184 0.005208333333333333
3 0.6777777777777777 0.0921875 0.00925925925925926 0.005208333333333333
3 0.6833333333333333 0.08984375 0.00925925925925926 0.0046875
3 0.687037037037037 0.08854166666666667 0.00925925925925926 0.004166666666666667
3 0.6921296296296297 0.08619791666666667 0.010185185185185184 0.0046875
3 0.6949074074074074 0.08489583333333334 0.010185185185185184 0.005208333333333333
3 0.6981481481481481 0.08359375 0.00925925925925926 0.0036458333333333334
3 0.6907407407407408 0.07994791666666666 0.00925925925925926 0.0046875
11 0.7009259259259258 0.08072916666666667 0.00925925925925926 0.005208333333333333
11 0.7074074074074074 0.07890625 0.007407407407407407 0.0046875
3 0.712962962962963 0.0765625 0.00925925925925926 0.003125
3 0.7027777777777777 0.07578125 0.007407407407407407 0.0036458333333333334
3 0.711574074074074 0.07213541666666666 0.008333333333333333 0.0036458333333333334
3 0.7157407407407407 0.07083333333333333 0.007407407407407407 0.003125
3 0.7185185185185184 0.06953125 0.007407407407407407 0.0036458333333333334
3 0.7226851851851851 0.0671875 0.00648148148148148 0.004166666666666667
3 0.6925925925925925 0.09375 0.014814814814814814 0.005208333333333333
3 0.6949074074074074 0.09140625 0.010185185185185184 0.0046875
3 0.6990740740740741 0.09010416666666667 0.00925925925925926 0.005208333333333333
3 0.7009259259259258 0.08932291666666667 0.00925925925925926 0.0046875
3 0.7032407407407407 0.08854166666666667 0.008333333333333333 0.004166666666666667
3 0.7041666666666667 0.08802083333333334 0.008333333333333333 0.004166666666666667
3 0.7060185185185185 0.08645833333333333 0.010185185185185184 0.004166666666666667
3 0.7097222222222221 0.0859375 0.010185185185185184 0.004166666666666667
3 0.712037037037037 0.084375 0.00925925925925926 0.004166666666666667
3 0.7162037037037037 0.08229166666666667 0.008333333333333333 0.004166666666666667
3 0.7175925925925924 0.08098958333333334 0.00925925925925926 0.0046875
3 0.7208333333333333 0.07838541666666667 0.008333333333333333 0.0046875
3 0.7259259259259259 0.07708333333333334 0.01111111111111111 0.004166666666666667
3 0.7106481481481481 0.09635416666666667 0.012037037037037037 0.005208333333333333
3 0.7134259259259258 0.09453125 0.012037037037037037 0.0036458333333333334
3 0.7157407407407407 0.09322916666666667 0.00925925925925926 0.004166666666666667
3 0.7171296296296297 0.0921875 0.010185185185185184 0.004166666666666667
3 0.7180555555555554 0.09088541666666666 0.008333333333333333 0.0036458333333333334
3 0.7180555555555554 0.08984375 0.010185185185185184 0.0046875
3 0.7236111111111111 0.08880208333333334 0.012037037037037037 0.0046875
3 0.724537037037037 0.08697916666666666 0.010185185185185184 0.005208333333333333
3 0.7277777777777777 0.0859375 0.00925925925925926 0.004166666666666667
3 0.7310185185185184 0.084375 0.008333333333333333 0.005208333333333333
3 0.7333333333333333 0.08255208333333333 0.007407407407407407 0.0046875
3 0.7351851851851852 0.08072916666666667 0.007407407407407407 0.004166666666666667
3 0.7379629629629629 0.07942708333333333 0.007407407407407407 0.0046875
3 0.7402777777777777 0.07760416666666667 0.008333333333333333 0.005208333333333333
3 0.7439814814814815 0.07552083333333333 0.008333333333333333 0.004166666666666667
11 0.7319444444444444 0.07291666666666667 0.008333333333333333 0.004166666666666667
3 0.7375 0.071875 0.008333333333333333 0.005208333333333333
4 0.7518518518518518 0.06015625 0.03148148148148148 0.0171875
4 0.7759259259259258 0.050520833333333334 0.016666666666666666 0.009375
8 0.312037037037037 0.10572916666666667 0.007407407407407407 0.00625
4 0.08055555555555555 0.11067708333333333 0.0574074074074074 0.013020833333333334