11 0.8754629629629629 0.44166666666666665 0.09351851851851851 0.08958333333333333
3 0.9657407407407407 0.36953125 0.0685185185185185 0.049479166666666664
3 0.9527777777777777 0.32369791666666664 0.06296296296296296 0.034895833333333334
8 0.6569444444444444 0.20651041666666667 0.00648148148148148 0.008854166666666666
9 0.6675925925925925 0.20390625 0.014814814814814814 0.0109375
3 0.9078703703703703 0.171875 0.025 0.013541666666666667
8 0.9986979166666666 0.15648148148148147 0.0026041666666666665 0.005555555555555556
9 0.9981770833333333 0.1587962962962963 0.0036458333333333334 0.007407407407407408
3 0.9541666666666667 0.14817708333333332 0.01944444444444444 0.009895833333333333
3 0.9314814814814815 0.14114583333333333 0.01851851851851852 0.009375
3 0.9875 0.12222222222222222 0.025 0.007407407407407408
3 0.961574074074074 0.12578125 0.030555555555555555 0.0078125
4 0.9263888888888888 0.12734375 0.010185185185185184 0.0067708333333333336
4 0.8064814814814815 0.13125 0.02222222222222222 0.009375
4 0.6370370370370371 0.12630208333333334 0.14074074074074075 0.013020833333333334
3 0.6662037037037037 0.11432291666666666 0.02685185185185185 0.005729166666666666
4 0.7925925925925925 0.103125 0.07592592592592592 0.030208333333333334
4 0.7305555555555555 0.11458333333333333 0.00925925925925926 0.00625
4 0.8277777777777777 0.07421875 0.02592592592592592 0.016145833333333335
4 0.9157407407407407 0.11510416666666666 0.027777777777777776 0.014583333333333334
4 0.33055555555555555 0.12369791666666667 0.05555555555555555 0.0109375