7 0.08888888888888889 0.3845588235294118 0.044444444444444446 0.047058823529411764
8 0.11437908496732026 0.36801470588235297 0.03790849673202614 0.02426470588235294
8 0.08039215686274509 0.37022058823529413 0.03790849673202614 0.02426470588235294
8 0.07124183006535947 0.37169117647058825 0.03790849673202614 0.02426470588235294
7 0.9640522875816994 0.2863970588235294 0.03006535947712418 0.04044117647058824
8 0.9477124183006536 0.3602941176470588 0.03398692810457516 0.033823529411764704
5 0.9464052287581699 0.36764705882352944 0.04967320261437909 0.041176470588235294
11 0.9922794117647059 0.29934640522875816 0.015441176470588236 0.06013071895424837
3 0.9580882352941177 0.24313725490196078 0.0838235294117647 0.043137254901960784
7 0.11503267973856209 0.26323529411764707 0.03660130718954248 0.03823529411764706
7 0.10130718954248366 0.26029411764705884 0.02745098039215686 0.033823529411764704
9 0.4738562091503268 0.23602941176470588 0.08235294117647059 0.03529411764705882
5 0.40196078431372545 0.23602941176470588 0.058823529411764705 0.025
8 0.8071895424836601 0.2411764705882353 0.01699346405228758 0.022058823529411766
8 0.8052287581699347 0.23529411764705882 0.02875816993464052 0.026470588235294117
8 0.7339869281045751 0.1988970588235294 0.022222222222222223 0.025735294117647058
8 0.7686274509803921 0.1801470588235294 0.02091503267973856 0.022058823529411766
8 0.7542483660130719 0.15992647058823528 0.02091503267973856 0.01838235294117647
1 0.7699346405228757 0.18860294117647058 0.02091503267973856 0.019852941176470587
1 0.8084967320261437 0.24227941176470588 0.032679738562091505 0.027205882352941177
1 0.7366013071895424 0.20404411764705882 0.032679738562091505 0.027205882352941177
5 0.1849673202614379 0.24301470588235294 0.04052287581699346 0.030147058823529412
5 0.11699346405228758 0.23419117647058824 0.0718954248366013 0.02426470588235294
8 0.3784313725490196 0.2036764705882353 0.022222222222222223 0.01764705882352941
3 0.418954248366013 0.21360294117647058 0.17124183006535948 0.04632352941176471
7 0.12810457516339868 0.17904411764705883 0.026143790849673203 0.025735294117647058
8 0.17058823529411765 0.17941176470588235 0.02745098039215686 0.026470588235294117
8 0.1437908496732026 0.16544117647058823 0.02875816993464052 0.016176470588235296
1 0.2006535947712418 0.15294117647058825 0.024836601307189544 0.020588235294117647
7 0.2751633986928105 0.16691176470588234 0.024836601307189544 0.016176470588235296
5 0.9900735294117647 0.19215686274509805 0.019852941176470587 0.023529411764705882
3 0.8732026143790849 0.19669117647058823 0.09934640522875818 0.04191176470588235
1 0.9196078431372547 0.18051470588235294 0.04836601307189542 0.0125
9 0.9823529411764705 0.165359477124183 0.03529411764705882 0.03398692810457516
9 0.9908088235294118 0.1450980392156863 0.01838235294117647 0.0196078431372549
8 0.9843137254901959 0.13823529411764707 0.02091503267973856 0.016176470588235296
8 0.9339869281045752 0.1323529411764706 0.0196078431372549 0.014705882352941176
1 0.9797385620915032 0.125 0.03790849673202614 0.016176470588235296
7 0.21764705882352942 0.14852941176470588 0.01699346405228758 0.01911764705882353
7 0.23594771241830062 0.14448529411764705 0.02745098039215686 0.028676470588235293
7 0.15490196078431373 0.1463235294117647 0.024836601307189544 0.026470588235294117
8 0.12418300653594772 0.14852941176470588 0.026143790849673203 0.01764705882352941
8 0.1261437908496732 0.1448529411764706 0.03006535947712418 0.016176470588235296
8 0.13137254901960785 0.1426470588235294 0.022222222222222223 0.014705882352941176
5 0.1954248366013072 0.12720588235294117 0.04052287581699346 0.016176470588235296
5 0.22156862745098038 0.08566176470588235 0.032679738562091505 0.011029411764705883
5 0.23267973856209148 0.07941176470588235 0.03398692810457516 0.013235294117647059
7 0.22026143790849673 0.046691176470588236 0.01437908496732026 0.01838235294117647
4 0.3607843137254902 0.11727941176470588 0.06535947712418301 0.05661764705882353
7 0.2522875816993464 0.07352941176470588 0.01568627450980392 0.01911764705882353
3 0.27385620915032677 0.06397058823529411 0.07712418300653595 0.022058823529411766
3 0.4712418300653594 0.16948529411764707 0.10588235294117647 0.04338235294117647
3 0.5509803921568627 0.1161764705882353 0.050980392156862744 0.029411764705882353
3 0.5366013071895425 0.06470588235294118 0.043137254901960784 0.020588235294117647
3 0.5013071895424837 0.03566176470588235 0.04052287581699346 0.022794117647058822
3 0.5313725490196078 0.016176470588235296 0.032679738562091505 0.014705882352941176
3 0.4875816993464052 0.01875 0.03398692810457516 0.016911764705882352
3 0.64640522875817 0.048161764705882355 0.04052287581699346 0.016911764705882352
3 0.45751633986928103 0.14926470588235294 0.06013071895424836 0.03235294117647059
3 0.4437908496732026 0.1264705882352941 0.06143790849673203 0.03235294117647059
3 0.43986928104575157 0.10220588235294117 0.05359477124183006 0.026470588235294117
1 0.4176470588235294 0.08860294117647059 0.02745098039215686 0.015441176470588236
8 0.49411764705882355 0.08933823529411765 0.02091503267973856 0.01838235294117647
8 0.5320261437908497 0.07977941176470588 0.013071895424836602 0.013970588235294118
8 0.4699346405228758 0.05919117647058823 0.01437908496732026 0.01838235294117647
8 0.6163398692810457 0.04595588235294118 0.011764705882352941 0.011029411764705883
3 0.6143790849673203 0.027573529411764705 0.0392156862745098 0.015441176470588236
1 0.49346405228758167 0.09522058823529411 0.01437908496732026 0.01838235294117647
1 0.5326797385620915 0.08639705882352941 0.01699346405228758 0.015441176470588236
1 0.47058823529411764 0.06323529411764706 0.013071895424836602 0.013235294117647059
3 0.40784313725490196 0.07463235294117647 0.07581699346405228 0.021323529411764706
3 0.43790849673202614 0.06433823529411764 0.03660130718954248 0.022794117647058822
3 0.2954248366013072 0.04301470588235294 0.07320261437908496 0.01838235294117647
3 0.7745098039215685 0.13272058823529412 0.06143790849673203 0.03161764705882353
4 0.8843137254901959 0.07757352941176471 0.2 0.07573529411764705
7 0.7555555555555554 0.04779411764705882 0.01568627450980392 0.01764705882352941
7 0.741830065359477 0.04852941176470588 0.01437908496732026 0.01764705882352941
7 0.741830065359477 0.03051470588235294 0.00915032679738562 0.016911764705882352
3 0.7019607843137254 0.039338235294117646 0.07581699346405228 0.016911764705882352
3 0.7032679738562091 0.033823529411764704 0.05490196078431372 0.013235294117647059
3 0.6686274509803921 0.02022058823529412 0.06666666666666667 0.013970588235294118
3 0.6562091503267973 0.010661764705882353 0.06797385620915032 0.013970588235294118
7 0.6973856209150326 0.013602941176470588 0.011764705882352941 0.0125
7 0.7124183006535947 0.011029411764705883 0.00784313725490196 0.013235294117647059
3 0.5980392156862745 0.016911764705882352 0.032679738562091505 0.013235294117647059
3 0.5895424836601306 0.011397058823529411 0.03398692810457516 0.013970588235294118
7 0.5529411764705883 0.00718954248366013 0.010294117647058823 0.01437908496732026
4 0.7503267973856208 0.011397058823529411 0.05228758169934641 0.01838235294117647