4 0.85 0.14907407407407408 0.3 0.1037037037037037
3 0.9786458333333333 0.39814814814814814 0.042708333333333334 0.06296296296296296
3 0.5555555555555555 0.4510416666666667 0.1111111111111111 0.08125
3 0.8851851851851851 0.28489583333333335 0.06296296296296296 0.030208333333333334
3 0.9314814814814815 0.246875 0.04814814814814815 0.025
3 0.5222222222222223 0.32083333333333336 0.06666666666666667 0.041666666666666664
3 0.2722222222222222 0.35833333333333334 0.06666666666666667 0.041666666666666664
3 0.337037037037037 0.3640625 0.06296296296296296 0.046875
3 0.6518518518518518 0.2713541666666667 0.059259259259259255 0.028125
3 0.5925925925925927 0.26979166666666665 0.04814814814814815 0.022916666666666665
3 0.6953703703703703 0.228125 0.03148148148148148 0.014583333333333334
8 0.7101851851851851 0.3770833333333333 0.016666666666666666 0.01875
8 0.6787037037037037 0.30833333333333335 0.024074074074074074 0.0125
8 0.7388888888888888 0.2125 0.01111111111111111 0.008333333333333333
8 0.7305555555555555 0.30416666666666664 0.02037037037037037 0.008333333333333333
8 0.6462962962962963 0.3 0.02222222222222222 0.010416666666666666
8 0.9694444444444444 0.22604166666666667 0.02037037037037037 0.008333333333333333
9 0.7101851851851851 0.3859375 0.046296296296296294 0.03229166666666667
1 0.6453703703703704 0.3109375 0.024074074074074074 0.015625
1 0.6768518518518518 0.31927083333333334 0.024074074074074074 0.015625
5 0.7324074074074074 0.3145833333333333 0.024074074074074074 0.014583333333333334
5 0.7379629629629629 0.21770833333333334 0.02037037037037037 0.010416666666666666
1 0.9694444444444444 0.23125 0.016666666666666666 0.010416666666666666
8 0.9712962962962962 0.20625 0.01296296296296296 0.008333333333333333
1 0.9731481481481481 0.2125 0.016666666666666666 0.00625
1 0.4129629629629629 0.3723958333333333 0.05555555555555555 0.026041666666666668
11 0.575 0.2484375 0.07592592592592592 0.019791666666666666
11 0.5944444444444444 0.24427083333333333 0.08148148148148147 0.019791666666666666
3 0.6064814814814814 0.2359375 0.07592592592592592 0.017708333333333333
3 0.9895833333333334 0.22407407407407406 0.020833333333333332 0.018518518518518517
5 0.1259259259259259 0.3697916666666667 0.03703703703703704 0.016666666666666666