11 0.4339869281045751 0.46875 0.21699346405228756 0.06838235294117648
11 0.7673202614379084 0.4349264705882353 0.20915032679738563 0.07720588235294118
9 0.9764705882352941 0.42483660130718953 0.047058823529411764 0.03137254901960784
8 0.9908088235294118 0.40522875816993464 0.01838235294117647 0.02483660130718954
7 0.7470588235294118 0.3827205882352941 0.03790849673202614 0.03602941176470588
7 0.761437908496732 0.3625 0.03006535947712418 0.033823529411764704
7 0.2620915032679738 0.46139705882352944 0.04052287581699346 0.04779411764705882
8 0.40326797385620916 0.42683823529411763 0.03006535947712418 0.028676470588235293
8 0.32091503267973853 0.42573529411764705 0.03006535947712418 0.03676470588235294
7 0.33921568627450976 0.40845588235294117 0.024836601307189544 0.03308823529411765
7 0.27320261437908494 0.39080882352941176 0.02875816993464052 0.028676470588235293
7 0.4666666666666666 0.3897058823529412 0.026143790849673203 0.029411764705882353
7 0.5418300653594771 0.41911764705882354 0.02745098039215686 0.039705882352941174
7 0.530718954248366 0.3897058823529412 0.02091503267973856 0.01911764705882353
7 0.5078431372549019 0.38676470588235295 0.022222222222222223 0.027941176470588237
7 0.5392156862745098 0.37683823529411764 0.022222222222222223 0.030147058823529412
8 0.6026143790849673 0.34154411764705883 0.02091503267973856 0.019852941176470587
8 0.6424836601307189 0.3408088235294118 0.0196078431372549 0.015441176470588236
5 0.1196078431372549 0.38419117647058826 0.0718954248366013 0.027205882352941177
7 0.22156862745098038 0.33088235294117646 0.024836601307189544 0.03823529411764706
7 0.22745098039215686 0.32169117647058826 0.01568627450980392 0.021323529411764706
10 0.32745098039215687 0.31948529411764703 0.1372549019607843 0.10220588235294117
8 0.7516339869281046 0.26029411764705884 0.03137254901960784 0.025
0 0.7790849673202613 0.30073529411764705 0.16470588235294117 0.051470588235294115
7 0.8562091503267973 0.2595588235294118 0.01830065359477124 0.03235294117647059
7 0.8705882352941177 0.2665441176470588 0.013071895424836602 0.019852941176470587
8 0.9928104575163398 0.1264705882352941 0.011764705882352941 0.010294117647058823
8 0.9959558823529412 0.1287581699346405 0.008088235294117648 0.01437908496732026