7 0.39814814814814814 0.4234375 0.02222222222222222 0.03854166666666667
7 0.3564814814814815 0.41302083333333334 0.03518518518518519 0.040625
8 0.39537037037037037 0.4119791666666667 0.03518518518518519 0.013541666666666667
7 0.32037037037037036 0.4036458333333333 0.029629629629629627 0.046875
0 0.9604166666666667 0.5055555555555555 0.07916666666666666 0.09259259259259259
8 0.9989583333333333 0.4388888888888889 0.0020833333333333333 0.022222222222222223
8 0.99375 0.4324074074074074 0.0125 0.04259259259259259
5 0.9963541666666667 0.4398148148148148 0.007291666666666667 0.037037037037037035
8 0.9666666666666667 0.41041666666666665 0.03703703703703704 0.035416666666666666
5 0.9666666666666667 0.4171875 0.029629629629629627 0.034375
8 0.9927083333333333 0.30277777777777776 0.014583333333333334 0.024074074074074074
5 0.98125 0.30833333333333335 0.0375 0.022222222222222223
8 0.549074074074074 0.3078125 0.02037037037037037 0.019791666666666666
8 0.5611111111111111 0.30885416666666665 0.02222222222222222 0.028125
5 0.5592592592592592 0.3109375 0.059259259259259255 0.028125
8 0.03518518518518519 0.2942708333333333 0.02592592592592592 0.023958333333333335
5 0.03703703703703704 0.3015625 0.05185185185185184 0.019791666666666666
8 0.07592592592592592 0.4010416666666667 0.04074074074074074 0.03333333333333333
5 0.07129629629629629 0.4078125 0.10925925925925925 0.030208333333333334
8 0.09074074074074073 0.39010416666666664 0.02222222222222222 0.034375
8 0.07129629629629629 0.390625 0.016666666666666666 0.020833333333333332
5 0.09907407407407406 0.39375 0.08703703703703704 0.029166666666666667
8 0.09814814814814814 0.3723958333333333 0.02222222222222222 0.03229166666666667
5 0.10925925925925925 0.37604166666666666 0.08148148148148147 0.029166666666666667
8 0.2111111111111111 0.3765625 0.03333333333333333 0.036458333333333336
5 0.21666666666666667 0.3796875 0.07037037037037037 0.026041666666666668
8 0.2175925925925926 0.3625 0.027777777777777776 0.027083333333333334
8 0.2287037037037037 0.3567708333333333 0.02037037037037037 0.026041666666666668
5 0.23888888888888887 0.3619791666666667 0.07777777777777777 0.026041666666666668
10 0.065625 0.2611111111111111 0.13125 0.03148148148148148
10 0.1175925925925926 0.24895833333333334 0.1574074074074074 0.027083333333333334
5 0.2611111111111111 0.26927083333333335 0.04444444444444444 0.019791666666666666
3 0.15925925925925927 0.24010416666666667 0.12222222222222222 0.021875
11 0.1861111111111111 0.23072916666666668 0.10555555555555556 0.023958333333333335
7 0.24444444444444444 0.23541666666666666 0.01851851851851852 0.022916666666666665
8 0.20925925925925926 0.22239583333333332 0.1074074074074074 0.023958333333333335
7 0.26944444444444443 0.234375 0.02037037037037037 0.022916666666666665
7 0.28703703703703703 0.23385416666666667 0.014814814814814814 0.023958333333333335
7 0.2972222222222222 0.23333333333333334 0.016666666666666666 0.025
7 0.3259259259259259 0.23385416666666667 0.01851851851851852 0.023958333333333335
3 0.2462962962962963 0.215625 0.1074074074074074 0.025
3 0.274074074074074 0.209375 0.09259259259259259 0.016666666666666666
11 0.2787037037037037 0.2 0.09444444444444443 0.020833333333333332
3 0.3157407407407407 0.19583333333333333 0.08333333333333333 0.01875
3 0.3351851851851852 0.18958333333333333 0.08888888888888888 0.01875
11 0.36666666666666664 0.20208333333333334 0.04814814814814815 0.027083333333333334
5 0.014583333333333334 0.2 0.029166666666666667 0.014814814814814815
5 0.021296296296296296 0.19635416666666666 0.027777777777777776 0.013541666666666667
5 0.05185185185185184 0.18802083333333333 0.02592592592592592 0.011458333333333333
5 0.09907407407407406 0.1796875 0.024074074074074074 0.011458333333333333
5 0.12129629629629629 0.17760416666666667 0.03518518518518519 0.009375
5 0.1361111111111111 0.17395833333333333 0.027777777777777776 0.010416666666666666
8 0.1361111111111111 0.17135416666666667 0.00925925925925926 0.011458333333333333
7 0.17129629629629628 0.175 0.005555555555555555 0.010416666666666666
7 0.19722222222222222 0.1703125 0.00925925925925926 0.015625
7 0.20185185185185184 0.1625 0.01111111111111111 0.014583333333333334
11 0.3148148148148148 0.1625 0.07037037037037037 0.01875
7 0.4074074074074074 0.21614583333333334 0.01111111111111111 0.019791666666666666
7 0.41388888888888886 0.21875 0.00925925925925926 0.0125
8 0.9472222222222222 0.2609375 0.016666666666666666 0.023958333333333335
8 0.961111111111111 0.25677083333333334 0.01111111111111111 0.017708333333333333
5 0.9481481481481481 0.2625 0.05185185185185184 0.020833333333333332
7 0.9425925925925925 0.20677083333333332 0.01111111111111111 0.013541666666666667
8 0.95 0.20729166666666668 0.01111111111111111 0.014583333333333334
5 0.9416666666666667 0.21041666666666667 0.03148148148148148 0.016666666666666666
8 0.8527777777777777 0.23125 0.016666666666666666 0.01875
5 0.8546296296296295 0.2359375 0.03148148148148148 0.017708333333333333
8 0.874074074074074 0.1984375 0.01111111111111111 0.015625
5 0.874074074074074 0.20208333333333334 0.01111111111111111 0.014583333333333334
8 0.9037037037037037 0.18229166666666666 0.01111111111111111 0.0125
8 0.9046296296296296 0.1828125 0.00925925925925926 0.009375
5 0.9046296296296296 0.18489583333333334 0.00925925925925926 0.011458333333333333
8 0.9111111111111111 0.16197916666666667 0.01111111111111111 0.011458333333333333
1 0.9111111111111111 0.1640625 0.01111111111111111 0.009375
8 0.8592592592592592 0.18489583333333334 0.01111111111111111 0.011458333333333333
5 0.8592592592592592 0.1875 0.01111111111111111 0.014583333333333334
8 0.7064814814814814 0.21875 0.016666666666666666 0.016666666666666666
8 0.7083333333333334 0.2171875 0.01296296296296296 0.015625
5 0.7083333333333334 0.22395833333333334 0.016666666666666666 0.016666666666666666
3 0.6388888888888888 0.2234375 0.04814814814814815 0.023958333333333335
11 0.6546296296296297 0.20625 0.046296296296296294 0.022916666666666665
3 0.6703703703703704 0.1953125 0.03703703703703704 0.017708333333333333
3 0.675 0.18385416666666668 0.03518518518518519 0.017708333333333333
11 0.6925925925925925 0.1734375 0.03703703703703704 0.017708333333333333
3 0.7027777777777777 0.1625 0.03148148148148148 0.014583333333333334
3 0.7472222222222221 0.16041666666666668 0.027777777777777776 0.016666666666666666
8 0.5638888888888888 0.22864583333333333 0.02037037037037037 0.019791666666666666
9 0.5638888888888888 0.23177083333333334 0.027777777777777776 0.021875
8 0.586111111111111 0.20052083333333334 0.01296296296296296 0.013541666666666667
5 0.5842592592592593 0.20572916666666666 0.016666666666666666 0.013541666666666667
8 0.6851851851851851 0.14427083333333332 0.007407407407407407 0.009375
5 0.6851851851851851 0.1453125 0.007407407407407407 0.009375
8 0.7657407407407407 0.14895833333333333 0.00925925925925926 0.010416666666666666
5 0.7648148148148147 0.1515625 0.01111111111111111 0.009375
3 0.7601851851851851 0.11979166666666667 0.016666666666666666 0.008333333333333333
3 0.7712962962962963 0.10572916666666667 0.01296296296296296 0.007291666666666667
11 0.8694444444444444 0.10989583333333333 0.024074074074074074 0.007291666666666667
8 0.7157407407407407 0.12604166666666666 0.005555555555555555 0.00625
5 0.7157407407407407 0.12760416666666666 0.005555555555555555 0.007291666666666667
4 0.798148148148148 0.08333333333333333 0.11851851851851851 0.03333333333333333
4 0.6925925925925925 0.12916666666666668 0.014814814814814814 0.010416666666666666
4 0.7351851851851852 0.1046875 0.03703703703703704 0.017708333333333333
4 0.8472222222222221 0.10833333333333334 0.01296296296296296 0.014583333333333334