4 0.6588235294117647 0.09816176470588235 0.22483660130718955 0.021323529411764706
4 0.6470588235294118 0.13308823529411765 0.044444444444444446 0.025
4 0.9333333333333332 0.13823529411764707 0.047058823529411764 0.039705882352941174
4 0.580392156862745 0.13566176470588234 0.08888888888888889 0.04485294117647059
4 0.5065359477124183 0.15919117647058822 0.10065359477124183 0.028676470588235293
4 0.3006535947712418 0.16948529411764707 0.047058823529411764 0.013970588235294118
2 0.8104575163398693 0.1448529411764706 0.02875816993464052 0.020588235294117647
2 0.8431372549019607 0.12426470588235294 0.02875816993464052 0.014705882352941176
3 0.857516339869281 0.1448529411764706 0.01568627450980392 0.008823529411764706
7 0.8686274509803921 0.13676470588235295 0.006535947712418301 0.008823529411764706
3 0.8738562091503267 0.1411764705882353 0.011764705882352941 0.007352941176470588
2 0.8947712418300654 0.1514705882352941 0.02745098039215686 0.023529411764705882
2 0.8908496732026143 0.14338235294117646 0.02745098039215686 0.01911764705882353
3 0.8895424836601306 0.16176470588235295 0.03529411764705882 0.013235294117647059
3 0.8810457516339869 0.16654411764705881 0.01830065359477124 0.009558823529411765
7 0.9516339869281045 0.17169117647058824 0.00522875816993464 0.0125
7 0.9549019607843137 0.17536764705882352 0.006535947712418301 0.0125
7 0.9411764705882353 0.1650735294117647 0.00522875816993464 0.011029411764705883
7 0.9777777777777776 0.1775735294117647 0.00784313725490196 0.013970588235294118
3 0.957516339869281 0.18455882352941178 0.032679738562091505 0.014705882352941176
3 0.8477124183006536 0.20441176470588235 0.032679738562091505 0.016176470588235296
7 0.8098039215686273 0.21323529411764705 0.0196078431372549 0.026470588235294117
7 0.7215686274509804 0.21360294117647058 0.023529411764705882 0.030147058823529412
3 0.9477124183006536 0.20661764705882352 0.047058823529411764 0.020588235294117647
7 0.9895424836601305 0.2099264705882353 0.00784313725490196 0.016911764705882352
3 0.9875 0.20522875816993463 0.025 0.018300653594771243
7 0.9992647058823529 0.2 0.0014705882352941176 0.01437908496732026
7 0.9974264705882353 0.19738562091503267 0.005147058823529412 0.01568627450980392
7 0.9974264705882353 0.22549019607843138 0.005147058823529412 0.026143790849673203
2 0.9411764705882353 0.3137254901960784 0.11764705882352941 0.10326797385620914
4 0.9974264705882353 0.17450980392156862 0.005147058823529412 0.026143790849673203
3 0.7300653594771241 0.15588235294117647 0.022222222222222223 0.011764705882352941
3 0.7222222222222222 0.15919117647058822 0.022222222222222223 0.008088235294117648
3 0.7241830065359477 0.16433823529411765 0.02091503267973856 0.009558823529411765
3 0.7189542483660131 0.16948529411764707 0.026143790849673203 0.009558823529411765
3 0.726797385620915 0.17573529411764705 0.026143790849673203 0.011764705882352941
3 0.7202614379084967 0.18088235294117647 0.023529411764705882 0.011764705882352941
11 0.7039215686274509 0.18382352941176472 0.02745098039215686 0.01911764705882353
3 0.6967320261437908 0.19338235294117648 0.03137254901960784 0.013235294117647059
3 0.6901960784313725 0.20073529411764707 0.03398692810457516 0.013235294117647059
3 0.6830065359477123 0.20661764705882352 0.032679738562091505 0.014705882352941176
3 0.6967320261437908 0.15073529411764705 0.02091503267973856 0.008823529411764706
3 0.6954248366013072 0.15588235294117647 0.02091503267973856 0.008823529411764706
3 0.6882352941176471 0.16323529411764706 0.022222222222222223 0.011764705882352941
3 0.6816993464052288 0.16691176470588234 0.02745098039215686 0.013235294117647059
3 0.6830065359477123 0.17352941176470588 0.024836601307189544 0.010294117647058823
3 0.6810457516339868 0.17977941176470588 0.02875816993464052 0.013970588235294118
3 0.6549019607843137 0.17205882352941176 0.026143790849673203 0.011764705882352941
3 0.6477124183006535 0.17830882352941177 0.02745098039215686 0.0125
3 0.6568627450980392 0.1849264705882353 0.03006535947712418 0.015441176470588236
3 0.6503267973856208 0.19154411764705884 0.032679738562091505 0.013970588235294118
3 0.6254901960784314 0.16580882352941176 0.022222222222222223 0.0125
3 0.6163398692810457 0.1724264705882353 0.02745098039215686 0.015441176470588236
3 0.6065359477124183 0.1860294117647059 0.02875816993464052 0.016176470588235296
3 0.6372549019607843 0.20477941176470588 0.03790849673202614 0.016911764705882352
2 0.5797385620915033 0.18455882352941178 0.06666666666666667 0.045588235294117645
4 0.5176470588235295 0.1922794117647059 0.0392156862745098 0.01838235294117647
7 0.5549019607843138 0.21323529411764705 0.01699346405228758 0.026470588235294117
7 0.5496732026143791 0.20955882352941177 0.01437908496732026 0.026470588235294117
3 0.6261437908496732 0.2827205882352941 0.06013071895424836 0.03455882352941177
3 0.5411764705882353 0.2849264705882353 0.07320261437908496 0.03161764705882353
3 0.5941176470588235 0.3084558823529412 0.06143790849673203 0.03455882352941177
3 0.561437908496732 0.34154411764705883 0.07973856209150326 0.04191176470588235
3 0.4816993464052287 0.3238970588235294 0.07450980392156863 0.03897058823529412
3 0.538562091503268 0.38786764705882354 0.09411764705882353 0.05661764705882353
3 0.4862745098039215 0.44375 0.11764705882352941 0.0713235294117647
3 0.42549019607843136 0.3628676470588235 0.10326797385620914 0.05661764705882353
3 0.3058823529411765 0.3764705882352941 0.11764705882352941 0.054411764705882354
3 0.19673202614379084 0.43676470588235294 0.15555555555555556 0.07352941176470588
3 0.24771241830065358 0.5025735294117647 0.17647058823529413 0.09044117647058823
3 0.40784313725490196 0.5209558823529412 0.15947712418300652 0.08161764705882353
3 0.6039215686274509 0.5308823529411765 0.13333333333333333 0.061764705882352944
2 0.07205882352941176 0.4915032679738562 0.14411764705882352 0.13986928104575164
7 0.426797385620915 0.17683823529411766 0.00915032679738562 0.0125
7 0.4156862745098039 0.1860294117647059 0.00784313725490196 0.013235294117647059
7 0.40718954248366007 0.1860294117647059 0.00915032679738562 0.013235294117647059
7 0.37058823529411766 0.17022058823529412 0.011764705882352941 0.0125
7 0.36405228758169933 0.1698529411764706 0.00915032679738562 0.011764705882352941
7 0.2986928104575163 0.18823529411764706 0.01437908496732026 0.014705882352941176
7 0.2797385620915032 0.18639705882352942 0.01045751633986928 0.015441176470588236
7 0.43790849673202614 0.21176470588235294 0.02091503267973856 0.03529411764705882
7 0.4313725490196078 0.20808823529411766 0.01830065359477124 0.033823529411764704
7 0.40261437908496733 0.21066176470588235 0.02091503267973856 0.03455882352941177
7 0.3581699346405229 0.21323529411764705 0.02091503267973856 0.029411764705882353
7 0.33921568627450976 0.21470588235294116 0.0196078431372549 0.029411764705882353
7 0.2875816993464052 0.22279411764705884 0.01568627450980392 0.033823529411764704
8 0.26405228758169935 0.18933823529411764 0.01045751633986928 0.0125
7 0.2647058823529412 0.18639705882352942 0.00915032679738562 0.016911764705882352
7 0.24901960784313723 0.21875 0.02745098039215686 0.03602941176470588
7 0.22549019607843135 0.21654411764705883 0.0196078431372549 0.028676470588235293
7 0.21176470588235294 0.19963235294117648 0.02091503267973856 0.027205882352941177
7 0.20326797385620915 0.21948529411764706 0.022222222222222223 0.028676470588235293
7 0.19673202614379084 0.21654411764705883 0.01437908496732026 0.030147058823529412
7 0.17450980392156862 0.22169117647058822 0.022222222222222223 0.03897058823529412
7 0.16209150326797384 0.22316176470588237 0.02875816993464052 0.03897058823529412
7 0.02875816993464052 0.23161764705882354 0.01830065359477124 0.03676470588235294
7 0.02026143790849673 0.3191176470588235 0.022222222222222223 0.027941176470588237
7 0.006617647058823529 0.32287581699346407 0.013235294117647059 0.02875816993464052
7 0.0457516339869281 0.3205882352941177 0.01830065359477124 0.027941176470588237
7 0.19150326797385622 0.27536764705882355 0.01699346405228758 0.025735294117647058
7 0.15816993464052287 0.2672794117647059 0.013071895424836602 0.025735294117647058
7 0.1437908496732026 0.26544117647058824 0.01830065359477124 0.027941176470588237
7 0.34575163398692804 0.2827205882352941 0.01437908496732026 0.027205882352941177
7 0.357516339869281 0.28308823529411764 0.01437908496732026 0.027941176470588237
7 0.3699346405228758 0.27647058823529413 0.013071895424836602 0.025
7 0.4163398692810457 0.26691176470588235 0.01699346405228758 0.025
7 0.40065359477124185 0.26580882352941176 0.01437908496732026 0.028676470588235293
7 0.38562091503267976 0.2595588235294118 0.01045751633986928 0.023529411764705882
7 0.36013071895424836 0.2757352941176471 0.011764705882352941 0.023529411764705882
2 0.47712418300653586 0.24154411764705883 0.10196078431372549 0.0713235294117647