7 0.7542483660130719 0.5286764705882353 0.03137254901960784 0.047058823529411764
7 0.6437908496732027 0.5220588235294118 0.04052287581699346 0.039705882352941174
7 0.6647058823529411 0.5022058823529412 0.0457516339869281 0.045588235294117645
7 0.17320261437908496 0.3588235294117647 0.058823529411764705 0.047058823529411764
7 0.05424836601307189 0.36213235294117646 0.04836601307189542 0.05073529411764706
7 0.0980392156862745 0.2636029411764706 0.03137254901960784 0.03897058823529412
7 0.1222222222222222 0.26323529411764707 0.03790849673202614 0.039705882352941174
7 0.007720588235294118 0.24183006535947713 0.015441176470588236 0.03137254901960784
7 0.30130718954248364 0.26691176470588235 0.0196078431372549 0.026470588235294117
8 0.1261437908496732 0.24779411764705883 0.024836601307189544 0.023529411764705882
8 0.23986928104575164 0.24485294117647058 0.022222222222222223 0.020588235294117647
8 0.3915032679738562 0.2338235294117647 0.0196078431372549 0.022058823529411766
8 0.36470588235294116 0.2386029411764706 0.01830065359477124 0.011029411764705883
8 0.38823529411764707 0.2161764705882353 0.02091503267973856 0.01911764705882353
8 0.43790849673202614 0.2172794117647059 0.02091503267973856 0.027205882352941177
8 0.4647058823529412 0.21875 0.022222222222222223 0.021323529411764706
7 0.49084967320261436 0.23897058823529413 0.024836601307189544 0.03235294117647059
7 0.5464052287581699 0.22794117647058823 0.03137254901960784 0.03235294117647059
7 0.6032679738562091 0.2261029411764706 0.01699346405228758 0.02426470588235294
8 0.5862745098039215 0.22683823529411765 0.022222222222222223 0.021323529411764706
8 0.5777777777777777 0.21213235294117647 0.02091503267973856 0.015441176470588236
8 0.5647058823529412 0.20845588235294119 0.01830065359477124 0.015441176470588236
8 0.5954248366013072 0.20220588235294118 0.01437908496732026 0.014705882352941176
8 0.6052287581699346 0.2113970588235294 0.02091503267973856 0.022794117647058822
8 0.6091503267973856 0.19779411764705881 0.01830065359477124 0.014705882352941176
7 0.5366013071895425 0.21176470588235294 0.01699346405228758 0.027941176470588237
8 0.5372549019607843 0.2036764705882353 0.026143790849673203 0.01911764705882353
9 0.8405228758169935 0.23161764705882354 0.09934640522875818 0.03676470588235294
7 0.9509803921568627 0.23051470588235295 0.0196078431372549 0.03161764705882353
7 0.9366013071895424 0.2261029411764706 0.0196078431372549 0.03308823529411765
7 0.9294117647058824 0.22279411764705884 0.02091503267973856 0.03235294117647059
7 0.8843137254901959 0.2202205882352941 0.024836601307189544 0.03308823529411765
0 0.8431372549019607 0.18382352941176472 0.08627450980392157 0.04852941176470588
8 0.777124183006536 0.16911764705882354 0.01699346405228758 0.014705882352941176
9 0.784313725490196 0.175 0.0784313725490196 0.025
7 0.8647058823529412 0.1724264705882353 0.01699346405228758 0.022794117647058822
5 0.9875 0.05163398692810457 0.025 0.013071895424836602
8 0.9294117647058824 0.04007352941176471 0.013071895424836602 0.013970588235294118
8 0.9372549019607842 0.04154411764705882 0.013071895424836602 0.013970588235294118
8 0.9444444444444444 0.04375 0.01437908496732026 0.013970588235294118
8 0.9542483660130717 0.046691176470588236 0.02091503267973856 0.013970588235294118
8 0.9588235294117647 0.04926470588235294 0.01437908496732026 0.013235294117647059
7 0.7169934640522876 0.057352941176470586 0.01437908496732026 0.016176470588235296
7 0.7503267973856208 0.05808823529411765 0.013071895424836602 0.023529411764705882
7 0.7830065359477124 0.05220588235294118 0.013071895424836602 0.022058823529411766
7 0.7294117647058823 0.05073529411764706 0.01045751633986928 0.020588235294117647
7 0.7352941176470589 0.046691176470588236 0.011764705882352941 0.021323529411764706
7 0.7745098039215685 0.04448529411764706 0.00915032679738562 0.01838235294117647
7 0.780392156862745 0.04926470588235294 0.01045751633986928 0.020588235294117647
7 0.8849673202614378 0.09044117647058823 0.013071895424836602 0.025
7 0.8875816993464052 0.12242647058823529 0.01830065359477124 0.028676470588235293
7 0.9084967320261437 0.11838235294117647 0.01568627450980392 0.027941176470588237
7 0.9313725490196078 0.11213235294117647 0.011764705882352941 0.02426470588235294
7 0.9411764705882353 0.11875 0.01568627450980392 0.02426470588235294
7 0.9718954248366012 0.11360294117647059 0.01699346405228758 0.02426470588235294
7 0.9981617647058824 0.1111111111111111 0.003676470588235294 0.02091503267973856
7 0.9098039215686274 0.09779411764705882 0.01568627450980392 0.025
7 0.26601307189542484 0.15661764705882353 0.02745098039215686 0.027941176470588237
7 0.45947712418300646 0.1625 0.0196078431372549 0.030882352941176472
7 0.5810457516339869 0.1636029411764706 0.024836601307189544 0.030147058823529412
7 0.6215686274509803 0.16654411764705881 0.0196078431372549 0.028676470588235293
7 0.5019607843137255 0.12610294117647058 0.01830065359477124 0.028676470588235293
7 0.40065359477124185 0.11764705882352941 0.0196078431372549 0.027941176470588237
7 0.30392156862745096 0.09080882352941176 0.01699346405228758 0.025735294117647058
7 0.49150326797385624 0.0974264705882353 0.01830065359477124 0.02426470588235294
7 0.4993464052287582 0.08676470588235294 0.01568627450980392 0.022058823529411766
7 0.29084967320261434 0.03676470588235294 0.0196078431372549 0.01764705882352941
7 0.518954248366013 0.048161764705882355 0.01568627450980392 0.01838235294117647
7 0.5352941176470588 0.051470588235294115 0.011764705882352941 0.01911764705882353