10 0.7477124183006535 0.17683823529411766 0.31633986928104574 0.11985294117647059
10 0.8544117647058823 0.23921568627450981 0.2911764705882353 0.12549019607843137
10 0.913235294117647 0.27712418300653596 0.17352941176470588 0.13333333333333333
10 0.9941176470588236 0.307843137254902 0.011764705882352941 0.12418300653594772
10 0.14705882352941177 0.38823529411764707 0.29411764705882354 0.2235294117647059
3 0.08235294117647059 0.06470588235294118 0.13856209150326795 0.04411764705882353
9 0.134640522875817 0.08419117647058824 0.12549019607843137 0.04191176470588235
7 0.4091503267973856 0.13088235294117648 0.03660130718954248 0.033823529411764704
7 0.4156862745098039 0.27426470588235297 0.05228758169934641 0.051470588235294115
7 0.4483660130718954 0.38419117647058826 0.05751633986928104 0.05661764705882353
7 0.29346405228758166 0.5319852941176471 0.05620915032679739 0.05808823529411765
7 0.45751633986928103 0.5327205882352941 0.05490196078431372 0.05808823529411765
7 0.5901960784313726 0.2783088235294118 0.043137254901960784 0.04926470588235294
7 0.6784313725490195 0.3029411764705882 0.03398692810457516 0.054411764705882354
7 0.7065359477124182 0.32794117647058824 0.03790849673202614 0.060294117647058824
7 0.757516339869281 0.3426470588235294 0.043137254901960784 0.054411764705882354
7 0.7666666666666666 0.3073529411764706 0.03790849673202614 0.057352941176470586
7 0.7973856209150326 0.31691176470588234 0.04183006535947712 0.057352941176470586
7 0.7294117647058823 0.32279411764705884 0.03660130718954248 0.05588235294117647
7 0.3052287581699346 0.09889705882352941 0.032679738562091505 0.03455882352941177
7 0.2954248366013072 0.021323529411764706 0.03137254901960784 0.03676470588235294
4 0.6875816993464052 0.03566176470588235 0.42091503267973857 0.06691176470588235