3 0.5326797385620915 0.28860294117647056 0.14509803921568626 0.0875
3 0.6137254901960784 0.20477941176470588 0.11895424836601307 0.06838235294117648
3 0.5352941176470588 0.15551470588235294 0.11111111111111112 0.05367647058823529
3 0.6816993464052288 0.15919117647058822 0.09281045751633986 0.04926470588235294
10 0.7281045751633987 0.11911764705882352 0.08366013071895424 0.04264705882352941
3 0.8300653594771242 0.026470588235294117 0.0392156862745098 0.020588235294117647
3 0.9176470588235294 0.06066176470588235 0.04967320261437909 0.028676470588235293
3 0.5300653594771241 0.07389705882352941 0.134640522875817 0.027205882352941177
11 0.5732026143790849 0.05698529411764706 0.11111111111111112 0.028676470588235293
11 0.3908496732026144 0.13676470588235295 0.13071895424836602 0.039705882352941174
3 0.15555555555555556 0.22279411764705884 0.19084967320261437 0.058823529411764705
3 0.18888888888888886 0.09963235294117648 0.10849673202614378 0.03897058823529412
9 0.6758169934640522 0.05330882352941176 0.03660130718954248 0.022794117647058822
5 0.630718954248366 0.12242647058823529 0.01437908496732026 0.022794117647058822
5 0.5973856209150326 0.0900735294117647 0.01830065359477124 0.016911764705882352
5 0.18104575163398692 0.36323529411764705 0.08235294117647059 0.04264705882352941
5 0.3058823529411765 0.35661764705882354 0.04967320261437909 0.06470588235294118
5 0.230718954248366 0.31580882352941175 0.05359477124183006 0.04779411764705882
8 0.18169934640522875 0.3474264705882353 0.03660130718954248 0.04632352941176471
8 0.30130718954248364 0.3400735294117647 0.043137254901960784 0.04191176470588235
7 0.23267973856209148 0.3025735294117647 0.044444444444444446 0.04338235294117647
3 0.05163398692810457 0.28051470588235294 0.0980392156862745 0.09044117647058823
7 0.10522875816993464 0.26875 0.043137254901960784 0.04632352941176471
8 0.6339869281045751 0.11360294117647059 0.01830065359477124 0.025735294117647058
7 0.5013071895424837 0.04889705882352941 0.01437908496732026 0.028676470588235293
7 0.5156862745098039 0.04926470588235294 0.011764705882352941 0.022058823529411766
7 0.46535947712418296 0.04926470588235294 0.01830065359477124 0.027941176470588237
3 0.6542483660130719 0.020588235294117647 0.07450980392156863 0.023529411764705882
0 0.7751633986928104 0.08823529411764706 0.0392156862745098 0.03235294117647059