4 0.34575163398692804 0.13897058823529412 0.06666666666666667 0.016176470588235296
4 0.32745098039215687 0.24485294117647058 0.05359477124183006 0.01764705882352941
4 0.27385620915032677 0.28125 0.09281045751633986 0.04338235294117647
4 0.19346405228758168 0.3224264705882353 0.11241830065359477 0.03897058823529412
7 0.18235294117647058 0.28860294117647056 0.022222222222222223 0.028676470588235293
7 0.16209150326797384 0.2875 0.01830065359477124 0.027941176470588237
8 0.18888888888888886 0.24669117647058825 0.01437908496732026 0.01838235294117647
1 0.18692810457516337 0.25441176470588234 0.01830065359477124 0.016176470588235296
3 0.022058823529411766 0.21895424836601307 0.04411764705882353 0.018300653594771243
7 0.2745098039215686 0.2514705882352941 0.01830065359477124 0.01911764705882353
3 0.4470588235294118 0.11801470588235294 0.01045751633986928 0.006617647058823529
3 0.4784313725490196 0.11801470588235294 0.01045751633986928 0.005147058823529412
3 0.49150326797385624 0.11691176470588235 0.01045751633986928 0.0058823529411764705
3 0.5052287581699346 0.11764705882352941 0.006535947712418301 0.004411764705882353
3 0.5163398692810457 0.11764705882352941 0.00784313725490196 0.004411764705882353
3 0.5104575163398692 0.11948529411764706 0.00915032679738562 0.005147058823529412
3 0.5248366013071895 0.11875 0.00915032679738562 0.005147058823529412
3 0.5261437908496732 0.12205882352941176 0.011764705882352941 0.004411764705882353
3 0.5254901960784314 0.12536764705882353 0.013071895424836602 0.006617647058823529
3 0.5477124183006535 0.12352941176470589 0.013071895424836602 0.0058823529411764705
3 0.5581699346405229 0.13051470588235295 0.013071895424836602 0.006617647058823529
3 0.4483660130718954 0.12463235294117647 0.013071895424836602 0.005147058823529412
3 0.4509803921568627 0.12720588235294117 0.01045751633986928 0.0058823529411764705
3 0.4588235294117647 0.13088235294117648 0.01045751633986928 0.0058823529411764705
3 0.4633986928104575 0.1338235294117647 0.011764705882352941 0.0058823529411764705
3 0.4666666666666666 0.1363970588235294 0.013071895424836602 0.006617647058823529
3 0.47058823529411764 0.13823529411764707 0.013071895424836602 0.007352941176470588
2 0.4437908496732026 0.13455882352941176 0.024836601307189544 0.016176470588235296
3 0.46928104575163393 0.1275735294117647 0.013071895424836602 0.006617647058823529
3 0.4725490196078431 0.12830882352941175 0.011764705882352941 0.005147058823529412
3 0.47450980392156855 0.1297794117647059 0.01045751633986928 0.005147058823529412
3 0.4823529411764706 0.13345588235294117 0.013071895424836602 0.006617647058823529
3 0.49019607843137253 0.13676470588235295 0.013071895424836602 0.007352941176470588
3 0.49542483660130715 0.1400735294117647 0.01568627450980392 0.008088235294117648
3 0.49346405228758167 0.1297794117647059 0.01437908496732026 0.008088235294117648
3 0.4986928104575163 0.13161764705882353 0.011764705882352941 0.0058823529411764705
3 0.5058823529411764 0.1349264705882353 0.013071895424836602 0.006617647058823529
3 0.5169934640522875 0.13823529411764707 0.01437908496732026 0.007352941176470588
3 0.5222222222222221 0.13970588235294118 0.01699346405228758 0.008823529411764706
7 0.6228758169934641 0.14375 0.006535947712418301 0.008088235294117648
7 0.6222222222222222 0.14080882352941176 0.00784313725490196 0.011029411764705883
7 0.6333333333333333 0.14301470588235293 0.006535947712418301 0.008088235294117648
7 0.6967320261437908 0.14852941176470588 0.00522875816993464 0.010294117647058823
8 0.661437908496732 0.14852941176470588 0.00784313725490196 0.004411764705882353
1 0.6633986928104575 0.15110294117647058 0.01699346405228758 0.006617647058823529
3 0.6098039215686274 0.1588235294117647 0.022222222222222223 0.010294117647058823
3 0.6424836601307189 0.15919117647058822 0.024836601307189544 0.009558823529411765
3 0.6287581699346405 0.16544117647058823 0.02091503267973856 0.008823529411764706
3 0.6398692810457516 0.17022058823529412 0.02745098039215686 0.011029411764705883
3 0.6660130718954248 0.1661764705882353 0.022222222222222223 0.010294117647058823
3 0.6777777777777777 0.15955882352941175 0.022222222222222223 0.008823529411764706
3 0.7019607843137254 0.16580882352941176 0.023529411764705882 0.009558823529411765
2 0.7300653594771241 0.15735294117647058 0.05620915032679739 0.026470588235294117
3 0.7215686274509804 0.1724264705882353 0.023529411764705882 0.008088235294117648
3 0.6901960784313725 0.175 0.02875816993464052 0.010294117647058823
3 0.6562091503267973 0.1775735294117647 0.02875816993464052 0.0125
3 0.6712418300653594 0.18566176470588236 0.03006535947712418 0.0125
3 0.7039215686274509 0.1801470588235294 0.024836601307189544 0.010294117647058823
3 0.741830065359477 0.17794117647058824 0.02745098039215686 0.011764705882352941
3 0.7601307189542484 0.17022058823529412 0.03006535947712418 0.013970588235294118
3 0.6967320261437908 0.19080882352941175 0.03660130718954248 0.013970588235294118
3 0.7052287581699346 0.19963235294117648 0.032679738562091505 0.0125
3 0.7248366013071895 0.20808823529411766 0.03529411764705882 0.014705882352941176
3 0.7431372549019608 0.21801470588235294 0.03790849673202614 0.01838235294117647
3 0.7647058823529411 0.23308823529411765 0.047058823529411764 0.01911764705882353
3 0.7830065359477124 0.2452205882352941 0.04967320261437909 0.022794117647058822
3 0.8045751633986927 0.2621323529411765 0.05620915032679739 0.028676470588235293
3 0.8176470588235294 0.28455882352941175 0.06405228758169934 0.030882352941176472
11 0.8392156862745097 0.3040441176470588 0.06274509803921569 0.04338235294117647
3 0.8692810457516339 0.3352941176470588 0.0784313725490196 0.04264705882352941
3 0.9019607843137254 0.38566176470588237 0.10457516339869281 0.05808823529411765
3 0.11045751633986926 0.5161764705882353 0.21830065359477122 0.08823529411764706
3 0.32941176470588235 0.5220588235294118 0.16732026143790849 0.07941176470588235
3 0.5901960784313726 0.5033088235294118 0.134640522875817 0.1125
3 0.9544117647058824 0.47058823529411764 0.09117647058823529 0.08104575163398693
3 0.7235294117647059 0.18455882352941178 0.03006535947712418 0.014705882352941176
3 0.7398692810457516 0.19154411764705884 0.03137254901960784 0.015441176470588236
3 0.7594771241830065 0.19963235294117648 0.03398692810457516 0.013970588235294118
3 0.7797385620915032 0.20955882352941177 0.03790849673202614 0.016176470588235296
3 0.7960784313725489 0.21911764705882353 0.0392156862745098 0.020588235294117647
3 0.8222222222222222 0.2323529411764706 0.044444444444444446 0.020588235294117647
3 0.8601307189542482 0.24558823529411763 0.06013071895424836 0.029411764705882353
3 0.8901960784313724 0.26580882352941176 0.06274509803921569 0.030147058823529412
3 0.9241830065359478 0.2875 0.05751633986928104 0.030882352941176472
3 0.95625 0.3130718954248366 0.0875 0.036601307189542485
3 0.7588235294117647 0.18345588235294116 0.03006535947712418 0.0125
3 0.7718954248366013 0.1889705882352941 0.03006535947712418 0.013235294117647059
3 0.7960784313725489 0.19595588235294117 0.03398692810457516 0.013970588235294118
3 0.8137254901960783 0.20404411764705882 0.03790849673202614 0.015441176470588236
3 0.8418300653594771 0.20955882352941177 0.03137254901960784 0.016176470588235296
2 0.8823529411764706 0.2139705882352941 0.09934640522875818 0.054411764705882354
3 0.9326797385620914 0.24963235294117647 0.06143790849673203 0.030147058823529412
3 0.9933823529411765 0.29673202614379085 0.013235294117647059 0.032679738562091505
3 0.7816993464052288 0.1761029411764706 0.02875816993464052 0.0125
3 0.8065359477124183 0.18345588235294116 0.03398692810457516 0.013970588235294118
3 0.8274509803921568 0.18970588235294117 0.03137254901960784 0.013235294117647059
3 0.896078431372549 0.16397058823529412 0.04836601307189542 0.010294117647058823
3 0.9026143790849672 0.1698529411764706 0.043137254901960784 0.008823529411764706
3 0.9215686274509803 0.1713235294117647 0.044444444444444446 0.010294117647058823
3 0.9398692810457516 0.175 0.04967320261437909 0.013235294117647059
3 0.9640522875816994 0.17683823529411766 0.043137254901960784 0.013970588235294118
3 0.9838235294117647 0.18496732026143792 0.03235294117647059 0.01437908496732026
8 0.9209150326797385 0.1827205882352941 0.006535947712418301 0.008088235294117648
5 0.9196078431372547 0.18786764705882353 0.00915032679738562 0.008088235294117648
3 0.903267973856209 0.1875 0.01045751633986928 0.010294117647058823
7 0.8588235294117647 0.1713235294117647 0.00784313725490196 0.007352941176470588
5 0.857516339869281 0.17536764705882352 0.01045751633986928 0.005147058823529412
1 0.9320261437908496 0.1963235294117647 0.026143790849673203 0.008823529411764706
8 0.9529411764705882 0.1875 0.01045751633986928 0.008823529411764706
1 0.9516339869281045 0.19558823529411765 0.013071895424836602 0.007352941176470588