3 0.21111111111111108 0.37279411764705883 0.16078431372549018 0.041176470588235294
1 0.08888888888888889 0.35073529411764703 0.047058823529411764 0.023529411764705882
1 0.22091503267973853 0.31323529411764706 0.03137254901960784 0.022058823529411766
3 0.2601307189542484 0.2926470588235294 0.044444444444444446 0.01911764705882353
1 0.20915032679738563 0.29044117647058826 0.023529411764705882 0.01911764705882353
3 0.2620915032679738 0.2636029411764706 0.0196078431372549 0.021323529411764706
7 0.4483660130718954 0.2922794117647059 0.01830065359477124 0.025735294117647058
5 0.4823529411764706 0.28860294117647056 0.023529411764705882 0.019852941176470587
3 0.29411764705882354 0.2580882352941177 0.01568627450980392 0.013235294117647059
8 0.3130718954248366 0.24044117647058824 0.0196078431372549 0.014705882352941176
8 0.2895424836601307 0.2621323529411765 0.01437908496732026 0.013970588235294118
5 0.34575163398692804 0.21875 0.01437908496732026 0.015441176470588236
7 0.36928104575163395 0.24926470588235294 0.00915032679738562 0.016176470588235296
7 0.33856209150326794 0.24485294117647058 0.013071895424836602 0.014705882352941176
8 0.32745098039215687 0.25220588235294117 0.00915032679738562 0.008823529411764706
8 0.3359477124183006 0.25220588235294117 0.00784313725490196 0.008823529411764706
7 0.392156862745098 0.21176470588235294 0.01830065359477124 0.01911764705882353
7 0.39803921568627443 0.20919117647058824 0.011764705882352941 0.013970588235294118
3 0.45816993464052286 0.2172794117647059 0.10588235294117647 0.025735294117647058
3 0.4738562091503268 0.1974264705882353 0.0849673202614379 0.019852941176470587
3 0.5398692810457516 0.1738970588235294 0.08366013071895424 0.01838235294117647
8 0.5718954248366013 0.22316176470588237 0.01437908496732026 0.013970588235294118
8 0.5777777777777777 0.22095588235294117 0.00784313725490196 0.011029411764705883
1 0.5732026143790849 0.23198529411764707 0.01699346405228758 0.0125
5 0.5196078431372548 0.14705882352941177 0.024836601307189544 0.010294117647058823
5 0.49477124183006527 0.14338235294117646 0.011764705882352941 0.010294117647058823
7 0.55359477124183 0.13529411764705881 0.00915032679738562 0.014705882352941176
7 0.5392156862745098 0.13419117647058823 0.00915032679738562 0.013970588235294118
7 0.6660130718954248 0.14816176470588235 0.011764705882352941 0.013970588235294118
3 0.6313725490196078 0.14191176470588235 0.03137254901960784 0.01764705882352941
11 0.6398692810457516 0.1297794117647059 0.024836601307189544 0.016911764705882352
11 0.6679738562091503 0.10845588235294118 0.026143790849673203 0.013970588235294118
7 0.6771241830065359 0.09558823529411764 0.00784313725490196 0.013235294117647059
8 0.7169934640522876 0.28125 0.0196078431372549 0.015441176470588236
5 0.7169934640522876 0.2897058823529412 0.0196078431372549 0.01764705882352941
3 0.9326797385620914 0.21213235294117647 0.04052287581699346 0.02426470588235294
7 0.9985294117647059 0.20261437908496732 0.0029411764705882353 0.018300653594771243
3 0.9627450980392156 0.12022058823529412 0.022222222222222223 0.0125
3 0.9581699346405228 0.11102941176470588 0.02875816993464052 0.010294117647058823
3 0.9490196078431371 0.09632352941176471 0.01830065359477124 0.010294117647058823
8 0.9254901960784313 0.09889705882352941 0.00784313725490196 0.009558823529411765
1 0.9254901960784313 0.10183823529411765 0.00784313725490196 0.006617647058823529
3 0.8372549019607842 0.08088235294117647 0.0196078431372549 0.010294117647058823
3 0.8078431372549019 0.07977941176470588 0.02091503267973856 0.009558823529411765
3 0.8300653594771242 0.06433823529411764 0.01830065359477124 0.009558823529411765
3 0.8895424836601306 0.06911764705882353 0.01699346405228758 0.008823529411764706
3 0.857516339869281 0.06507352941176471 0.01830065359477124 0.009558823529411765
3 0.8790849673202613 0.05661764705882353 0.01699346405228758 0.007352941176470588
3 0.8392156862745097 0.05073529411764706 0.01568627450980392 0.007352941176470588
3 0.8679738562091502 0.04522058823529412 0.013071895424836602 0.006617647058823529
3 0.8385620915032679 0.03602941176470588 0.011764705882352941 0.0058823529411764705
3 0.8692810457516339 0.0375 0.013071895424836602 0.0058823529411764705
3 0.6006535947712418 0.11948529411764706 0.06928104575163398 0.011029411764705883
3 0.937908496732026 0.08529411764705883 0.0196078431372549 0.010294117647058823
3 0.937908496732026 0.08235294117647059 0.0196078431372549 0.010294117647058823
3 0.9307189542483659 0.07720588235294118 0.01830065359477124 0.010294117647058823
3 0.926797385620915 0.06580882352941177 0.01568627450980392 0.008088235294117648
3 0.9235294117647059 0.06102941176470588 0.01699346405228758 0.007352941176470588
3 0.9196078431372547 0.05661764705882353 0.01699346405228758 0.007352941176470588
3 0.9117647058823529 0.05220588235294118 0.01437908496732026 0.007352941176470588
3 0.9150326797385621 0.04852941176470588 0.013071895424836602 0.0058823529411764705
3 0.9156862745098039 0.04595588235294118 0.011764705882352941 0.005147058823529412
3 0.9985294117647059 0.08104575163398693 0.0029411764705882353 0.009150326797385621
3 0.9985294117647059 0.0738562091503268 0.0029411764705882353 0.00784313725490196
3 0.7967320261437908 0.06397058823529411 0.01699346405228758 0.007352941176470588
8 0.7098039215686274 0.07867647058823529 0.00522875816993464 0.004411764705882353
5 0.7098039215686274 0.08198529411764706 0.00784313725490196 0.005147058823529412
11 0.696078431372549 0.06323529411764706 0.032679738562091505 0.010294117647058823
3 0.7084967320261438 0.05367647058823529 0.03660130718954248 0.008823529411764706
8 0.8915032679738562 0.04338235294117647 0.00784313725490196 0.004411764705882353
8 0.8973856209150326 0.03860294117647059 0.006535947712418301 0.003676470588235294
5 0.8980392156862744 0.040808823529411765 0.00784313725490196 0.003676470588235294
5 0.8908496732026143 0.04522058823529412 0.006535947712418301 0.003676470588235294
5 0.8869281045751634 0.04375 0.00915032679738562 0.003676470588235294
8 0.888888888888889 0.04154411764705882 0.00784313725490196 0.005147058823529412
3 0.7529411764705882 0.04411764705882353 0.01568627450980392 0.007352941176470588
3 0.7588235294117647 0.03786764705882353 0.01437908496732026 0.008088235294117648
4 0.9772058823529411 0.050980392156862744 0.045588235294117645 0.03398692810457516