3 0.8254901960784312 0.43970588235294117 0.12418300653594772 0.07205882352941176
3 0.6411764705882353 0.3422794117647059 0.09281045751633986 0.04485294117647059
10 0.9294117647058824 0.33455882352941174 0.08104575163398692 0.06323529411764706
5 0.5326797385620915 0.3900735294117647 0.03006535947712418 0.03308823529411765
9 0.7189542483660131 0.35110294117647056 0.04183006535947712 0.0375
8 0.7124183006535947 0.3452205882352941 0.02091503267973856 0.02426470588235294
8 0.7261437908496732 0.3463235294117647 0.01699346405228758 0.01764705882352941
11 0.630718954248366 0.28713235294117645 0.06928104575163398 0.0375
3 0.761437908496732 0.26838235294117646 0.05620915032679739 0.025
5 0.5954248366013072 0.28345588235294117 0.0196078431372549 0.01838235294117647
8 0.596078431372549 0.27683823529411766 0.01830065359477124 0.01838235294117647
11 0.7065359477124182 0.24558823529411763 0.0457516339869281 0.027941176470588237
3 0.7627450980392156 0.22647058823529412 0.03790849673202614 0.01911764705882353
9 0.9529411764705882 0.23088235294117648 0.023529411764705882 0.020588235294117647
7 0.888888888888889 0.20845588235294119 0.00784313725490196 0.0125
5 0.9581699346405228 0.21213235294117647 0.01045751633986928 0.009558823529411765
8 0.9588235294117647 0.21029411764705883 0.00915032679738562 0.010294117647058823
3 0.9313725490196078 0.19301470588235295 0.022222222222222223 0.011029411764705883
7 0.9666666666666666 0.2088235294117647 0.00915032679738562 0.013235294117647059
7 0.15816993464052287 0.33308823529411763 0.02875816993464052 0.03676470588235294
7 0.3300653594771242 0.3044117647058823 0.022222222222222223 0.030882352941176472
7 0.34967320261437906 0.30661764705882355 0.022222222222222223 0.030882352941176472
7 0.3699346405228758 0.30220588235294116 0.013071895424836602 0.01911764705882353
5 0.4359477124183006 0.26875 0.022222222222222223 0.021323529411764706
8 0.357516339869281 0.29411764705882354 0.011764705882352941 0.01764705882352941
8 0.3660130718954248 0.29044117647058826 0.01830065359477124 0.01911764705882353
5 0.3627450980392157 0.29963235294117646 0.024836601307189544 0.021323529411764706
8 0.5320261437908497 0.3786764705882353 0.03398692810457516 0.03529411764705882
3 0.17254901960784313 0.28308823529411764 0.08627450980392157 0.023529411764705882
3 0.33660130718954245 0.24963235294117647 0.10326797385620914 0.019852941176470587
3 0.35947712418300654 0.23970588235294119 0.09934640522875818 0.016176470588235296
3 0.40718954248366007 0.23419117647058824 0.07712418300653595 0.019852941176470587
5 0.2045751633986928 0.24375 0.01437908496732026 0.015441176470588236
3 0.48300653594771237 0.21948529411764706 0.043137254901960784 0.013970588235294118
3 0.5111111111111111 0.21470588235294116 0.02875816993464052 0.013235294117647059
3 0.4986928104575163 0.19595588235294117 0.04052287581699346 0.011029411764705883
3 0.6424836601307189 0.20073529411764707 0.058823529411764705 0.008823529411764706
11 0.8947712418300654 0.19338235294117648 0.01699346405228758 0.011764705882352941
11 0.9052287581699346 0.18676470588235294 0.01437908496732026 0.010294117647058823
5 0.949673202614379 0.19669117647058823 0.00915032679738562 0.008088235294117648
8 0.9503267973856209 0.19448529411764706 0.00784313725490196 0.009558823529411765
5 0.8254901960784312 0.18933823529411764 0.006535947712418301 0.006617647058823529
5 0.8307189542483661 0.1849264705882353 0.006535947712418301 0.005147058823529412
8 0.8254901960784312 0.1875 0.006535947712418301 0.007352941176470588
8 0.8300653594771242 0.1827205882352941 0.00784313725490196 0.006617647058823529
3 0.8810457516339869 0.18161764705882352 0.01568627450980392 0.007352941176470588
3 0.8784313725490195 0.1761029411764706 0.01568627450980392 0.006617647058823529
3 0.9209150326797385 0.18125 0.01437908496732026 0.006617647058823529
3 0.9084967320261437 0.17794117647058824 0.013071895424836602 0.007352941176470588
3 0.9058823529411765 0.17573529411764705 0.013071895424836602 0.0058823529411764705
5 0.4816993464052287 0.20441176470588235 0.022222222222222223 0.008823529411764706
7 0.5352941176470588 0.21360294117647058 0.00915032679738562 0.011029411764705883
4 0.8993464052287582 0.1588235294117647 0.10718954248366012 0.026470588235294117