7 0.6986928104575163 0.24154411764705883 0.02745098039215686 0.04044117647058824
7 0.9974264705882353 0.2777777777777778 0.005147058823529412 0.036601307189542485
7 0.4875816993464052 0.4985294117647059 0.04967320261437909 0.03676470588235294
7 0.7045751633986927 0.36323529411764705 0.03398692810457516 0.03676470588235294
7 0.16274509803921566 0.06727941176470588 0.043137254901960784 0.030147058823529412
7 0.1849673202614379 0.03419117647058824 0.032679738562091505 0.030147058823529412
7 0.23660130718954248 0.02977941176470588 0.03398692810457516 0.028676470588235293
7 0.24901960784313723 0.06764705882352941 0.03529411764705882 0.027941176470588237
7 0.33464052287581697 0.05808823529411765 0.026143790849673203 0.03235294117647059
1 0.33137254901960783 0.05845588235294118 0.050980392156862744 0.021323529411764706
7 0.4235294117647059 0.06985294117647059 0.023529411764705882 0.030882352941176472
7 0.4483660130718954 0.09595588235294118 0.023529411764705882 0.030147058823529412
8 0.4248366013071895 0.11838235294117647 0.02091503267973856 0.016176470588235296
8 0.4124183006535948 0.1036764705882353 0.02745098039215686 0.01764705882352941
8 0.4124183006535948 0.08860294117647059 0.011764705882352941 0.011029411764705883
8 0.40784313725490196 0.09301470588235294 0.01830065359477124 0.015441176470588236
8 0.5300653594771241 0.1 0.024836601307189544 0.01764705882352941
8 0.5562091503267974 0.09779411764705882 0.0196078431372549 0.01911764705882353
8 0.6071895424836601 0.10477941176470588 0.0196078431372549 0.022794117647058822
7 0.5862745098039215 0.08088235294117647 0.01699346405228758 0.030882352941176472
7 0.6078431372549019 0.07169117647058823 0.01830065359477124 0.027205882352941177
7 0.5921568627450979 0.06139705882352941 0.01568627450980392 0.022794117647058822
7 0.5764705882352941 0.06580882352941177 0.01568627450980392 0.019852941176470587
7 0.6764705882352942 0.05514705882352941 0.022222222222222223 0.029411764705882353
7 0.7705882352941177 0.05477941176470588 0.01437908496732026 0.03161764705882353
7 0.7960784313725489 0.05514705882352941 0.02091503267973856 0.027941176470588237
7 0.8045751633986927 0.04154411764705882 0.022222222222222223 0.027205882352941177
7 0.015073529411764706 0.08888888888888889 0.030147058823529412 0.03137254901960784
8 0.7274509803921568 0.01911764705882353 0.02745098039215686 0.029411764705882353
5 0.7287581699346405 0.02463235294117647 0.024836601307189544 0.028676470588235293
7 0.8130718954248366 0.013235294117647059 0.023529411764705882 0.025
7 0.8411764705882353 0.029411764705882353 0.0196078431372549 0.029411764705882353
7 0.9143790849673201 0.016544117647058824 0.01699346405228758 0.030147058823529412
7 0.9227941176470589 0.013071895424836602 0.013235294117647059 0.026143790849673203
7 0.9522875816993464 0.020955882352941175 0.0196078431372549 0.027205882352941177
8 0.969281045751634 0.021691176470588235 0.024836601307189544 0.019852941176470587
8 0.20522875816993463 0.2386029411764706 0.02875816993464052 0.015441176470588236
9 0.13333333333333333 0.16580882352941176 0.09934640522875818 0.028676470588235293
10 0.06405228758169934 0.12720588235294117 0.0915032679738562 0.0661764705882353
8 0.13594771241830064 0.1610294117647059 0.02875816993464052 0.023529411764705882