3 0.9418300653594771 0.46691176470588236 0.05620915032679739 0.030882352941176472
8 0.9274509803921568 0.4636029411764706 0.00915032679738562 0.009558823529411765
8 0.9542483660130717 0.46397058823529413 0.013071895424836602 0.013235294117647059
10 0.6169934640522876 0.39448529411764705 0.12549019607843137 0.06691176470588235
10 0.7104575163398692 0.36470588235294116 0.07973856209150326 0.03823529411764706
10 0.7973856209150326 0.3694852941176471 0.06535947712418301 0.030147058823529412
10 0.7235294117647059 0.4011029411764706 0.08235294117647059 0.05220588235294118
3 0.9555555555555555 0.4176470588235294 0.04183006535947712 0.026470588235294117
3 0.9607843137254901 0.4036764705882353 0.03398692810457516 0.01764705882352941
3 0.9581699346405228 0.3922794117647059 0.026143790849673203 0.016911764705882352
3 0.9522875816993464 0.38382352941176473 0.024836601307189544 0.013235294117647059
3 0.9745098039215686 0.3790441176470588 0.024836601307189544 0.015441176470588236
3 0.9464052287581699 0.375 0.02875816993464052 0.013235294117647059
3 0.9915441176470589 0.369281045751634 0.016911764705882352 0.01045751633986928
3 0.9601307189542483 0.37022058823529413 0.022222222222222223 0.0125
3 0.8366013071895425 0.4183823529411765 0.04183006535947712 0.027941176470588237
3 0.8444444444444443 0.41066176470588234 0.03137254901960784 0.027205882352941177
3 0.8555555555555555 0.3985294117647059 0.02745098039215686 0.016176470588235296
3 0.8601307189542482 0.39448529411764705 0.02091503267973856 0.021323529411764706
10 0.865359477124183 0.3724264705882353 0.03398692810457516 0.025735294117647058
10 0.9457516339869281 0.3286764705882353 0.03790849673202614 0.016176470588235296