4 0.9117647058823529 0.12549019607843137 0.17647058823529413 0.07712418300653595
4 0.9856617647058824 0.06928104575163399 0.028676470588235293 0.03398692810457516
4 0.10772058823529412 0.01045751633986928 0.21544117647058825 0.02091503267973856
4 0.780392156862745 0.10955882352941176 0.0784313725490196 0.041176470588235294
4 0.5464052287581699 0.15 0.08104575163398692 0.04852941176470588
7 0.04901960784313725 0.04485294117647059 0.022222222222222223 0.023529411764705882
7 0.06405228758169934 0.04264705882352941 0.023529411764705882 0.027941176470588237
8 0.11633986928104574 0.03419117647058824 0.02875816993464052 0.022794117647058822
1 0.11437908496732026 0.040808823529411765 0.05359477124183006 0.016911764705882352
7 0.013602941176470588 0.2725490196078431 0.027205882352941177 0.03790849673202614
3 0.25882352941176473 0.21875 0.14640522875816991 0.06397058823529411
7 0.23856209150326793 0.014705882352941176 0.01699346405228758 0.01911764705882353
7 0.26601307189542484 0.016911764705882352 0.0196078431372549 0.022058823529411766
8 0.40196078431372545 0.009558823529411765 0.01437908496732026 0.016176470588235296
5 0.40326797385620916 0.014705882352941176 0.03529411764705882 0.016176470588235296
1 0.4287581699346405 0.010661764705882353 0.026143790849673203 0.011029411764705883
3 0.2745098039215686 0.05698529411764706 0.12549019607843137 0.028676470588235293
11 0.3699346405228758 0.03455882352941177 0.10457516339869281 0.033823529411764704
7 0.2333333333333333 0.07830882352941176 0.024836601307189544 0.030147058823529412
7 0.30718954248366015 0.09558823529411764 0.026143790849673203 0.027941176470588237
7 0.28627450980392155 0.09227941176470589 0.01830065359477124 0.027205882352941177
7 0.27647058823529413 0.0974264705882353 0.01437908496732026 0.021323529411764706
7 0.2725490196078431 0.09411764705882353 0.01437908496732026 0.01911764705882353
7 0.3326797385620915 0.13088235294117648 0.0196078431372549 0.026470588235294117
7 0.3503267973856209 0.12794117647058822 0.023529411764705882 0.03235294117647059
7 0.4647058823529412 0.11875 0.02745098039215686 0.03161764705882353
7 0.4588235294117647 0.12867647058823528 0.013071895424836602 0.023529411764705882
1 0.40588235294117647 0.18676470588235294 0.032679738562091505 0.026470588235294117
7 0.42026143790849674 0.16544117647058823 0.022222222222222223 0.029411764705882353
7 0.4333333333333333 0.17426470588235293 0.024836601307189544 0.029411764705882353
7 0.4483660130718954 0.16066176470588237 0.02091503267973856 0.03161764705882353
7 0.4686274509803921 0.17573529411764705 0.022222222222222223 0.033823529411764704
7 0.46078431372549017 0.15 0.0196078431372549 0.033823529411764704
5 0.4509803921568627 0.14963235294117647 0.047058823529411764 0.021323529411764706
7 0.48039215686274506 0.14852941176470588 0.0196078431372549 0.027941176470588237
7 0.484313725490196 0.16654411764705881 0.022222222222222223 0.03308823529411765
7 0.49673202614379086 0.1636029411764706 0.01830065359477124 0.03161764705882353
7 0.4973856209150327 0.15330882352941178 0.01437908496732026 0.027205882352941177
7 0.5934640522875817 0.10772058823529412 0.01568627450980392 0.028676470588235293
7 0.596078431372549 0.14227941176470588 0.013071895424836602 0.022794117647058822
7 0.615032679738562 0.15514705882352942 0.02745098039215686 0.033823529411764704
7 0.618954248366013 0.14301470588235293 0.01699346405228758 0.025735294117647058
7 0.611764705882353 0.13272058823529412 0.023529411764705882 0.028676470588235293
7 0.6196078431372549 0.11213235294117647 0.01568627450980392 0.025735294117647058
7 0.6267973856209149 0.10330882352941176 0.01437908496732026 0.02426470588235294
7 0.634640522875817 0.12022058823529412 0.01699346405228758 0.028676470588235293
7 0.6405228758169934 0.10588235294117647 0.01568627450980392 0.023529411764705882
7 0.64640522875817 0.11654411764705883 0.011764705882352941 0.02426470588235294
7 0.6490196078431373 0.10919117647058824 0.011764705882352941 0.021323529411764706
7 0.657516339869281 0.10588235294117647 0.01568627450980392 0.027941176470588237
7 0.7294117647058823 0.10551470588235294 0.02091503267973856 0.030147058823529412
1 0.38954248366013067 0.19816176470588234 0.02875816993464052 0.03161764705882353
1 0.3699346405228758 0.22977941176470587 0.04183006535947712 0.03308823529411765
9 0.38169934640522873 0.2676470588235294 0.10980392156862744 0.061764705882352944
8 0.43202614379084964 0.21985294117647058 0.02745098039215686 0.022058823529411766
7 0.5660130718954248 0.23786764705882352 0.03398692810457516 0.04191176470588235
7 0.5901960784313726 0.23676470588235293 0.02745098039215686 0.03235294117647059
8 0.5143790849673202 0.29411764705882354 0.032679738562091505 0.027941176470588237
8 0.5424836601307189 0.28455882352941175 0.01830065359477124 0.016176470588235296
8 0.561437908496732 0.2867647058823529 0.03529411764705882 0.025
7 0.569281045751634 0.2952205882352941 0.022222222222222223 0.021323529411764706
5 0.534640522875817 0.38235294117647056 0.10718954248366012 0.03676470588235294
7 0.6954248366013072 0.3639705882352941 0.03660130718954248 0.045588235294117645
7 0.7169934640522876 0.35294117647058826 0.02745098039215686 0.04264705882352941
7 0.726797385620915 0.375 0.03137254901960784 0.041176470588235294
8 0.7294117647058823 0.3602941176470588 0.01568627450980392 0.01764705882352941
7 0.784313725490196 0.1411764705882353 0.01830065359477124 0.030882352941176472
7 0.8032679738562091 0.1349264705882353 0.0196078431372549 0.03308823529411765
7 0.7973856209150326 0.16066176470588237 0.01830065359477124 0.03455882352941177
7 0.7581699346405228 0.1636029411764706 0.02091503267973856 0.030147058823529412
8 0.7647058823529411 0.1610294117647059 0.01830065359477124 0.01764705882352941
7 0.634640522875817 0.22904411764705881 0.024836601307189544 0.0375
7 0.6594771241830065 0.22647058823529412 0.02745098039215686 0.03529411764705882
7 0.7830065359477124 0.2959558823529412 0.026143790849673203 0.04485294117647059
7 0.7888888888888889 0.2301470588235294 0.02745098039215686 0.027941176470588237
7 0.7686274509803921 0.2363970588235294 0.01830065359477124 0.03308823529411765
7 0.7758169934640523 0.24595588235294116 0.022222222222222223 0.03308823529411765
7 0.8052287581699347 0.24595588235294116 0.023529411764705882 0.030147058823529412
7 0.8287581699346405 0.27904411764705883 0.02091503267973856 0.03161764705882353
7 0.8640522875816993 0.3180147058823529 0.023529411764705882 0.03455882352941177
7 0.8601307189542482 0.29044117647058826 0.026143790849673203 0.039705882352941174
8 0.7202614379084967 0.4702205882352941 0.04967320261437909 0.05073529411764706
1 0.722875816993464 0.4768382352941177 0.0784313725490196 0.04044117647058824
7 0.9405228758169935 0.28088235294117647 0.032679738562091505 0.041176470588235294
7 1 0.18104575163398692 0 0.03398692810457516
9 0.9889705882352942 0.17712418300653596 0.022058823529411766 0.04183006535947712
11 0.9483660130718953 0.07169117647058823 0.10326797385620914 0.03602941176470588