4 0.7542483660130719 0.03419117647058824 0.23267973856209148 0.03308823529411765
4 0.596078431372549 0.059926470588235296 0.05228758169934641 0.022794117647058822
4 0.42026143790849674 0.09411764705882353 0.05359477124183006 0.013235294117647059
3 0.4816993464052287 0.08161764705882353 0.0196078431372549 0.008823529411764706
3 0.5026143790849673 0.1025735294117647 0.02745098039215686 0.009558823529411765
3 0.2895424836601307 0.11801470588235294 0.06405228758169934 0.011029411764705883
3 0.6601307189542484 0.05845588235294118 0.01045751633986928 0.005147058823529412
10 0.680392156862745 0.06102941176470588 0.01699346405228758 0.016176470588235296
0 0.6941176470588235 0.06911764705882353 0.00784313725490196 0.007352941176470588
3 0.6633986928104575 0.0849264705882353 0.01699346405228758 0.008088235294117648
11 0.7039215686274509 0.08272058823529412 0.024836601307189544 0.013970588235294118
3 0.7137254901960784 0.09889705882352941 0.02091503267973856 0.009558823529411765
3 0.815032679738562 0.13970588235294118 0.03529411764705882 0.011764705882352941
7 0.8470588235294118 0.12610294117647058 0.01045751633986928 0.008088235294117648
10 0.8732026143790849 0.058823529411764705 0.05228758169934641 0.010294117647058823
10 0.9908088235294118 0.07058823529411765 0.01838235294117647 0.013071895424836602
10 0.9019607843137254 0.07610294117647058 0.06797385620915032 0.013970588235294118