11 0.7477124183006535 0.4742647058823529 0.03398692810457516 0.039705882352941174
3 0.7967320261437908 0.4650735294117647 0.03529411764705882 0.03897058823529412
3 0.6143790849673203 0.5283088235294118 0.04967320261437909 0.04338235294117647
3 0.9241830065359478 0.40845588235294117 0.03660130718954248 0.04485294117647059
3 0.9955882352941177 0.28954248366013075 0.008823529411764706 0.036601307189542485
3 0.8993464052287582 0.2691176470588235 0.0392156862745098 0.04411764705882353
3 0.7967320261437908 0.09338235294117647 0.032679738562091505 0.04411764705882353
3 0.3235294117647059 0.3286764705882353 0.09019607843137255 0.022058823529411766
3 0.19477124183006533 0.3290441176470588 0.08888888888888889 0.019852941176470587
3 0.02426470588235294 0.3287581699346405 0.04852941176470588 0.018300653594771243
3 0.10130718954248366 0.28566176470588234 0.07712418300653595 0.019852941176470587
7 0.27124183006535946 0.4963235294117647 0.0196078431372549 0.007352941176470588
7 0.2954248366013072 0.5007352941176471 0.01830065359477124 0.008823529411764706
8 0.23137254901960783 0.26176470588235295 0.01568627450980392 0.007352941176470588
5 0.23529411764705882 0.26286764705882354 0.03137254901960784 0.008088235294117648
7 0.5477124183006535 0.10625 0.013071895424836602 0.008088235294117648
7 0.550326797385621 0.10036764705882353 0.01045751633986928 0.006617647058823529
7 0.5130718954248366 0.3154411764705882 0.011764705882352941 0.007352941176470588
7 0.47058823529411764 0.32426470588235295 0.01568627450980392 0.008823529411764706
8 0.14052287581699346 0.37463235294117647 0.0196078431372549 0.008088235294117648
5 0.1398692810457516 0.37463235294117647 0.03398692810457516 0.011029411764705883
8 0.3542483660130719 0.35955882352941176 0.01830065359477124 0.007352941176470588
1 0.35620915032679734 0.3588235294117647 0.02745098039215686 0.007352941176470588
8 0.6562091503267973 0.5330882352941176 0.013071895424836602 0.008823529411764706
5 0.6562091503267973 0.5316176470588235 0.013071895424836602 0.016176470588235296
7 0.5117647058823529 0.5136029411764705 0.01699346405228758 0.006617647058823529
8 0.45751633986928103 0.4025735294117647 0.01568627450980392 0.008088235294117648
8 0.45816993464052286 0.4235294117647059 0.01437908496732026 0.0058823529411764705
5 0.4588235294117647 0.42316176470588235 0.023529411764705882 0.009558823529411765
5 0.45816993464052286 0.4022058823529412 0.03006535947712418 0.007352941176470588