3 0.2986928104575163 0.49411764705882355 0.17124183006535948 0.10735294117647058
7 0.16470588235294117 0.4441176470588235 0.03137254901960784 0.039705882352941174
7 0.19215686274509802 0.4400735294117647 0.044444444444444446 0.04485294117647059
3 0.07316176470588236 0.46405228758169936 0.1463235294117647 0.0915032679738562
3 0.11176470588235295 0.3977941176470588 0.21830065359477122 0.0838235294117647
3 0.9137254901960783 0.4 0.09411764705882353 0.0661764705882353
3 0.6098039215686274 0.28713235294117645 0.0849673202614379 0.05514705882352941
3 0.8189542483660132 0.28308823529411764 0.12418300653594772 0.04264705882352941
3 0.9241830065359478 0.2400735294117647 0.06274509803921569 0.03602941176470588
3 0.9933823529411765 0.21045751633986928 0.013235294117647059 0.027450980392156862
3 0.949673202614379 0.10551470588235294 0.043137254901960784 0.021323529411764706
3 0.9470588235294117 0.0849264705882353 0.03006535947712418 0.016911764705882352
9 0.9948529411764706 0.03529411764705882 0.010294117647058823 0.01437908496732026
9 0.9562091503267973 0.033455882352941176 0.022222222222222223 0.0125
5 0.9803921568627451 0.004044117647058824 0.00522875816993464 0.006617647058823529
5 0.3509803921568627 0.32683823529411765 0.03006535947712418 0.03161764705882353
8 0.34967320261437906 0.3220588235294118 0.02745098039215686 0.026470588235294117
3 0.4339869281045751 0.2757352941176471 0.0784313725490196 0.051470588235294115
3 0.37124183006535943 0.2613970588235294 0.08888888888888889 0.04632352941176471
3 0.49673202614379086 0.23345588235294118 0.07581699346405228 0.04191176470588235
7 0.530718954248366 0.22794117647058823 0.01830065359477124 0.027941176470588237
7 0.43921568627450974 0.24080882352941177 0.01568627450980392 0.025735294117647058
7 0.4562091503267974 0.21875 0.02091503267973856 0.027205882352941177
7 0.4790849673202614 0.21470588235294116 0.01699346405228758 0.025
7 0.47581699346405226 0.20477941176470588 0.01568627450980392 0.025735294117647058
3 0.27385620915032677 0.25588235294117645 0.1477124183006536 0.04264705882352941
3 0.3725490196078431 0.1827205882352941 0.12026143790849672 0.027205882352941177
3 0.4117647058823529 0.16397058823529412 0.11503267973856209 0.025
3 0.47516339869281043 0.14375 0.10326797385620914 0.021323529411764706
7 0.5437908496732026 0.16580882352941176 0.013071895424836602 0.022794117647058822
7 0.5549019607843138 0.16544117647058823 0.01437908496732026 0.023529411764705882
7 0.5640522875816993 0.16580882352941176 0.01437908496732026 0.019852941176470587
3 0.5549019607843138 0.14779411764705883 0.05620915032679739 0.026470588235294117
7 0.5516339869281045 0.12941176470588237 0.013071895424836602 0.01911764705882353
11 0.47320261437908495 0.12169117647058823 0.0784313725490196 0.02426470588235294
3 0.5738562091503268 0.11801470588235294 0.09411764705882353 0.022794117647058822
2 0.6947712418300653 0.11948529411764706 0.0980392156862745 0.06102941176470588
3 0.6098039215686274 0.10588235294117647 0.043137254901960784 0.020588235294117647
11 0.5666666666666667 0.08529411764705883 0.06666666666666667 0.020588235294117647
11 0.5509803921568627 0.07683823529411765 0.03529411764705882 0.01838235294117647
7 0.6437908496732027 0.08860294117647059 0.00915032679738562 0.016911764705882352
7 0.6516339869281046 0.09080882352941176 0.00915032679738562 0.0125
3 0.6254901960784314 0.06507352941176471 0.06405228758169934 0.01838235294117647
7 0.6516339869281046 0.07389705882352941 0.00915032679738562 0.0125
7 0.665359477124183 0.0724264705882353 0.013071895424836602 0.016911764705882352
3 0.6764705882352942 0.05477941176470588 0.050980392156862744 0.015441176470588236
3 0.780392156862745 0.0724264705882353 0.03398692810457516 0.019852941176470587
3 0.6490196078431373 0.04448529411764706 0.058823529411764705 0.011029411764705883
3 0.6424836601307189 0.03897058823529412 0.058823529411764705 0.011764705882352941
3 0.6601307189542484 0.03602941176470588 0.05490196078431372 0.013235294117647059
3 0.6594771241830065 0.03308823529411765 0.05359477124183006 0.011764705882352941
5 0.6934640522875817 0.04044117647058824 0.00915032679738562 0.010294117647058823
8 0.6947712418300653 0.039338235294117646 0.00915032679738562 0.013970588235294118
7 0.7137254901960784 0.03566176470588235 0.00784313725490196 0.0125
7 0.726797385620915 0.03602941176470588 0.00784313725490196 0.013235294117647059
7 0.6888888888888888 0.033823529411764704 0.00784313725490196 0.011764705882352941