4 0.9675925925925924 0.15859375 0.05555555555555555 0.030729166666666665
4 0.737037037037037 0.17786458333333333 0.03518518518518519 0.011979166666666667
4 0.8 0.17161458333333332 0.02222222222222222 0.0203125
4 0.97734375 0.18796296296296297 0.0453125 0.030555555555555555
4 0.6407407407407407 0.18515625 0.059259259259259255 0.005729166666666666
4 0.5560185185185185 0.20677083333333332 0.03981481481481482 0.011458333333333333
4 0.5833333333333334 0.20104166666666667 0.046296296296296294 0.011458333333333333
7 0.7606481481481481 0.17838541666666666 0.00462962962962963 0.008854166666666666
3 0.7773148148148148 0.1828125 0.041666666666666664 0.011458333333333333
5 0.775462962962963 0.18932291666666667 0.010185185185185184 0.0078125
8 0.775 0.18671875 0.007407407407407407 0.0078125
3 0.8763888888888888 0.18411458333333333 0.0287037037037037 0.011979166666666667
4 0.8388888888888888 0.16901041666666666 0.03703703703703704 0.0140625
4 0.899074074074074 0.15572916666666667 0.08518518518518518 0.023958333333333335
3 0.9319444444444444 0.1734375 0.013888888888888888 0.007291666666666667
3 0.9194444444444444 0.17083333333333334 0.016666666666666666 0.00625
3 0.8787037037037037 0.17161458333333332 0.016666666666666666 0.0067708333333333336
3 0.8662037037037037 0.17552083333333332 0.017592592592592594 0.008333333333333333
3 0.8509259259259259 0.18046875 0.02037037037037037 0.0078125
3 0.836574074074074 0.18385416666666668 0.01944444444444444 0.010416666666666666
3 0.8467592592592592 0.190625 0.047222222222222214 0.011458333333333333
3 0.8166666666666667 0.19583333333333333 0.027777777777777776 0.013541666666666667
3 0.898611111111111 0.17447916666666666 0.01574074074074074 0.007291666666666667
3 0.9 0.17213541666666668 0.014814814814814814 0.0078125
3 0.9092592592592592 0.18046875 0.02037037037037037 0.008854166666666666
3 0.9337962962962962 0.18567708333333333 0.021296296296296296 0.0109375
3 0.9199074074074074 0.17552083333333332 0.01574074074074074 0.008333333333333333
3 0.9189814814814814 0.18932291666666667 0.023148148148148147 0.0109375
3 0.9212962962962962 0.19765625 0.027777777777777776 0.0140625
3 0.9157407407407407 0.21067708333333332 0.029629629629629627 0.0140625
3 0.8708333333333333 0.19375 0.021296296296296296 0.011458333333333333
3 0.8763888888888888 0.20078125 0.02685185185185185 0.013020833333333334
3 0.8689814814814815 0.20833333333333334 0.02685185185185185 0.013541666666666667
3 0.9050925925925924 0.22421875 0.03796296296296296 0.0171875
3 0.9087962962962962 0.24348958333333334 0.04351851851851852 0.021354166666666667
3 0.9601851851851851 0.225 0.03703703703703704 0.016666666666666666
3 0.97734375 0.24675925925925926 0.0453125 0.025925925925925925
11 0.8518518518518517 0.21875 0.03518518518518519 0.021875
11 0.8449074074074073 0.23411458333333332 0.03981481481481482 0.025520833333333333
3 0.8171296296296297 0.25833333333333336 0.054629629629629625 0.025
3 0.8097222222222221 0.29296875 0.08425925925925926 0.03697916666666667
3 0.9379629629629629 0.33046875 0.08148148148148147 0.0421875
3 0.9259259259259258 0.38776041666666666 0.1111111111111111 0.0578125
3 0.736111111111111 0.3458333333333333 0.09074074074074073 0.04479166666666667
3 0.6287037037037037 0.4432291666666667 0.1537037037037037 0.078125
3 0.05963541666666667 0.4439814814814815 0.11927083333333334 0.08888888888888889
3 0.39537037037037037 0.3645833333333333 0.1537037037037037 0.06875
3 0.2513888888888889 0.3625 0.17685185185185184 0.058333333333333334
1 0.2157407407407407 0.3338541666666667 0.04444444444444444 0.025
1 0.199537037037037 0.32760416666666664 0.03981481481481482 0.027083333333333334
8 0.21388888888888888 0.3229166666666667 0.03148148148148148 0.035416666666666666
8 0.199537037037037 0.3171875 0.025 0.03333333333333333
7 0.17129629629629628 0.23125 0.016666666666666666 0.020833333333333332
1 0.31296296296296294 0.3046875 0.03333333333333333 0.022916666666666665
8 0.3138888888888889 0.296875 0.024074074074074074 0.035416666666666666
3 0.3680555555555555 0.31796875 0.125 0.050520833333333334
3 0.4476851851851852 0.29375 0.09166666666666666 0.036458333333333336
3 0.3379629629629629 0.2791666666666667 0.09444444444444443 0.03125
3 0.5180555555555555 0.27265625 0.0824074074074074 0.03177083333333333
3 0.4976851851851852 0.23671875 0.06018518518518518 0.027604166666666666
3 0.5398148148148147 0.2453125 0.05555555555555555 0.023958333333333335
3 0.6013888888888889 0.24713541666666666 0.06944444444444443 0.033854166666666664
3 0.6425925925925925 0.23854166666666668 0.05185185185185184 0.022916666666666665
3 0.6708333333333333 0.22760416666666666 0.05092592592592592 0.020833333333333332
3 0.7 0.21796875 0.046296296296296294 0.019270833333333334
3 0.725462962962963 0.21041666666666667 0.03981481481481482 0.016666666666666666
3 0.7398148148148148 0.20546875 0.03148148148148148 0.013020833333333334
3 0.7652777777777777 0.20130208333333333 0.032407407407407406 0.0140625
3 0.7555555555555554 0.19088541666666667 0.02592592592592592 0.011979166666666667
7 0.7013888888888888 0.1828125 0.00648148148148148 0.011458333333333333
7 0.6907407407407408 0.18463541666666666 0.007407407407407407 0.0109375
7 0.6898148148148148 0.19166666666666668 0.007407407407407407 0.013541666666666667
7 0.6944444444444444 0.19427083333333334 0.007407407407407407 0.013541666666666667
7 0.7324074074074074 0.19661458333333334 0.007407407407407407 0.011979166666666667
7 0.7291666666666666 0.19947916666666668 0.010185185185185184 0.013541666666666667
3 0.7143518518518518 0.19322916666666667 0.02685185185185185 0.013541666666666667
3 0.7078703703703704 0.19765625 0.032407407407407406 0.015104166666666667
11 0.6689814814814814 0.19635416666666666 0.03611111111111111 0.016666666666666666
4 0.6282407407407408 0.19505208333333332 0.041666666666666664 0.013020833333333334
3 0.687037037037037 0.20494791666666667 0.03333333333333333 0.015104166666666667
7 0.7185185185185184 0.2 0.007407407407407407 0.0125
1 0.7101851851851851 0.20625 0.01296296296296296 0.010416666666666666
8 0.7101851851851851 0.20260416666666667 0.00925925925925926 0.011458333333333333
5 0.6699074074074074 0.2140625 0.010185185185185184 0.011458333333333333
8 0.6703703703703704 0.21041666666666667 0.00925925925925926 0.0125
1 0.5328703703703703 0.21302083333333333 0.01944444444444444 0.008333333333333333
7 0.5254629629629629 0.20911458333333333 0.012037037037037037 0.015104166666666667
1 0.5194444444444444 0.21328125 0.02222222222222222 0.0109375
7 0.525 0.21145833333333333 0.01111111111111111 0.014583333333333334
3 0.5606481481481481 0.22291666666666668 0.05648148148148148 0.020833333333333332
3 0.6236111111111111 0.20989583333333334 0.03981481481481482 0.014583333333333334
3 0.5912037037037037 0.21588541666666666 0.03796296296296296 0.0171875
5 0.611111111111111 0.21458333333333332 0.024074074074074074 0.009375
8 0.6157407407407407 0.21171875 0.00925925925925926 0.0109375
8 0.6083333333333333 0.21223958333333334 0.00925925925925926 0.013020833333333334
8 0.5902777777777778 0.22291666666666668 0.010185185185185184 0.017708333333333333
1 0.6273148148148148 0.2234375 0.010185185185185184 0.013541666666666667
8 0.6268518518518518 0.22005208333333334 0.01296296296296296 0.0171875
5 0.6152777777777777 0.23151041666666666 0.012037037037037037 0.0109375
8 0.6162037037037037 0.22604166666666667 0.012037037037037037 0.013541666666666667
5 0.48148148148148145 0.21796875 0.016666666666666666 0.0140625
8 0.5768518518518518 0.23932291666666666 0.01296296296296296 0.0140625
8 0.5902777777777778 0.23385416666666667 0.013888888888888888 0.0125
8 0.5981481481481481 0.23020833333333332 0.01296296296296296 0.0125
8 0.5972222222222221 0.22552083333333334 0.01111111111111111 0.011458333333333333
8 0.6018518518518517 0.221875 0.01111111111111111 0.0125
1 0.5550925925925926 0.2526041666666667 0.021296296296296296 0.013541666666666667
8 0.5532407407407407 0.246875 0.01574074074074074 0.021875
7 0.5356481481481481 0.25234375 0.021296296296296296 0.024479166666666666
1 0.49861111111111106 0.26223958333333336 0.01944444444444444 0.011979166666666667
8 0.4972222222222222 0.2559895833333333 0.02037037037037037 0.018229166666666668
11 0.4583333333333333 0.2578125 0.08333333333333333 0.03333333333333333
7 0.44490740740740736 0.2671875 0.013888888888888888 0.020833333333333332
7 0.44490740740740736 0.26458333333333334 0.013888888888888888 0.028125
7 0.2939814814814815 0.2125 0.012037037037037037 0.017708333333333333
7 0.32314814814814813 0.20755208333333333 0.01111111111111111 0.018229166666666668
7 0.31990740740740736 0.20677083333333332 0.012037037037037037 0.019791666666666666
4 0.4388888888888889 0.17421875 0.08888888888888888 0.015104166666666667
4 0.29629629629629634 0.18020833333333333 0.04814814814814815 0.00625
3 0.624537037037037 0.18125 0.05092592592592592 0.009375
3 0.5652777777777778 0.18072916666666666 0.04907407407407407 0.010416666666666666
3 0.5680555555555554 0.1765625 0.03796296296296296 0.009375
3 0.25231481481481477 0.29583333333333334 0.1175925925925926 0.04375
1 0.3967592592592592 0.253125 0.03981481481481482 0.014583333333333334
7 0.38981481481481484 0.25442708333333336 0.01296296296296296 0.024479166666666666
1 0.3050925925925926 0.25885416666666666 0.02685185185185185 0.016666666666666666
8 0.3069444444444444 0.25494791666666666 0.021296296296296296 0.021354166666666667
4 0.36203703703703705 0.24505208333333334 0.01296296296296296 0.0140625
4 0.35185185185185186 0.2578125 0.05185185185185184 0.010416666666666666
1 0.018489583333333334 0.33796296296296297 0.03697916666666667 0.020370370370370372
1 0.026822916666666665 0.33564814814814814 0.05364583333333333 0.018518518518518517
1 0.03046875 0.3333333333333333 0.0609375 0.019444444444444445
4 0.09398148148148147 0.32005208333333335 0.05648148148148148 0.03802083333333333
1 0.1523148148148148 0.3072916666666667 0.05648148148148148 0.019791666666666666
1 0.15787037037037036 0.3059895833333333 0.05648148148148148 0.019270833333333334
1 0.1648148148148148 0.3046875 0.0537037037037037 0.017708333333333333
4 0.18101851851851852 0.290625 0.054629629629629625 0.009375
4 0.2175925925925926 0.28177083333333336 0.01851851851851852 0.00625
4 0.2824074074074074 0.27005208333333336 0.03703703703703704 0.0078125
4 0.13333333333333333 0.32083333333333336 0.02037037037037037 0.014583333333333334
4 0.04583333333333333 0.31796875 0.03796296296296296 0.0109375