9 0.975 0.2503267973856209 0.05 0.036601307189542485
7 0.9777777777777776 0.24375 0.02875816993464052 0.022794117647058822
5 0.8803921568627451 0.28161764705882353 0.0849673202614379 0.025
7 0.8758169934640523 0.27647058823529413 0.03660130718954248 0.03235294117647059
1 0.5202614379084968 0.37977941176470587 0.0915032679738562 0.03161764705882353
7 0.5163398692810457 0.3845588235294118 0.03660130718954248 0.041176470588235294
7 0.5509803921568627 0.3286764705882353 0.02745098039215686 0.03529411764705882
7 0.5483660130718954 0.3165441176470588 0.03006535947712418 0.0375
8 0.5862745098039215 0.3246323529411765 0.024836601307189544 0.021323529411764706
3 0.3901960784313725 0.16029411764705884 0.19477124183006533 0.04852941176470588
3 0.9367647058823529 0.15620915032679739 0.1264705882352941 0.043137254901960784
3 0.32091503267973853 0.10220588235294117 0.17908496732026144 0.04852941176470588
3 0.550326797385621 0.042279411764705885 0.10196078431372549 0.05514705882352941
7 0.1699346405228758 0.07720588235294118 0.0392156862745098 0.03235294117647059
5 0.01838235294117647 0.1830065359477124 0.03676470588235294 0.022222222222222223
1 0.08104575163398692 0.05220588235294118 0.026143790849673203 0.029411764705882353
5 0.045098039215686274 0.052941176470588235 0.03790849673202614 0.029411764705882353
9 0.16470588235294117 0.023161764705882354 0.06797385620915032 0.021323529411764706
7 0.23202614379084965 0.04926470588235294 0.03006535947712418 0.03529411764705882
7 0.26405228758169935 0.033823529411764704 0.03137254901960784 0.030882352941176472
5 0.4797385620915033 0.03529411764705882 0.03660130718954248 0.022058823529411766
7 0.4797385620915033 0.027941176470588237 0.02875816993464052 0.027941176470588237
7 0.7444852941176471 0.01241830065359477 0.027205882352941177 0.02483660130718954