4 0.7791666666666667 0.06822916666666666 0.1175925925925926 0.036458333333333336
10 0.3037037037037037 0.11380208333333333 0.0574074074074074 0.0140625
8 0.9986979166666666 0.30833333333333335 0.0026041666666666665 0.027777777777777776
5 1 0.31574074074074077 0 0.021296296296296296
11 1 0.25416666666666665 0 0.03611111111111111
10 0.9828125 0.22546296296296298 0.034375 0.05185185185185185
8 0.9310185185185185 0.23020833333333332 0.017592592592592594 0.020833333333333332
1 0.9319444444444444 0.23645833333333333 0.013888888888888888 0.015625
7 0.7717592592592591 0.19583333333333333 0.012037037037037037 0.016666666666666666
10 0.9287037037037037 0.17682291666666666 0.04444444444444444 0.022395833333333334
3 0.9129629629629629 0.16979166666666667 0.029629629629629627 0.016666666666666666
7 0.8759259259259259 0.159375 0.00925925925925926 0.013541666666666667
7 0.8819444444444444 0.15677083333333333 0.012037037037037037 0.013541666666666667
10 0.8842592592592592 0.14192708333333334 0.03518518518518519 0.019270833333333334
10 0.8800925925925925 0.13697916666666668 0.030555555555555555 0.01875
11 0.8004629629629629 0.12083333333333333 0.017592592592592594 0.0125
10 0.8486111111111111 0.11432291666666666 0.023148148148148147 0.018229166666666668
2 0.8240740740740741 0.09401041666666667 0.01851851851851852 0.013020833333333334
3 0.7893518518518517 0.0953125 0.012037037037037037 0.00625
3 0.8009259259259258 0.09192708333333334 0.01111111111111111 0.005729166666666666
3 0.7703703703703704 0.09791666666666667 0.01296296296296296 0.008333333333333333