3 0.5372549019607843 0.4860294117647059 0.12026143790849672 0.07647058823529412
3 0.6522875816993464 0.4547794117647059 0.09673202614379084 0.08014705882352942
3 0.6477124183006535 0.37573529411764706 0.11895424836601307 0.06323529411764706
3 0.33398692810457514 0.4878676470588235 0.1895424836601307 0.05220588235294118
3 0.3091503267973856 0.44926470588235295 0.19215686274509802 0.04852941176470588
3 0.5176470588235295 0.3536764705882353 0.16732026143790849 0.03823529411764706
3 0.5483660130718954 0.3235294117647059 0.12941176470588237 0.029411764705882353
3 0.6267973856209149 0.3073529411764706 0.06405228758169934 0.04264705882352941
3 0.5647058823529412 0.2838235294117647 0.12810457516339868 0.047058823529411764
3 0.6196078431372549 0.25073529411764706 0.05228758169934641 0.041176470588235294
3 0.2542483660130719 0.39338235294117646 0.16078431372549018 0.0661764705882353
3 0.2856209150326797 0.3610294117647059 0.1503267973856209 0.04411764705882353
3 0.16013071895424835 0.3382352941176471 0.14509803921568626 0.045588235294117645
3 0.10718954248366012 0.3139705882352941 0.11241830065359477 0.03823529411764706
3 0.23398692810457516 0.24227941176470588 0.06535947712418301 0.03161764705882353
3 0.15294117647058825 0.2511029411764706 0.06797385620915032 0.03602941176470588
3 0.3006535947712418 0.2411764705882353 0.06274509803921569 0.04411764705882353
3 0.9805147058823529 0.3405228758169935 0.03897058823529412 0.044444444444444446
3 0.9169934640522875 0.1889705882352941 0.10326797385620914 0.029411764705882353
3 0.9926470588235294 0.19150326797385622 0.014705882352941176 0.022222222222222223
3 0.7274509803921568 0.17683823529411766 0.03790849673202614 0.022794117647058822
3 0.6882352941176471 0.18419117647058825 0.04052287581699346 0.025735294117647058
3 0.6058823529411764 0.17316176470588235 0.043137254901960784 0.028676470588235293
4 0.06339869281045751 0.45183823529411765 0.11895424836601307 0.08161764705882353
8 0.7647058823529411 0.40588235294117647 0.01830065359477124 0.01911764705882353
5 0.7666666666666666 0.4128676470588235 0.0196078431372549 0.022794117647058822
8 0.9098039215686274 0.35698529411764707 0.01830065359477124 0.01838235294117647
5 0.9104575163398693 0.3639705882352941 0.01437908496732026 0.020588235294117647
7 0.949673202614379 0.2731617647058823 0.01437908496732026 0.019852941176470587
1 0.08627450980392157 0.25073529411764706 0.02091503267973856 0.020588235294117647
1 0.06601307189542484 0.24926470588235294 0.01699346405228758 0.01911764705882353
1 0.050980392156862744 0.24816176470588236 0.013071895424836602 0.016911764705882352
7 0.05359477124183006 0.18308823529411763 0.013071895424836602 0.020588235294117647
9 0.2045751633986928 0.16911764705882354 0.0457516339869281 0.020588235294117647
7 0.3084967320261438 0.15330882352941178 0.01568627450980392 0.019852941176470587
10 0.2699346405228758 0.12426470588235294 0.03790849673202614 0.022058823529411766
5 0.7699346405228757 0.1636029411764706 0.03660130718954248 0.0125
1 0.986764705882353 0.165359477124183 0.026470588235294117 0.01045751633986928
5 0.926797385620915 0.1676470588235294 0.03398692810457516 0.010294117647058823