4 0.924264705882353 0.15555555555555556 0.1514705882352941 0.08888888888888889
3 0.715032679738562 0.43308823529411766 0.12810457516339868 0.07058823529411765
3 0.5928104575163399 0.36176470588235293 0.11111111111111112 0.057352941176470586
7 0.7934640522875817 0.3301470588235294 0.02091503267973856 0.027941176470588237
3 0.4516339869281045 0.2889705882352941 0.09542483660130718 0.051470588235294115
9 0.41960784313725485 0.34044117647058825 0.07581699346405228 0.039705882352941174
3 0.3764705882352941 0.24154411764705883 0.08888888888888889 0.05220588235294118
3 0.31895424836601305 0.20441176470588235 0.07581699346405228 0.041176470588235294
3 0.19150326797385622 0.45698529411764705 0.09281045751633986 0.06691176470588235
3 0.0980392156862745 0.4128676470588235 0.09673202614379084 0.06397058823529411
3 0.07777777777777778 0.07279411764705883 0.06405228758169934 0.027941176470588237
5 0.1980392156862745 0.538235294117647 0.04052287581699346 0.04411764705882353
3 0.7705882352941177 0.16838235294117648 0.08235294117647059 0.030882352941176472
3 0.9490196078431371 0.10625 0.0784313725490196 0.01838235294117647
3 0.9130718954248365 0.09558823529411764 0.07712418300653595 0.023529411764705882
3 0.9660130718954247 0.059926470588235296 0.06535947712418301 0.022794117647058822
3 0.6816993464052288 0.08860294117647059 0.07450980392156863 0.022794117647058822
7 0.6352941176470588 0.09080882352941176 0.02091503267973856 0.01838235294117647
10 0.6352941176470588 0.06507352941176471 0.08366013071895424 0.025735294117647058
3 0.7810457516339869 0.06544117647058824 0.08235294117647059 0.01911764705882353
3 0.865359477124183 0.03272058823529412 0.06797385620915032 0.019852941176470587
3 0.85359477124183 0.05220588235294118 0.06797385620915032 0.01764705882352941
3 0.9176470588235294 0.04411764705882353 0.05751633986928104 0.01911764705882353
7 0.5718954248366013 0.09926470588235294 0.0196078431372549 0.020588235294117647
7 0.5647058823529412 0.0900735294117647 0.01568627450980392 0.02426470588235294
7 0.5849673202614379 0.09117647058823529 0.022222222222222223 0.027941176470588237
9 0.5078431372549019 0.06286764705882353 0.04052287581699346 0.022794117647058822
7 0.4673202614379085 0.06066176470588235 0.0196078431372549 0.01838235294117647
3 0.6843137254901961 0.042279411764705885 0.06928104575163398 0.02426470588235294
10 0.5967320261437908 0.020588235294117647 0.07973856209150326 0.029411764705882353
3 0.7378676470588236 0.00718954248366013 0.05073529411764706 0.01437908496732026