3 0.8719047619047618 0.7307142857142858 0.0676190476190476 0.037142857142857144
5 0.9257142857142857 0.6717857142857143 0.026666666666666665 0.03642857142857143
8 0.9280952380952381 0.6689285714285714 0.025714285714285714 0.025
5 0.8719047619047618 0.6296428571428572 0.02952380952380952 0.03642857142857143
1 0.7823809523809523 0.6678571428571428 0.02 0.03
8 0.8728571428571429 0.6257142857142857 0.023809523809523805 0.02
8 0.7823809523809523 0.6625 0.01619047619047619 0.020714285714285713
3 0.7747619047619047 0.5335714285714286 0.06571428571428571 0.06714285714285714
1 0.8614285714285714 0.5582142857142857 0.025714285714285714 0.025
8 0.86 0.555 0.019047619047619046 0.017142857142857144
5 0.758095238095238 0.45321428571428574 0.02095238095238095 0.02642857142857143
8 0.7595238095238095 0.45107142857142857 0.018095238095238095 0.019285714285714285
5 0.0225 0.7019047619047619 0.045 0.024761904761904763
3 0.08952380952380952 0.53 0.11428571428571428 0.06714285714285714
7 0.26190476190476186 0.485 0.017142857142857144 0.018571428571428572
7 0.18857142857142858 0.4325 0.015238095238095238 0.016428571428571428
7 0.17142857142857143 0.4278571428571429 0.017142857142857144 0.017142857142857144
5 0.09571428571428571 0.43357142857142855 0.018095238095238095 0.025714285714285714
5 0.11333333333333333 0.43107142857142855 0.017142857142857144 0.027857142857142858
5 0.14761904761904762 0.3982142857142857 0.03809523809523809 0.017857142857142856
8 0.14714285714285713 0.3982142857142857 0.023809523809523805 0.015
5 0.14 0.39107142857142857 0.030476190476190476 0.02214285714285714
8 0.13857142857142857 0.3889285714285714 0.018095238095238095 0.013571428571428571
5 0.1119047619047619 0.3757142857142857 0.027619047619047616 0.018571428571428572
7 0.19619047619047617 0.36392857142857143 0.013333333333333332 0.017857142857142856
7 0.25 0.35 0.014285714285714285 0.018571428571428572
7 0.24238095238095236 0.3425 0.014285714285714285 0.016428571428571428
0 0.2995238095238095 0.35678571428571426 0.04857142857142857 0.04071428571428572
1 0.2742857142857143 0.3489285714285714 0.026666666666666665 0.013571428571428571
3 0.3176190476190476 0.30428571428571427 0.07333333333333332 0.03571428571428571
7 0.3033333333333333 0.25214285714285717 0.01238095238095238 0.015714285714285715
7 0.32095238095238093 0.24821428571428572 0.011428571428571429 0.015
5 0.41 0.28285714285714286 0.01238095238095238 0.018571428571428572
5 0.43380952380952376 0.2689285714285714 0.010476190476190476 0.016428571428571428
5 0.508095238095238 0.32321428571428573 0.014285714285714285 0.020714285714285713
5 0.5509523809523809 0.3717857142857143 0.01619047619047619 0.020714285714285713
5 0.4942857142857143 0.4417857142857143 0.015238095238095238 0.025
5 0.5076190476190476 0.4625 0.013333333333333332 0.025
5 0.5804761904761905 0.44 0.01619047619047619 0.02857142857142857
5 0.608095238095238 0.445 0.023809523809523805 0.03
5 0.6285714285714286 0.43714285714285717 0.017142857142857144 0.02857142857142857
5 0.6485714285714286 0.4585714285714286 0.019047619047619046 0.027142857142857142
5 0.6452380952380952 0.43107142857142855 0.01619047619047619 0.025
5 0.669047619047619 0.4325 0.01619047619047619 0.027857142857142858
5 0.6328571428571429 0.40785714285714286 0.014285714285714285 0.024285714285714285
5 0.708095238095238 0.36678571428571427 0.01619047619047619 0.02214285714285714
5 0.6804761904761905 0.31464285714285717 0.025714285714285714 0.017857142857142856
5 0.6076190476190476 0.22214285714285714 0.015238095238095238 0.018571428571428572
5 0.4647619047619047 0.21035714285714285 0.013333333333333332 0.019285714285714285
5 0.4657142857142857 0.15071428571428572 0.009523809523809523 0.014285714285714285
8 0.49476190476190474 0.4417857142857143 0.01619047619047619 0.019285714285714285
8 0.509047619047619 0.4589285714285714 0.01619047619047619 0.015
8 0.5804761904761905 0.4382142857142857 0.014285714285714285 0.015
8 0.6090476190476191 0.4442857142857143 0.014285714285714285 0.017142857142857144
8 0.6066666666666666 0.4407142857142857 0.015238095238095238 0.017142857142857144
8 0.6276190476190476 0.4367857142857143 0.015238095238095238 0.019285714285714285
8 0.65 0.45607142857142857 0.01619047619047619 0.016428571428571428
8 0.6476190476190475 0.455 0.017142857142857144 0.018571428571428572
8 0.6457142857142857 0.43 0.015238095238095238 0.014285714285714285
8 0.6452380952380952 0.4282142857142857 0.014285714285714285 0.016428571428571428
8 0.669047619047619 0.43 0.01619047619047619 0.015714285714285715
8 0.6342857142857142 0.4057142857142857 0.015238095238095238 0.017142857142857144
8 0.5514285714285714 0.36714285714285716 0.015238095238095238 0.012857142857142857
8 0.71 0.36714285714285716 0.014285714285714285 0.017142857142857144
8 0.6795238095238094 0.3125 0.014285714285714285 0.013571428571428571
8 0.5076190476190476 0.3217857142857143 0.011428571428571429 0.013571428571428571
5 0.5671428571428572 0.46214285714285713 0.02 0.025714285714285714
0 0.5033333333333333 0.4039285714285714 0.035238095238095235 0.04642857142857143
11 0.5338095238095237 0.39464285714285713 0.037142857142857144 0.04928571428571429
3 0.589047619047619 0.3889285714285714 0.04476190476190476 0.05357142857142857
3 0.5671428571428572 0.3314285714285714 0.039047619047619046 0.047142857142857146
3 0.5423809523809523 0.29214285714285715 0.04285714285714286 0.04
3 0.5214285714285715 0.2075 0.02952380952380952 0.03214285714285714
11 0.3895238095238095 0.25357142857142856 0.04 0.03857142857142857
7 0.41380952380952374 0.2357142857142857 0.01238095238095238 0.015714285714285715
5 0.38476190476190475 0.23142857142857143 0.026666666666666665 0.011428571428571429
5 0.39619047619047615 0.22321428571428573 0.026666666666666665 0.013571428571428571
3 0.39476190476190476 0.18571428571428572 0.054285714285714284 0.025714285714285714
3 0.39714285714285713 0.1657142857142857 0.045714285714285714 0.02
11 0.38904761904761903 0.14821428571428572 0.04666666666666666 0.02214285714285714
3 0.38190476190476186 0.09214285714285714 0.03619047619047619 0.018571428571428572
10 0.39714285714285713 0.0575 0.02857142857142857 0.03785714285714286
5 0.4357142857142857 0.09857142857142857 0.01238095238095238 0.012857142857142857
8 0.43476190476190474 0.09321428571428571 0.008571428571428572 0.010714285714285714
5 0.9960714285714286 0.28095238095238095 0.007857142857142858 0.01619047619047619
7 0.8185714285714286 0.3142857142857143 0.010476190476190476 0.015714285714285715
3 0.9157142857142857 0.2910714285714286 0.07333333333333332 0.025
7 0.9638095238095238 0.24392857142857144 0.009523809523809523 0.013571428571428571
8 0.9514285714285714 0.2382142857142857 0.007619047619047619 0.0064285714285714285
8 0.9619047619047618 0.23785714285714285 0.009523809523809523 0.008571428571428572
5 0.94 0.22035714285714286 0.011428571428571429 0.017857142857142856
5 0.9223809523809523 0.22464285714285714 0.01619047619047619 0.023571428571428573
5 0.9071428571428571 0.21571428571428572 0.010476190476190476 0.017142857142857144
5 0.8857142857142857 0.2175 0.017142857142857144 0.017857142857142856
8 0.8847619047619046 0.215 0.013333333333333332 0.012857142857142857
7 0.8414285714285714 0.1957142857142857 0.01238095238095238 0.015714285714285715
7 0.9033333333333332 0.19214285714285714 0.010476190476190476 0.017142857142857144
7 0.9123809523809523 0.19107142857142856 0.013333333333333332 0.016428571428571428
7 0.8395238095238095 0.1657142857142857 0.008571428571428572 0.015714285714285715
3 0.8476190476190475 0.16035714285714286 0.05714285714285714 0.020714285714285713
5 0.7928571428571428 0.15821428571428572 0.01238095238095238 0.013571428571428571
8 0.7933333333333332 0.15607142857142858 0.011428571428571429 0.015
5 0.8595238095238095 0.14 0.021904761904761903 0.011428571428571429
5 0.7890476190476189 0.12785714285714286 0.01238095238095238 0.014285714285714285
5 0.77 0.13642857142857143 0.018095238095238095 0.014285714285714285
5 0.8176190476190475 0.09714285714285714 0.008571428571428572 0.012857142857142857
5 0.8338095238095238 0.09357142857142857 0.018095238095238095 0.01
5 0.7871428571428571 0.08678571428571429 0.02 0.010714285714285714
7 0.8114285714285714 0.3507142857142857 0.013333333333333332 0.015714285714285715
5 0.9846428571428572 0.42952380952380953 0.030714285714285715 0.014285714285714285
8 0.989047619047619 0.42607142857142855 0.02 0.013571428571428571
3 0.858095238095238 0.26571428571428574 0.05904761904761904 0.03
3 0.7361904761904761 0.2807142857142857 0.045714285714285714 0.032857142857142856
5 0.759047619047619 0.2775 0.02095238095238095 0.020714285714285713
7 0.7309523809523809 0.23035714285714284 0.006666666666666666 0.013571428571428571
3 0.7133333333333333 0.24357142857142858 0.03809523809523809 0.03
3 0.6966666666666667 0.21 0.03333333333333333 0.02857142857142857
3 0.68 0.18285714285714286 0.02857142857142857 0.025714285714285714
3 0.7352380952380951 0.175 0.030476190476190476 0.03142857142857143
5 0.6595238095238095 0.16178571428571428 0.023809523809523805 0.012142857142857143
8 0.6623809523809523 0.15928571428571428 0.010476190476190476 0.012857142857142857
5 0.6414285714285715 0.15285714285714286 0.025714285714285714 0.011428571428571429
8 0.6428571428571429 0.15214285714285714 0.011428571428571429 0.012857142857142857
7 0.6361904761904762 0.14464285714285716 0.009523809523809523 0.015
5 0.6728571428571428 0.145 0.023809523809523805 0.011428571428571429
7 0.6742857142857143 0.1432142857142857 0.011428571428571429 0.013571428571428571
7 0.6333333333333333 0.13464285714285715 0.009523809523809523 0.015
3 0.6071428571428571 0.14214285714285715 0.03333333333333333 0.024285714285714285
7 0.52 0.15321428571428572 0.009523809523809523 0.015
3 0.5404761904761904 0.11964285714285715 0.02952380952380952 0.020714285714285713
5 0.58 0.1175 0.022857142857142857 0.013571428571428571
8 0.5804761904761905 0.11607142857142858 0.01238095238095238 0.012142857142857143
7 0.6042857142857143 0.10928571428571429 0.010476190476190476 0.014285714285714285
3 0.5885714285714285 0.10571428571428572 0.030476190476190476 0.022857142857142857
2 0.6738095238095237 0.11107142857142857 0.1038095238095238 0.04357142857142857
3 0.6233333333333333 0.10285714285714286 0.03142857142857143 0.022857142857142857
7 0.6447619047619048 0.09928571428571428 0.007619047619047619 0.011428571428571429
11 0.6576190476190475 0.08785714285714286 0.025714285714285714 0.02142857142857143
3 0.5714285714285714 0.09 0.026666666666666665 0.02142857142857143
7 0.5623809523809523 0.09071428571428572 0.010476190476190476 0.014285714285714285
5 0.5342857142857143 0.07357142857142857 0.011428571428571429 0.014285714285714285
8 0.5342857142857143 0.07142857142857142 0.009523809523809523 0.008571428571428572