3 0.7509523809523809 0.65 0.24095238095238095 0.1957142857142857
3 0.9028571428571428 0.48178571428571426 0.16952380952380952 0.15357142857142858
3 0.9989285714285714 0.31761904761904763 0.002142857142857143 0.08952380952380952
3 0.5557142857142857 0.3317857142857143 0.1876190476190476 0.09928571428571428
3 0.6195238095238095 0.29964285714285716 0.18 0.07357142857142857
3 0.6838095238095238 0.26535714285714285 0.17714285714285713 0.07214285714285715
3 0.7333333333333332 0.2417857142857143 0.15428571428571428 0.05785714285714286
11 0.8042857142857143 0.21321428571428572 0.15523809523809523 0.07071428571428572
3 0.8747619047619046 0.20607142857142857 0.12857142857142856 0.062142857142857146
3 0.759047619047619 0.10428571428571429 0.08571428571428572 0.03
3 0.7314285714285714 0.11571428571428571 0.09333333333333332 0.02857142857142857
3 0.7504761904761904 0.06 0.0819047619047619 0.027142857142857142
3 0.828095238095238 0.0525 0.050476190476190466 0.03214285714285714
3 0.41238095238095235 0.18357142857142858 0.10857142857142857 0.04
3 0.03571428571428571 0.1680952380952381 0.07142857142857142 0.05047619047619047
3 0.9746428571428571 0.06380952380952382 0.05071428571428571 0.03619047619047619