3 0.3299492385786802 0.21964285714285714 0.04060913705583756 0.03785714285714285
3 0.3559644670050761 0.20035714285714284 0.0317258883248731 0.03071428571428571
3 0.4302030456852792 0.18892857142857142 0.04060913705583756 0.03214285714285715
3 0.5158629441624366 0.19214285714285714 0.03680203045685279 0.03428571428571429
3 0.559010152284264 0.18107142857142858 0.04187817258883249 0.03214285714285715
3 0.7544416243654822 0.15357142857142855 0.03680203045685279 0.030000000000000002
3 0.7931472081218275 0.14892857142857144 0.043147208121827416 0.04071428571428572
3 0.24936548223350252 0.3707142857142857 0.07233502538071065 0.02857142857142857
3 0.27284263959390864 0.34928571428571425 0.08121827411167512 0.027142857142857142
3 0.29949238578680204 0.3296428571428571 0.07360406091370558 0.02214285714285714
3 0.70748730964467 0.4342857142857143 0.05964467005076142 0.04428571428571428
3 0.7011421319796954 0.2807142857142857 0.052030456852791875 0.04
3 0.34644670050761417 0.30357142857142855 0.048223350253807105 0.02142857142857143
3 0.22779187817258884 0.4035714285714285 0.07487309644670051 0.048571428571428564
3 0.28553299492385786 0.40249999999999997 0.07106598984771574 0.047857142857142855
3 0.3629441624365482 0.3414285714285714 0.0583756345177665 0.041428571428571426
3 0.47081218274111675 0.29714285714285715 0.05583756345177665 0.037142857142857144
3 0.5431472081218274 0.31285714285714283 0.04568527918781726 0.04
3 0.5621827411167513 0.34035714285714286 0.0634517766497462 0.047857142857142855
3 0.5869289340101522 0.2803571428571428 0.06472081218274112 0.03642857142857143
3 0.4200507614213198 0.3371428571428571 0.07614213197969542 0.05857142857142857
3 0.458756345177665 0.35000000000000003 0.0799492385786802 0.06142857142857142
3 0.9835714285714285 0.1065989847715736 0.032857142857142856 0.02918781725888325
3 0.95748730964467 0.11285714285714285 0.04187817258883249 0.03142857142857143
3 1 0.10406091370558376 0 0.02918781725888325
3 0.9295685279187818 0.11892857142857143 0.044416243654822336 0.03071428571428571
3 0.8832487309644669 0.13714285714285715 0.043147208121827416 0.032857142857142856
3 0.8483502538071066 0.14464285714285713 0.04187817258883249 0.03071428571428571
11 0.4600253807106599 0.18142857142857144 0.04187817258883249 0.037142857142857144
11 0.7214467005076142 0.1514285714285714 0.04187817258883249 0.03857142857142857
11 0.416243654822335 0.3 0.07106598984771574 0.041428571428571426
10 0.4803299492385787 0.4228571428571428 0.06979695431472081 0.06142857142857142
10 0.5634517766497462 0.4132142857142857 0.13959390862944163 0.1107142857142857