3 0.8546954314720813 0.5225 0.03934010152284264 0.03642857142857143
3 0.950507614213198 0.40214285714285714 0.03299492385786802 0.027142857142857142
3 0.9928571428571429 0.3546954314720812 0.014285714285714285 0.024111675126903553
3 0.9251269035532995 0.31 0.02284263959390863 0.015714285714285715
3 0.616751269035533 0.2582142857142857 0.043147208121827416 0.012142857142857141
3 0.95748730964467 0.2632142857142857 0.021573604060913708 0.016428571428571428
3 0.9219543147208121 0.2646428571428571 0.019035532994923856 0.017857142857142856
3 0.9149746192893401 0.23464285714285713 0.017766497461928935 0.010714285714285714
3 0.9359137055837563 0.21928571428571428 0.01649746192893401 0.011428571428571429
3 0.9073604060913705 0.2125 0.015228426395939087 0.010714285714285714
3 0.8864213197969543 0.2342857142857143 0.019035532994923856 0.011428571428571429
3 0.8959390862944162 0.18285714285714286 0.015228426395939087 0.01
3 0.8401015228426396 0.19285714285714284 0.015228426395939087 0.01
3 0.8927664974619288 0.16392857142857142 0.011421319796954314 0.009285714285714286
3 0.8895939086294417 0.15392857142857141 0.01269035532994924 0.009285714285714286
3 0.8381979695431473 0.15714285714285714 0.011421319796954314 0.007142857142857143
3 0.8800761421319797 0.22249999999999998 0.013959390862944163 0.009285714285714286
3 0.8788071065989848 0.24892857142857142 0.026649746192893398 0.015000000000000001
2 0.8813451776649746 0.2075 0.019035532994923856 0.020714285714285713
11 0.8705583756345178 0.15714285714285714 0.01269035532994924 0.011428571428571429
11 0.8350253807106599 0.13035714285714284 0.01015228426395939 0.009285714285714286
4 0.8458121827411167 0.06357142857142857 0.0799492385786802 0.12142857142857143
11 0.9765228426395939 0.29642857142857143 0.021573604060913708 0.02142857142857143
11 0.934010152284264 0.4828571428571429 0.03807106598984771 0.037142857142857144
11 0.7918781725888324 0.5003571428571428 0.03553299492385787 0.03785714285714285