7 0.049492385786802026 0.2307142857142857 0.02538071065989848 0.014285714285714285
11 0.3610406091370558 0.2525 0.08248730964467005 0.026428571428571426
11 0.44543147208121825 0.2689285714285714 0.08883248730964467 0.027857142857142858
11 0.7982233502538072 0.19785714285714284 0.0583756345177665 0.03857142857142857
11 0.3204314720812183 0.17142857142857143 0.06472081218274112 0.04285714285714286
11 0.3623096446700508 0.1821428571428571 0.06472081218274112 0.045714285714285714
7 0.5856598984771574 0.3646428571428571 0.01649746192893401 0.012142857142857141
7 0.5761421319796954 0.3521428571428571 0.02030456852791878 0.01
7 0.600253807106599 0.34500000000000003 0.02284263959390863 0.012857142857142857
6 0.5869289340101522 0.34285714285714286 0.019035532994923856 0.008571428571428572
8 0.5850253807106599 0.34249999999999997 0.01269035532994924 0.0064285714285714285
6 0.5615482233502538 0.35285714285714287 0.021573604060913708 0.008571428571428572
8 0.559010152284264 0.3525 0.011421319796954314 0.0064285714285714285
10 0.6846446700507614 0.33892857142857147 0.19670050761421318 0.043571428571428567
11 0.733502538071066 0.19464285714285715 0.0583756345177665 0.04071428571428572
3 0.6072335025380711 0.18142857142857144 0.07487309644670051 0.024285714285714282
10 0.5951776649746192 0.36678571428571427 0.16243654822335024 0.03642857142857143
10 0.43845177664974616 0.5449999999999999 0.1484771573604061 0.032857142857142856
10 0.6973350253807107 0.5253571428571429 0.15862944162436549 0.07214285714285713