3 0.9252380952380952 0.4925 0.0638095238095238 0.08642857142857142
3 0.8390476190476189 0.26535714285714285 0.03809523809523809 0.065
3 0.33714285714285713 0.15071428571428572 0.04952380952380952 0.05714285714285714
3 0.28 0.31392857142857145 0.06285714285714286 0.07785714285714286
3 0.33285714285714285 0.5753571428571429 0.0676190476190476 0.09928571428571428
2 0.4014285714285714 0.5382142857142858 0.12095238095238094 0.26071428571428573
11 0.9290476190476189 0.06321428571428571 0.039047619047619046 0.045
11 0.9885714285714285 0.25476190476190474 0.022857142857142857 0.06761904761904762
11 0.7861904761904761 0.14 0.04095238095238095 0.055714285714285716
11 0.8067857142857143 0.012380952380952381 0.03428571428571429 0.024761904761904763
3 0.2542857142857143 0.41928571428571426 0.06285714285714286 0.08285714285714285
3 0.22761904761904758 0.5135714285714286 0.0819047619047619 0.09285714285714286
3 0.2238095238095238 0.10785714285714286 0.08571428571428572 0.032857142857142856
3 0.23142857142857143 0.08178571428571428 0.0819047619047619 0.029285714285714286
3 0.2523809523809524 0.05821428571428571 0.09333333333333332 0.03214285714285714
11 0.15047619047619046 0.20785714285714285 0.09904761904761904 0.032857142857142856
3 0.04535714285714286 0.34285714285714286 0.09071428571428572 0.03619047619047619
3 0.21095238095238095 0.12892857142857142 0.08857142857142856 0.029285714285714286
3 0.38142857142857145 0.02619047619047619 0.045 0.05238095238095238
11 0.2671428571428571 0.022857142857142857 0.08285714285714285 0.032857142857142856
7 0.2876190476190476 0.17214285714285715 0.02095238095238095 0.027142857142857142
7 0.2695238095238095 0.1667857142857143 0.02095238095238095 0.02642857142857143
7 0.2576190476190476 0.2292857142857143 0.02 0.022857142857142857
7 0.17857142857142858 0.2910714285714286 0.02 0.025
7 0.21 0.19785714285714287 0.021904761904761903 0.024285714285714285
7 0.20285714285714285 0.1707142857142857 0.022857142857142857 0.02
7 0.15428571428571428 0.15464285714285714 0.02857142857142857 0.02214285714285714
5 0.16476190476190475 0.18678571428571428 0.04 0.019285714285714285
7 0.29619047619047617 0.14 0.02095238095238095 0.024285714285714285
7 0.1295238095238095 0.15535714285714286 0.017142857142857144 0.013571428571428571
7 0.26571428571428574 0.65 0.019047619047619046 0.012857142857142857
7 0.16952380952380952 0.6932142857142857 0.04 0.017857142857142856
7 0.22666666666666666 0.6814285714285714 0.02857142857142857 0.015714285714285715
7 0.2885714285714286 0.6864285714285714 0.02857142857142857 0.02
7 0.2680952380952381 0.7289285714285715 0.02 0.016428571428571428
7 0.2642857142857143 0.7146428571428571 0.037142857142857144 0.016428571428571428