3 0.9595511482254697 0.3752319109461967 0.08089770354906055 0.03896103896103896
9 0.9030612244897959 0.32854906054279753 0.04359925788497217 0.018267223382045932
5 0.74443413729128 0.33246346555323597 0.02133580705009276 0.014613778705636744
8 0.7435064935064934 0.32672233820459295 0.01020408163265306 0.010438413361169102
5 0.7829313543599257 0.25861169102296455 0.03339517625231911 0.009916492693110648
5 0.708256029684601 0.2194676409185804 0.032467532467532464 0.01304801670146138
3 0.6637291280148423 0.1865866388308977 0.06771799628942485 0.027661795407098125
3 0.641465677179963 0.17432150313152403 0.06957328385899814 0.02609603340292276
3 0.588126159554731 0.14170146137787057 0.06679035250463822 0.024530271398747392
3 0.5751391465677179 0.13178496868475992 0.06307977736549165 0.01931106471816284
3 0.546382189239332 0.07411273486430063 0.057513914656771796 0.018789144050104387
3 0.5088126159554731 0.020354906054279753 0.05473098330241187 0.016701461377870565
7 0.4410946196660482 0.04331941544885178 0.012059369202226345 0.011482254697286014
3 0.4044526901669759 0.036012526096033406 0.03153988868274583 0.02192066805845512
11 0.3761595547309833 0.05923799582463466 0.06586270871985157 0.0255741127348643
3 0.3409090909090909 0.06132567849686848 0.05287569573283859 0.020354906054279753
3 0.18692022263450836 0.47442588726513574 0.0974025974025974 0.0302713987473904
3 0.21892393320964748 0.5039144050104385 0.10946196660482374 0.030793319415448855
3 0.14100185528756956 0.3937891440501044 0.07050092764378478 0.021398747390396662
3 0.13636363636363635 0.37604384133611696 0.0909090909090909 0.02244258872651357
3 0.10343228200371056 0.33533402922755745 0.07142857142857142 0.0255741127348643
3 0.08163265306122448 0.2980167014613779 0.07421150278293134 0.019832985386221295