3 0.8286802030456853 0.3092857142857143 0.03553299492385787 0.027142857142857142
3 0.9689086294416244 0.3028571428571428 0.06218274111675127 0.018571428571428572
3 0.8597715736040609 0.23892857142857143 0.024111675126903553 0.02214285714285714
3 0.8210659898477157 0.22214285714285714 0.02284263959390863 0.018571428571428572
3 0.8477157360406092 0.19428571428571426 0.02284263959390863 0.017142857142857144
11 0.7506345177664975 0.17642857142857143 0.0317258883248731 0.02857142857142857
3 0.7519035532994923 0.14714285714285713 0.019035532994923856 0.015714285714285715
3 0.7969543147208121 0.05285714285714285 0.017766497461928935 0.012857142857142857
3 0.7595177664974619 0.05464285714285714 0.019035532994923856 0.010714285714285714
3 0.7557106598984772 0.03428571428571429 0.01649746192893401 0.01
3 0.8052030456852792 0.026428571428571426 0.024111675126903553 0.011428571428571429
3 0.7519035532994923 0.019642857142857142 0.013959390862944163 0.009285714285714286
3 0.7741116751269036 0.016785714285714286 0.015228426395939087 0.010714285714285714
3 0.8515228426395939 0.013928571428571429 0.030456852791878174 0.010714285714285714
3 0.7825 0.0038071065989847717 0.02142857142857143 0.007614213197969543
3 0.5469543147208121 0.39035714285714285 0.07106598984771574 0.024999999999999998
3 0.5145939086294417 0.3457142857142857 0.06979695431472081 0.018571428571428572
3 0.5184010152284264 0.33285714285714285 0.06725888324873097 0.017142857142857144
5 0.5697969543147209 0.31571428571428567 0.03299492385786802 0.01
8 0.5685279187817259 0.31321428571428567 0.02030456852791878 0.012142857142857141
3 0.5488578680203046 0.30392857142857144 0.06218274111675127 0.016428571428571428
3 0.4289340101522842 0.33499999999999996 0.07106598984771574 0.017142857142857144
2 0.44543147208121825 0.30892857142857144 0.17005076142131978 0.03357142857142857
3 0.35786802030456855 0.33249999999999996 0.06091370558375635 0.016428571428571428
10 0.3565989847715736 0.2996428571428571 0.10913705583756346 0.023571428571428573
11 0.2975888324873096 0.32035714285714284 0.06979695431472081 0.019285714285714285
2 0.23857868020304568 0.33392857142857146 0.11421319796954316 0.023571428571428573
2 0.14593908629441624 0.31357142857142856 0.17766497461928935 0.037142857142857144