11 0.11928934010152284 0.47464285714285714 0.017766497461928935 0.013571428571428571
11 0.14086294416243655 0.4714285714285714 0.017766497461928935 0.014285714285714285
3 0.16307106598984772 0.4685714285714286 0.019035532994923856 0.012857142857142857
3 0.20304568527918784 0.45928571428571424 0.017766497461928935 0.015714285714285715
3 0.22398477157360405 0.4539285714285714 0.013959390862944163 0.012142857142857141
3 0.2626903553299492 0.44857142857142857 0.015228426395939087 0.012857142857142857
3 0.282994923857868 0.44499999999999995 0.017766497461928935 0.012857142857142857
3 0.3020304568527919 0.4425 0.017766497461928935 0.013571428571428571
5 0.3661167512690356 0.43464285714285716 0.00634517766497462 0.0064285714285714285
5 0.3553299492385787 0.43499999999999994 0.015228426395939087 0.005714285714285714
6 0.34263959390862947 0.4585714285714286 0.06091370558375635 0.018571428571428572
10 0.4149746192893401 0.4478571428571428 0.06598984771573604 0.022857142857142857
10 0.5152284263959391 0.4339285714285714 0.08883248730964467 0.023571428571428573
11 0.39720812182741116 0.43142857142857144 0.030456852791878174 0.014285714285714285
11 0.44923857868020306 0.42464285714285716 0.027918781725888325 0.013571428571428571
3 0.4238578680203046 0.4282142857142857 0.027918781725888325 0.013571428571428571
11 0.4739847715736041 0.4189285714285714 0.02918781725888325 0.015000000000000001
11 0.5031725888324873 0.41571428571428565 0.0317258883248731 0.014285714285714285
11 0.5260152284263959 0.41214285714285714 0.026649746192893398 0.014285714285714285
6 0.5545685279187818 0.4057142857142857 0.02284263959390863 0.015714285714285715
8 0.5234771573604061 0.5446428571428571 0.008883248730964468 0.0064285714285714285
10 0.9721428571428572 0.5361675126903553 0.055714285714285716 0.025380710659898477
11 0.8781725888324874 0.4467857142857143 0.030456852791878174 0.009285714285714286
11 0.9213197969543147 0.44107142857142856 0.03299492385786802 0.012142857142857141
3 0.9600253807106599 0.4367857142857142 0.03426395939086294 0.010714285714285714
7 0.8356598984771574 0.5342857142857143 0.00634517766497462 0.005714285714285714
7 0.7868020304568527 0.5553571428571429 0.005076142131979695 0.0064285714285714285
7 0.7315989847715736 0.51 0.0038071065989847717 0.007142857142857143
2 0.9676395939086295 0.20535714285714285 0.03426395939086294 0.02214285714285714
3 0.9657360406091371 0.2292857142857143 0.017766497461928935 0.007142857142857143
2 0.9631979695431473 0.2582142857142857 0.03553299492385787 0.010714285714285714
3 0.9454314720812182 0.2825 0.027918781725888325 0.007857142857142858
3 0.9194162436548223 0.26535714285714285 0.021573604060913708 0.0064285714285714285
3 0.9124365482233502 0.2471428571428571 0.02538071065989848 0.007142857142857143
3 0.8477157360406092 0.2982142857142857 0.02538071065989848 0.007857142857142858
11 0.8515228426395939 0.2803571428571428 0.027918781725888325 0.007857142857142858
11 0.8001269035532995 0.2760714285714286 0.024111675126903553 0.009285714285714286
2 0.8978426395939085 0.27214285714285713 0.04187817258883249 0.014285714285714285
11 0.7715736040609137 0.31285714285714283 0.027918781725888325 0.011428571428571429
10 0.7842639593908629 0.38749999999999996 0.03299492385786802 0.012142857142857141
3 0.7836294416243655 0.3803571428571428 0.02918781725888325 0.009285714285714286
6 0.7734771573604061 0.3692857142857142 0.01649746192893401 0.012857142857142857
11 0.7366751269035533 0.3792857142857143 0.021573604060913708 0.011428571428571429
2 0.6795685279187818 0.36857142857142855 0.07741116751269035 0.025714285714285714
3 0.6763959390862944 0.4225 0.03299492385786802 0.009285714285714286
3 0.6256345177664975 0.4178571428571428 0.030456852791878174 0.01
11 0.6275380710659899 0.4092857142857143 0.02918781725888325 0.01
11 0.6230964467005077 0.40214285714285714 0.030456852791878174 0.008571428571428572
11 0.6605329949238579 0.36178571428571427 0.026649746192893398 0.010714285714285714
11 0.6719543147208121 0.35357142857142854 0.026649746192893398 0.01
11 0.6395939086294417 0.3471428571428571 0.027918781725888325 0.011428571428571429
11 0.6110406091370558 0.36857142857142855 0.0317258883248731 0.012857142857142857
11 0.4600253807106599 0.3767857142857143 0.0317258883248731 0.010714285714285714
11 0.5989847715736041 0.305 0.027918781725888325 0.01
11 0.5038071065989848 0.33499999999999996 0.02538071065989848 0.01
3 0.5609137055837563 0.3642857142857142 0.030456852791878174 0.011428571428571429
3 0.3743654822335026 0.4092857142857143 0.027918781725888325 0.014285714285714285
4 0.4517766497461929 0.22249999999999998 0.017766497461928935 0.007857142857142858
11 0.5342639593908629 0.26678571428571424 0.02538071065989848 0.009285714285714286
3 0.49365482233502533 0.2782142857142857 0.02538071065989848 0.007857142857142858
3 0.5717005076142132 0.25535714285714284 0.019035532994923856 0.0064285714285714285
3 0.5964467005076142 0.24678571428571427 0.017766497461928935 0.007857142857142858
2 0.625 0.23285714285714285 0.03934010152284264 0.02
2 0.7049492385786802 0.21107142857142858 0.04187817258883249 0.012142857142857141
2 0.7296954314720812 0.17142857142857143 0.04060913705583756 0.012857142857142857
2 0.7347715736040609 0.15428571428571428 0.015228426395939087 0.014285714285714285
2 0.7455583756345178 0.1414285714285714 0.01649746192893401 0.014285714285714285
2 0.7138324873096447 0.1839285714285714 0.01649746192893401 0.013571428571428571
2 0.7271573604060914 0.18535714285714286 0.017766497461928935 0.012142857142857141
2 0.7620558375634517 0.19214285714285714 0.049492385786802026 0.012857142857142857
2 0.7639593908629442 0.18964285714285714 0.048223350253807105 0.013571428571428571
2 0.7671319796954316 0.1875 0.03934010152284264 0.015000000000000001
2 0.7690355329949239 0.185 0.03553299492385787 0.012857142857142857
2 0.7791878172588833 0.1832142857142857 0.02538071065989848 0.010714285714285714
2 0.7734771573604061 0.17464285714285713 0.044416243654822336 0.012142857142857141
2 0.7715736040609137 0.17142857142857143 0.04060913705583756 0.012857142857142857
2 0.743020304568528 0.16428571428571428 0.011421319796954314 0.011428571428571429
2 0.7703045685279187 0.16785714285714287 0.043147208121827416 0.012857142857142857
2 0.7772842639593908 0.1657142857142857 0.03426395939086294 0.012857142857142857
2 0.7785532994923858 0.16357142857142856 0.04187817258883249 0.015714285714285715
7 0.6706852791878173 0.19 0.0038071065989847717 0.002857142857142857
4 0.6637055837563451 0.2032142857142857 0.01269035532994924 0.005
4 0.8007614213197969 0.012499999999999999 0.015228426395939087 0.0064285714285714285
4 0.7956852791878173 0.020714285714285713 0.01015228426395939 0.004285714285714286
4 0.8109137055837563 0.021785714285714283 0.01269035532994924 0.007857142857142858
4 0.8102791878172588 0.0325 0.011421319796954314 0.010714285714285714
3 0.8788071065989848 0.18142857142857144 0.013959390862944163 0.005714285714285714
3 0.8946700507614214 0.18142857142857144 0.01269035532994924 0.005714285714285714
3 0.9054568527918782 0.17892857142857144 0.011421319796954314 0.007857142857142858
3 0.9435279187817259 0.16464285714285712 0.01649746192893401 0.005
3 0.8737309644670052 0.16285714285714287 0.011421319796954314 0.005714285714285714
11 0.8477157360406092 0.14928571428571427 0.01269035532994924 0.007142857142857143
11 0.8312182741116751 0.15607142857142856 0.01015228426395939 0.0064285714285714285
3 0.8401015228426396 0.16142857142857142 0.01269035532994924 0.004285714285714286
3 0.8229695431472082 0.15107142857142855 0.011421319796954314 0.005
3 0.8147208121827412 0.14535714285714285 0.01015228426395939 0.0035714285714285713
2 0.8229695431472082 0.1285714285714286 0.01649746192893401 0.014285714285714285
2 0.8261421319796954 0.14285714285714285 0.01269035532994924 0.01
3 0.8064720812182741 0.14035714285714285 0.008883248730964468 0.005
3 0.8039340101522843 0.13714285714285715 0.00634517766497462 0.004285714285714286
3 0.8001269035532995 0.1332142857142857 0.00634517766497462 0.0035714285714285713
3 0.7956852791878173 0.12964285714285714 0.007614213197969543 0.005
2 0.8096446700507615 0.1307142857142857 0.01015228426395939 0.008571428571428572
3 0.8020304568527918 0.12464285714285714 0.007614213197969543 0.005
3 0.791243654822335 0.12428571428571429 0.00634517766497462 0.004285714285714286
4 0.7455583756345178 0.11535714285714285 0.008883248730964468 0.005
7 0.700507614213198 0.16535714285714287 0.0025380710659898475 0.0035714285714285713
4 0.8629441624365483 0.12142857142857143 0.017766497461928935 0.005714285714285714
2 0.8261421319796954 0.08071428571428571 0.007614213197969543 0.012857142857142857
2 0.7950507614213198 0.095 0.008883248730964468 0.012857142857142857
2 0.7963197969543147 0.1057142857142857 0.00634517766497462 0.007142857142857143
2 0.7887055837563453 0.11785714285714285 0.00634517766497462 0.007142857142857143
2 0.7817258883248732 0.09107142857142855 0.01269035532994924 0.012142857142857141
2 0.7620558375634517 0.10142857142857142 0.008883248730964468 0.008571428571428572
2 0.8077411167512691 0.09464285714285714 0.008883248730964468 0.013571428571428571
2 0.8102791878172588 0.06392857142857142 0.00634517766497462 0.007857142857142858
2 0.8109137055837563 0.05892857142857143 0.007614213197969543 0.007857142857142858
4 0.8109137055837563 0.04321428571428571 0.01269035532994924 0.005
4 0.7887055837563453 0.04321428571428571 0.0038071065989847717 0.002142857142857143
4 0.8223350253807106 0.04535714285714286 0.007614213197969543 0.0035714285714285713
4 0.7906091370558376 0.05142857142857143 0.02284263959390863 0.008571428571428572
4 0.7823604060913705 0.05892857142857143 0.008883248730964468 0.0064285714285714285
4 0.7931472081218275 0.059642857142857136 0.015228426395939087 0.007857142857142858
4 0.8096446700507615 0.05035714285714286 0.01015228426395939 0.0064285714285714285
4 0.7931472081218275 0.06821428571428571 0.01269035532994924 0.005
4 0.8204314720812182 0.06178571428571428 0.008883248730964468 0.0035714285714285713
4 0.8185279187817259 0.06714285714285714 0.005076142131979695 0.004285714285714286
4 0.774746192893401 0.07285714285714286 0.0038071065989847717 0.004285714285714286
4 0.7861675126903553 0.10785714285714286 0.00634517766497462 0.008571428571428572
4 0.7842639593908629 0.09892857142857142 0.005076142131979695 0.002142857142857143
4 0.7722081218274113 0.10142857142857142 0.00634517766497462 0.008571428571428572
4 0.7690355329949239 0.10964285714285714 0.005076142131979695 0.005
2 0.799492385786802 0.11749999999999998 0.007614213197969543 0.005
3 0.7982233502538072 0.11249999999999999 0.005076142131979695 0.0035714285714285713
3 0.8134517766497462 0.12071428571428572 0.005076142131979695 0.004285714285714286
3 0.8096446700507615 0.10821428571428571 0.007614213197969543 0.0035714285714285713
3 0.8204314720812182 0.09857142857142857 0.00634517766497462 0.004285714285714286
3 0.8204314720812182 0.10428571428571429 0.00634517766497462 0.004285714285714286
3 0.8318527918781725 0.11142857142857143 0.00634517766497462 0.004285714285714286
3 0.8166243654822335 0.07714285714285714 0.0038071065989847717 0.004285714285714286
3 0.8071065989847717 0.07678571428571428 0.005076142131979695 0.0035714285714285713
3 0.8140862944162437 0.08285714285714285 0.00634517766497462 0.004285714285714286
4 0.7868020304568527 0.075 0.01269035532994924 0.005714285714285714
4 0.7760152284263959 0.07892857142857142 0.00634517766497462 0.0064285714285714285
4 0.7918781725888324 0.07964285714285714 0.01269035532994924 0.0064285714285714285
5 0.4289340101522842 0.26571428571428574 0.01015228426395939 0.004285714285714286
7 0.3217005076142132 0.2932142857142857 0.0038071065989847717 0.0035714285714285713