3 0.6453045685279188 0.4521428571428571 0.026649746192893398 0.024285714285714282
3 0.6370558375634517 0.42642857142857143 0.027918781725888325 0.018571428571428572
3 0.9346446700507615 0.4864285714285714 0.02918781725888325 0.032857142857142856
3 0.9612944162436547 0.2978571428571429 0.013959390862944163 0.014285714285714285
3 0.9435279187817259 0.19785714285714284 0.011421319796954314 0.007142857142857143
3 0.9352791878172588 0.18357142857142858 0.01015228426395939 0.008571428571428572
3 0.9397208121827412 0.19035714285714284 0.011421319796954314 0.007857142857142858
3 0.9435279187817259 0.20785714285714282 0.011421319796954314 0.008571428571428572
3 0.9467005076142133 0.22428571428571428 0.01015228426395939 0.005714285714285714
3 0.9530456852791879 0.2546428571428571 0.01269035532994924 0.007857142857142858
3 0.934010152284264 0.3614285714285714 0.015228426395939087 0.015714285714285715
3 0.8781725888324874 0.2764285714285714 0.015228426395939087 0.011428571428571429
3 0.6129441624365483 0.5178571428571428 0.030456852791878174 0.025714285714285714
3 0.625 0.48892857142857143 0.03426395939086294 0.023571428571428573
3 0.5571065989847717 0.3814285714285714 0.048223350253807105 0.014285714285714285
2 0.825507614213198 0.22964285714285712 0.07741116751269035 0.024999999999999998
2 0.8692893401015228 0.3032142857142857 0.027918781725888325 0.04071428571428572
2 0.48921319796954316 0.3714285714285714 0.05710659898477158 0.02
11 0.9492385786802031 0.23357142857142854 0.01269035532994924 0.012857142857142857
11 0.95748730964467 0.285 0.01649746192893401 0.014285714285714285
11 0.9524111675126903 0.26571428571428574 0.01649746192893401 0.015714285714285715
11 0.9460659898477157 0.21464285714285714 0.013959390862944163 0.010714285714285714
11 0.9460659898477157 0.2464285714285714 0.011421319796954314 0.011428571428571429
11 0.6192893401015228 0.40285714285714286 0.03807106598984771 0.024285714285714282
3 0.8236040609137056 0.1457142857142857 0.02030456852791878 0.005714285714285714
3 0.791243654822335 0.1457142857142857 0.021573604060913708 0.004285714285714286
2 0.7791878172588833 0.18178571428571427 0.03807106598984771 0.010714285714285714
7 0.8077411167512691 0.2978571428571429 0.00634517766497462 0.007142857142857143
7 0.8013959390862944 0.29714285714285715 0.00634517766497462 0.008571428571428572
7 0.9949238578680203 0.29642857142857143 0.005076142131979695 0.008571428571428572
7 0.9892131979695432 0.29928571428571427 0.00634517766497462 0.008571428571428572
7 0.9803299492385786 0.27785714285714286 0.00634517766497462 0.007142857142857143
7 0.993020304568528 0.2767857142857143 0.00634517766497462 0.007857142857142858
7 0.9777918781725887 0.265 0.00634517766497462 0.007142857142857143
7 0.9708121827411167 0.2521428571428571 0.005076142131979695 0.007142857142857143
7 0.9777918781725887 0.2482142857142857 0.00634517766497462 0.0064285714285714285
7 0.9746192893401016 0.2357142857142857 0.005076142131979695 0.007142857142857143
7 0.9657360406091371 0.2357142857142857 0.007614213197969543 0.008571428571428572
7 0.9701776649746193 0.23035714285714287 0.0038071065989847717 0.005
7 0.9670050761421319 0.2332142857142857 0.005076142131979695 0.009285714285714286
7 0.9822335025380712 0.23535714285714285 0.007614213197969543 0.009285714285714286
7 0.9733502538071066 0.3196428571428571 0.007614213197969543 0.009285714285714286
7 0.8064720812182741 0.2664285714285714 0.00634517766497462 0.007142857142857143
7 0.674492385786802 0.4303571428571428 0.011421319796954314 0.012142857142857141
7 0.9967857142857143 0.4416243654822335 0.0064285714285714285 0.012690355329949238
7 0.9975 0.49619289340101524 0.005 0.012690355329949238