11 0.34708121827411165 0.4689285714285714 0.05710659898477158 0.03357142857142857
11 0.8369289340101522 0.34428571428571425 0.03934010152284264 0.022857142857142857
3 0.7258883248730964 0.315 0.03807106598984771 0.02142857142857143
10 0.8667512690355329 0.29714285714285715 0.05583756345177665 0.05142857142857143
3 0.44923857868020306 0.19607142857142856 0.0583756345177665 0.012142857142857141
2 0.5805837563451777 0.21071428571428572 0.17639593908629442 0.048571428571428564
11 0.13895939086294418 0.1875 0.05710659898477158 0.010714285714285714
3 0.24682741116751267 0.2075 0.06218274111675127 0.012142857142857141
11 0.7392131979695432 0.11821428571428572 0.02918781725888325 0.010714285714285714
2 0.7385786802030457 0.15392857142857141 0.06852791878172589 0.03785714285714285
11 0.7887055837563453 0.1839285714285714 0.03426395939086294 0.013571428571428571
4 0.8445431472081218 0.12142857142857143 0.013959390862944163 0.008571428571428572
4 0.868020304568528 0.11607142857142856 0.02284263959390863 0.007857142857142858
4 0.8845177664974619 0.11392857142857143 0.017766497461928935 0.009285714285714286
4 0.9079949238578681 0.10999999999999999 0.019035532994923856 0.007142857142857143
4 0.9263959390862944 0.10785714285714286 0.015228426395939087 0.005714285714285714
4 0.9403553299492385 0.10357142857142856 0.01269035532994924 0.011428571428571429
4 0.9498730964467005 0.10071428571428571 0.008883248730964468 0.007142857142857143
4 0.9568527918781725 0.09928571428571428 0.007614213197969543 0.008571428571428572
4 0.9809644670050761 0.0925 0.017766497461928935 0.007857142857142858
2 0.9985714285714286 0.08756345177664974 0.002857142857142857 0.025380710659898477
11 0.9593908629441624 0.07964285714285714 0.02538071065989848 0.007857142857142858
3 1 0.12246192893401016 0 0.008883248730964468