7 0.7890476190476189 0.6267857142857143 0.02952380952380952 0.045
3 0.9825 0.520952380952381 0.035 0.023809523809523808
3 0.9033333333333332 0.4575 0.023809523809523805 0.010714285714285714
3 0.9033333333333332 0.4303571428571429 0.014285714285714285 0.007857142857142858
3 0.8709523809523809 0.4232142857142857 0.01238095238095238 0.007857142857142858
3 0.8523809523809524 0.4057142857142857 0.007619047619047619 0.004285714285714286
3 0.8347619047619047 0.39357142857142857 0.0047619047619047615 0.002857142857142857
3 0.8495238095238095 0.3967857142857143 0.007619047619047619 0.0035714285714285713
3 0.8428571428571429 0.3917857142857143 0.0038095238095238095 0.0035714285714285713
3 0.8214285714285714 0.38285714285714284 0.002857142857142857 0.0014285714285714286
3 0.8709523809523809 0.3921428571428571 0.010476190476190476 0.002857142857142857
3 0.8623809523809524 0.39107142857142857 0.008571428571428572 0.0035714285714285713
7 0.9076190476190475 0.4110714285714286 0.0019047619047619048 0.007857142857142858
3 0.9052380952380952 0.4085714285714286 0.008571428571428572 0.005714285714285714
7 0.9604761904761904 0.42714285714285716 0.0047619047619047615 0.008571428571428572
8 0.9982142857142857 0.43 0.0035714285714285713 0.007619047619047619
3 0.4819047619047619 0.6228571428571429 0.08571428571428572 0.05857142857142857
11 0.7714285714285715 0.5653571428571429 0.03809523809523809 0.04642857142857143
3 0.7185714285714285 0.47035714285714286 0.025714285714285714 0.017857142857142856
3 0.7561904761904761 0.4185714285714286 0.011428571428571429 0.007142857142857143
3 0.7409523809523809 0.4139285714285714 0.011428571428571429 0.0064285714285714285
7 0.6347619047619047 0.42964285714285716 0.0047619047619047615 0.009285714285714286
7 0.6942857142857143 0.4117857142857143 0.0038095238095238095 0.0064285714285714285
7 0.7166666666666666 0.4082142857142857 0.002857142857142857 0.0064285714285714285
3 0.5995238095238095 0.42964285714285716 0.027619047619047616 0.009285714285714286
3 0.6261904761904762 0.41964285714285715 0.010476190476190476 0.0064285714285714285
3 0.6538095238095237 0.42428571428571427 0.023809523809523805 0.007142857142857143
3 0.6633333333333333 0.42214285714285715 0.02 0.007142857142857143
3 0.6676190476190476 0.4210714285714286 0.02095238095238095 0.0064285714285714285
3 0.6847619047619047 0.4235714285714286 0.015238095238095238 0.007142857142857143
3 0.69 0.4210714285714286 0.014285714285714285 0.0064285714285714285
3 0.6938095238095238 0.41892857142857143 0.01238095238095238 0.005
10 0.7 0.41535714285714287 0.011428571428571429 0.0064285714285714285
3 0.7119047619047619 0.41464285714285715 0.008571428571428572 0.0064285714285714285
3 0.6361904761904762 0.41464285714285715 0.013333333333333332 0.0064285714285714285
3 0.6495238095238095 0.4164285714285714 0.013333333333333332 0.007142857142857143
3 0.7 0.40964285714285714 0.019047619047619046 0.005
3 0.7 0.40714285714285714 0.019047619047619046 0.005714285714285714
3 0.7266666666666666 0.4082142857142857 0.007619047619047619 0.005
3 0.7366666666666666 0.4032142857142857 0.010476190476190476 0.005
3 0.768095238095238 0.39785714285714285 0.006666666666666666 0.004285714285714286
3 0.7757142857142857 0.4007142857142857 0.006666666666666666 0.004285714285714286
3 0.7971428571428572 0.3889285714285714 0.0038095238095238095 0.0035714285714285713
3 0.7890476190476189 0.39 0.002857142857142857 0.002857142857142857
3 0.7838095238095237 0.38785714285714284 0.0038095238095238095 0.0014285714285714286
3 0.7904761904761903 0.3875 0.0038095238095238095 0.002142857142857143
3 0.7909523809523809 0.38571428571428573 0.002857142857142857 0.0014285714285714286
3 0.7933333333333332 0.385 0.0038095238095238095 0.0014285714285714286
3 0.7976190476190476 0.3867857142857143 0.0047619047619047615 0.002142857142857143
3 0.7985714285714286 0.3842857142857143 0.002857142857142857 0.0014285714285714286
3 0.8052380952380952 0.38392857142857145 0.002857142857142857 0.002142857142857143