11 0.057 0.375 0.07133333333333333 0.028
11 0.11133333333333333 0.35675 0.06133333333333333 0.0285
11 0.139 0.363 0.058 0.026
11 0.15633333333333332 0.3445 0.04733333333333333 0.02
11 0.15266666666666664 0.3715 0.05333333333333333 0.031
10 0.11033333333333332 0.3845 0.06866666666666665 0.027
7 0.204 0.3375 0.010666666666666666 0.015
7 0.21766666666666665 0.33525 0.01 0.0155
7 0.07866666666666666 0.3285 0.010666666666666666 0.018
7 0.12333333333333332 0.32475 0.010666666666666666 0.0165
8 0.1383333333333333 0.33275 0.011333333333333332 0.0085
3 0.107 0.52825 0.126 0.0505
3 0.19266666666666665 0.4815 0.112 0.047
7 0.243 0.47225 0.012666666666666666 0.0265
7 0.283 0.46225 0.015333333333333332 0.0245
8 0.2796666666666666 0.457 0.007333333333333333 0.012
3 0.31466666666666665 0.434 0.06533333333333333 0.039
3 0.177 0.60075 0.028666666666666663 0.0395
1 0.4616666666666666 0.5305 0.028666666666666663 0.03
5 0.518 0.48525 0.028 0.0205
11 0.5833333333333333 0.4995 0.1 0.056
11 0.648 0.475 0.092 0.044
7 0.7213333333333333 0.5265 0.016 0.022
7 0.736 0.523 0.014666666666666666 0.018
7 0.736 0.51275 0.014666666666666666 0.0105
7 0.721 0.51175 0.014 0.0115
5 0.7363333333333333 0.49025 0.01933333333333333 0.0265
5 0.7586666666666666 0.49375 0.02 0.0255
9 0.8163333333333332 0.49675 0.074 0.0305
7 0.969 0.43 0.014 0.023
7 0.9643333333333333 0.4255 0.014 0.021
7 0.9506666666666667 0.43 0.009333333333333332 0.021
7 0.951 0.42125 0.014 0.0215
8 0.913 0.41975 0.015333333333333332 0.0135
5 0.871 0.425 0.028666666666666663 0.012
8 0.8676666666666666 0.4225 0.012666666666666666 0.012
7 0.875 0.407 0.01 0.021
7 0.86 0.4055 0.006666666666666666 0.023
7 0.8513333333333333 0.39725 0.009333333333333332 0.0235
8 0.8276666666666667 0.40575 0.016666666666666663 0.0165
5 0.7936666666666666 0.39625 0.026 0.0175
9 0.8113333333333332 0.386 0.025333333333333333 0.019
1 0.829 0.375 0.026 0.012
7 0.7736666666666666 0.39125 0.007333333333333333 0.0135
7 0.7603333333333333 0.3995 0.008666666666666666 0.021
7 0.756 0.396 0.005333333333333333 0.018
7 0.7103333333333333 0.3935 0.007333333333333333 0.019
7 0.6993333333333333 0.39575 0.008 0.0125
8 0.5763333333333333 0.37025 0.01 0.0185
5 0.5763333333333333 0.372 0.014 0.014
7 0.664 0.3825 0.009333333333333332 0.017
7 0.5893333333333333 0.36875 0.006666666666666666 0.0185
11 0.677 0.29975 0.042 0.0205
11 0.7153333333333333 0.288 0.033333333333333326 0.018
10 0.7166666666666667 0.265 0.033333333333333326 0.019
7 0.7073333333333333 0.27825 0.008 0.0105
7 0.6983333333333333 0.28275 0.004666666666666666 0.0125
7 0.6766666666666666 0.283 0.006666666666666666 0.012
7 0.622 0.33 0.006666666666666666 0.007
8 0.6516666666666666 0.316 0.006 0.01
7 0.5773333333333333 0.3085 0.006666666666666666 0.015
7 0.5916666666666667 0.31025 0.007333333333333333 0.0145
7 0.6086666666666666 0.3125 0.008 0.016
7 0.6156666666666666 0.3195 0.006 0.015
7 0.5933333333333333 0.33075 0.006666666666666666 0.0165
7 0.561 0.34125 0.01 0.0165
7 0.5533333333333332 0.3445 0.006666666666666666 0.011
7 0.5696666666666667 0.35725 0.006 0.0165
7 0.586 0.35 0.008 0.016
7 0.5326666666666666 0.36225 0.010666666666666666 0.0175
7 0.556 0.35975 0.008 0.0165
7 0.5013333333333333 0.362 0.008 0.019
7 0.401 0.389 0.007333333333333333 0.019
1 0.5483333333333332 0.3335 0.011333333333333332 0.014
8 0.5443333333333332 0.3505 0.01 0.016
8 0.5353333333333332 0.344 0.010666666666666666 0.014
8 0.47433333333333333 0.3635 0.012666666666666666 0.015
8 0.4473333333333333 0.384 0.013333333333333332 0.016
8 0.4103333333333333 0.39525 0.011333333333333332 0.0125
7 0.5143333333333333 0.35075 0.012666666666666666 0.0185
7 0.5276666666666666 0.34625 0.006 0.0125
7 0.521 0.34625 0.008666666666666666 0.0155
7 0.526 0.35925 0.005333333333333333 0.0165
7 0.514 0.33775 0.006666666666666666 0.0135
7 0.5073333333333333 0.3435 0.006666666666666666 0.014
7 0.4993333333333333 0.336 0.013333333333333332 0.016
7 0.444 0.3685 0.010666666666666666 0.018
1 0.44066666666666665 0.37325 0.006666666666666666 0.0125
7 0.42333333333333334 0.379 0.012 0.019
8 0.41133333333333333 0.37275 0.010666666666666666 0.0145
5 0.41466666666666663 0.375 0.021333333333333333 0.009
7 0.3783333333333333 0.367 0.01 0.016
5 0.525 0.3255 0.020666666666666663 0.01
5 0.6393333333333333 0.292 0.012 0.008
1 0.649 0.28625 0.011333333333333332 0.0075
5 0.6876666666666666 0.28075 0.011333333333333332 0.0105
4 0.6896666666666667 0.2695 0.016666666666666663 0.01
8 0.6393333333333333 0.2895 0.006666666666666666 0.011
7 0.6293333333333333 0.29175 0.006666666666666666 0.0115
0 0.544 0.3165 0.024 0.013
1 0.491 0.34825 0.022 0.0115
5 0.452 0.561 0.02 0.03
5 0.561 0.452 0.026 0.018
1 0.9166666666666666 0.51175 0.08133333333333333 0.0295