7 0.7798223350253807 0.32357142857142857 0.02918781725888325 0.03571428571428571
7 0.9815989847715736 0.30357142857142855 0.024111675126903553 0.030000000000000002
7 0.5158629441624366 0.2571428571428572 0.03426395939086294 0.02857142857142857
7 0.4168781725888325 0.25857142857142856 0.024111675126903553 0.017142857142857144
7 0.342005076142132 0.2828571428571428 0.019035532994923856 0.018571428571428572
7 0.17131979695431473 0.3742857142857142 0.03553299492385787 0.024285714285714282
7 0.1218274111675127 0.37392857142857144 0.030456852791878174 0.020714285714285713
7 0.052030456852791875 0.42 0.048223350253807105 0.03428571428571429
7 0.044416243654822336 0.39464285714285713 0.03553299492385787 0.020714285714285713
7 0.258248730964467 0.29178571428571426 0.0317258883248731 0.020714285714285713
7 0.15355329949238578 0.3082142857142857 0.03807106598984771 0.03071428571428571
7 0.1446700507614213 0.27999999999999997 0.03553299492385787 0.030000000000000002
7 0.3217005076142132 0.3125 0.026649746192893398 0.02214285714285714
7 0.42258883248730966 0.2953571428571429 0.02030456852791878 0.019285714285714285
7 0.565989847715736 0.18357142857142858 0.030456852791878174 0.030000000000000002
7 0.2480964467005076 0.23107142857142854 0.03680203045685279 0.029285714285714286
7 0.22271573604060912 0.2332142857142857 0.03680203045685279 0.029285714285714286
7 0.20241116751269037 0.24142857142857144 0.03680203045685279 0.037142857142857144
7 0.11548223350253807 0.27964285714285714 0.043147208121827416 0.03785714285714285
7 0.3940355329949239 0.17035714285714285 0.02918781725888325 0.027857142857142858
7 0.36548223350253806 0.1846428571428571 0.02284263959390863 0.03071428571428571
7 0.3236040609137056 0.19607142857142856 0.03553299492385787 0.03357142857142857
7 0.549492385786802 0.17428571428571427 0.015228426395939087 0.017142857142857144
7 0.4980964467005076 0.20107142857142857 0.021573604060913708 0.017857142857142856
7 0.49365482233502533 0.23107142857142854 0.02030456852791878 0.02214285714285714
7 0.5272842639593909 0.23857142857142855 0.0317258883248731 0.032857142857142856
7 0.43654822335025384 0.21214285714285713 0.043147208121827416 0.02142857142857143
7 0.4803299492385787 0.1957142857142857 0.024111675126903553 0.017142857142857144