7 0.5614285714285714 0.5203571428571429 0.018095238095238095 0.023571428571428573
7 0.769047619047619 0.48678571428571427 0.014285714285714285 0.02642857142857143
7 0.7795238095238095 0.48428571428571426 0.01238095238095238 0.025714285714285714
7 0.8076190476190475 0.48142857142857143 0.019047619047619046 0.024285714285714285
7 0.8319047619047618 0.4782142857142857 0.01619047619047619 0.025
7 0.7804761904761903 0.4282142857142857 0.018095238095238095 0.027857142857142858
7 0.7585714285714286 0.4142857142857143 0.01238095238095238 0.025714285714285714
7 0.738095238095238 0.4203571428571429 0.015238095238095238 0.020714285714285713
7 0.7014285714285714 0.3892857142857143 0.014285714285714285 0.027142857142857142
7 0.7257142857142858 0.39571428571428574 0.015238095238095238 0.022857142857142857
7 0.7328571428571429 0.385 0.014285714285714285 0.022857142857142857
7 0.6757142857142857 0.36214285714285716 0.01238095238095238 0.022857142857142857
7 0.6595238095238095 0.35214285714285715 0.01238095238095238 0.024285714285714285
7 0.6395238095238095 0.3457142857142857 0.01238095238095238 0.02142857142857143
7 0.618095238095238 0.3557142857142857 0.015238095238095238 0.02142857142857143
7 0.6023809523809524 0.3417857142857143 0.01238095238095238 0.025
7 0.6219047619047618 0.31214285714285717 0.011428571428571429 0.022857142857142857
7 0.5719047619047619 0.28214285714285714 0.010476190476190476 0.02
7 0.5533333333333333 0.2785714285714286 0.015238095238095238 0.02142857142857143
7 0.5333333333333333 0.2592857142857143 0.009523809523809523 0.018571428571428572
7 0.5414285714285715 0.2621428571428571 0.010476190476190476 0.02
4 0.6247619047619047 0.23535714285714285 0.10285714285714286 0.039285714285714285
7 0.6976190476190476 0.20607142857142857 0.008571428571428572 0.017857142857142856
7 0.6880952380952381 0.20464285714285715 0.008571428571428572 0.017857142857142856
7 0.6961904761904761 0.19714285714285715 0.007619047619047619 0.014285714285714285
7 0.6780952380952381 0.20035714285714284 0.007619047619047619 0.016428571428571428
7 0.6847619047619047 0.1957142857142857 0.007619047619047619 0.014285714285714285
7 0.7019047619047619 0.15178571428571427 0.007619047619047619 0.015
7 0.6938095238095238 0.15214285714285714 0.006666666666666666 0.014285714285714285
7 0.6604761904761904 0.11857142857142858 0.008571428571428572 0.012857142857142857
7 0.6528571428571428 0.11785714285714285 0.006666666666666666 0.011428571428571429
7 0.650952380952381 0.115 0.006666666666666666 0.011428571428571429
7 0.6457142857142857 0.1125 0.007619047619047619 0.012142857142857143
7 0.6404761904761904 0.11392857142857143 0.008571428571428572 0.010714285714285714
7 0.639047619047619 0.11142857142857143 0.007619047619047619 0.011428571428571429
7 0.6323809523809524 0.10964285714285714 0.007619047619047619 0.012142857142857143
7 0.6728571428571428 0.11071428571428571 0.006666666666666666 0.011428571428571429
7 0.6704761904761904 0.10571428571428572 0.007619047619047619 0.01
7 0.6880952380952381 0.13464285714285715 0.006666666666666666 0.010714285714285714
7 0.6842857142857143 0.13392857142857142 0.006666666666666666 0.010714285714285714
7 0.7161904761904762 0.12678571428571428 0.007619047619047619 0.010714285714285714
7 0.7228571428571429 0.12642857142857142 0.007619047619047619 0.011428571428571429
7 0.579047619047619 0.1392857142857143 0.007619047619047619 0.011428571428571429
7 0.5819047619047619 0.13857142857142857 0.007619047619047619 0.011428571428571429
7 0.5895238095238095 0.125 0.007619047619047619 0.012857142857142857
7 0.6009523809523809 0.1225 0.009523809523809523 0.013571428571428571
7 0.599047619047619 0.10571428571428572 0.007619047619047619 0.012857142857142857
7 0.5323809523809523 0.10892857142857143 0.007619047619047619 0.012142857142857143
7 0.49714285714285716 0.09607142857142857 0.007619047619047619 0.012142857142857143
7 0.5138095238095237 0.09785714285714285 0.0047619047619047615 0.01
7 0.5114285714285715 0.09714285714285714 0.005714285714285714 0.01
7 0.5380952380952381 0.07464285714285715 0.007619047619047619 0.010714285714285714
8 0.5895238095238095 0.08464285714285714 0.005714285714285714 0.009285714285714286
1 0.59 0.08857142857142856 0.01238095238095238 0.005714285714285714
7 0.6209523809523809 0.08571428571428572 0.005714285714285714 0.011428571428571429
7 0.6033333333333333 0.08285714285714285 0.0047619047619047615 0.011428571428571429
7 0.5995238095238095 0.085 0.006666666666666666 0.01
3 0.6542857142857142 0.05785714285714286 0.019047619047619046 0.008571428571428572
10 0.6333333333333333 0.054285714285714284 0.02476190476190476 0.014285714285714285
7 0.3585714285714286 0.24214285714285713 0.01238095238095238 0.018571428571428572
7 0.30952380952380953 0.24071428571428571 0.011428571428571429 0.015714285714285715
7 0.25 0.245 0.014285714285714285 0.015714285714285715
7 0.25190476190476185 0.2417857142857143 0.014285714285714285 0.015
7 0.30476190476190473 0.18928571428571428 0.009523809523809523 0.014285714285714285
7 0.36 0.16785714285714284 0.007619047619047619 0.015714285714285715
7 0.36714285714285716 0.1675 0.008571428571428572 0.015
7 0.3752380952380952 0.1707142857142857 0.007619047619047619 0.014285714285714285
7 0.3809523809523809 0.17035714285714285 0.009523809523809523 0.015
3 0.33285714285714285 0.16642857142857143 0.037142857142857144 0.015714285714285715
4 0.3628571428571429 0.12571428571428572 0.05333333333333333 0.032857142857142856
7 0.19142857142857142 0.10571428571428572 0.007619047619047619 0.011428571428571429
4 0.14285714285714285 0.11392857142857143 0.043809523809523805 0.02214285714285714
7 0.23285714285714285 0.05357142857142857 0.006666666666666666 0.008571428571428572
7 0.23619047619047617 0.05285714285714286 0.005714285714285714 0.008571428571428572
7 0.24142857142857144 0.045714285714285714 0.006666666666666666 0.01
7 0.24428571428571427 0.044642857142857144 0.006666666666666666 0.009285714285714286
7 0.20666666666666667 0.04107142857142857 0.005714285714285714 0.007857142857142858
7 0.2652380952380952 0.031071428571428573 0.006666666666666666 0.007857142857142858
7 0.27190476190476187 0.030714285714285715 0.006666666666666666 0.008571428571428572
7 0.15857142857142856 0.014285714285714285 0.006666666666666666 0.007142857142857143
8 0.47047619047619044 0.24821428571428572 0.009523809523809523 0.012142857142857143
8 0.4714285714285714 0.24964285714285714 0.009523809523809523 0.010714285714285714
5 0.46952380952380945 0.2517857142857143 0.013333333333333332 0.016428571428571428
7 0.8785714285714286 0.2417857142857143 0.014285714285714285 0.016428571428571428
4 0.9495238095238094 0.25 0.06095238095238095 0.03857142857142857
4 0.26 0.014642857142857143 0.030476190476190476 0.015
3 0.47238095238095235 0.048214285714285716 0.019047619047619046 0.0064285714285714285