11 0.3295238095238095 0.37142857142857144 0.08 0.07285714285714286
11 0.5433333333333333 0.30107142857142855 0.09047619047619047 0.056428571428571425
11 0.7633333333333332 0.1632142857142857 0.06571428571428571 0.047857142857142855
3 0.7871428571428571 0.25535714285714284 0.06571428571428571 0.05785714285714286
3 0.6461904761904762 0.16964285714285715 0.07714285714285714 0.055
3 0.9785714285714285 0.018571428571428572 0.04285714285714286 0.037142857142857144
11 0.5396428571428571 0.03666666666666667 0.17214285714285715 0.07333333333333333
7 0.9509523809523809 0.315 0.014285714285714285 0.02142857142857143
7 0.3757142857142857 0.6553571428571429 0.018095238095238095 0.016428571428571428
7 0.46809523809523806 0.5925 0.021904761904761903 0.016428571428571428
7 0.56 0.655 0.019047619047619046 0.014285714285714285
7 0.5657142857142857 0.5964285714285714 0.026666666666666665 0.02
7 0.6857142857142857 0.42928571428571427 0.019047619047619046 0.015714285714285715
7 0.6995238095238094 0.45535714285714285 0.01619047619047619 0.020714285714285713
7 0.42714285714285716 0.7364285714285714 0.023809523809523805 0.015714285714285715
7 0.33666666666666667 0.07 0.02 0.018571428571428572
7 0.4466666666666666 0.10464285714285715 0.015238095238095238 0.019285714285714285
7 0.7952380952380952 0.4135714285714286 0.013333333333333332 0.017142857142857144
7 0.7885714285714286 0.61 0.02095238095238095 0.017142857142857144
7 0.9542857142857143 0.5714285714285714 0.015238095238095238 0.018571428571428572
7 0.8109523809523809 0.31857142857142856 0.01238095238095238 0.018571428571428572
7 0.976190476190476 0.37 0.02476190476190476 0.014285714285714285
7 0.9871428571428571 0.6321428571428571 0.021904761904761903 0.02142857142857143
7 0.9738095238095238 0.6239285714285714 0.01238095238095238 0.015
7 0.9290476190476189 0.6682142857142858 0.021904761904761903 0.025
8 0.05 0.008095238095238095 0.016428571428571428 0.01619047619047619
8 0.008928571428571428 0.24714285714285714 0.017857142857142856 0.01619047619047619
8 0.7695238095238095 0.3682142857142857 0.017142857142857144 0.016428571428571428
8 0.6909523809523809 0.39714285714285713 0.021904761904761903 0.018571428571428572
8 0.9238095238095237 0.615 0.02095238095238095 0.02
8 0.9338095238095238 0.61 0.02 0.018571428571428572
8 0.47333333333333333 0.5028571428571429 0.019047619047619046 0.018571428571428572
8 0.41666666666666663 0.4357142857142857 0.01619047619047619 0.012857142857142857
1 0.052380952380952375 0.011428571428571429 0.022857142857142857 0.018571428571428572
5 0.018571428571428572 0.25142857142857145 0.03142857142857143 0.018571428571428572
5 0.419047619047619 0.4382142857142857 0.03809523809523809 0.027857142857142858
5 0.4752380952380952 0.5010714285714286 0.03238095238095238 0.02642857142857143
5 0.6947619047619047 0.40035714285714286 0.02952380952380952 0.023571428571428573
1 0.769047619047619 0.37107142857142855 0.023809523809523805 0.025
7 0.7823809523809523 0.4342857142857143 0.014285714285714285 0.017142857142857144
7 0.7909523809523809 0.4407142857142857 0.008571428571428572 0.012857142857142857
7 0.4638095238095238 0.6742857142857143 0.02095238095238095 0.01
7 0.4538095238095238 0.6667857142857143 0.014285714285714285 0.009285714285714286
7 0.8333333333333333 0.5967857142857143 0.019047619047619046 0.017857142857142856
7 0.8623809523809524 0.3132142857142857 0.01238095238095238 0.020714285714285713
1 0.976190476190476 0.37535714285714283 0.03428571428571429 0.020714285714285713