3 0.03625954198473282 0.3791130185979971 0.05725190839694656 0.047210300429184546
3 0.5019083969465649 0.5522174535050072 0.13358778625954199 0.08297567954220315
3 0.8034351145038168 0.4796137339055794 0.06297709923664123 0.060801144492131615
3 0.9608778625954199 0.37553648068669526 0.07442748091603053 0.04005722460658083
3 0.8697519083969466 0.34835479256080115 0.09255725190839695 0.04005722460658083
7 0.6598282442748092 0.5733190271816881 0.02385496183206107 0.033619456366237484
7 0.6440839694656489 0.42668097281831185 0.015267175572519085 0.032188841201716736
7 0.5438931297709924 0.4084406294706724 0.011450381679389313 0.027181688125894134
3 0.15791984732824427 0.3054363376251788 0.058206106870229014 0.0357653791130186
3 0.02145922746781116 0.3487595419847328 0.04291845493562232 0.04198473282442748
11 0.43416030534351147 0.5804721030042919 0.13740458015267176 0.09084406294706723
5 0.4852099236641222 0.402002861230329 0.042938931297709926 0.025751072961373394
7 0.2895992366412214 0.6602288984263233 0.029580152671755726 0.04148783977110158
7 0.3325381679389313 0.6123032904148784 0.02385496183206107 0.0357653791130186
7 0.31536259541984735 0.6158798283261803 0.031488549618320615 0.04291845493562232
7 0.14694656488549618 0.2814735336194564 0.01717557251908397 0.023605150214592273
11 0.674618320610687 0.5214592274678111 0.10114503816793892 0.08869814020028613
1 0.7337786259541984 0.3898426323319027 0.0267175572519084 0.02145922746781116
3 0.8888358778625954 0.33476394849785407 0.08301526717557252 0.034334763948497854
3 0.9060114503816794 0.3186695278969957 0.07729007633587787 0.035050071530758224
3 0.977110157367668 0.2762404580152672 0.045779685264663805 0.03816793893129771
11 0.9637404580152672 0.2914878397711016 0.05916030534351145 0.03791130185979972
5 0.1073473282442748 0.28683834048640916 0.029580152671755726 0.017167381974248927
5 0.0916030534351145 0.2778969957081545 0.03244274809160306 0.016452074391988557
8 0.4141221374045802 0.3665951359084406 0.009541984732824428 0.013590844062947067
5 0.9231870229007634 0.27861230329041486 0.01431297709923664 0.016452074391988557
11 0.984620886981402 0.2676526717557252 0.030758226037195996 0.033396946564885496
3 0.998211731044349 0.26001908396946566 0.00357653791130186 0.02480916030534351
11 0.7676526717557252 0.688483547925608 0.15553435114503816 0.11945636623748213