7 0.3336666666666666 0.66525 0.04333333333333333 0.0525
7 0.4533333333333333 0.67425 0.034666666666666665 0.0535
7 0.505 0.6875 0.03533333333333333 0.06
7 0.415 0.64025 0.028666666666666663 0.0375
1 0.2716666666666666 0.567 0.07933333333333333 0.036
3 0.36666666666666664 0.68725 0.15466666666666665 0.1245
3 0.426 0.5575 0.10933333333333332 0.128
3 0.4636666666666666 0.459 0.07666666666666666 0.088
11 0.8706666666666666 0.6655 0.13066666666666665 0.168
2 0.982 0.2956666666666667 0.036 0.13133333333333333
3 0.98175 0.161 0.0365 0.024
3 0.7956666666666666 0.182 0.074 0.025
3 0.8003333333333332 0.1735 0.074 0.023
11 0.7873333333333332 0.159 0.07333333333333333 0.03
3 0.879 0.15025 0.03533333333333333 0.0195
3 0.9273333333333332 0.147 0.03733333333333333 0.02
3 0.9663333333333333 0.15025 0.03533333333333333 0.0195
3 0.9406666666666667 0.13575 0.033333333333333326 0.0185
3 0.9246666666666666 0.126 0.042666666666666665 0.017
11 0.9043333333333332 0.12075 0.046 0.0175
3 0.9046666666666666 0.1125 0.041333333333333326 0.013
3 0.903 0.1045 0.03666666666666667 0.019
11 0.887 0.09725 0.024666666666666663 0.0165
3 0.7793333333333332 0.10325 0.022666666666666665 0.0135
11 0.8126666666666666 0.099 0.024 0.018
3 0.8543333333333333 0.098 0.020666666666666663 0.015
3 0.871 0.0915 0.024666666666666663 0.013
3 0.8603333333333333 0.0865 0.02733333333333333 0.012
3 0.8506666666666667 0.083 0.029333333333333333 0.012
3 0.8883333333333333 0.079 0.03933333333333333 0.013
3 0.89 0.07575 0.041333333333333326 0.0135
3 0.841 0.07225 0.01933333333333333 0.0125
3 0.826 0.06525 0.025333333333333333 0.0105
3 0.784 0.05875 0.016 0.0095
4 0.67625 0.011666666666666667 0.1715 0.023333333333333334
11 0.495 0.0305 0.014 0.011
3 0.821 0.061 0.016666666666666663 0.01
11 0.818 0.0565 0.017333333333333333 0.011
3 0.807 0.055 0.02333333333333333 0.009
3 0.8036666666666666 0.05325 0.02333333333333333 0.0085
3 0.7973333333333332 0.0465 0.014666666666666666 0.009
3 0.7946666666666666 0.0445 0.012 0.008
3 0.7856666666666666 0.04175 0.016666666666666663 0.0085
3 0.7766666666666666 0.035 0.013333333333333332 0.007
3 0.769 0.0305 0.012666666666666666 0.006
3 0.7726666666666666 0.03225 0.010666666666666666 0.0065
3 0.732 0.0525 0.014666666666666666 0.01
3 0.728 0.04425 0.012 0.0075
3 0.735 0.036 0.011333333333333332 0.009
5 0.9816666666666666 0.1115 0.020666666666666663 0.01
1 0.9616666666666667 0.104 0.020666666666666663 0.01
5 0.931 0.08975 0.016666666666666663 0.0085
5 0.9266666666666666 0.0865 0.014666666666666666 0.008
11 0.9083333333333332 0.07 0.034 0.014
11 0.8983333333333332 0.068 0.03133333333333333 0.012
11 0.894 0.06525 0.036 0.0125
11 0.8853333333333333 0.06375 0.030666666666666665 0.0135
10 0.8843333333333333 0.06125 0.034 0.0115
10 0.872 0.0585 0.032 0.012
3 0.8616666666666666 0.0545 0.028666666666666663 0.009
3 0.86 0.05275 0.029333333333333333 0.0085
3 0.8633333333333333 0.05575 0.025333333333333333 0.0085
11 0.858 0.0505 0.032 0.012
3 0.8496666666666667 0.0495 0.026 0.009
11 0.8463333333333333 0.04625 0.02333333333333333 0.0105
11 0.847 0.0445 0.03266666666666666 0.012
11 0.8356666666666667 0.04275 0.024666666666666663 0.0095
3 0.8763333333333333 0.04125 0.020666666666666663 0.0085
11 0.9286666666666666 0.0535 0.033333333333333326 0.014
10 0.9183333333333332 0.04875 0.028666666666666663 0.0105
11 0.9186666666666666 0.0465 0.024 0.009
11 0.8803333333333333 0.031 0.02333333333333333 0.009
10 0.8593333333333333 0.022 0.013333333333333332 0.01
3 0.8286666666666667 0.01725 0.017333333333333333 0.0055
3 0.871 0.01575 0.01933333333333333 0.0055
3 0.8266666666666667 0.0155 0.018666666666666665 0.007
3 0.8336666666666667 0.009 0.015333333333333332 0.005
8 0.534 0.1885 0.012 0.013
1 0.5463333333333332 0.191 0.008666666666666666 0.017
1 0.5476666666666666 0.18675 0.008666666666666666 0.0145
3 0.5743333333333333 0.15925 0.04066666666666666 0.0275
7 0.588 0.15475 0.008 0.0155
3 0.5863333333333333 0.141 0.03133333333333333 0.02
3 0.5856666666666667 0.1155 0.02333333333333333 0.022
3 0.5956666666666667 0.08775 0.01933333333333333 0.0165
3 0.6623333333333332 0.0625 0.015333333333333332 0.012
7 0.573 0.069 0.006 0.011
7 0.5806666666666667 0.06875 0.008 0.0105
7 0.5776666666666667 0.06675 0.006 0.0105
11 0.5973333333333333 0.08025 0.017333333333333333 0.0155
3 0.6026666666666667 0.06775 0.014666666666666666 0.0105
3 0.6076666666666666 0.05975 0.014 0.0095
3 0.6093333333333333 0.053 0.013333333333333332 0.009
3 0.611 0.04875 0.014 0.0095
3 0.6136666666666666 0.0415 0.012666666666666666 0.009
3 0.6176666666666666 0.02975 0.011333333333333332 0.0075
10 0.6156666666666666 0.0355 0.012666666666666666 0.01
10 0.6193333333333333 0.0255 0.012 0.008
8 0.6323333333333333 0.04775 0.004666666666666666 0.0055
9 0.6323333333333333 0.05075 0.006 0.0065
8 0.7523333333333333 0.03575 0.004666666666666666 0.0055
8 0.765 0.043 0.004666666666666666 0.005
7 0.755 0.02925 0.004666666666666666 0.0075
7 0.758 0.02925 0.0026666666666666666 0.0065
7 0.774 0.042 0.004 0.008
7 0.77 0.02425 0.0026666666666666666 0.0055
7 0.7913333333333332 0.033 0.0026666666666666666 0.007
7 0.798 0.0375 0.0026666666666666666 0.008
7 0.7683333333333333 0.03525 0.003333333333333333 0.0075
5 0.7516666666666666 0.038 0.003333333333333333 0.005
5 0.764 0.0455 0.004 0.005
7 0.782 0.04225 0.0026666666666666666 0.0085
7 0.8166666666666667 0.045 0.005333333333333333 0.008
8 0.894 0.05475 0.004 0.0065
8 0.8986666666666666 0.05 0.004 0.004