1 0.7746666666666666 0.30625 0.009333333333333332 0.0215
1 0.789 0.3075 0.012666666666666666 0.023
6 0.6503333333333332 0.35225 0.015333333333333332 0.0215
6 0.6956666666666667 0.349 0.020666666666666663 0.014
1 0.871 0.36775 0.03933333333333333 0.0205
6 0.6696666666666666 0.4325 0.02333333333333333 0.02
7 0.6256666666666666 0.37375 0.014 0.0225
1 0.6136666666666666 0.373 0.01933333333333333 0.013
8 0.6133333333333333 0.369 0.010666666666666666 0.013
7 0.538 0.36975 0.013333333333333332 0.0195
7 0.5303333333333332 0.375 0.008666666666666666 0.012
7 0.5916666666666667 0.4165 0.014 0.023
7 0.551 0.39775 0.015333333333333332 0.0235
7 0.5693333333333332 0.43625 0.014666666666666666 0.0285
6 0.5556666666666666 0.41525 0.018 0.0105
3 0.6793333333333332 0.48325 0.016 0.0165
7 0.6183333333333333 0.42125 0.01933333333333333 0.0135
6 0.6396666666666666 0.46825 0.01 0.0155
7 0.6523333333333332 0.46125 0.01 0.0235
6 0.6833333333333332 0.46075 0.017333333333333333 0.0145
7 0.6683333333333332 0.4535 0.012666666666666666 0.021
7 0.6646666666666666 0.46925 0.012 0.0205
7 0.5853333333333333 0.4355 0.006666666666666666 0.012
7 0.593 0.45175 0.008666666666666666 0.0135
7 0.599 0.44425 0.014 0.0185
6 0.6146666666666666 0.44925 0.02 0.0175
7 0.6256666666666666 0.43225 0.02333333333333333 0.0165
1 0.98125 0.39366666666666666 0.0375 0.019333333333333334
8 0.5063333333333333 0.38025 0.007333333333333333 0.0075
6 0.5066666666666666 0.38375 0.014666666666666666 0.0125
7 0.5206666666666666 0.37975 0.013333333333333332 0.0175
7 0.5243333333333332 0.396 0.015333333333333332 0.025
6 0.489 0.4125 0.016666666666666663 0.022
7 0.5116666666666666 0.40925 0.012666666666666666 0.0145
7 0.5226666666666666 0.41425 0.010666666666666666 0.0095
7 0.25266666666666665 0.0745 0.014666666666666666 0.022