3 0.8776190476190475 0.5060714285714286 0.1419047619047619 0.09928571428571428
3 0.7542857142857143 0.4014285714285714 0.11047619047619046 0.07142857142857142
3 0.6166666666666666 0.3896428571428571 0.1038095238095238 0.06785714285714285
3 0.5480952380952381 0.4825 0.15904761904761905 0.07928571428571428
3 0.5838095238095238 0.6103571428571428 0.2038095238095238 0.10214285714285715
3 0.6366666666666666 0.6875 0.20857142857142857 0.11928571428571429
3 0.9628571428571429 0.4623809523809524 0.07428571428571429 0.06857142857142857
3 0.9219047619047618 0.42214285714285715 0.13904761904761903 0.06571428571428571
3 0.9452380952380952 0.29 0.10761904761904761 0.05285714285714286
3 0.8857142857142857 0.38142857142857145 0.13333333333333333 0.05714285714285714
3 0.8304761904761904 0.3557142857142857 0.10285714285714286 0.047142857142857146
3 0.7857142857142857 0.3296428571428571 0.11619047619047618 0.04928571428571429
3 0.7442857142857143 0.30392857142857144 0.1038095238095238 0.04071428571428572
3 0.7009523809523809 0.28035714285714286 0.11428571428571428 0.04071428571428572
3 0.6680952380952381 0.2596428571428571 0.07714285714285714 0.03357142857142857
3 0.6295238095238095 0.24678571428571427 0.10285714285714286 0.04357142857142857
3 0.6171428571428571 0.2317857142857143 0.09142857142857143 0.04214285714285714
3 0.5976190476190476 0.215 0.08857142857142856 0.03571428571428571
3 0.5776190476190476 0.2007142857142857 0.08857142857142856 0.032857142857142856
11 0.5238095238095237 0.1707142857142857 0.07428571428571429 0.032857142857142856
11 0.5461904761904761 0.09607142857142857 0.050476190476190466 0.029285714285714286
3 0.5042857142857143 0.0825 0.037142857142857144 0.020714285714285713
3 0.5133333333333333 0.060714285714285714 0.03619047619047619 0.02142857142857143
3 0.7638095238095237 0.20214285714285715 0.06285714285714286 0.04428571428571428
3 0.9180952380952381 0.13035714285714287 0.07047619047619047 0.029285714285714286
3 0.7052380952380952 0.06571428571428571 0.04666666666666666 0.022857142857142857
3 0.6533333333333333 0.040357142857142855 0.03809523809523809 0.017857142857142856
3 0.5861904761904762 0.03 0.035238095238095235 0.015714285714285715
3 0.7052380952380952 0.023214285714285715 0.03142857142857143 0.017857142857142856
3 0.8161904761904761 0.1682142857142857 0.07809523809523809 0.04214285714285714
7 0.759047619047619 0.1757142857142857 0.013333333333333332 0.03142857142857143
7 0.6033333333333333 0.12928571428571428 0.014285714285714285 0.025714285714285714
3 0.5128571428571429 0.01 0.027619047619047616 0.012857142857142857
3 0.5357142857142857 0.009285714285714286 0.02952380952380952 0.012857142857142857
7 0.6647619047619048 0.02 0.007619047619047619 0.012857142857142857
7 0.8271428571428572 0.056428571428571425 0.008571428571428572 0.015714285714285715
7 0.8652380952380951 0.06464285714285714 0.008571428571428572 0.019285714285714285
7 0.8128571428571428 0.05392857142857143 0.006666666666666666 0.017857142857142856
7 0.7938095238095237 0.0475 0.006666666666666666 0.015
7 0.7980952380952381 0.05142857142857143 0.005714285714285714 0.017142857142857144
7 0.7833333333333332 0.04928571428571429 0.008571428571428572 0.015714285714285715
7 0.7804761904761903 0.04607142857142857 0.006666666666666666 0.015
7 0.8042857142857143 0.045 0.006666666666666666 0.015714285714285715
3 0.7742857142857142 0.0375 0.030476190476190476 0.019285714285714285
7 0.718095238095238 0.03464285714285714 0.007619047619047619 0.015
8 0.6385714285714286 0.021785714285714287 0.008571428571428572 0.010714285714285714
5 0.638095238095238 0.026071428571428572 0.013333333333333332 0.010714285714285714
3 0.838095238095238 0.02214285714285714 0.04952380952380952 0.02
3 0.7995238095238094 0.0175 0.04095238095238095 0.016428571428571428
3 0.7823809523809523 0.014285714285714285 0.04285714285714286 0.015714285714285715
3 0.8161904761904761 0.019642857142857142 0.043809523809523805 0.017857142857142856
3 0.6689285714285714 0.005714285714285714 0.025714285714285714 0.011428571428571429
3 0.5467857142857143 0.0033333333333333335 0.025 0.006666666666666667
3 0.6960714285714286 0.0038095238095238095 0.017142857142857144 0.007619047619047619
9 0.6942857142857143 0.18321428571428572 0.030476190476190476 0.02214285714285714
3 0.41333333333333333 0.7042857142857143 0.14095238095238094 0.09
11 0.2704761904761904 0.7046428571428571 0.1276190476190476 0.08928571428571429
10 0.8914285714285715 0.09107142857142857 0.11047619047619046 0.04928571428571429