7 0.14378478664192948 0.07124217118997914 0.0055658627087198514 0.005741127348643007
7 0.12987012987012986 0.09707724425887267 0.0055658627087198514 0.007306889352818372
7 0.13218923933209648 0.09733820459290188 0.006493506493506493 0.006784968684759917
7 0.1948051948051948 0.1116910229645094 0.007421150278293135 0.008350730688935283
7 0.20083487940630795 0.1124739039665971 0.01020408163265306 0.008872651356993737
7 0.3520408163265306 0.1597077244258873 0.006493506493506493 0.013569937369519834
8 0.3617810760667904 0.16205636743215032 0.011131725417439703 0.005741127348643007
7 0.12384044526901669 0.20929018789144052 0.012059369202226345 0.015657620041753657
8 0.11410018552875695 0.21633611691022966 0.018552875695732836 0.007828810020876828
5 0.724025974025974 0.5198329853862214 0.07142857142857142 0.03340292275574113
5 0.7402597402597403 0.5031315240083508 0.05936920222634508 0.02922755741127349
5 0.7472170686456401 0.482776617954071 0.0640074211502783 0.028183716075156576
9 0.8622448979591837 0.5031315240083508 0.1326530612244898 0.04175365344467641
7 0.8218923933209646 0.42771398747390404 0.02968460111317254 0.037056367432150315
11 0.7717996289424861 0.4266701461377871 0.08163265306122448 0.08716075156576202
8 0.8826530612244897 0.38439457202505223 0.028756957328385898 0.024530271398747392
3 0.8566790352504637 0.31471816283924847 0.12894248608534323 0.03131524008350731
3 0.8803339517625232 0.29201461377870563 0.12244897959183672 0.030793319415448855
3 0.8668831168831168 0.2787056367432151 0.12337662337662336 0.02609603340292276
3 0.8627087198515769 0.26356993736951984 0.10389610389610389 0.02609603340292276
3 0.8650278293135435 0.25104384133611696 0.10853432282003711 0.02192066805845512
3 0.8794063079777364 0.2411273486430063 0.08163265306122448 0.02192066805845512
7 0.8334879406307977 0.2364300626304802 0.015769944341372914 0.02192066805845512
7 0.8232838589981447 0.23303757828810023 0.013914656771799629 0.021398747390396662
7 0.8506493506493505 0.22781837160751567 0.011131725417439703 0.020354906054279753
7 0.8464749536178108 0.22651356993736954 0.015769944341372914 0.02192066805845512
7 0.8297773654916513 0.22573068893528186 0.015769944341372914 0.020354906054279753
0 0.87152133580705 0.2205114822546973 0.05658627087198515 0.020354906054279753
0 0.8724489795918366 0.21790187891440504 0.04545454545454545 0.020354906054279753
3 0.8942486085343228 0.21268267223382048 0.07792207792207792 0.020354906054279753
3 0.8951762523191094 0.2035490605427975 0.0909090909090909 0.018789144050104387
9 0.881725417439703 0.19467640918580376 0.04359925788497217 0.017745302713987474
9 0.9225417439703154 0.18188935281837162 0.038033395176252316 0.014091858037578288
8 0.9870129870129869 0.2249478079331942 0.016697588126159554 0.014613778705636744
9 0.9870129870129869 0.2233820459290188 0.02411873840445269 0.02922755741127349
7 0.9262523191094619 0.17275574112734865 0.012059369202226345 0.015657620041753657
7 0.9183673469387754 0.1704070981210856 0.009276437847866418 0.016179540709812108
7 0.8780148423005566 0.18606471816283926 0.008348794063079777 0.012004175365344469
1 0.8826530612244897 0.18606471816283926 0.02133580705009276 0.007828810020876828
5 0.8705936920222634 0.18997912317327767 0.008348794063079777 0.015657620041753657
5 0.8803339517625232 0.19102296450939457 0.02411873840445269 0.008350730688935283
5 0.887291280148423 0.16962421711899794 0.026901669758812616 0.009394572025052193
9 0.8998144712430427 0.16310020876826725 0.04081632653061224 0.012004175365344469
9 0.8947124304267161 0.15840292275574114 0.03617810760667903 0.01096033402922756
9 0.9564007421150278 0.1560542797494781 0.03339517625231911 0.010438413361169102
8 0.8534322820037106 0.15762004175365346 0.012987012987012986 0.009394572025052193
7 0.8529684601113172 0.1552713987473904 0.008348794063079777 0.009916492693110648
8 0.8269944341372912 0.14718162839248436 0.008348794063079777 0.009394572025052193
8 0.8251391465677179 0.14587682672233823 0.01020408163265306 0.008872651356993737
7 0.8761595547309833 0.15135699373695202 0.006493506493506493 0.009394572025052193
7 0.8826530612244897 0.15187891440501045 0.01020408163265306 0.011482254697286014
7 0.8807977736549164 0.14979123173277664 0.006493506493506493 0.010438413361169102
7 0.8854359925788496 0.15187891440501045 0.01020408163265306 0.012526096033402925
7 0.8928571428571428 0.15553235908141963 0.008348794063079777 0.010438413361169102
7 0.8933209647495362 0.15370563674321505 0.009276437847866418 0.009916492693110648
7 0.900278293135436 0.1534446764091858 0.01020408163265306 0.011482254697286014
3 0.9898225469728601 0.14471243042671614 0.02035490605427975 0.014842300556586271
3 0.9926931106471816 0.13589981447124305 0.014613778705636743 0.015769944341372914
3 0.9903444676409185 0.1266233766233766 0.019311064718162838 0.014842300556586271
3 0.9911273486430062 0.11131725417439703 0.017745302713987474 0.011131725417439703
3 0.9921711899791231 0.09369202226345083 0.015657620041753653 0.01020408163265306
3 0.9856215213358069 0.08220250521920669 0.017625231910946195 0.01096033402922756
3 1 0.06493506493506493 0 0.006493506493506494
7 0.536178107606679 0.1484864300626305 0.011131725417439703 0.01096033402922756
7 0.722634508348794 0.13465553235908143 0.0055658627087198514 0.008350730688935283
7 0.7175324675324676 0.13413361169102297 0.008348794063079777 0.010438413361169102