3 0.7771428571428571 0.5492857142857143 0.08761904761904761 0.12142857142857143
3 0.10095238095238093 0.39071428571428574 0.1276190476190476 0.09571428571428571
3 0.27666666666666667 0.465 0.14 0.11428571428571428
3 0.36476190476190473 0.37392857142857144 0.10285714285714286 0.09071428571428572
1 0.15333333333333332 0.5010714285714286 0.06285714285714286 0.027857142857142858
1 0.16333333333333333 0.49607142857142855 0.0638095238095238 0.025
11 0.9825 0.46190476190476193 0.035 0.08476190476190476
10 0.9767857142857143 0.6123809523809524 0.04642857142857143 0.1619047619047619
3 0.9882142857142857 0.37952380952380954 0.023571428571428573 0.08
3 0.9280952380952381 0.4039285714285714 0.07523809523809523 0.08928571428571429
11 0.8404761904761904 0.11285714285714285 0.04476190476190476 0.041428571428571426
11 0.9903571428571428 0.1376190476190476 0.019285714285714285 0.05333333333333334
3 0.9925 0.18523809523809523 0.015 0.047619047619047616
11 0.97 0.01892857142857143 0.035238095238095235 0.03357142857142857
3 1 0.009523809523809525 0 0.01904761904761905
7 0.9960714285714286 0.04666666666666667 0.007857142857142858 0.025714285714285714
8 0.5514285714285714 0.24464285714285713 0.02095238095238095 0.030714285714285715
7 0.6138095238095238 0.13464285714285715 0.010476190476190476 0.02642857142857143
7 0.6485714285714286 0.08035714285714286 0.015238095238095238 0.02214285714285714
7 0.6723809523809523 0.055357142857142855 0.013333333333333332 0.025
7 0.6614285714285715 0.06321428571428571 0.010476190476190476 0.02642857142857143
7 0.6452380952380952 0.05821428571428571 0.01238095238095238 0.025
7 0.5871428571428572 0.10892857142857143 0.01238095238095238 0.027857142857142858
5 0.4933333333333333 0.23607142857142857 0.03619047619047619 0.025
3 0.5185714285714286 0.2057142857142857 0.07142857142857142 0.06
11 0.559047619047619 0.16035714285714286 0.05904761904761904 0.056428571428571425
11 0.6904761904761905 0.025357142857142856 0.03809523809523809 0.039285714285714285
7 0.6571428571428571 0.044642857142857144 0.011428571428571429 0.025
2 0.7742857142857142 0.01904761904761905 0.06857142857142857 0.0380952380952381
3 0.7146428571428571 0.011904761904761904 0.03357142857142857 0.023809523809523808