0 0.5644712430426715 0.16153444676409187 0.05287569573283859 0.042275574112734866
3 0.5250463821892393 0.08924843423799583 0.07235621521335805 0.05636743215031315
0 0.4146567717996289 0.036534446764091864 0.055658627087198514 0.042797494780793324
10 0.44337160751565763 0.010667903525046383 0.06315240083507306 0.021335807050092765
3 0.3320964749536178 0.389874739039666 0.06679035250463822 0.046972860125260966
1 0.41280148423005564 0.37056367432150317 0.025974025974025972 0.020876826722338204
0 0.4526901669758812 0.380741127348643 0.04267161410018552 0.04018789144050105
3 0.550556586270872 0.39013569937369524 0.07884972170686455 0.06732776617954071
3 0.7537105751391465 0.4201461377870564 0.0640074211502783 0.0511482254697286
3 0.8747680890538032 0.44311064718162846 0.07050092764378478 0.06680584551148226
11 0.9618997912317327 0.4517625231910946 0.07620041753653445 0.07142857142857142
3 0.03288100208768267 0.34369202226345086 0.06576200417536535 0.0575139146567718
3 0.18320964749536178 0.3700417536534447 0.06586270871985157 0.05532359081419625