0 0.7309523809523809 0.65 0.03142857142857143 0.05714285714285714
8 0.7276190476190476 0.6553571428571429 0.019047619047619046 0.015
11 0.8195238095238094 0.4567857142857143 0.04476190476190476 0.08642857142857142
11 0.8023809523809523 0.30464285714285716 0.021904761904761903 0.03357142857142857
11 0.7823809523809523 0.18357142857142858 0.023809523809523805 0.032857142857142856
11 0.7757142857142857 0.12071428571428572 0.018095238095238095 0.041428571428571426
5 0.7657142857142857 0.15464285714285714 0.007619047619047619 0.013571428571428571
8 0.7657142857142857 0.15642857142857142 0.005714285714285714 0.004285714285714286
7 0.6119047619047618 0.18678571428571428 0.0047619047619047615 0.009285714285714286
11 0.7042857142857143 0.1717857142857143 0.014285714285714285 0.016428571428571428
7 0.8176190476190475 0.11857142857142858 0.002857142857142857 0.005714285714285714
7 0.758095238095238 0.09928571428571428 0.0038095238095238095 0.007142857142857143
3 0.7814285714285715 0.095 0.01238095238095238 0.007142857142857143
3 0.7995238095238094 0.08535714285714285 0.014285714285714285 0.0064285714285714285
7 0.8319047619047618 0.09285714285714286 0.002857142857142857 0.004285714285714286
11 0.6852380952380952 0.12714285714285714 0.025714285714285714 0.008571428571428572
3 0.6228571428571429 0.14392857142857143 0.019047619047619046 0.012142857142857143
1 0.6780952380952381 0.11821428571428572 0.009523809523809523 0.005
8 0.6771428571428572 0.11607142857142858 0.005714285714285714 0.0035714285714285713
5 0.7114285714285714 0.11428571428571428 0.015238095238095238 0.007142857142857143
8 0.7076190476190476 0.115 0.0038095238095238095 0.005714285714285714
4 0.73 0.10892857142857143 0.010476190476190476 0.0064285714285714285
7 0.6995238095238094 0.07607142857142857 0.002857142857142857 0.005
5 0.6961904761904761 0.07357142857142857 0.005714285714285714 0.004285714285714286
8 0.6947619047619047 0.07285714285714286 0.002857142857142857 0.004285714285714286
3 0.6733333333333333 0.07642857142857143 0.019047619047619046 0.007142857142857143
3 0.6095238095238095 0.085 0.019047619047619046 0.005714285714285714
3 0.6114285714285714 0.08071428571428571 0.019047619047619046 0.005714285714285714
3 0.6128571428571429 0.07785714285714286 0.018095238095238095 0.005714285714285714
3 0.6042857142857143 0.07571428571428572 0.014285714285714285 0.004285714285714286
3 0.6214285714285714 0.07285714285714286 0.01619047619047619 0.007142857142857143
3 0.5738095238095238 0.08107142857142857 0.01619047619047619 0.005
3 0.5719047619047619 0.08428571428571428 0.02 0.005714285714285714
3 0.57 0.09035714285714286 0.018095238095238095 0.009285714285714286
3 0.6052380952380951 0.09571428571428571 0.021904761904761903 0.005714285714285714
3 0.569047619047619 0.05392857142857143 0.0047619047619047615 0.0064285714285714285
3 0.6276190476190476 0.05964285714285714 0.005714285714285714 0.0064285714285714285
3 0.6214285714285714 0.053214285714285714 0.008571428571428572 0.0064285714285714285
3 0.6085714285714285 0.05357142857142857 0.005714285714285714 0.004285714285714286
3 0.6638095238095237 0.008571428571428572 0.005714285714285714 0.004285714285714286
3 0.6704761904761904 0.007857142857142858 0.005714285714285714 0.004285714285714286
11 0.6838095238095238 0.0125 0.007619047619047619 0.0035714285714285713
10 0.7042857142857143 0.025357142857142856 0.014285714285714285 0.013571428571428571
10 0.6861904761904761 0.027142857142857142 0.010476190476190476 0.008571428571428572
3 0.96 0.0975 0.011428571428571429 0.0064285714285714285
3 0.9147619047619047 0.06392857142857143 0.008571428571428572 0.0064285714285714285
3 0.9428571428571428 0.0825 0.011428571428571429 0.0064285714285714285
3 0.8652380952380951 0.03571428571428571 0.008571428571428572 0.004285714285714286
2 0.9871428571428571 0.09821428571428571 0.018095238095238095 0.02214285714285714
2 0.9066666666666666 0.0425 0.015238095238095238 0.010714285714285714
2 0.8776190476190475 0.03 0.014285714285714285 0.011428571428571429
11 0.8923809523809523 0.046785714285714285 0.022857142857142857 0.017857142857142856
11 0.9290476190476189 0.07142857142857142 0.01619047619047619 0.01
11 0.9371428571428572 0.06321428571428571 0.011428571428571429 0.0064285714285714285
3 0.9590476190476189 0.0775 0.013333333333333332 0.005
8 0.9966666666666666 0.12535714285714286 0.0047619047619047615 0.0064285714285714285
8 0.97 0.08714285714285715 0.002857142857142857 0.002857142857142857
8 0.9519047619047618 0.10964285714285714 0.0047619047619047615 0.0035714285714285713
5 0.9947619047619046 0.12678571428571428 0.010476190476190476 0.005
5 0.9989285714285714 0.12285714285714286 0.002142857142857143 0.004761904761904762
5 0.9695238095238095 0.08964285714285715 0.005714285714285714 0.0035714285714285713
5 0.9519047619047618 0.11142857142857143 0.006666666666666666 0.004285714285714286
11 0.87 0.04285714285714286 0.006666666666666666 0.004285714285714286
11 0.9738095238095238 0.07428571428571429 0.02 0.01
11 0.9939285714285714 0.08285714285714285 0.012142857142857143 0.011428571428571429
11 0.9953571428571428 0.04523809523809524 0.009285714285714286 0.006666666666666667
11 0.9982142857142857 0.05523809523809524 0.0035714285714285713 0.004761904761904762
3 0.9975 0.05095238095238095 0.005 0.007619047619047619
3 0.9971428571428571 0.06 0.005714285714285714 0.005714285714285714
3 0.9914285714285714 0.06035714285714286 0.005714285714285714 0.0064285714285714285
3 0.9833333333333332 0.05714285714285714 0.0047619047619047615 0.007142857142857143
3 0.9952380952380951 0.03785714285714286 0.009523809523809523 0.004285714285714286
3 0.9975 0.04 0.005 0.004761904761904762
11 0.8976190476190475 0.029285714285714286 0.023809523809523805 0.007142857142857143
11 0.9114285714285715 0.024642857142857143 0.013333333333333332 0.010714285714285714
11 0.9204761904761903 0.023571428571428573 0.010476190476190476 0.012857142857142857
3 0.899047619047619 0.019642857142857142 0.007619047619047619 0.0035714285714285713
3 0.8090476190476189 0.004642857142857143 0.006666666666666666 0.0035714285714285713