10 0.6319047619047619 0.11535714285714285 0.008571428571428572 0.012142857142857143
10 0.6014285714285714 0.0975 0.008571428571428572 0.012142857142857143
10 0.6628571428571428 0.1742857142857143 0.011428571428571429 0.014285714285714285
4 0.6480952380952381 0.1925 0.025714285714285714 0.012142857142857143
4 0.6157142857142858 0.0725 0.0047619047619047615 0.005
4 0.6809523809523809 0.07214285714285715 0.011428571428571429 0.008571428571428572
4 0.6680952380952381 0.056428571428571425 0.02 0.018571428571428572
4 0.7314285714285714 0.12107142857142857 0.005714285714285714 0.007857142857142858
3 0.6066666666666666 0.09821428571428571 0.0038095238095238095 0.0035714285714285713
3 0.6876190476190476 0.08071428571428571 0.0038095238095238095 0.002857142857142857
3 0.6366666666666666 0.13 0.0047619047619047615 0.004285714285714286
10 0.3457142857142857 0.6664285714285715 0.09142857142857143 0.1657142857142857
11 0.46714285714285714 0.3357142857142857 0.023809523809523805 0.02857142857142857
3 0.4719047619047619 0.24642857142857144 0.014285714285714285 0.015714285714285715
6 0.7361904761904761 0.33785714285714286 0.06285714285714286 0.037142857142857144
11 0.9414285714285714 0.6278571428571429 0.04666666666666666 0.05285714285714286
3 0.43380952380952376 0.6235714285714286 0.035238095238095235 0.06142857142857143
10 0.44285714285714284 0.44392857142857145 0.02476190476190476 0.03785714285714286
3 0.3871428571428571 0.24642857142857144 0.02952380952380952 0.01
3 0.4442857142857143 0.21892857142857142 0.025714285714285714 0.009285714285714286