11 0.022208121827411168 0.13464285714285712 0.03934010152284264 0.010714285714285714
3 0.06091370558375635 0.13785714285714284 0.03807106598984771 0.011428571428571429
11 0.10279187817258882 0.1425 0.03807106598984771 0.013571428571428571
11 0.2284263959390863 0.16357142857142856 0.04568527918781726 0.015714285714285715
11 0.2696700507614213 0.1607142857142857 0.04187817258883249 0.012857142857142857
11 0.31154822335025384 0.1657142857142857 0.044416243654822336 0.014285714285714285
11 0.3648477157360406 0.17142857142857143 0.044416243654822336 0.011428571428571429
3 0.366751269035533 0.1807142857142857 0.048223350253807105 0.011428571428571429
3 0.1954314720812183 0.15392857142857141 0.043147208121827416 0.012142857142857141
3 0.4619289340101523 0.1825 0.04060913705583756 0.012142857142857141
11 0.5145939086294417 0.1875 0.04187817258883249 0.013571428571428571
11 0.5666243654822335 0.19357142857142856 0.052030456852791875 0.015714285714285715
11 0.625 0.19999999999999998 0.04695431472081218 0.012857142857142857
3 0.6751269035532994 0.20678571428571427 0.04568527918781726 0.012142857142857141
3 0.7277918781725888 0.21285714285714283 0.052030456852791875 0.012857142857142857
3 0.9187817258883249 0.27035714285714285 0.027918781725888325 0.02214285714285714
3 0.9073604060913705 0.32035714285714284 0.027918781725888325 0.024999999999999998
3 0.8312182741116751 0.4139285714285714 0.03807106598984771 0.026428571428571426
3 0.9251269035532995 0.4064285714285714 0.03807106598984771 0.030000000000000002
3 0.7626903553299493 0.49321428571428566 0.048223350253807105 0.034999999999999996
11 0.9860714285714286 0.49555837563451777 0.027857142857142858 0.04187817258883249
7 0.45368020304568524 0.06678571428571428 0.00634517766497462 0.007857142857142858
7 0.467005076142132 0.06928571428571428 0.007614213197969543 0.005714285714285714
7 0.5158629441624366 0.06678571428571428 0.0038071065989847717 0.005
7 0.49365482233502533 0.08035714285714285 0.005076142131979695 0.0064285714285714285
7 0.48223350253807107 0.09178571428571429 0.005076142131979695 0.0064285714285714285
7 0.45241116751269034 0.08321428571428571 0.00634517766497462 0.007857142857142858
7 0.46954314720812185 0.08249999999999999 0.005076142131979695 0.0064285714285714285
7 0.4638324873096447 0.08357142857142856 0.0038071065989847717 0.005714285714285714
7 0.46573604060913704 0.09 0.005076142131979695 0.005714285714285714
7 0.475253807106599 0.09642857142857142 0.00634517766497462 0.008571428571428572
7 0.4270304568527919 0.08821428571428572 0.00634517766497462 0.0064285714285714285
7 0.440989847715736 0.11357142857142856 0.00634517766497462 0.005714285714285714
7 0.4498730964467005 0.12214285714285714 0.0038071065989847717 0.005714285714285714
7 0.42576142131979694 0.11392857142857143 0.00634517766497462 0.0064285714285714285
7 0.4359137055837563 0.11892857142857143 0.00634517766497462 0.005
7 0.4098984771573604 0.10607142857142857 0.005076142131979695 0.0064285714285714285
7 0.38071065989847713 0.11107142857142857 0.005076142131979695 0.0064285714285714285
7 0.407994923857868 0.11499999999999999 0.00634517766497462 0.007142857142857143
7 0.4181472081218274 0.11607142857142856 0.00634517766497462 0.0064285714285714285
7 0.4156091370558376 0.11428571428571428 0.00634517766497462 0.005714285714285714
7 0.3959390862944162 0.1107142857142857 0.007614213197969543 0.008571428571428572
7 0.5329949238578681 0.09285714285714285 0.007614213197969543 0.007142857142857143
7 0.5406091370558376 0.10214285714285713 0.007614213197969543 0.007142857142857143
7 0.5799492385786802 0.09714285714285713 0.005076142131979695 0.007142857142857143
7 0.5628172588832487 0.11035714285714286 0.00634517766497462 0.0064285714285714285
7 0.5697969543147209 0.10964285714285714 0.005076142131979695 0.007857142857142858
7 0.600253807106599 0.1107142857142857 0.005076142131979695 0.007142857142857143
7 0.7893401015228426 0.07392857142857143 0.005076142131979695 0.007857142857142858
7 0.7277918781725888 0.09178571428571429 0.0038071065989847717 0.005
7 0.7328680203045684 0.0925 0.0038071065989847717 0.005
7 0.7379441624365483 0.09321428571428571 0.0038071065989847717 0.005
7 0.743020304568528 0.09428571428571429 0.0038071065989847717 0.005714285714285714
7 0.7728426395939085 0.09285714285714285 0.005076142131979695 0.007142857142857143
7 0.7880710659898478 0.09321428571428571 0.005076142131979695 0.005
7 0.7322335025380712 0.08857142857142856 0.005076142131979695 0.007142857142857143
7 0.7392131979695432 0.08892857142857143 0.0038071065989847717 0.0064285714285714285
7 0.7468274111675126 0.08964285714285714 0.00634517766497462 0.009285714285714286
7 0.8197969543147208 0.08821428571428572 0.005076142131979695 0.005
7 0.8102791878172588 0.11107142857142857 0.0038071065989847717 0.005
7 0.7703045685279187 0.15821428571428572 0.005076142131979695 0.007857142857142858
7 0.7303299492385787 0.1457142857142857 0.0038071065989847717 0.005714285714285714
7 0.7201776649746192 0.14714285714285713 0.0038071065989847717 0.005714285714285714
7 0.7189086294416244 0.15071428571428572 0.0038071065989847717 0.005714285714285714
7 0.7106598984771574 0.15535714285714286 0.005076142131979695 0.009285714285714286
7 0.6928934010152283 0.14964285714285713 0.005076142131979695 0.005
7 0.6998730964467005 0.15071428571428572 0.0038071065989847717 0.005714285714285714
7 0.7030456852791879 0.14428571428571427 0.005076142131979695 0.005714285714285714
7 0.6383248730964467 0.14428571428571427 0.007614213197969543 0.007142857142857143
7 0.8597715736040609 0.08178571428571428 0.0038071065989847717 0.0064285714285714285
7 0.708756345177665 0.06785714285714285 0.00634517766497462 0.004285714285714286
7 0.6998730964467005 0.06785714285714285 0.008883248730964468 0.004285714285714286
7 0.6288071065989848 0.06357142857142857 0.0038071065989847717 0.004285714285714286
7 0.6116751269035533 0.0625 0.005076142131979695 0.005
7 0.5989847715736041 0.06178571428571428 0.005076142131979695 0.005
7 0.5869289340101522 0.06107142857142857 0.00634517766497462 0.0064285714285714285
7 0.5786802030456852 0.06035714285714286 0.007614213197969543 0.0064285714285714285
7 0.565989847715736 0.05928571428571428 0.005076142131979695 0.005714285714285714
7 0.5602791878172589 0.05892857142857143 0.00634517766497462 0.0064285714285714285
4 0.557741116751269 0.05142857142857143 0.03426395939086294 0.008571428571428572