7 0.4952380952380952 0.5960714285714286 0.02476190476190476 0.030714285714285715
11 0.38190476190476186 0.6692857142857143 0.11238095238095237 0.15428571428571428
7 0.49047619047619045 0.36642857142857144 0.022857142857142857 0.03571428571428571
7 0.5747619047619047 0.3392857142857143 0.018095238095238095 0.032857142857142856
7 0.5752380952380952 0.29428571428571426 0.02095238095238095 0.02857142857142857
7 0.5728571428571428 0.265 0.01619047619047619 0.03428571428571429
7 0.5447619047619048 0.2782142857142857 0.02095238095238095 0.030714285714285715
7 0.3333333333333333 0.4082142857142857 0.02476190476190476 0.035
2 0.650952380952381 0.22785714285714287 0.09809523809523808 0.17
3 0.8852380952380952 0.2342857142857143 0.05809523809523809 0.05714285714285714
2 0.6819047619047619 0.08857142857142856 0.06666666666666667 0.11857142857142858
7 0.5919047619047618 0.2175 0.02 0.03214285714285714
7 0.599047619047619 0.29214285714285715 0.015238095238095238 0.02857142857142857
7 0.7238095238095238 0.056428571428571425 0.009523809523809523 0.024285714285714285
8 0.6433333333333333 0.055357142857142855 0.01238095238095238 0.012142857142857143
5 0.6428571428571429 0.06428571428571428 0.011428571428571429 0.015714285714285715
3 0.6295238095238095 0.017142857142857144 0.03428571428571429 0.03142857142857143
7 0.6860714285714286 0.006666666666666667 0.010714285714285714 0.013333333333333334
11 0.9433333333333332 0.16285714285714287 0.06 0.05
10 0.9404761904761904 0.055357142857142855 0.04857142857142857 0.05071428571428571
3 0.8814285714285715 0.6117857142857143 0.08476190476190476 0.13214285714285715
3 0.9875 0.09380952380952381 0.025 0.03619047619047619