10 0.8376623376623377 0.34812108559498955 0.051948051948051945 0.046972860125260966
0 0.9843423799582464 0.5222634508348795 0.031315240083507306 0.05194805194805195
1 0.9114100185528756 0.22390396659707726 0.01948051948051948 0.009394572025052193
8 0.9123376623376622 0.22103340292275578 0.01020408163265306 0.009916492693110648
3 0.8998144712430427 0.177713987473904 0.05009276437847866 0.01304801670146138
3 0.9095547309833023 0.16310020876826725 0.04916512059369202 0.01096033402922756
0 0.9921711899791231 0.1841372912801484 0.015657620041753653 0.013914656771799629
5 0.9517625231910946 0.16805845511482256 0.01484230055658627 0.0062630480167014625
5 0.9666048237476809 0.1675365344467641 0.016697588126159554 0.0062630480167014625
1 0.9842300556586271 0.17406054279749478 0.02040816326530612 0.006784968684759917
5 0.9846938775510203 0.1693632567849687 0.015769944341372914 0.006784968684759917
5 0.9267161410018552 0.15501043841336118 0.016697588126159554 0.0062630480167014625
5 0.9183673469387754 0.15866388308977036 0.012987012987012986 0.007306889352818372
0 0.9508348794063078 0.15579331941544886 0.02968460111317254 0.009916492693110648
4 0.933673469387755 0.1430062630480167 0.06029684601113172 0.019832985386221295
7 0.9304267161410018 0.1304801670146138 0.0037105751391465673 0.005219206680584551
7 0.9308905380333952 0.13021920668058456 0.006493506493506493 0.006784968684759917
3 0.87430426716141 0.13648225469728603 0.01948051948051948 0.01304801670146138
9 0.8223562152133581 0.1492693110647182 0.013914656771799629 0.010438413361169102
3 0.8140074211502782 0.1448329853862213 0.02133580705009276 0.01096033402922756
3 0.9007421150278293 0.12265135699373696 0.03896103896103896 0.008350730688935283
4 0.9179035250463822 0.11717118997912318 0.02133580705009276 0.008872651356993737
5 0.9035250463821891 0.1116910229645094 0.01484230055658627 0.005219206680584551
3 0.7416512059369202 0.09603340292275575 0.012059369202226345 0.007306889352818372
0 0.7991651205936919 0.09394572025052193 0.01020408163265306 0.007306889352818372
0 0.8000927643784786 0.10986430062630481 0.01948051948051948 0.007828810020876828
0 0.861317254174397 0.08820459290187892 0.012059369202226345 0.007306889352818372
3 0.8432282003710574 0.08089770354906055 0.012987012987012986 0.0062630480167014625
3 0.838126159554731 0.10516701461377871 0.03061224489795918 0.006784968684759917
5 0.8747680890538032 0.09525052192066807 0.009276437847866418 0.004697286012526097
5 0.8789424860853432 0.09133611691022965 0.01020408163265306 0.004175365344467641
7 0.8840445269016698 0.10464509394572026 0.0037105751391465673 0.005741127348643007
7 0.8877551020408162 0.10490605427974949 0.0055658627087198514 0.0062630480167014625
7 0.8919294990723562 0.10386221294363258 0.004638218923933209 0.007306889352818372
7 0.8835807050092764 0.10360125260960334 0.004638218923933209 0.006784968684759917
4 0.8993506493506493 0.10542797494780795 0.012059369202226345 0.008350730688935283
9 0.9540816326530612 0.42980167014613785 0.038033395176252316 0.04331941544885178
0 0.6827458256029684 0.30871607515657623 0.025974025974025972 0.027661795407098125
8 0.7796846011131725 0.05401878914405011 0.004638218923933209 0.003653444676409186
5 0.7801484230055659 0.05532359081419625 0.007421150278293135 0.0031315240083507312
3 0.758812615955473 0.04358037578288101 0.009276437847866418 0.003653444676409186
3 0.7282003710575139 0.04488517745302714 0.012987012987012986 0.004175365344467641
0 0.7397959183673469 0.04175365344467641 0.004638218923933209 0.004175365344467641
7 0.7787569573283859 0.03914405010438414 0.0027829313543599257 0.0031315240083507312
10 0.7620593692022264 0.03966597077244259 0.008348794063079777 0.0062630480167014625
3 0.7495361781076066 0.03288100208768267 0.009276437847866418 0.005219206680584551
10 0.7578849721706864 0.025313152400835075 0.007421150278293135 0.005741127348643007
4 0.7490723562152133 0.013569937369519834 0.017625231910946195 0.013569937369519834
4 0.7467532467532467 0.02922755741127349 0.009276437847866418 0.0031315240083507312
4 0.7430426716141001 0.036534446764091864 0.007421150278293135 0.0062630480167014625
4 0.7606679035250463 0.03470772442588727 0.0055658627087198514 0.0026096033402922755
3 0.7272727272727272 0.05062630480167015 0.01484230055658627 0.004175365344467641