8 0.4747619047619047 0.5407142857142857 0.03142857142857143 0.04285714285714286
7 0.46619047619047616 0.48892857142857143 0.037142857142857144 0.06928571428571428
7 0.5095238095238095 0.5053571428571428 0.04761904761904761 0.07071428571428572
11 0.6976190476190476 0.6689285714285714 0.19142857142857142 0.16071428571428573
3 0.6442857142857142 0.41714285714285715 0.11904761904761904 0.11714285714285715
3 0.9476190476190475 0.3217857142857143 0.10285714285714286 0.07357142857142857
7 0.6723809523809523 0.2857142857142857 0.02857142857142857 0.05
3 0.8785714285714286 0.22642857142857142 0.0676190476190476 0.055714285714285716
10 0.6028571428571429 0.26107142857142857 0.09142857142857143 0.07642857142857143
3 0.6423809523809523 0.22714285714285715 0.052380952380952375 0.04857142857142857
3 0.66 0.1725 0.04952380952380952 0.045
11 0.718095238095238 0.0975 0.02857142857142857 0.030714285714285715
3 0.8161904761904761 0.07107142857142858 0.02095238095238095 0.015
4 0.7423809523809524 0.06571428571428571 0.021904761904761903 0.025714285714285714