3 0.05761904761904761 0.03 0.037142857142857144 0.011428571428571429
11 0.11142857142857143 0.015 0.026666666666666665 0.018571428571428572
3 0.09619047619047619 0.015 0.026666666666666665 0.014285714285714285
3 0.1457142857142857 0.03357142857142857 0.03809523809523809 0.012857142857142857
3 0.21142857142857144 0.06642857142857143 0.03619047619047619 0.012857142857142857
3 0.2357142857142857 0.03642857142857143 0.04285714285714286 0.012857142857142857
3 0.2995238095238095 0.06785714285714285 0.04285714285714286 0.014285714285714285
3 0.20285714285714285 0.019642857142857142 0.026666666666666665 0.015
3 0.22666666666666666 0.02142857142857143 0.026666666666666665 0.012857142857142857
3 0.2995238095238095 0.023571428571428573 0.03142857142857143 0.012857142857142857
3 0.32047619047619047 0.023928571428571428 0.023809523809523805 0.013571428571428571
3 0.34619047619047616 0.017857142857142856 0.023809523809523805 0.017142857142857144
5 0.2866666666666667 0.03464285714285714 0.011428571428571429 0.007857142857142858
5 0.30142857142857143 0.03464285714285714 0.014285714285714285 0.0064285714285714285
5 0.3052380952380952 0.03214285714285714 0.014285714285714285 0.007142857142857143
0 0.33666666666666667 0.03964285714285714 0.025714285714285714 0.010714285714285714
5 0.35428571428571426 0.047857142857142855 0.019047619047619046 0.007142857142857143
0 0.44571428571428573 0.05035714285714286 0.026666666666666665 0.013571428571428571
3 0.5514285714285714 0.0033333333333333335 0.02857142857142857 0.006666666666666667
3 0.6453571428571429 0.006190476190476191 0.02 0.012380952380952381
8 0.6571428571428571 0.0375 0.005714285714285714 0.0064285714285714285
8 0.6419047619047619 0.05107142857142857 0.005714285714285714 0.007857142857142858
8 0.7114285714285714 0.025357142857142856 0.005714285714285714 0.007857142857142858
8 0.7152380952380952 0.019642857142857142 0.005714285714285714 0.005
10 0.7417857142857143 0.014285714285714285 0.04214285714285714 0.02857142857142857
10 0.7714285714285715 0.010952380952380953 0.025 0.021904761904761906
8 0.7866666666666666 0.012857142857142857 0.005714285714285714 0.007142857142857143
3 0.8075 0.004285714285714286 0.017142857142857144 0.008571428571428572
10 0.7976190476190476 0.013928571428571429 0.014285714285714285 0.012142857142857143
5 0.7857142857142857 0.014285714285714285 0.005714285714285714 0.008571428571428572
5 0.7161904761904762 0.021785714285714287 0.007619047619047619 0.009285714285714286
5 0.7109523809523809 0.0275 0.006666666666666666 0.010714285714285714
5 0.6566666666666666 0.040357142857142855 0.006666666666666666 0.010714285714285714
5 0.6423809523809523 0.054642857142857146 0.006666666666666666 0.009285714285714286
8 0.4309523809523809 0.37464285714285717 0.01238095238095238 0.013571428571428571
8 0.39476190476190476 0.41928571428571426 0.010476190476190476 0.014285714285714285
8 0.39 0.42678571428571427 0.014285714285714285 0.016428571428571428
8 0.3414285714285714 0.4785714285714286 0.01619047619047619 0.012857142857142857
8 0.3376190476190476 0.4828571428571429 0.01619047619047619 0.017142857142857144
5 0.4309523809523809 0.38142857142857145 0.018095238095238095 0.024285714285714285
5 0.39 0.42892857142857144 0.02 0.02642857142857143
5 0.34095238095238095 0.4860714285714286 0.02095238095238095 0.03214285714285714
3 0.44142857142857145 0.4764285714285714 0.04476190476190476 0.05857142857142857
3 0.5904761904761905 0.4253571428571429 0.04761904761904761 0.04928571428571429
10 0.5466666666666666 0.4953571428571429 0.06095238095238095 0.06785714285714285
10 0.4809523809523809 0.5828571428571429 0.0819047619047619 0.08857142857142856
3 0.41238095238095235 0.5653571428571429 0.06285714285714286 0.07071428571428572
10 0.2985714285714286 0.605 0.10952380952380951 0.11428571428571428
3 0.44 0.6914285714285714 0.07238095238095238 0.08571428571428572
3 0.35333333333333333 0.6539285714285714 0.07809523809523809 0.085
3 0.18380952380952378 0.5125 0.09904761904761904 0.05071428571428571
3 0.031071428571428573 0.580952380952381 0.062142857142857146 0.0380952380952381
10 0.9932142857142857 0.6061904761904762 0.013571428571428571 0.07333333333333333
10 0.7352380952380951 0.6528571428571428 0.06285714285714286 0.09142857142857143
8 0.8633333333333332 0.6092857142857143 0.01238095238095238 0.014285714285714285
8 0.8609523809523809 0.6046428571428571 0.017142857142857144 0.013571428571428571
5 0.8609523809523809 0.6075 0.02095238095238095 0.03214285714285714
8 0.6495238095238095 0.4764285714285714 0.013333333333333332 0.012857142857142857
8 0.7966666666666666 0.46035714285714285 0.014285714285714285 0.015
8 0.8771428571428571 0.45035714285714284 0.013333333333333332 0.013571428571428571
8 0.8542857142857143 0.4228571428571429 0.011428571428571429 0.012857142857142857
5 0.8766666666666666 0.4542857142857143 0.014285714285714285 0.02142857142857143
5 0.8533333333333333 0.42607142857142855 0.011428571428571429 0.02214285714285714
5 0.7961904761904761 0.4639285714285714 0.013333333333333332 0.02214285714285714
5 0.6480952380952381 0.47928571428571426 0.014285714285714285 0.02142857142857143
8 0.8252380952380952 0.37714285714285717 0.010476190476190476 0.011428571428571429
8 0.8238095238095238 0.3725 0.013333333333333332 0.012142857142857143
8 0.8514285714285714 0.37785714285714284 0.011428571428571429 0.008571428571428572
8 0.8514285714285714 0.37607142857142856 0.011428571428571429 0.010714285714285714
7 0.9309523809523809 0.35964285714285715 0.010476190476190476 0.017857142857142856
8 0.8942857142857142 0.3360714285714286 0.009523809523809523 0.016428571428571428
1 0.8933333333333332 0.3382142857142857 0.009523809523809523 0.019285714285714285
8 0.8661904761904761 0.34464285714285714 0.01238095238095238 0.010714285714285714
8 0.8414285714285714 0.32785714285714285 0.010476190476190476 0.012857142857142857
1 0.8504761904761904 0.38035714285714284 0.011428571428571429 0.017857142857142856
1 0.8257142857142857 0.37857142857142856 0.013333333333333332 0.02
1 0.8652380952380951 0.3485714285714286 0.008571428571428572 0.017142857142857144
1 0.8409523809523809 0.3317857142857143 0.011428571428571429 0.017857142857142856
3 0.84 0.2842857142857143 0.026666666666666665 0.032857142857142856
3 0.8285714285714286 0.23892857142857143 0.02857142857142857 0.02642857142857143
0 0.8976190476190475 0.25285714285714284 0.021904761904761903 0.027142857142857142
8 0.8685714285714285 0.2325 0.007619047619047619 0.012142857142857143
8 0.8919047619047618 0.1982142857142857 0.010476190476190476 0.009285714285714286
8 0.9019047619047618 0.14 0.009523809523809523 0.01
8 0.9085714285714286 0.08607142857142858 0.007619047619047619 0.0064285714285714285
8 0.9071428571428571 0.06142857142857143 0.006666666666666666 0.005714285714285714
8 0.8904761904761904 0.0125 0.005714285714285714 0.007857142857142858
1 0.868095238095238 0.2357142857142857 0.010476190476190476 0.018571428571428572
1 0.8923809523809523 0.20142857142857143 0.011428571428571429 0.012857142857142857
1 0.9019047619047618 0.14214285714285715 0.009523809523809523 0.012857142857142857
1 0.9071428571428571 0.08857142857142856 0.006666666666666666 0.011428571428571429
1 0.9071428571428571 0.06357142857142857 0.006666666666666666 0.012857142857142857
1 0.8895238095238095 0.012857142857142857 0.007619047619047619 0.011428571428571429
7 0.94 0.19642857142857142 0.007619047619047619 0.015714285714285715
3 0.7847619047619047 0.15821428571428572 0.02476190476190476 0.020714285714285713
3 0.7957142857142857 0.11785714285714285 0.023809523809523805 0.018571428571428572
3 0.8638095238095238 0.11964285714285715 0.022857142857142857 0.019285714285714285
10 0.8671428571428571 0.08285714285714285 0.021904761904761903 0.03
3 0.8133333333333332 0.07571428571428572 0.019047619047619046 0.018571428571428572
3 0.8319047619047618 0.0325 0.02 0.015
3 0.8439285714285715 0.005238095238095238 0.017142857142857144 0.010476190476190476
0 0.9766666666666666 0.10892857142857143 0.03333333333333333 0.013571428571428571
3 0.9914285714285714 0.45476190476190476 0.017142857142857144 0.04476190476190476