10 0.6434010152284264 0.3246428571428571 0.1319796954314721 0.07642857142857143
3 0.8274111675126903 0.3603571428571428 0.06091370558375635 0.043571428571428567
3 0.9022842639593908 0.41178571428571425 0.0583756345177665 0.052142857142857144
3 0.8718274111675126 0.26535714285714285 0.03807106598984771 0.029285714285714286
3 0.7112944162436549 0.2689285714285714 0.044416243654822336 0.02214285714285714
3 0.7626903553299493 0.2867857142857143 0.043147208121827416 0.027857142857142858
3 0.8299492385786802 0.21321428571428572 0.03553299492385787 0.017857142857142856
3 0.9225888324873097 0.17464285714285713 0.027918781725888325 0.017857142857142856
3 0.9663705583756345 0.17500000000000002 0.02918781725888325 0.018571428571428572
3 0.8769035532994923 0.15678571428571428 0.02538071065989848 0.013571428571428571
3 0.9365482233502538 0.14857142857142858 0.02284263959390863 0.012857142857142857
3 0.9498730964467005 0.13357142857142856 0.019035532994923856 0.011428571428571429
3 0.983502538071066 0.1285714285714286 0.02284263959390863 0.011428571428571429
3 0.9079949238578681 0.12428571428571429 0.019035532994923856 0.01
3 0.8984771573604061 0.09785714285714285 0.01269035532994924 0.008571428571428572
3 0.9143401015228426 0.1075 0.013959390862944163 0.009285714285714286
3 0.9568527918781725 0.10714285714285715 0.015228426395939087 0.008571428571428572
3 0.9454314720812182 0.08392857142857144 0.01269035532994924 0.007857142857142858
3 0.9118020304568527 0.08178571428571428 0.011421319796954314 0.007857142857142858
3 0.8921319796954316 0.07642857142857143 0.01269035532994924 0.007142857142857143
3 0.8845177664974619 0.06821428571428571 0.01015228426395939 0.0064285714285714285
3 0.9010152284263959 0.06999999999999999 0.007614213197969543 0.005714285714285714
3 0.9282994923857867 0.07142857142857142 0.011421319796954314 0.005714285714285714
3 0.9352791878172588 0.07714285714285714 0.01015228426395939 0.007142857142857143
3 0.9479695431472082 0.07428571428571429 0.01015228426395939 0.007142857142857143
3 0.9302030456852792 0.062142857142857146 0.005076142131979695 0.005714285714285714
3 0.91751269035533 0.06285714285714286 0.01015228426395939 0.008571428571428572
4 0.9721428571428572 0.05012690355329949 0.055714285714285716 0.017766497461928935
10 0.9928571428571429 0.274746192893401 0.014285714285714285 0.031725888324873094
2 0.7842639593908629 0.19357142857142856 0.0634517766497462 0.05142857142857143
10 0.825507614213198 0.16428571428571428 0.03426395939086294 0.022857142857142857
11 0.01713197969543147 0.14964285714285713 0.0317258883248731 0.007857142857142858
11 0.041243654822335024 0.14714285714285713 0.0317258883248731 0.007142857142857143
11 0.01967005076142132 0.14035714285714285 0.026649746192893398 0.0064285714285714285
11 0.06535532994923858 0.145 0.026649746192893398 0.007142857142857143
3 0.07677664974619289 0.14428571428571427 0.021573604060913708 0.005714285714285714
3 0.08248730964467005 0.14285714285714285 0.030456852791878174 0.007142857142857143
3 0.09771573604060915 0.13999999999999999 0.02284263959390863 0.007142857142857143
3 0.10723350253807105 0.13857142857142857 0.021573604060913708 0.007142857142857143
3 0.14022842639593908 0.13178571428571428 0.02918781725888325 0.0064285714285714285
3 0.116751269035533 0.1367857142857143 0.030456852791878174 0.0064285714285714285
3 0.2956852791878173 0.16464285714285712 0.04060913705583756 0.009285714285714286
3 0.21954314720812185 0.1657142857142857 0.03299492385786802 0.008571428571428572