3 0.1957142857142857 0.032857142857142856 0.025714285714285714 0.03428571428571429
3 0.2238095238095238 0.12464285714285714 0.045714285714285714 0.017857142857142856
3 0.27714285714285714 0.13285714285714287 0.043809523809523805 0.017142857142857144
3 0.2495238095238095 0.04321428571428571 0.022857142857142857 0.03357142857142857
3 0.27285714285714285 0.04071428571428572 0.023809523809523805 0.03
3 0.32476190476190475 0.04178571428571429 0.022857142857142857 0.03214285714285714
9 0.32095238095238093 0.15607142857142858 0.019047619047619046 0.025
3 0.4442857142857143 0.031071428571428573 0.02 0.03214285714285714
3 0.4685714285714286 0.035 0.02095238095238095 0.03428571428571429
3 0.489047619047619 0.0325 0.018095238095238095 0.03642857142857143
7 0.37857142857142856 0.04357142857142857 0.010476190476190476 0.011428571428571429
5 0.4809523809523809 0.05785714285714286 0.019047619047619046 0.008571428571428572
5 0.3223809523809524 0.17892857142857144 0.01238095238095238 0.009285714285714286
5 0.32095238095238093 0.19107142857142856 0.011428571428571429 0.010714285714285714
5 0.32571428571428573 0.23285714285714285 0.019047619047619046 0.014285714285714285
5 0.3223809523809524 0.24464285714285713 0.014285714285714285 0.010714285714285714
5 0.3242857142857143 0.2571428571428571 0.01619047619047619 0.01
5 0.32380952380952377 0.29642857142857143 0.015238095238095238 0.007142857142857143
5 0.3276190476190476 0.2867857142857143 0.019047619047619046 0.005
4 0.32142857142857145 0.2732142857142857 0.02 0.017857142857142856
3 0.4019047619047619 0.17607142857142857 0.03809523809523809 0.027857142857142858
10 0.5009523809523809 0.28714285714285714 0.05904761904761904 0.022857142857142857
3 0.39904761904761904 0.2257142857142857 0.0419047619047619 0.017142857142857144
3 0.39285714285714285 0.24428571428571427 0.04476190476190476 0.015714285714285715
3 0.39285714285714285 0.26071428571428573 0.04666666666666666 0.014285714285714285
3 0.3966666666666666 0.2764285714285714 0.04095238095238095 0.017142857142857144
3 0.39571428571428574 0.3032142857142857 0.039047619047619046 0.017857142857142856
3 0.39904761904761904 0.32035714285714284 0.043809523809523805 0.016428571428571428
3 0.44619047619047614 0.1725 0.02 0.030714285714285715
3 0.47333333333333333 0.1825 0.03619047619047619 0.016428571428571428
3 0.47619047619047616 0.1667857142857143 0.04 0.015
11 0.5266666666666666 0.19214285714285714 0.02857142857142857 0.04
3 0.6571428571428571 0.2257142857142857 0.017142857142857144 0.03142857142857143
3 0.6114285714285714 0.15535714285714286 0.0419047619047619 0.020714285714285713
3 0.39714285714285713 0.4132142857142857 0.03619047619047619 0.015
3 0.39190476190476187 0.44 0.04476190476190476 0.015714285714285715
3 0.39190476190476187 0.4760714285714286 0.04476190476190476 0.015
3 0.39285714285714285 0.5496428571428571 0.04666666666666666 0.016428571428571428
3 0.3242857142857143 0.5246428571428572 0.023809523809523805 0.03357142857142857
10 0.5585714285714286 0.3967857142857143 0.025714285714285714 0.04071428571428572
10 0.6428571428571429 0.38607142857142857 0.02857142857142857 0.07071428571428572
7 0.5638095238095238 0.4432142857142857 0.007619047619047619 0.0064285714285714285
7 0.5885714285714285 0.4789285714285714 0.005714285714285714 0.007857142857142858
7 0.32095238095238093 0.6392857142857142 0.02095238095238095 0.03
10 0.5528571428571428 0.7317857142857143 0.03142857142857143 0.035
11 0.8419047619047618 0.6464285714285715 0.02476190476190476 0.041428571428571426
11 0.8947619047619046 0.3989285714285714 0.035238095238095235 0.027857142857142858
5 0.8571428571428571 0.5367857142857143 0.007619047619047619 0.016428571428571428
3 0.8219047619047618 0.19785714285714287 0.019047619047619046 0.032857142857142856
7 0.899047619047619 0.12892857142857142 0.005714285714285714 0.007857142857142858
7 0.8966666666666666 0.12857142857142856 0.002857142857142857 0.005714285714285714
7 0.8685714285714285 0.1675 0.007619047619047619 0.007857142857142858
5 0.6761904761904761 0.15071428571428572 0.017142857142857144 0.007142857142857143
5 0.6842857142857143 0.15535714285714286 0.01619047619047619 0.0064285714285714285
5 0.66 0.08535714285714285 0.009523809523809523 0.013571428571428571
7 0.6695238095238095 0.027142857142857142 0.0038095238095238095 0.01
7 0.9371428571428572 0.15285714285714286 0.007619047619047619 0.007142857142857143
7 0.9471428571428572 0.14892857142857144 0.006666666666666666 0.005
7 0.948095238095238 0.15464285714285714 0.006666666666666666 0.0064285714285714285
5 0.9628571428571429 0.15357142857142858 0.017142857142857144 0.005714285714285714
8 0.9657142857142857 0.15178571428571427 0.007619047619047619 0.0064285714285714285
5 0.9071428571428571 0.16285714285714287 0.01619047619047619 0.005714285714285714
5 0.9085714285714286 0.1692857142857143 0.022857142857142857 0.007142857142857143
7 0.04 0.05071428571428571 0.017142857142857144 0.008571428571428572