3 0.8312182741116751 0.43464285714285716 0.03807106598984771 0.042142857142857135
3 0.9644670050761421 0.3032142857142857 0.03299492385786802 0.03357142857142857
3 0.858502538071066 0.2114285714285714 0.024111675126903553 0.024285714285714282
3 0.9156091370558376 0.02321428571428571 0.021573604060913708 0.017857142857142856
11 0.7360406091370558 0.12107142857142857 0.02030456852791878 0.020714285714285713
11 0.8629441624365483 0.12964285714285714 0.02538071065989848 0.024999999999999998
11 0.6015228426395939 0.2828571428571428 0.07614213197969542 0.024285714285714282
11 0.8508883248730964 0.2607142857142857 0.02918781725888325 0.030000000000000002
10 0.815989847715736 0.17285714285714285 0.03553299492385787 0.04428571428571428
10 0.6986040609137056 0.34785714285714286 0.052030456852791875 0.060000000000000005
2 0.743020304568528 0.20035714285714284 0.052030456852791875 0.07642857142857143
3 0.6611675126903553 0.5389285714285714 0.04568527918781726 0.045
11 0.2918781725888325 0.3957142857142857 0.09390862944162436 0.027142857142857142
11 0.11294416243654823 0.40249999999999997 0.08883248730964467 0.02214285714285714
3 0.9378571428571428 0.0031725888324873096 0.027857142857142858 0.006345177664974619
3 0.7214467005076142 0.007857142857142858 0.03426395939086294 0.012857142857142857
11 0.7131979695431472 0.017499999999999998 0.03553299492385787 0.015000000000000001
3 0.7232142857142857 0.0025380710659898475 0.032857142857142856 0.005076142131979695
7 0.47335025380710666 0.2671428571428571 0.01269035532994924 0.011428571428571429
7 0.3546954314720812 0.26928571428571424 0.011421319796954314 0.01
7 0.6884517766497462 0.15178571428571427 0.008883248730964468 0.009285714285714286
7 0.6510152284263959 0.22642857142857142 0.01015228426395939 0.011428571428571429
7 0.7011421319796954 0.10357142857142856 0.00634517766497462 0.01
7 0.6960659898477157 0.11035714285714286 0.008883248730964468 0.012142857142857141
7 0.7341370558375635 0.04642857142857142 0.00634517766497462 0.01
3 0.3375634517766497 0.2089285714285714 0.030456852791878174 0.026428571428571426