3 0.9187817258883249 0.4225 0.04568527918781726 0.03642857142857143
3 0.9213197969543147 0.33464285714285713 0.03553299492385787 0.024999999999999998
3 0.8673857868020304 0.21678571428571428 0.02918781725888325 0.013571428571428571
3 0.9384517766497462 0.22428571428571428 0.03426395939086294 0.017142857142857144
3 0.8121827411167514 0.17392857142857143 0.02284263959390863 0.010714285714285714
3 0.8013959390862944 0.15321428571428572 0.021573604060913708 0.010714285714285714
3 0.7639593908629442 0.13749999999999998 0.02284263959390863 0.010714285714285714
3 0.7296954314720812 0.13892857142857143 0.02284263959390863 0.010714285714285714
3 0.7550761421319797 0.12678571428571428 0.02284263959390863 0.010714285714285714
3 0.675761421319797 0.09357142857142856 0.021573604060913708 0.007142857142857143
3 0.6567258883248731 0.09535714285714285 0.019035532994923856 0.007857142857142858
3 0.6681472081218274 0.11285714285714285 0.019035532994923856 0.007142857142857143
3 0.6015228426395939 0.09428571428571429 0.02030456852791878 0.007142857142857143
3 0.5717005076142132 0.09428571428571429 0.019035532994923856 0.007142857142857143
3 0.5564720812182741 0.08214285714285714 0.019035532994923856 0.007142857142857143
3 0.501269035532995 0.08928571428571429 0.017766497461928935 0.005714285714285714
3 0.5088832487309645 0.08178571428571428 0.017766497461928935 0.007857142857142858
3 0.47335025380710666 0.08214285714285714 0.015228426395939087 0.007142857142857143
10 0.6294416243654822 0.1075 0.03299492385786802 0.013571428571428571
3 0.4467005076142132 0.0757142857142857 0.017766497461928935 0.005714285714285714
3 0.44416243654822335 0.07035714285714285 0.015228426395939087 0.005
3 0.41751269035532995 0.06785714285714285 0.017766497461928935 0.005714285714285714
3 0.3197969543147208 0.0625 0.017766497461928935 0.0064285714285714285
3 0.1668781725888325 0.053571428571428575 0.013959390862944163 0.005714285714285714
3 0.18591370558375636 0.05178571428571428 0.011421319796954314 0.005
3 0.1998730964467005 0.051071428571428566 0.013959390862944163 0.005
3 0.24936548223350252 0.06142857142857142 0.011421319796954314 0.004285714285714286
3 0.43718274111675126 0.07821428571428571 0.01649746192893401 0.005
10 0.3020304568527919 0.06714285714285714 0.030456852791878174 0.01
2 0.22588832487309646 0.05928571428571428 0.03553299492385787 0.014285714285714285
11 0.2836294416243655 0.06285714285714286 0.01649746192893401 0.005714285714285714
11 0.9041878172588833 0.2735714285714286 0.0317258883248731 0.022857142857142857
10 0.8743654822335025 0.5396428571428571 0.08375634517766498 0.043571428571428567
11 0.43845177664974616 0.23285714285714285 0.0317258883248731 0.02
10 0.2639593908629442 0.19857142857142857 0.04568527918781726 0.022857142857142857
10 0.3026649746192894 0.27964285714285714 0.049492385786802026 0.03214285714285715
10 0.12436548223350254 0.16857142857142854 0.04060913705583756 0.02
11 0.34263959390862947 0.06892857142857142 0.02030456852791878 0.0064285714285714285
10 0.17258883248730966 0.04607142857142857 0.015228426395939087 0.007857142857142858
2 0.108502538071066 0.043571428571428567 0.021573604060913708 0.011428571428571429
3 0.12373096446700507 0.048928571428571425 0.011421319796954314 0.005
3 0.1351522842639594 0.048571428571428564 0.008883248730964468 0.004285714285714286
3 0.1434010152284264 0.04678571428571428 0.01015228426395939 0.005
4 0.11738578680203046 0.02892857142857143 0.08756345177664974 0.016428571428571428
3 0.1281725888324873 0.04178571428571428 0.01015228426395939 0.005
3 0.15736040609137056 0.0425 0.01015228426395939 0.005
3 0.17766497461928935 0.3985714285714285 0.08375634517766498 0.018571428571428572
3 0.20304568527918784 0.40750000000000003 0.07614213197969542 0.015000000000000001
3 0.1878172588832487 0.4275 0.08121827411167512 0.016428571428571428
3 0.17576142131979697 0.4371428571428571 0.07487309644670051 0.024285714285714282