3 0.6434010152284264 0.23035714285714287 0.12944162436548223 0.045
3 0.9447969543147208 0.4699999999999999 0.07233502538071065 0.06714285714285714
3 0.23730964467005078 0.22642857142857142 0.09137055837563451 0.05857142857142857
3 0.43337563451776645 0.14642857142857144 0.11040609137055836 0.041428571428571426
3 0.5932741116751269 0.16392857142857142 0.07487309644670051 0.05499999999999999
3 0.19098984771573604 0.1285714285714286 0.10532994923857869 0.041428571428571426
3 0.13388324873096447 0.18357142857142858 0.12309644670050761 0.045714285714285714
3 0.8299492385786802 0.15964285714285714 0.10152284263959392 0.039285714285714285
3 0.8496192893401016 0.13214285714285712 0.09517766497461928 0.037142857142857144
3 0.8464467005076142 0.08785714285714286 0.08121827411167512 0.055714285714285716
3 0.8908629441624365 0.10107142857142858 0.06598984771573604 0.04928571428571429
3 0.799492385786802 0.07714285714285714 0.07360406091370558 0.05142857142857143
3 0.5666243654822335 0.095 0.07487309644670051 0.04428571428571428
3 0.5209390862944162 0.08321428571428571 0.07741116751269035 0.04642857142857142
3 0.9975 0.07868020304568528 0.005 0.03299492385786802
3 0.9785714285714285 0.03553299492385787 0.04285714285714286 0.03680203045685279
3 0.9707142857142858 0.015862944162436547 0.05857142857142857 0.02918781725888325
3 0.9614285714285714 0.006979695431472081 0.07714285714285714 0.013959390862944163
3 0.6985714285714286 0.02030456852791878 0.075 0.04060913705583756
3 0.6439285714285714 0.01649746192893401 0.06 0.03299492385786802
3 0.5982142857142857 0.0133248730964467 0.05714285714285714 0.0266497461928934
3 0.5475 0.012055837563451776 0.04428571428571428 0.024111675126903553
3 0.04178571428571429 0.16053299492385786 0.08357142857142857 0.03680203045685279
7 0.6586294416243654 0.15464285714285714 0.017766497461928935 0.016428571428571428
7 0.6446700507614213 0.14857142857142858 0.015228426395939087 0.014285714285714285
7 0.6434010152284264 0.14107142857142857 0.01269035532994924 0.010714285714285714
7 0.6338832487309645 0.1425 0.011421319796954314 0.015000000000000001