3 0.7604761904761904 0.37107142857142855 0.13428571428571429 0.03642857142857143
3 0.5685714285714286 0.38571428571428573 0.1295238095238095 0.05
3 0.36523809523809525 0.3982142857142857 0.1361904761904762 0.04642857142857143
3 0.5242857142857142 0.31285714285714283 0.11714285714285715 0.03571428571428571
3 0.18285714285714286 0.33107142857142857 0.15047619047619046 0.04071428571428572
3 0.18047619047619046 0.4067857142857143 0.16476190476190475 0.04928571428571429
11 0.4328571428571429 0.3517857142857143 0.12666666666666665 0.056428571428571425
2 0.9232142857142858 0.31285714285714283 0.15357142857142858 0.08476190476190476
7 0.518095238095238 0.16714285714285715 0.017142857142857144 0.024285714285714285
3 0.429047619047619 0.13035714285714287 0.037142857142857144 0.03214285714285714
3 0.37142857142857144 0.13892857142857143 0.07809523809523809 0.027857142857142858
3 0.7114285714285714 0.18607142857142858 0.04761904761904761 0.04357142857142857
3 0.7523809523809524 0.18642857142857142 0.04 0.04
3 0.6709523809523809 0.135 0.04476190476190476 0.037142857142857144
3 0.7109523809523809 0.13642857142857143 0.039047619047619046 0.03142857142857143
3 0.7647619047619046 0.13 0.03619047619047619 0.032857142857142856
3 0.9547619047619047 0.18035714285714285 0.056190476190476187 0.047857142857142855