3 0.988 0.4886666666666667 0.024 0.020666666666666667
3 0.794 0.4835 0.04666666666666666 0.019
3 0.7023333333333333 0.4945 0.05133333333333333 0.018
7 0.6286666666666666 0.518 0.006666666666666666 0.014
7 0.6563333333333332 0.5205 0.004666666666666666 0.014
7 0.6516666666666666 0.5305 0.008666666666666666 0.015
7 0.6473333333333332 0.522 0.008 0.013
7 0.5696666666666667 0.493 0.008666666666666666 0.012
3 0.508 0.48975 0.050666666666666665 0.0195
3 0.44066666666666665 0.49175 0.049333333333333326 0.0185
8 0.3743333333333333 0.48025 0.006 0.0105
11 0.37266666666666665 0.48925 0.04533333333333333 0.0165
3 0.296 0.48875 0.052 0.0165
1 0.21166666666666667 0.4775 0.01933333333333333 0.009
8 0.211 0.47475 0.01 0.0105
7 0.2313333333333333 0.48375 0.009333333333333332 0.0135
7 0.2293333333333333 0.48925 0.010666666666666666 0.0125
1 0.22033333333333333 0.4615 0.007333333333333333 0.011
1 0.22766666666666666 0.4595 0.007333333333333333 0.011
1 0.249 0.456 0.008666666666666666 0.011
1 0.2563333333333333 0.4535 0.007333333333333333 0.012
4 0.984 0.46 0.032 0.025333333333333333
5 0.8546666666666666 0.423 0.009333333333333332 0.011
5 0.8653333333333333 0.4245 0.009333333333333332 0.011
5 0.8786666666666666 0.4295 0.006666666666666666 0.01
5 0.8883333333333333 0.4315 0.008666666666666666 0.013
5 0.8986666666666666 0.43475 0.009333333333333332 0.0105
1 0.9613333333333333 0.45075 0.009333333333333332 0.0095
1 0.9476666666666667 0.44825 0.007333333333333333 0.0115
1 0.937 0.44675 0.007333333333333333 0.0095
5 0.9303333333333332 0.44125 0.014 0.0085
1 0.9186666666666666 0.43925 0.008 0.0085
4 0.908 0.438 0.009333333333333332 0.012
1 0.2813333333333333 0.44975 0.008 0.0085
5 0.2866666666666666 0.4485 0.005333333333333333 0.01
5 0.29233333333333333 0.44625 0.007333333333333333 0.0105
5 0.298 0.44575 0.006666666666666666 0.0115
5 0.30266666666666664 0.444 0.008 0.011
1 0.321 0.4415 0.007333333333333333 0.008
1 0.328 0.4415 0.008 0.01
1 0.333 0.44 0.006 0.008
1 0.3386666666666666 0.43825 0.008 0.0075
1 0.3446666666666666 0.437 0.008 0.008
1 0.35033333333333333 0.436 0.008666666666666666 0.009
5 0.36233333333333334 0.43375 0.007333333333333333 0.0085
5 0.3683333333333333 0.43075 0.008666666666666666 0.0125
1 0.3863333333333333 0.42775 0.007333333333333333 0.0095
1 0.3923333333333333 0.42625 0.006 0.0095
1 0.3993333333333333 0.42425 0.008 0.0095
1 0.4043333333333333 0.423 0.007333333333333333 0.01
1 0.408 0.42275 0.005333333333333333 0.0095
5 0.41533333333333333 0.42075 0.006666666666666666 0.0095
5 0.421 0.42 0.006 0.009
5 0.42766666666666664 0.41975 0.006 0.0085
4 0.3783333333333333 0.43025 0.007333333333333333 0.0095
7 0.012 0.5315 0.014666666666666666 0.013
5 0.021666666666666664 0.50575 0.01 0.0115
4 0.008 0.5043333333333333 0.016 0.024666666666666667