3 0.5833333333333333 0.595 0.04666666666666666 0.07142857142857142
3 0.6595238095238095 0.6828571428571428 0.04857142857142857 0.08857142857142856
3 0.5685714285714286 0.4810714285714286 0.03809523809523809 0.056428571428571425
3 0.5476190476190476 0.39285714285714285 0.03238095238095238 0.04428571428571428
3 0.5380952380952381 0.3460714285714286 0.02857142857142857 0.03357142857142857
3 0.5361904761904762 0.09928571428571428 0.02857142857142857 0.02142857142857143
3 0.3447619047619047 0.10214285714285715 0.04761904761904761 0.011428571428571429
3 0.33666666666666667 0.09571428571428571 0.04666666666666666 0.012857142857142857
3 0.3414285714285714 0.08678571428571429 0.04666666666666666 0.013571428571428571
3 0.3433333333333333 0.07892857142857143 0.04476190476190476 0.010714285714285714
3 0.3442857142857143 0.07607142857142857 0.039047619047619046 0.012142857142857143
3 0.3419047619047619 0.07142857142857142 0.03428571428571429 0.011428571428571429
3 0.3547619047619047 0.06464285714285714 0.04285714285714286 0.015
3 0.3457142857142857 0.055714285714285716 0.03428571428571429 0.011428571428571429
3 0.35047619047619044 0.05071428571428571 0.043809523809523805 0.014285714285714285
3 0.3485714285714286 0.04357142857142857 0.03809523809523809 0.011428571428571429
3 0.34523809523809523 0.03678571428571428 0.03142857142857143 0.009285714285714286
3 0.35047619047619044 0.031785714285714285 0.03809523809523809 0.013571428571428571
3 0.3466666666666667 0.025 0.03809523809523809 0.012857142857142857
3 0.34809523809523807 0.018571428571428572 0.039047619047619046 0.014285714285714285
3 0.3557142857142857 0.014285714285714285 0.039047619047619046 0.014285714285714285
3 0.35428571428571426 0.007857142857142858 0.04 0.012857142857142857
3 0.2180952380952381 0.0575 0.02857142857142857 0.019285714285714285
3 0.19476190476190475 0.06964285714285715 0.037142857142857144 0.015
3 0.14904761904761904 0.08785714285714286 0.037142857142857144 0.018571428571428572
3 0.24428571428571427 0.1125 0.02 0.020714285714285713
3 0.18571428571428572 0.11392857142857143 0.017142857142857144 0.020714285714285713
1 0.24964285714285714 0.0033333333333333335 0.017142857142857144 0.006666666666666667
5 0.2395238095238095 0.02142857142857143 0.014285714285714285 0.005714285714285714
5 0.23666666666666666 0.03321428571428572 0.01238095238095238 0.005
5 0.24095238095238095 0.01607142857142857 0.013333333333333332 0.005
7 0.3061904761904762 0.009285714285714286 0.0047619047619047615 0.011428571428571429
7 0.2885714285714286 0.016785714285714286 0.007619047619047619 0.007857142857142858
7 0.2838095238095238 0.016428571428571428 0.005714285714285714 0.01
7 0.23523809523809522 0.08178571428571428 0.005714285714285714 0.013571428571428571
7 0.23047619047619045 0.08035714285714286 0.005714285714285714 0.013571428571428571
11 0.2747619047619047 0.10821428571428572 0.02 0.025
3 0.21476190476190474 0.11321428571428571 0.021904761904761903 0.019285714285714285
3 0.18 0.07821428571428571 0.0419047619047619 0.016428571428571428
7 0.38619047619047614 0.05892857142857143 0.008571428571428572 0.012142857142857143
7 0.3761904761904762 0.05714285714285714 0.005714285714285714 0.011428571428571429
7 0.3709523809523809 0.055357142857142855 0.006666666666666666 0.013571428571428571
11 0.44190476190476186 0.0325 0.015238095238095238 0.016428571428571428
3 0.47333333333333333 0.05071428571428571 0.015238095238095238 0.015714285714285715
3 0.479047619047619 0.08821428571428572 0.019047619047619046 0.020714285714285713
3 0.4766666666666666 0.06857142857142857 0.018095238095238095 0.018571428571428572
5 0.42047619047619045 0.09821428571428571 0.006666666666666666 0.013571428571428571
8 0.42047619047619045 0.09535714285714286 0.0047619047619047615 0.007857142857142858
3 0.4157142857142857 0.18035714285714285 0.0619047619047619 0.017857142857142856
3 0.2976190476190476 0.195 0.06571428571428571 0.017142857142857144
3 0.16190476190476188 0.2032142857142857 0.06857142857142857 0.017857142857142856
3 0.03571428571428571 0.19642857142857142 0.06571428571428571 0.02
7 0.3666666666666666 0.12142857142857143 0.007619047619047619 0.011428571428571429
7 0.35714285714285715 0.11428571428571428 0.005714285714285714 0.007142857142857143
3 0.1738095238095238 0.23607142857142857 0.07904761904761905 0.019285714285714285
3 0.08047619047619047 0.2814285714285714 0.0619047619047619 0.02
3 0.3352380952380952 0.335 0.07238095238095238 0.02857142857142857
3 0.3609523809523809 0.3657142857142857 0.07238095238095238 0.03142857142857143
3 0.3414285714285714 0.3846428571428571 0.08095238095238094 0.039285714285714285
7 0.29619047619047617 0.3003571428571429 0.0038095238095238095 0.007857142857142858
7 0.29 0.33214285714285713 0.008571428571428572 0.014285714285714285
7 0.2814285714285714 0.34964285714285714 0.008571428571428572 0.015
7 0.2947619047619047 0.35642857142857143 0.008571428571428572 0.015714285714285715
5 0.41047619047619044 0.3296428571428571 0.015238095238095238 0.017857142857142856
3 0.33619047619047615 0.4660714285714286 0.07238095238095238 0.03642857142857143
3 0.3314285714285714 0.5282142857142857 0.07619047619047618 0.05928571428571429
5 0.3942857142857143 0.45357142857142857 0.02476190476190476 0.01
5 0.3976190476190476 0.5578571428571428 0.02952380952380952 0.011428571428571429
3 0.35333333333333333 0.6353571428571428 0.07428571428571429 0.06642857142857143
3 0.3538095238095238 0.7157142857142857 0.08666666666666667 0.06714285714285714
7 0.19857142857142857 0.5721428571428572 0.01619047619047619 0.011428571428571429
3 0.5238095238095237 0.013214285714285715 0.017142857142857144 0.015
7 0.5789285714285715 0.002380952380952381 0.0035714285714285713 0.004761904761904762
7 0.5671428571428572 0.013214285714285715 0.002857142857142857 0.009285714285714286
7 0.6052380952380951 0.06107142857142857 0.006666666666666666 0.010714285714285714
7 0.5971428571428572 0.07928571428571428 0.005714285714285714 0.011428571428571429
3 0.6552380952380952 0.008571428571428572 0.011428571428571429 0.008571428571428572
11 0.7519047619047617 0.095 0.04476190476190476 0.018571428571428572
3 0.7442857142857143 0.165 0.05809523809523809 0.017142857142857144
8 0.7685714285714286 0.06928571428571428 0.0038095238095238095 0.007142857142857143
3 0.826190476190476 0.08214285714285714 0.027619047619047616 0.011428571428571429
5 0.8038095238095238 0.11214285714285714 0.013333333333333332 0.01
3 0.7814285714285715 0.05071428571428571 0.037142857142857144 0.011428571428571429
7 0.8466666666666666 0.09785714285714285 0.0038095238095238095 0.01
7 0.9114285714285715 0.18071428571428572 0.0038095238095238095 0.008571428571428572
7 0.9409523809523809 0.2710714285714286 0.009523809523809523 0.015
7 0.9295238095238094 0.27071428571428574 0.007619047619047619 0.011428571428571429
3 0.8295238095238094 0.2417857142857143 0.05904761904761904 0.019285714285714285
3 0.8742857142857143 0.27964285714285714 0.06857142857142857 0.023571428571428573
5 0.9385714285714286 0.24035714285714285 0.02 0.007857142857142858
1 0.78 0.2789285714285714 0.007619047619047619 0.016428571428571428
8 0.7795238095238095 0.2767857142857143 0.008571428571428572 0.010714285714285714
7 0.7142857142857143 0.27071428571428574 0.005714285714285714 0.014285714285714285
7 0.6985714285714286 0.28535714285714286 0.006666666666666666 0.013571428571428571
7 0.7219047619047618 0.2667857142857143 0.005714285714285714 0.009285714285714286
7 0.7919047619047618 0.265 0.006666666666666666 0.014285714285714285
7 0.7409523809523809 0.3221428571428571 0.007619047619047619 0.015714285714285715
7 0.7323809523809524 0.3221428571428571 0.005714285714285714 0.015714285714285715
7 0.82 0.32 0.005714285714285714 0.014285714285714285
7 0.8171428571428572 0.31464285714285717 0.007619047619047619 0.013571428571428571
7 0.8357142857142857 0.3092857142857143 0.006666666666666666 0.012857142857142857
7 0.8195238095238094 0.3067857142857143 0.006666666666666666 0.010714285714285714
7 0.7938095238095237 0.2792857142857143 0.008571428571428572 0.012857142857142857
7 0.8047619047619047 0.2857142857142857 0.005714285714285714 0.012857142857142857
7 0.6766666666666666 0.27464285714285713 0.008571428571428572 0.012142857142857143
7 0.6885714285714286 0.2814285714285714 0.0038095238095238095 0.008571428571428572
7 0.6857142857142857 0.27785714285714286 0.005714285714285714 0.01
7 0.9371428571428572 0.3410714285714286 0.009523809523809523 0.016428571428571428
7 0.7985714285714286 0.415 0.008571428571428572 0.015714285714285715
7 0.8428571428571429 0.44285714285714284 0.009523809523809523 0.017142857142857144
7 0.8566666666666666 0.445 0.006666666666666666 0.01
7 0.8538095238095238 0.5614285714285714 0.010476190476190476 0.018571428571428572
7 0.8366666666666666 0.5717857142857142 0.010476190476190476 0.017857142857142856
7 0.9280952380952381 0.6507142857142857 0.01238095238095238 0.02142857142857143
7 0.8814285714285715 0.7235714285714285 0.02 0.02142857142857143
5 0.7895238095238095 0.675 0.030476190476190476 0.011428571428571429
5 0.7985714285714286 0.6939285714285715 0.037142857142857144 0.016428571428571428
5 0.7657142857142857 0.7296428571428571 0.03809523809523809 0.019285714285714285
5 0.7595238095238095 0.6117857142857143 0.035238095238095235 0.013571428571428571
5 0.7528571428571429 0.5953571428571428 0.03333333333333333 0.013571428571428571
7 0.9904761904761904 0.07428571428571429 0.005714285714285714 0.01
7 0.9852380952380951 0.06964285714285715 0.006666666666666666 0.010714285714285714
7 0.9576190476190475 0.31035714285714283 0.006666666666666666 0.015
7 0.948095238095238 0.325 0.008571428571428572 0.014285714285714285
7 0.9895238095238095 0.3325 0.009523809523809523 0.013571428571428571
7 0.9728571428571429 0.3475 0.008571428571428572 0.015
7 0.9595238095238094 0.355 0.010476190476190476 0.014285714285714285
7 0.9523809523809523 0.3707142857142857 0.007619047619047619 0.015714285714285715
7 0.9842857142857143 0.3896428571428571 0.008571428571428572 0.016428571428571428
7 0.9975 0.3742857142857143 0.005 0.01619047619047619
3 0.9371428571428572 0.4664285714285714 0.06476190476190476 0.05142857142857143
3 0.9725 0.44047619047619047 0.055 0.04380952380952381
7 0.96 0.615 0.017142857142857144 0.02