3 0.5070459290187892 0.010667903525046383 0.04384133611691023 0.021335807050092765
3 0.49721706864564 0.08846555323590816 0.06864564007421149 0.02244258872651357
3 0.4962894248608534 0.12421711899791234 0.07235621521335805 0.024008350730688938
3 0.6558441558441559 0.045146137787056374 0.07235621521335805 0.021398747390396662
3 0.6702226345083487 0.061847599164926936 0.06771799628942485 0.020354906054279753
3 0.6711502782931354 0.08585594989561587 0.07513914656771799 0.021398747390396662
3 0.670686456400742 0.1041231732776618 0.0797773654916512 0.02244258872651357
3 0.6660482374768089 0.1229123173277662 0.07792207792207792 0.024530271398747392
3 0.6683673469387754 0.14352818371607518 0.08256029684601113 0.02296450939457203
3 0.5194805194805194 0.2852296450939457 0.09461966604823747 0.026617954070981213
3 0.7073283858998144 0.36482254697286015 0.04916512059369202 0.048016701461377875
3 0.550556586270872 0.4551148225469729 0.09925788497217068 0.0302713987473904
3 0.7917439703153988 0.5219206680584552 0.05287569573283859 0.05636743215031315
3 0.8562152133580705 0.5284446764091859 0.055658627087198514 0.060020876826722344
3 0.985125260960334 0.5009276437847866 0.029749478079331943 0.032467532467532464
3 0.024530271398747392 0.5468460111317254 0.049060542797494784 0.029684601113172542