7 0.08375634517766498 0.2092857142857143 0.01269035532994924 0.015714285714285715
7 0.08883248730964467 0.20535714285714285 0.01269035532994924 0.012142857142857141
7 0.0901015228426396 0.20071428571428573 0.015228426395939087 0.011428571428571429
7 0.0901015228426396 0.19928571428571426 0.017766497461928935 0.014285714285714285
2 0.116751269035533 0.25 0.17766497461928935 0.06714285714285714
11 0.16560913705583755 0.2407142857142857 0.0799492385786802 0.03428571428571429
11 0.25761421319796957 0.2525 0.08629441624365483 0.03357142857142857
11 0.3432741116751269 0.2664285714285714 0.0901015228426396 0.032857142857142856
11 0.5266497461928934 0.29678571428571426 0.09644670050761421 0.03785714285714285
3 0.43274111675126903 0.285 0.09137055837563451 0.030000000000000002
3 0.6326142131979696 0.3175 0.10025380710659898 0.034999999999999996
11 0.7449238578680203 0.33499999999999996 0.10152284263959392 0.03571428571428571
7 0.17703045685279187 0.22749999999999998 0.011421319796954314 0.015000000000000001
7 0.20050761421319796 0.2307142857142857 0.017766497461928935 0.017142857142857144
7 0.2036802030456853 0.22892857142857143 0.013959390862944163 0.020714285714285713
7 0.18908629441624364 0.2089285714285714 0.015228426395939087 0.013571428571428571
7 0.2144670050761421 0.2307142857142857 0.01269035532994924 0.017142857142857144
7 0.217005076142132 0.23499999999999996 0.01269035532994924 0.014285714285714285
7 0.2284263959390863 0.2214285714285714 0.015228426395939087 0.017142857142857144
7 0.23032994923857866 0.23357142857142854 0.013959390862944163 0.017142857142857144
7 0.23667512690355333 0.2307142857142857 0.011421319796954314 0.017142857142857144
7 0.23921319796954313 0.23714285714285713 0.011421319796954314 0.015714285714285715
7 0.2519035532994924 0.23464285714285713 0.013959390862944163 0.015000000000000001
7 0.49746192893401014 0.2675 0.015228426395939087 0.019285714285714285
1 0.4606598984771573 0.27535714285714286 0.030456852791878174 0.013571428571428571
8 0.6516497461928934 0.12428571428571429 0.013959390862944163 0.011428571428571429
8 0.6700507614213198 0.11714285714285715 0.007614213197969543 0.01
8 0.6795685279187818 0.11107142857142857 0.011421319796954314 0.009285714285714286
7 0.6973350253807107 0.10785714285714286 0.00634517766497462 0.008571428571428572
7 0.7055837563451777 0.11357142857142856 0.005076142131979695 0.008571428571428572
11 0.9346446700507615 0.12571428571428572 0.06979695431472081 0.025714285714285714
11 0.9568527918781725 0.1225 0.05583756345177665 0.019285714285714285
11 0.9124365482233502 0.1846428571428571 0.0583756345177665 0.042142857142857135
11 0.9460659898477157 0.16357142857142856 0.04187817258883249 0.02857142857142857
11 0.9682741116751268 0.1457142857142857 0.04060913705583756 0.027142857142857142
5 0.9985714285714286 0.1199238578680203 0.002857142857142857 0.01015228426395939
7 0.9663705583756345 0.5189285714285714 0.013959390862944163 0.017857142857142856
7 0.8616751269035533 0.3196428571428571 0.015228426395939087 0.013571428571428571
7 0.7576142131979696 0.31 0.01269035532994924 0.014285714285714285
3 0.8604060913705583 0.35714285714285715 0.10152284263959392 0.03571428571428571
11 0.9560714285714286 0.3743654822335025 0.08785714285714286 0.046954314720812185