3 0.7772842639593908 0.4039285714285714 0.049492385786802026 0.05928571428571428
3 0.7239847715736041 0.28214285714285714 0.04695431472081218 0.04
11 0.6567258883248731 0.215 0.049492385786802026 0.04285714285714286
3 0.8045685279187818 0.16214285714285714 0.04060913705583756 0.03142857142857143
3 0.7544416243654822 0.09928571428571428 0.03934010152284264 0.027142857142857142
11 0.8115482233502538 0.07178571428571429 0.03934010152284264 0.029285714285714286
10 0.9105329949238579 0.19785714285714284 0.06725888324873097 0.0757142857142857
3 0.9910714285714286 0.03680203045685279 0.017857142857142856 0.03553299492385787
11 0.891497461928934 0.018571428571428572 0.03680203045685279 0.030000000000000002
3 0.7620558375634517 0.02857142857142857 0.0317258883248731 0.022857142857142857
10 0.7146428571428571 0.01649746192893401 0.04857142857142857 0.03299492385786802
2 0.8139285714285714 0.012690355329949238 0.039285714285714285 0.025380710659898477
7 0.47652284263959394 0.07892857142857142 0.011421319796954314 0.012142857142857141
7 0.45431472081218277 0.06321428571428571 0.01015228426395939 0.009285714285714286
7 0.5031725888324873 0.032857142857142856 0.011421319796954314 0.012857142857142857
7 0.5139593908629442 0.02857142857142857 0.01015228426395939 0.014285714285714285
7 0.4581218274111675 0.03571428571428571 0.015228426395939087 0.015714285714285715
7 0.48350253807106597 0.026071428571428572 0.01015228426395939 0.012142857142857141
7 0.5038071065989848 0.012857142857142857 0.01015228426395939 0.012857142857142857
7 0.47842639593908626 0.013928571428571429 0.01269035532994924 0.010714285714285714
7 0.467005076142132 0.023571428571428573 0.01269035532994924 0.012857142857142857
7 0.44352791878172587 0.057499999999999996 0.011421319796954314 0.009285714285714286
7 0.43083756345177665 0.07714285714285714 0.011421319796954314 0.008571428571428572
7 0.4282994923857868 0.06999999999999999 0.013959390862944163 0.01
7 0.5241116751269036 0.017142857142857144 0.01015228426395939 0.012857142857142857
7 0.5196700507614213 0.018571428571428572 0.011421319796954314 0.01