10 0.26380952380952377 0.3482142857142857 0.3352380952380952 0.15785714285714286
3 0.49761904761904757 0.32571428571428573 0.21619047619047616 0.09
3 0.7966666666666666 0.40464285714285714 0.28285714285714286 0.11642857142857142
3 0.17047619047619048 0.24857142857142858 0.18857142857142858 0.07285714285714286
3 0.2742857142857143 0.1975 0.1580952380952381 0.06928571428571428
3 0.15523809523809523 0.06785714285714285 0.13904761904761903 0.04857142857142857
3 0.2723809523809524 0.02214285714285714 0.11047619047619046 0.04285714285714286
8 0.2733333333333333 0.06642857142857143 0.026666666666666665 0.041428571428571426
8 0.3414285714285714 0.06142857142857143 0.021904761904761903 0.03142857142857143
8 0.36809523809523803 0.07714285714285714 0.021904761904761903 0.027142857142857142
8 0.44619047619047614 0.07357142857142857 0.027619047619047616 0.02857142857142857
5 0.34714285714285714 0.07 0.035238095238095235 0.02142857142857143
5 0.3709523809523809 0.0925 0.04095238095238095 0.017857142857142856
5 0.44619047619047614 0.08857142857142856 0.03333333333333333 0.02
1 0.2742857142857143 0.07214285714285715 0.03809523809523809 0.027142857142857142