5 0.3781725888324873 0.017857142857142856 0.02030456852791878 0.018571428571428572
8 0.3756345177664974 0.016071428571428573 0.015228426395939087 0.013571428571428571
2 0.5431472081218274 0.11178571428571428 0.09898477157360405 0.10928571428571428
3 0.4803299492385787 0.16785714285714287 0.049492385786802026 0.04
3 0.39213197969543145 0.19142857142857142 0.0583756345177665 0.041428571428571426
3 0.6078680203045685 0.3767857142857143 0.06598984771573604 0.042142857142857135
3 0.725253807106599 0.38321428571428573 0.06218274111675127 0.04642857142857142
11 0.3286802030456853 0.12964285714285714 0.048223350253807105 0.03214285714285715
11 0.2760152284263959 0.2357142857142857 0.06218274111675127 0.041428571428571426
11 0.48223350253807107 0.26999999999999996 0.0634517766497462 0.04428571428571428
11 0.6224619289340101 0.23285714285714285 0.049492385786802026 0.04285714285714286
11 0.6529187817258884 0.3107142857142857 0.05456852791878173 0.04428571428571428
3 0.5361675126903553 0.44535714285714284 0.06218274111675127 0.047857142857142855
3 0.8236040609137056 0.46928571428571425 0.0634517766497462 0.05142857142857143
11 0.7328680203045684 0.47285714285714286 0.06472081218274112 0.047142857142857146
3 0.8204314720812182 0.5489285714285714 0.05456852791878173 0.024999999999999998
11 0.38959390862944165 0.495 0.07106598984771574 0.047142857142857146
10 0.17258883248730966 0.3007142857142857 0.10406091370558375 0.05857142857142857
11 0.7182741116751269 0.05857142857142857 0.043147208121827416 0.03571428571428571
11 0.7576142131979696 0.05535714285714285 0.043147208121827416 0.03214285714285715
3 0.8071065989847717 0.05535714285714285 0.043147208121827416 0.03071428571428571
6 0.7442893401015228 0.11892857142857143 0.05456852791878173 0.034999999999999996
11 0.7652284263959391 0.15285714285714286 0.07360406091370558 0.02857142857142857
11 0.7779187817258884 0.1782142857142857 0.07868020304568528 0.029285714285714286
11 0.8039340101522843 0.2064285714285714 0.08502538071065989 0.032857142857142856
11 0.8280456852791879 0.2357142857142857 0.07233502538071065 0.030000000000000002
3 0.8439086294416244 0.26357142857142857 0.08121827411167512 0.030000000000000002
11 0.8699238578680203 0.29357142857142854 0.08502538071065989 0.032857142857142856
5 0.8864213197969543 0.32857142857142857 0.03680203045685279 0.011428571428571429
5 0.8902284263959391 0.3435714285714286 0.026649746192893398 0.02142857142857143
10 0.9067258883248732 0.15285714285714286 0.0901015228426396 0.09285714285714285
10 0.9689285714285715 0.2506345177664975 0.062142857142857146 0.08629441624365482
3 0.9308375634517766 0.41107142857142853 0.0799492385786802 0.034999999999999996
3 0.9530456852791879 0.43357142857142855 0.08121827411167512 0.03428571428571429
3 0.9892857142857143 0.5107868020304569 0.02142857142857143 0.027918781725888325
11 0.9689285714285715 0.45748730964467005 0.062142857142857146 0.03934010152284264