7 0.8842857142857142 0.6060714285714286 0.052380952380952375 0.04071428571428572
7 0.5485714285714286 0.14607142857142857 0.02095238095238095 0.029285714285714286
7 0.6438095238095237 0.13428571428571429 0.013333333333333332 0.025714285714285714
7 0.043809523809523805 0.019285714285714285 0.015238095238095238 0.02
7 0.05809523809523809 0.017857142857142856 0.015238095238095238 0.02
8 0.02857142857142857 0.30857142857142855 0.026666666666666665 0.027142857142857142
8 0.05333333333333333 0.3157142857142857 0.03238095238095238 0.025714285714285714
8 0.07142857142857142 0.305 0.03238095238095238 0.024285714285714285
8 0.052380952380952375 0.3 0.02476190476190476 0.024285714285714285
1 0.06904761904761904 0.38142857142857145 0.054285714285714284 0.037142857142857144
5 0.07857142857142857 0.4775 0.09047619047619047 0.04357142857142857
5 0.16666666666666666 0.4592857142857143 0.09904761904761904 0.054285714285714284
8 0.8285714285714286 0.6517857142857143 0.026666666666666665 0.020714285714285713
8 0.6423809523809523 0.26285714285714284 0.018095238095238095 0.024285714285714285