3 0.6846011131725417 0.37160751565762007 0.08163265306122448 0.04070981210855951
8 0.6906307977736549 0.4005741127348643 0.013914656771799629 0.01096033402922756
3 0.8200371057513914 0.2267745302713988 0.06122448979591836 0.028705636743215034
3 0.6790352504638218 0.2505219206680585 0.08348794063079777 0.019832985386221295
3 0.6781076066790351 0.23016701461377875 0.07792207792207792 0.020876826722338204
3 0.956864564007421 0.13543841336116913 0.03617810760667903 0.029749478079331943
11 0.8821892393320964 0.06863256784968685 0.04081632653061224 0.020354906054279753
3 0.9239332096474954 0.042275574112734866 0.06307977736549165 0.018789144050104387
3 0.9814718162839249 0.021335807050092765 0.037056367432150315 0.012987012987012988
3 0.5667903525046382 0.171972860125261 0.06864564007421149 0.024530271398747392
3 0.09833024118738404 0.10177453027139875 0.04638218923933209 0.02192066805845512
3 0.21196660482374768 0.07907098121085596 0.04545454545454545 0.021398747390396662
3 0.2773654916512059 0.06732776617954071 0.04267161410018552 0.020876826722338204
3 0.3520408163265306 0.05375782881002088 0.04359925788497217 0.018789144050104387
3 0.26252319109461963 0.00861169102296451 0.055658627087198514 0.0151356993736952
3 0.28444676409185804 0.0037105751391465678 0.054801670146137786 0.0074211502782931356
3 0.051948051948051945 0.02583507306889353 0.06122448979591836 0.0151356993736952
3 0.07374768089053803 0.018528183716075158 0.05473098330241187 0.016179540709812108
3 0.10490605427974947 0.006029684601113173 0.059498956158663886 0.012059369202226345
3 0.706864564007421 0.5542797494780793 0.07050092764378478 0.014613778705636744