5 0.18320964749536178 0.27948851774530276 0.04545454545454545 0.01096033402922756
5 0.1730055658627087 0.2974947807933194 0.04730983302411874 0.010438413361169102
8 0.3214285714285714 0.2630480167014614 0.023191094619666047 0.009394572025052193
8 0.3246753246753247 0.2520876826722338 0.02411873840445269 0.010438413361169102
8 0.3344155844155844 0.2406054279749478 0.01948051948051948 0.009394572025052193
8 0.3399814471243043 0.23251565762004178 0.015769944341372914 0.006784968684759917
8 0.3474025974025974 0.22781837160751567 0.017625231910946195 0.007828810020876828
8 0.3780148423005566 0.23225469728601253 0.017625231910946195 0.011482254697286014
7 0.3678107606679035 0.27192066805845516 0.02504638218923933 0.012526096033402925
7 0.3682745825602968 0.29253653444676414 0.02040816326530612 0.014091858037578288
8 0.3756957328385899 0.2612212943632568 0.016697588126159554 0.009916492693110648
8 0.3854359925788497 0.24739039665970775 0.017625231910946195 0.008350730688935283
8 0.3891465677179963 0.23956158663883093 0.017625231910946195 0.008350730688935283
3 0.5431354359925789 0.25 0.05287569573283859 0.053235908141962426
8 0.6034322820037106 0.24817327766179542 0.015769944341372914 0.01304801670146138
5 0.635899814471243 0.232776617954071 0.013914656771799629 0.019832985386221295
7 0.673469387755102 0.3045407098121086 0.01484230055658627 0.01304801670146138
8 0.8506493506493505 0.2755741127348643 0.01484230055658627 0.011482254697286014
8 0.8464749536178108 0.2554801670146138 0.01948051948051948 0.012004175365344469
8 0.9067717996289425 0.25391440501043844 0.013914656771799629 0.009916492693110648
3 0.7898886827458256 0.26043841336116913 0.04359925788497217 0.05741127348643007
11 0.9540816326530612 0.26043841336116913 0.04916512059369202 0.0605427974947808
5 0.13682745825602968 0.3102818371607516 0.04916512059369202 0.009916492693110648
5 0.13079777365491652 0.27948851774530276 0.04452690166975881 0.009916492693110648
11 0.17532467532467533 0.2413883089770355 0.06864564007421149 0.042275574112734866
3 0.06910946196660482 0.18136743215031317 0.07513914656771799 0.0454070981210856
7 0.03200371057513915 0.3170668058455115 0.023191094619666047 0.01304801670146138
7 0.04777365491651206 0.2964509394572025 0.034322820037105746 0.015657620041753657
7 0.05473098330241187 0.30793319415448855 0.02411873840445269 0.012526096033402925
8 0.07142857142857142 0.2964509394572025 0.025974025974025972 0.010438413361169102
8 0.08858998144712431 0.2774008350730689 0.023191094619666047 0.01304801670146138
8 0.11038961038961038 0.2523486430062631 0.022263450834879406 0.012004175365344469
8 0.11641929499072355 0.24321503131524008 0.026901669758812616 0.011482254697286014