8 0.8673469387755101 0.5498434237995825 0.027829313543599257 0.01722338204592902
5 0.8692022263450835 0.5501043841336117 0.025974025974025972 0.02192066805845512
9 0.9887787056367432 0.48840445269016697 0.02244258872651357 0.041743970315398886
0 0.8325602968460111 0.37291231732776625 0.028756957328385898 0.037056367432150315
9 0.7755102040816325 0.31445720250521925 0.04081632653061224 0.03183716075156577
0 0.838126159554731 0.2985386221294364 0.03617810760667903 0.027139874739039668
9 0.7115027829313544 0.2627870563674322 0.051948051948051945 0.021398747390396662
9 0.7987012987012986 0.23721294363256787 0.03153988868274583 0.021398747390396662
3 0.8863636363636364 0.25287056367432154 0.041743970315398886 0.03183716075156577
3 0.9887787056367432 0.287569573283859 0.02244258872651357 0.030612244897959183
10 0.9081632653061225 0.22938413361169105 0.04638218923933209 0.027661795407098125
6 0.7175324675324676 0.3162839248434238 0.07884972170686455 0.059498956158663886
6 0.8840445269016698 0.1871085594989562 0.0909090909090909 0.029749478079331943
7 0.9485157699443413 0.13648225469728603 0.013914656771799629 0.012004175365344469
3 0.9494434137291279 0.13517745302713988 0.04916512059369202 0.010438413361169102
5 0.9359925788497218 0.1257828810020877 0.016697588126159554 0.007306889352818372
5 0.9392393320964749 0.12265135699373696 0.015769944341372914 0.007306889352818372
5 0.9526901669758813 0.11143006263048018 0.01484230055658627 0.006784968684759917
5 0.9958246346555324 0.1038961038961039 0.008350730688935281 0.006493506493506494
9 0.9721706864564007 0.10073068893528184 0.03339517625231911 0.008350730688935283
9 0.988517745302714 0.08302411873840446 0.022964509394572025 0.00927643784786642
7 1 0.08441558441558442 0 0.006493506493506494
7 0.9628942486085342 0.0850730688935282 0.011131725417439703 0.012526096033402925
7 0.9930426716141001 0.07985386221294365 0.008348794063079777 0.010438413361169102
9 0.9791280148423005 0.07646137787056369 0.015769944341372914 0.009916492693110648
7 0.9989561586638831 0.07884972170686456 0.0020876826722338203 0.00927643784786642
10 1 0.07838589981447125 0 0.012987012987012988