3 0.8236040609137056 0.22892857142857143 0.02030456852791878 0.017857142857142856
3 0.7753807106598984 0.3439285714285714 0.027918781725888325 0.026428571428571426
3 0.7290609137055838 0.31785714285714284 0.02918781725888325 0.018571428571428572
3 0.8236040609137056 0.3564285714285714 0.030456852791878174 0.027142857142857142
3 0.7633248730964467 0.40249999999999997 0.0317258883248731 0.029285714285714286
3 0.8343908629441624 0.1475 0.01649746192893401 0.013571428571428571
3 0.7544416243654822 0.11892857142857143 0.013959390862944163 0.009285714285714286
3 0.7804568527918782 0.10857142857142857 0.01269035532994924 0.008571428571428572
3 0.7519035532994923 0.09714285714285713 0.013959390862944163 0.01
3 0.8439086294416244 0.12535714285714283 0.015228426395939087 0.010714285714285714
3 0.7455583756345178 0.14535714285714285 0.01649746192893401 0.010714285714285714
2 0.7284263959390863 0.19678571428571426 0.02284263959390863 0.024999999999999998
2 0.6928934010152283 0.28928571428571426 0.053299492385786795 0.06571428571428571
4 0.6192857142857143 0.005076142131979695 0.07357142857142857 0.01015228426395939
2 0.8305837563451777 0.28357142857142853 0.026649746192893398 0.03428571428571429
11 0.6643401015228426 0.3628571428571429 0.03934010152284264 0.030000000000000002
11 0.6072335025380711 0.4925 0.08502538071065989 0.03071428571428571
7 0.45241116751269034 0.5357142857142857 0.011421319796954314 0.014285714285714285
7 0.4403553299492386 0.5360714285714285 0.01269035532994924 0.015000000000000001
7 0.5177664974619289 0.4407142857142857 0.01269035532994924 0.015714285714285715
7 0.5323604060913706 0.3896428571428571 0.008883248730964468 0.012142857142857141
7 0.5736040609137056 0.42071428571428565 0.01015228426395939 0.012857142857142857
7 0.6446700507614213 0.26535714285714285 0.007614213197969543 0.009285714285714286
7 0.6376903553299492 0.26607142857142857 0.00634517766497462 0.010714285714285714
7 0.6598984771573604 0.2675 0.007614213197969543 0.010714285714285714
7 0.6491116751269036 0.2625 0.008883248730964468 0.010714285714285714
7 0.8769035532994923 0.19892857142857143 0.007614213197969543 0.009285714285714286
7 0.8978426395939085 0.10142857142857142 0.00634517766497462 0.007142857142857143