11 0.8857868020304568 0.4664285714285714 0.04568527918781726 0.060000000000000005
11 0.8096446700507615 0.3960714285714286 0.043147208121827416 0.056428571428571425
3 0.5475888324873097 0.48000000000000004 0.05710659898477158 0.054285714285714284
3 0.9524111675126903 0.2957142857142857 0.03934010152284264 0.047142857142857146
3 0.8864213197969543 0.2764285714285714 0.03680203045685279 0.03571428571428571
3 0.6288071065989848 0.23928571428571427 0.04187817258883249 0.032857142857142856
3 0.6979695431472082 0.19749999999999998 0.03553299492385787 0.027857142857142858
3 0.8826142131979696 0.14428571428571427 0.03426395939086294 0.02857142857142857
3 0.7703045685279187 0.09285714285714285 0.030456852791878174 0.022857142857142857
3 0.6656091370558376 0.12785714285714284 0.03680203045685279 0.022857142857142857
2 0.6104060913705583 0.5039285714285714 0.07360406091370558 0.08928571428571429
10 0.7347715736040609 0.024999999999999998 0.03807106598984771 0.041428571428571426
3 0.7082142857142857 0.006345177664974619 0.022857142857142857 0.012690355329949238
10 0.108502538071066 0.5178571428571428 0.09771573604060915 0.08285714285714285
3 0.15545685279187818 0.26285714285714284 0.07233502538071065 0.02142857142857143
10 0.07423857868020305 0.26571428571428574 0.08248730964467005 0.027142857142857142
10 0.3718274111675127 0.1832142857142857 0.06598984771573604 0.04928571428571429
2 0.3026649746192894 0.19785714285714284 0.06472081218274112 0.04428571428571428
2 0.36865482233502533 0.12142857142857143 0.06725888324873097 0.05142857142857143
2 0.4219543147208122 0.062142857142857146 0.05710659898477158 0.045714285714285714
10 0.48540609137055835 0.034999999999999996 0.0317258883248731 0.03571428571428571
11 0.44416243654822335 0.033928571428571426 0.02030456852791878 0.019285714285714285
2 0.35786802030456855 0.013928571428571429 0.11928934010152284 0.019285714285714285
2 0.24111675126903553 0.012857142857142857 0.09137055837563451 0.017142857142857144
3 0.565989847715736 0.0060714285714285705 0.03299492385786802 0.009285714285714286
3 0.3166243654822335 0.04285714285714286 0.024111675126903553 0.014285714285714285
7 0.6078680203045685 0.012142857142857141 0.007614213197969543 0.01
7 0.5609137055837563 0.03321428571428572 0.01015228426395939 0.009285714285714286
7 0.5450507614213198 0.04428571428571428 0.011421319796954314 0.008571428571428572
7 0.6275380710659899 0.06107142857142857 0.011421319796954314 0.010714285714285714
7 0.6142131979695431 0.0925 0.007614213197969543 0.007857142857142858
7 0.5634517766497462 0.07357142857142857 0.007614213197969543 0.008571428571428572
7 0.58248730964467 0.10964285714285714 0.01269035532994924 0.009285714285714286
7 0.5564720812182741 0.16285714285714287 0.013959390862944163 0.012857142857142857
7 0.5310913705583756 0.13214285714285712 0.008883248730964468 0.007142857142857143
7 0.467005076142132 0.2139285714285714 0.015228426395939087 0.010714285714285714
7 0.47144670050761417 0.23035714285714287 0.011421319796954314 0.007857142857142858
7 0.34010152284263956 0.4339285714285714 0.01269035532994924 0.015000000000000001
3 0.4530456852791878 0.02321428571428571 0.02284263959390863 0.016428571428571428
7 0.6218274111675127 0.09285714285714285 0.01015228426395939 0.012857142857142857
7 0.350253807106599 0.43642857142857144 0.015228426395939087 0.012857142857142857
7 0.45368020304568524 0.16785714285714287 0.013959390862944163 0.015714285714285715