7 0.5961904761904762 0.6707142857142857 0.02095238095238095 0.041428571428571426
7 0.44571428571428573 0.45321428571428574 0.013333333333333332 0.023571428571428573
7 0.4776190476190476 0.45571428571428574 0.010476190476190476 0.018571428571428572
7 0.4714285714285714 0.4567857142857143 0.007619047619047619 0.016428571428571428
7 0.8752380952380951 0.5142857142857142 0.019047619047619046 0.022857142857142857
7 0.8909523809523809 0.5217857142857143 0.01238095238095238 0.025
8 0.7171428571428572 0.5417857142857143 0.02095238095238095 0.027857142857142858
5 0.7119047619047619 0.5460714285714285 0.04285714285714286 0.020714285714285713
3 0.5661904761904761 0.48428571428571426 0.08857142857142856 0.03142857142857143
3 0.5823809523809523 0.4525 0.06 0.02642857142857143
3 0.7733333333333332 0.4764285714285714 0.06285714285714286 0.027142857142857142
3 0.7257142857142858 0.4432142857142857 0.05142857142857143 0.02642857142857143
3 0.7838095238095237 0.42178571428571426 0.05142857142857143 0.02642857142857143
3 0.84 0.37214285714285716 0.03428571428571429 0.02
3 0.5785714285714286 0.37607142857142856 0.04285714285714286 0.016428571428571428
3 0.6795238095238094 0.43964285714285717 0.05809523809523809 0.03357142857142857
3 0.8209523809523809 0.4546428571428571 0.045714285714285714 0.025
3 0.8657142857142858 0.43142857142857144 0.043809523809523805 0.027142857142857142
3 0.9023809523809523 0.4132142857142857 0.037142857142857144 0.023571428571428573
3 0.93 0.4042857142857143 0.03333333333333333 0.022857142857142857
3 0.7861904761904761 0.3914285714285714 0.039047619047619046 0.022857142857142857
3 0.7385714285714285 0.40285714285714286 0.050476190476190466 0.027142857142857142
3 0.6938095238095238 0.4203571428571429 0.052380952380952375 0.025
3 0.8728571428571429 0.3603571428571429 0.03142857142857143 0.015
3 0.909047619047619 0.3525 0.03142857142857143 0.015
3 0.9309523809523809 0.3435714285714286 0.027619047619047616 0.014285714285714285
10 0.6076190476190476 0.4085714285714286 0.05714285714285714 0.02857142857142857
3 0.5766666666666667 0.40464285714285714 0.039047619047619046 0.016428571428571428
11 0.5295238095238095 0.365 0.04 0.02142857142857143
11 0.5076190476190476 0.3921428571428571 0.04 0.02142857142857143
3 0.6738095238095237 0.3892857142857143 0.04666666666666666 0.02
3 0.6519047619047619 0.3871428571428571 0.04666666666666666 0.02
11 0.4652380952380952 0.35892857142857143 0.04476190476190476 0.017857142857142856
3 0.3476190476190476 0.3410714285714286 0.043809523809523805 0.016428571428571428
3 0.44142857142857145 0.3532142857142857 0.037142857142857144 0.016428571428571428
3 0.42428571428571427 0.35 0.037142857142857144 0.017142857142857144
3 0.409047619047619 0.3517857142857143 0.037142857142857144 0.016428571428571428
3 0.39285714285714285 0.3485714285714286 0.037142857142857144 0.017142857142857144
3 0.4609523809523809 0.38785714285714284 0.03809523809523809 0.017142857142857144
3 0.44 0.38392857142857145 0.03809523809523809 0.016428571428571428
3 0.418095238095238 0.38107142857142856 0.03809523809523809 0.016428571428571428
3 0.39904761904761904 0.3767857142857143 0.03809523809523809 0.016428571428571428
3 0.38571428571428573 0.37535714285714283 0.03809523809523809 0.016428571428571428
3 0.9409523809523809 0.3075 0.02857142857142857 0.012142857142857143
3 0.8980952380952381 0.3221428571428571 0.03238095238095238 0.011428571428571429
3 0.97 0.33035714285714285 0.025714285714285714 0.012142857142857143
3 0.9495238095238094 0.3053571428571429 0.02857142857142857 0.012142857142857143
5 0.9917857142857143 0.4504761904761905 0.016428571428571428 0.018095238095238095
3 0.24857142857142858 0.4585714285714286 0.06666666666666667 0.032857142857142856
3 0.209047619047619 0.5853571428571429 0.11714285714285715 0.05785714285714286
3 0.04857142857142857 0.6695238095238095 0.09714285714285714 0.07238095238095238
3 0.029642857142857144 0.5461904761904762 0.05928571428571429 0.04476190476190476
3 0.7309523809523809 0.36178571428571427 0.052380952380952375 0.020714285714285713