4 0.98375 0.18233333333333332 0.0325 0.056666666666666664
3 0.63 0.27525 0.033333333333333326 0.0135
3 0.5003333333333333 0.53575 0.10733333333333332 0.0465
3 0.7773333333333332 0.59725 0.07466666666666666 0.0865
3 0.828 0.48525 0.057333333333333326 0.0545
3 0.8496666666666667 0.43875 0.04733333333333333 0.0405
3 0.8643333333333333 0.40725 0.04333333333333333 0.0355
3 0.8856666666666666 0.3755 0.03666666666666667 0.03
3 0.716 0.70175 0.10266666666666666 0.0955
3 0.045 0.45566666666666666 0.09 0.034666666666666665
3 0.06233333333333333 0.4285 0.11933333333333333 0.024
3 0.018333333333333333 0.31175 0.03533333333333333 0.0195
3 0.21066666666666667 0.32125 0.041333333333333326 0.0215
3 0.12466666666666666 0.279 0.044 0.015
3 0.09266666666666666 0.27575 0.036 0.0125
3 0.058666666666666666 0.27175 0.032 0.0125
3 0.6613333333333332 0.26225 0.03733333333333333 0.0125
3 0.7893333333333332 0.26825 0.034666666666666665 0.0095
3 0.821 0.27975 0.04333333333333333 0.0115
3 0.967 0.28125 0.048666666666666664 0.0125
3 0.9543333333333333 0.26675 0.05133333333333333 0.0125
3 0.9716666666666667 0.21275 0.011333333333333332 0.0075
3 0.967 0.228 0.01 0.008
3 0.9623333333333333 0.2405 0.014 0.01
3 0.9766666666666667 0.28775 0.042666666666666665 0.0115
8 0.9286666666666666 0.39325 0.010666666666666666 0.0135
1 0.929 0.40125 0.014 0.0135
7 0.6223333333333333 0.37425 0.012666666666666666 0.0195
7 0.596 0.393 0.006666666666666666 0.018
7 0.3773333333333333 0.35075 0.010666666666666666 0.0165
7 0.42033333333333334 0.3515 0.008666666666666666 0.018
7 0.4606666666666666 0.3565 0.008 0.02
7 0.462 0.32675 0.008 0.0125
7 0.13566666666666666 0.38 0.008666666666666666 0.021
7 0.44266666666666665 0.4385 0.013333333333333332 0.019
7 0.999 0.5836666666666667 0.002 0.034666666666666665
7 0.506 0.28175 0.006666666666666666 0.0175
7 0.5163333333333333 0.277 0.006 0.017
7 0.6996666666666667 0.642 0.014 0.032