7 0.22095238095238093 0.7289285714285715 0.03619047619047619 0.04071428571428572
7 0.5828571428571429 0.44142857142857145 0.02095238095238095 0.05142857142857143
7 0.6142857142857143 0.4417857142857143 0.030476190476190476 0.052142857142857144
7 0.6657142857142857 0.3 0.019047619047619046 0.027142857142857142
7 0.6914285714285714 0.2692857142857143 0.013333333333333332 0.022857142857142857
7 0.6957142857142857 0.23714285714285716 0.006666666666666666 0.017142857142857144
10 0.2671428571428571 0.19428571428571428 0.03142857142857143 0.022857142857142857
10 0.74 0.26821428571428574 0.043809523809523805 0.03642857142857143
7 0.6895238095238094 0.2975 0.019047619047619046 0.02642857142857143
8 0.7366666666666666 0.21142857142857144 0.0047619047619047615 0.007142857142857143
8 0.7423809523809524 0.2117857142857143 0.0047619047619047615 0.007857142857142858
8 0.7433333333333332 0.22464285714285714 0.006666666666666666 0.009285714285714286
8 0.7561904761904761 0.22642857142857142 0.007619047619047619 0.011428571428571429
8 0.7614285714285715 0.22214285714285714 0.006666666666666666 0.008571428571428572
8 0.7466666666666666 0.23535714285714285 0.007619047619047619 0.015
8 0.7333333333333332 0.23607142857142857 0.009523809523809523 0.009285714285714286
8 0.6838095238095238 0.32 0.02476190476190476 0.025714285714285714
8 0.8109523809523809 0.44857142857142857 0.018095238095238095 0.02142857142857143
8 0.8104761904761904 0.4496428571428571 0.03238095238095238 0.047857142857142855
5 0.8066666666666666 0.4635714285714286 0.03809523809523809 0.045714285714285714
5 0.6861904761904761 0.32392857142857145 0.02 0.027857142857142858
1 0.7471428571428571 0.23857142857142857 0.010476190476190476 0.012857142857142857
5 0.7328571428571429 0.2392857142857143 0.010476190476190476 0.008571428571428572
5 0.7557142857142857 0.23035714285714284 0.008571428571428572 0.010714285714285714
5 0.7438095238095238 0.22535714285714287 0.009523809523809523 0.007857142857142858
5 0.7614285714285715 0.22464285714285714 0.008571428571428572 0.009285714285714286
5 0.7361904761904761 0.21464285714285714 0.005714285714285714 0.0064285714285714285
5 0.7423809523809524 0.215 0.006666666666666666 0.005714285714285714
7 0.7009523809523809 0.2425 0.005714285714285714 0.012142857142857143
9 0.7295238095238095 0.2425 0.02095238095238095 0.013571428571428571
3 0.7685714285714286 0.21892857142857142 0.017142857142857144 0.012142857142857143
3 0.7604761904761904 0.21214285714285713 0.018095238095238095 0.01
3 0.7561904761904761 0.20857142857142857 0.017142857142857144 0.01
8 0.5342857142857143 0.2 0.007619047619047619 0.008571428571428572
3 0.7838095238095237 0.2017857142857143 0.013333333333333332 0.009285714285714286
3 0.81 0.21821428571428572 0.02 0.010714285714285714
3 0.836190476190476 0.255 0.02857142857142857 0.02
3 0.859047619047619 0.22535714285714287 0.02857142857142857 0.015
3 0.8342857142857143 0.23964285714285713 0.02476190476190476 0.016428571428571428
3 0.8404761904761904 0.21035714285714285 0.018095238095238095 0.009285714285714286
3 0.8109523809523809 0.21071428571428572 0.018095238095238095 0.01
3 0.8980952380952381 0.24285714285714285 0.02857142857142857 0.017142857142857144
3 0.8861904761904761 0.22785714285714287 0.021904761904761903 0.012857142857142857
3 0.9333333333333332 0.2617857142857143 0.04 0.025
3 0.9071428571428571 0.2925 0.04857142857142857 0.030714285714285715
3 0.8576190476190475 0.19678571428571429 0.010476190476190476 0.0064285714285714285
3 0.846190476190476 0.2032142857142857 0.01238095238095238 0.007857142857142858
3 0.8795238095238095 0.21285714285714286 0.02 0.01
3 0.8733333333333332 0.20607142857142857 0.015238095238095238 0.007857142857142858
3 0.9223809523809523 0.22392857142857142 0.021904761904761903 0.012142857142857143
3 0.92 0.21785714285714286 0.02095238095238095 0.01
3 0.8019047619047618 0.18571428571428572 0.007619047619047619 0.005714285714285714
3 0.7861904761904761 0.18357142857142858 0.006666666666666666 0.005714285714285714
3 0.7952380952380952 0.18464285714285714 0.005714285714285714 0.0035714285714285713
3 0.91 0.19392857142857142 0.01238095238095238 0.0064285714285714285
3 0.96 0.235 0.026666666666666665 0.015714285714285715
3 0.966190476190476 0.23035714285714284 0.027619047619047616 0.012142857142857143
3 0.9867857142857143 0.3080952380952381 0.02642857142857143 0.03238095238095238
3 0.9623809523809523 0.22214285714285714 0.02 0.01
7 0.9728571428571429 0.20535714285714285 0.0047619047619047615 0.007857142857142858
2 0.9832142857142857 0.22428571428571428 0.03357142857142857 0.024761904761904763
7 0.9419047619047618 0.19785714285714287 0.0038095238095238095 0.008571428571428572
7 0.9347619047619047 0.19607142857142856 0.0047619047619047615 0.0064285714285714285