8 0.568095238095238 0.4325 0.010476190476190476 0.015
1 0.5657142857142857 0.4392857142857143 0.02095238095238095 0.014285714285714285
10 0.9471428571428572 0.10321428571428572 0.04666666666666666 0.04214285714285714
10 0.9766666666666666 0.12821428571428573 0.02952380952380952 0.03214285714285714
10 0.9971428571428571 0.08333333333333333 0.005714285714285714 0.0380952380952381
3 0.8390476190476189 0.07821428571428571 0.026666666666666665 0.012142857142857143
11 0.6614285714285715 0.0925 0.02952380952380952 0.009285714285714286
3 0.6566666666666666 0.09964285714285714 0.02952380952380952 0.009285714285714286
3 0.6228571428571429 0.12535714285714286 0.02857142857142857 0.010714285714285714
3 0.4747619047619047 0.1525 0.027619047619047616 0.019285714285714285
3 0.5757142857142857 0.14035714285714285 0.02952380952380952 0.013571428571428571
5 0.5647619047619047 0.15142857142857144 0.013333333333333332 0.005714285714285714
4 0.5304761904761904 0.15071428571428572 0.026666666666666665 0.011428571428571429
6 0.06095238095238095 0.17964285714285713 0.08761904761904761 0.03214285714285714
3 0.4909523809523809 0.2532142857142857 0.04285714285714286 0.027857142857142858