3 0.7833333333333332 0.6760714285714285 0.2542857142857143 0.05928571428571429
11 0.8366666666666666 0.6071428571428571 0.1742857142857143 0.06857142857142857
3 0.5838095238095238 0.605 0.1580952380952381 0.05714285714285714
3 0.2995238095238095 0.5992857142857143 0.16857142857142857 0.054285714285714284
3 0.07892857142857143 0.5938095238095238 0.15785714285714286 0.058095238095238096
7 0.06714285714285714 0.3578571428571429 0.014285714285714285 0.024285714285714285
1 0.10333333333333333 0.3557142857142857 0.023809523809523805 0.018571428571428572
3 0.7904761904761903 0.33285714285714285 0.07428571428571429 0.027142857142857142
3 0.7433333333333332 0.36964285714285716 0.09238095238095237 0.030714285714285715
3 0.8533333333333333 0.35714285714285715 0.07047619047619047 0.027142857142857142
3 0.9925 0.36523809523809525 0.015 0.029523809523809525
3 0.9171428571428571 0.3492857142857143 0.08 0.03142857142857143
3 0.9910714285714286 0.32476190476190475 0.017857142857142856 0.021904761904761906
3 0.9810714285714286 0.3138095238095238 0.03785714285714286 0.018095238095238095
3 0.8838095238095237 0.3025 0.05523809523809523 0.019285714285714285
3 0.8028571428571428 0.29392857142857143 0.05714285714285714 0.016428571428571428
3 0.6914285714285714 0.28464285714285714 0.05142857142857143 0.016428571428571428
3 0.7323809523809524 0.2842857142857143 0.045714285714285714 0.018571428571428572
11 0.6657142857142857 0.2739285714285714 0.05333333333333333 0.017857142857142856
3 0.6066666666666666 0.2692857142857143 0.045714285714285714 0.017142857142857144
3 0.5566666666666666 0.2621428571428571 0.04666666666666666 0.014285714285714285
3 0.4647619047619047 0.25 0.0419047619047619 0.014285714285714285
3 0.4033333333333333 0.24392857142857144 0.039047619047619046 0.015
3 0.36714285714285716 0.23964285714285713 0.035238095238095235 0.012142857142857143
3 0.33190476190476187 0.23535714285714285 0.037142857142857144 0.013571428571428571
7 0.32619047619047614 0.23607142857142857 0.006666666666666666 0.010714285714285714
7 0.3519047619047619 0.2307142857142857 0.0047619047619047615 0.008571428571428572
3 0.38142857142857145 0.205 0.023809523809523805 0.01
4 0.0719047619047619 0.24321428571428572 0.02952380952380952 0.007857142857142858
3 0.40619047619047616 0.18107142857142858 0.018095238095238095 0.0064285714285714285
3 0.6271428571428571 0.23642857142857143 0.023809523809523805 0.011428571428571429
3 0.6057142857142858 0.23357142857142857 0.02095238095238095 0.01
4 0.5423809523809523 0.22892857142857143 0.01238095238095238 0.010714285714285714
4 0.5709523809523809 0.22964285714285715 0.014285714285714285 0.012142857142857143
4 0.7261904761904762 0.24642857142857144 0.018095238095238095 0.01
4 0.8409523809523809 0.2557142857142857 0.015238095238095238 0.014285714285714285
3 0.8952380952380952 0.2639285714285714 0.019047619047619046 0.013571428571428571
3 0.93 0.2642857142857143 0.025714285714285714 0.012857142857142857
3 0.958095238095238 0.27035714285714285 0.03238095238095238 0.012142857142857143
3 0.9953571428571428 0.2733333333333333 0.009285714285714286 0.013333333333333334
3 0.8457142857142858 0.23285714285714285 0.022857142857142857 0.008571428571428572
3 0.419047619047619 0.5257142857142857 0.2571428571428571 0.055714285714285716
3 0.7823809523809523 0.4903571428571429 0.27714285714285714 0.039285714285714285