4 0.173 0.44525 0.114 0.0365
4 0.497 0.024666666666666667 0.2915 0.04933333333333333
4 0.592 0.08575 0.03733333333333333 0.0575
4 0.5536666666666666 0.18225 0.03933333333333333 0.0815
4 0.5986666666666667 0.3015 0.06266666666666666 0.128
4 0.49066666666666664 0.11075 0.076 0.0635
4 0.317 0.413 0.09533333333333333 0.024
4 0.37166666666666665 0.38 0.08333333333333333 0.031
4 0.41433333333333333 0.473 0.11266666666666665 0.058
11 0.706 0.24375 0.04 0.0165
10 0.6426666666666666 0.466 0.033333333333333326 0.036
3 0.7073333333333333 0.55875 0.042666666666666665 0.0445
3 0.7496666666666666 0.68725 0.05 0.0415
3 0.5676666666666667 0.67375 0.042 0.0455
3 0.501 0.5405 0.03 0.04
10 0.5626666666666666 0.5335 0.034666666666666665 0.049
10 0.581 0.1555 0.015333333333333332 0.024
3 0.579 0.18375 0.014 0.0215
3 0.5573333333333332 0.48175 0.034666666666666665 0.0385
3 0.49066666666666664 0.44575 0.029333333333333333 0.0355
3 0.53 0.4425 0.033333333333333326 0.033
3 0.519 0.41075 0.03933333333333333 0.0155
3 0.5126666666666666 0.3895 0.04 0.025
3 0.018333333333333333 0.053 0.028666666666666663 0.008
3 0.13 0.06125 0.028 0.0145
3 0.22266666666666665 0.06675 0.029333333333333333 0.0125
3 0.3053333333333333 0.07025 0.030666666666666665 0.0095
3 0.255 0.05775 0.014 0.0135
3 0.232 0.118 0.03733333333333333 0.018
3 0.3376666666666666 0.10125 0.018 0.0135
3 0.365 0.1435 0.016666666666666663 0.021
3 0.35766666666666663 0.1905 0.01933333333333333 0.021
3 0.3703333333333333 0.213 0.022 0.024
3 0.385 0.2435 0.02333333333333333 0.025
3 0.3973333333333333 0.268 0.026666666666666665 0.026
3 0.41766666666666663 0.253 0.022 0.025
3 0.4076666666666666 0.2265 0.014 0.018
3 0.398 0.1995 0.028 0.022
3 0.385 0.18375 0.020666666666666663 0.0175
3 0.4016666666666666 0.315 0.020666666666666663 0.03
3 0.419 0.295 0.022 0.024
3 0.4333333333333333 0.32075 0.032 0.0295
3 0.4703333333333333 0.329 0.02733333333333333 0.029
3 0.4126666666666666 0.344 0.026666666666666665 0.03
3 0.432 0.374 0.029333333333333333 0.027
3 0.462 0.366 0.028 0.034
3 0.4516666666666666 0.405 0.03533333333333333 0.033
3 0.3943333333333333 0.406 0.05 0.023
3 0.4093333333333333 0.42425 0.041333333333333326 0.0175
3 0.3266666666666666 0.43375 0.057333333333333326 0.0135
3 0.2856666666666666 0.11075 0.016666666666666663 0.0175
3 0.3023333333333333 0.1295 0.01933333333333333 0.024
11 0.20933333333333332 0.08675 0.028 0.0115
11 0.1953333333333333 0.06275 0.025333333333333333 0.0115
11 0.3516666666666666 0.23475 0.02333333333333333 0.0235
11 0.4573333333333333 0.3 0.024 0.027
11 0.3773333333333333 0.28575 0.02 0.0195
11 0.23966666666666667 0.452 0.04733333333333333 0.017
10 0.924 0.28325 0.04 0.0165
10 0.99975 0.47533333333333333 0.0005 0.042666666666666665
11 0.9606666666666667 0.5145 0.06133333333333333 0.025
4 0.13166666666666665 0.51425 0.2606666666666666 0.0665
11 0.24733333333333332 0.0295 0.02 0.015
11 0.2313333333333333 0.05525 0.034666666666666665 0.0145
11 0.335 0.06325 0.020666666666666663 0.0185
4 0.32166666666666666 0.111 0.011333333333333332 0.014
11 0.35433333333333333 0.09625 0.01933333333333333 0.0185
11 0.281 0.156 0.026 0.027
9 0.251 0.2425 0.038 0.013
3 0.19666666666666666 0.11125 0.028 0.0185
4 0.5706666666666667 0.35625 0.08533333333333333 0.0505
4 0.49466666666666664 0.3605 0.03866666666666666 0.021
4 0.48 0.4965 0.04 0.027
3 0.534 0.6205 0.042666666666666665 0.048
3 0.4056666666666666 0.74125 0.06733333333333333 0.0165
5 0.7866666666666666 0.57875 0.018666666666666665 0.0135
8 0.787 0.579 0.014 0.011
7 0.337 0.18025 0.011333333333333332 0.0125
11 0.3406666666666666 0.21 0.026666666666666665 0.021