3 0.6928934010152283 0.42142857142857143 0.048223350253807105 0.047142857142857146
3 0.9079949238578681 0.4082142857142857 0.052030456852791875 0.05071428571428571
10 0.8972081218274113 0.23642857142857143 0.04568527918781726 0.09285714285714285
3 0.8045685279187818 0.11035714285714286 0.03553299492385787 0.02214285714285714
3 0.5469543147208121 0.07928571428571428 0.05583756345177665 0.015714285714285715
3 0.6903553299492386 0.05607142857142857 0.048223350253807105 0.015000000000000001
3 0.9985714285714286 0.09263959390862944 0.002857142857142857 0.017766497461928935
3 0.9828680203045684 0.11392857142857143 0.03426395939086294 0.020714285714285713
3 0.9727157360406092 0.13607142857142857 0.03426395939086294 0.02214285714285714
10 0.9276649746192894 0.14357142857142857 0.04568527918781726 0.05142857142857143
3 0.6871827411167513 0.24142857142857144 0.044416243654822336 0.027142857142857142