3 0.6700507614213198 0.5125 0.06598984771573604 0.03071428571428571
3 0.8115482233502538 0.44535714285714284 0.05964467005076142 0.043571428571428567
3 0.506979695431472 0.46785714285714286 0.06725888324873097 0.02142857142857143
3 0.5406091370558376 0.4464285714285714 0.07614213197969542 0.02
3 0.4447969543147208 0.43999999999999995 0.07487309644670051 0.02142857142857143
3 0.3147208121827411 0.4564285714285714 0.08629441624365483 0.02
3 0.333756345177665 0.4303571428571428 0.07868020304568528 0.020714285714285713
11 0.3293147208121827 0.3782142857142857 0.08756345177664974 0.02214285714285714
11 0.24682741116751267 0.39678571428571424 0.0901015228426396 0.02214285714285714
2 0.49048223350253806 0.41678571428571426 0.19670050761421318 0.03642857142857143
2 0.49365482233502533 0.38749999999999996 0.1979695431472081 0.03785714285714285
3 0.766497461928934 0.31107142857142855 0.04060913705583756 0.03785714285714285
7 0.5615482233502538 0.2782142857142857 0.011421319796954314 0.007857142857142858
7 0.574238578680203 0.24857142857142858 0.011421319796954314 0.01
7 0.583756345177665 0.24928571428571428 0.01269035532994924 0.007142857142857143
7 0.5939086294416244 0.2571428571428572 0.01269035532994924 0.008571428571428572
7 0.6598984771573604 0.23607142857142854 0.017766497461928935 0.010714285714285714
3 0.8800761421319797 0.33035714285714285 0.03934010152284264 0.04071428571428572
10 0.9467005076142133 0.2789285714285714 0.05076142131979696 0.052142857142857144
3 0.8280456852791879 0.17642857142857143 0.044416243654822336 0.03428571428571429