3 0.38809523809523805 0.6160714285714286 0.33619047619047615 0.11928571428571429
3 0.4433333333333333 0.55 0.26 0.08428571428571428
3 0.6823809523809523 0.38857142857142857 0.0619047619047619 0.054285714285714284
3 0.6647619047619048 0.3482142857142857 0.05714285714285714 0.03785714285714286
3 0.5514285714285714 0.27071428571428574 0.04 0.02142857142857143
3 0.5533333333333333 0.22892857142857143 0.02476190476190476 0.013571428571428571
3 0.6766666666666666 0.2517857142857143 0.0619047619047619 0.016428571428571428
3 0.8323809523809523 0.32321428571428573 0.06095238095238095 0.03357142857142857
3 0.8623809523809524 0.2914285714285714 0.07904761904761905 0.025714285714285714
3 0.9771428571428571 0.27904761904761904 0.045714285714285714 0.02095238095238095
3 0.9314285714285714 0.26107142857142857 0.05142857142857143 0.020714285714285713
3 0.9628571428571429 0.2557142857142857 0.04761904761904761 0.017142857142857144
3 0.8819047619047617 0.3460714285714286 0.07619047619047618 0.03785714285714286
3 0.9438095238095238 0.38357142857142856 0.09904761904761904 0.05142857142857143
3 0.9839285714285714 0.4533333333333333 0.03214285714285714 0.06476190476190476
10 0.8714285714285714 0.26 0.0838095238095238 0.03571428571428571