3 0.7246666666666667 0.59225 0.06266666666666666 0.0985
3 0.6933333333333332 0.3585 0.04 0.046
3 0.6743333333333332 0.297 0.03266666666666666 0.034
3 0.7993333333333332 0.28175 0.042666666666666665 0.0295
3 0.7836666666666666 0.24975 0.03266666666666666 0.0235
3 0.771 0.22875 0.03133333333333333 0.0205
3 0.7573333333333333 0.20875 0.026666666666666665 0.0185
3 0.8503333333333333 0.14775 0.042 0.0135
3 0.6953333333333332 0.11425 0.014666666666666666 0.0095
3 0.6673333333333332 0.072 0.009333333333333332 0.007
3 0.6316666666666666 0.0705 0.01 0.007
3 0.6116666666666666 0.06825 0.01 0.0065
3 0.8953333333333332 0.0965 0.032 0.009
3 0.9276666666666666 0.106 0.034 0.011
3 0.98125 0.128 0.0375 0.012
3 0.096 0.56225 0.036 0.0295
3 0.1403333333333333 0.55175 0.03133333333333333 0.0305
11 0.141 0.499 0.12733333333333333 0.066
11 0.645 0.41125 0.04066666666666666 0.0585
11 0.6453333333333332 0.352 0.036 0.051
10 0.616 0.15925 0.021333333333333333 0.0275
10 0.554 0.16025 0.044 0.0185
10 0.6156666666666666 0.084 0.016666666666666663 0.024
10 0.6846666666666666 0.09525 0.018666666666666665 0.0205
10 0.6783333333333332 0.08675 0.014 0.0095
11 0.729 0.032 0.012666666666666666 0.006
11 0.7243333333333333 0.0445 0.014 0.006
11 0.7553333333333333 0.04225 0.014666666666666666 0.0055
11 0.6066666666666666 0.034 0.006666666666666666 0.005
11 0.627 0.04075 0.008666666666666666 0.0055
10 0.5133333333333333 0.0805 0.028 0.01
10 0.47533333333333333 0.06525 0.024 0.0085
7 0.49366666666666664 0.12625 0.006 0.0105
7 0.8883333333333333 0.0805 0.004666666666666666 0.008
7 0.881 0.07825 0.004666666666666666 0.0085
7 0.8773333333333333 0.0785 0.004 0.009
7 0.8673333333333333 0.07175 0.004 0.0085
7 0.8566666666666666 0.07 0.004 0.007
7 0.8603333333333333 0.0705 0.003333333333333333 0.007
7 0.862 0.07 0.0026666666666666666 0.006
3 0.5933333333333333 0.02725 0.009333333333333332 0.0035
3 0.6563333333333332 0.0275 0.004666666666666666 0.003
3 0.6403333333333333 0.026 0.01 0.003
11 0.666 0.0315 0.010666666666666666 0.005
3 0.6753333333333332 0.03225 0.013333333333333332 0.0045
3 0.6816666666666666 0.03325 0.012666666666666666 0.0055
3 0.695 0.0305 0.012666666666666666 0.004
3 0.7116666666666667 0.0325 0.012666666666666666 0.004
3 0.741 0.03875 0.016666666666666663 0.0045
3 0.7453333333333333 0.04 0.014666666666666666 0.005
3 0.6946666666666667 0.0375 0.014666666666666666 0.005
3 0.713 0.0335 0.012666666666666666 0.005
3 0.7173333333333333 0.04275 0.014666666666666666 0.0055
3 0.7306666666666666 0.0465 0.018666666666666665 0.005
3 0.749 0.057 0.014 0.006
3 0.775 0.04875 0.016666666666666663 0.0055
3 0.7713333333333332 0.047 0.014666666666666666 0.005
3 0.7703333333333332 0.04625 0.015333333333333332 0.0055
3 0.763 0.0445 0.016666666666666663 0.005
3 0.6983333333333333 0.0305 0.012666666666666666 0.005
3 0.7913333333333332 0.0465 0.012 0.006
3 0.8233333333333333 0.04825 0.017333333333333333 0.0055
3 0.794 0.055 0.016 0.006
3 0.797 0.0555 0.016666666666666663 0.006
3 0.8033333333333332 0.05625 0.022666666666666665 0.0045
3 0.8046666666666666 0.05825 0.021333333333333333 0.0055
3 0.8116666666666666 0.0615 0.022 0.006
3 0.8216666666666667 0.0645 0.022 0.006
3 0.8303333333333333 0.068 0.024666666666666663 0.007
3 0.785 0.07275 0.014 0.0075
3 0.7956666666666666 0.0805 0.02733333333333333 0.007
3 0.8033333333333332 0.08525 0.025333333333333333 0.0075
3 0.8176666666666667 0.092 0.03 0.008
3 0.8313333333333333 0.097 0.030666666666666665 0.01
3 0.8396666666666667 0.102 0.03266666666666666 0.009
3 0.8453333333333333 0.075 0.022666666666666665 0.007
3 0.855 0.078 0.028666666666666663 0.009
3 0.8713333333333333 0.08425 0.026666666666666665 0.0075
3 0.885 0.0905 0.02733333333333333 0.008
3 0.8926666666666666 0.09175 0.032 0.0095
3 0.863 0.11425 0.034 0.0105
3 0.879 0.12225 0.038 0.0105
3 0.8876666666666666 0.12825 0.038 0.0135
3 0.9596666666666667 0.11925 0.03666666666666667 0.0105
3 0.8573333333333333 0.176 0.042666666666666665 0.015
3 0.6163333333333333 0.1445 0.01933333333333333 0.013