3 0.9928571428571429 0.3052030456852792 0.014285714285714285 0.06725888324873096
3 0.7366751269035533 0.25107142857142856 0.17131979695431473 0.06785714285714285
3 0.7474619289340101 0.3464285714285714 0.1598984771573604 0.06571428571428571
2 0.1871827411167513 0.19821428571428573 0.17893401015228427 0.08071428571428571
10 0.18274111675126903 0.06821428571428571 0.1878172588832487 0.07642857142857143
3 0.4682741116751269 0.4682142857142857 0.09644670050761421 0.062142857142857146
2 0.5831218274111675 0.04321428571428571 0.14593908629441624 0.07642857142857143
2 0.491751269035533 0.039285714285714285 0.12563451776649748 0.06285714285714286
7 0.1802030456852792 0.35857142857142854 0.030456852791878174 0.02
7 0.1548223350253807 0.3557142857142857 0.02030456852791878 0.012857142857142857
7 0.10532994923857869 0.30428571428571427 0.02538071065989848 0.015714285714285715
7 0.09644670050761421 0.3092857142857143 0.030456852791878174 0.018571428571428572
3 0.4282994923857868 0.3842857142857143 0.07487309644670051 0.047142857142857146
2 0.375 0.017766497461928935 0.13071428571428573 0.03553299492385787
1 0.7512690355329948 0.05321428571428571 0.030456852791878174 0.017857142857142856
3 0.0450507614213198 0.22107142857142856 0.06472081218274112 0.029285714285714286