7 0.8923333333333333 0.359 0.016666666666666663 0.029
5 0.697 0.68125 0.04066666666666666 0.0825
8 0.6963333333333332 0.6715 0.03666666666666667 0.051
7 0.795 0.5985 0.03666666666666667 0.054
5 0.8236666666666667 0.576 0.03933333333333333 0.059
8 0.8226666666666667 0.5685 0.030666666666666665 0.05
9 0.243 0.71575 0.1753333333333333 0.0675
7 0.349 0.64925 0.024666666666666663 0.0345
8 0.3896666666666666 0.69575 0.042 0.0565
8 0.374 0.73225 0.04666666666666666 0.0345
7 0.5343333333333332 0.50225 0.020666666666666663 0.0525
7 0.6096666666666666 0.48 0.020666666666666663 0.049
7 0.6693333333333332 0.46175 0.02 0.0405
7 0.6336666666666666 0.45175 0.03 0.0395
7 0.6486666666666666 0.4525 0.010666666666666666 0.023
7 0.6146666666666666 0.44075 0.021333333333333333 0.0205
7 0.6296666666666666 0.42725 0.02333333333333333 0.0415
8 0.5686666666666667 0.42325 0.02 0.0265
7 0.7063333333333333 0.357 0.022 0.038
7 0.686 0.36225 0.024 0.0225
7 0.667 0.35825 0.018 0.0285
3 0.5573333333333332 0.3625 0.13866666666666666 0.049
8 0.523 0.2735 0.018 0.024
7 0.55 0.2965 0.014666666666666666 0.032
3 0.5783333333333333 0.32275 0.12333333333333332 0.0435
7 0.5873333333333333 0.28975 0.014666666666666666 0.0315
7 0.597 0.28575 0.011333333333333332 0.0315
7 0.5866666666666667 0.2765 0.009333333333333332 0.03
7 0.6326666666666666 0.2895 0.009333333333333332 0.018
7 0.641 0.284 0.012666666666666666 0.031
1 0.6496666666666666 0.278 0.014 0.022
8 0.6493333333333332 0.27175 0.014666666666666666 0.0175
1 0.685 0.2745 0.016666666666666663 0.023
8 0.6846666666666666 0.26925 0.016 0.0225
8 0.8326666666666667 0.2945 0.013333333333333332 0.023
8 0.812 0.3025 0.016 0.029
1 0.7963333333333332 0.26875 0.020666666666666663 0.0225
8 0.7853333333333332 0.25125 0.012 0.0175
7 0.7413333333333333 0.2805 0.016 0.031
8 0.7573333333333333 0.27775 0.017333333333333333 0.0185
8 0.7143333333333333 0.25675 0.015333333333333332 0.0195
8 0.6816666666666666 0.2355 0.014 0.02
8 0.701 0.24725 0.011333333333333332 0.0205
8 0.694 0.2435 0.012 0.017
7 0.5543333333333332 0.23725 0.022 0.0265
7 0.5736666666666667 0.235 0.011333333333333332 0.026
7 0.5816666666666667 0.22625 0.012666666666666666 0.0265
7 0.5863333333333333 0.22075 0.012666666666666666 0.0285
7 0.5946666666666667 0.2155 0.012 0.024
7 0.601 0.227 0.012666666666666666 0.027
5 0.6233333333333333 0.231 0.02 0.019
7 0.624 0.222 0.010666666666666666 0.022
8 0.6163333333333333 0.224 0.007333333333333333 0.017
7 0.5556666666666666 0.223 0.011333333333333332 0.022
1 0.5616666666666666 0.227 0.016666666666666663 0.023
5 0.542 0.21375 0.02 0.0185
8 0.5413333333333332 0.20875 0.012 0.0235
7 0.6033333333333333 0.2035 0.009333333333333332 0.026
7 0.6223333333333333 0.1895 0.008666666666666666 0.017
7 0.578 0.1845 0.008 0.024
5 0.604 0.19575 0.028 0.0125
8 0.5883333333333333 0.17675 0.011333333333333332 0.0145
8 0.6003333333333333 0.17725 0.01 0.0175
8 0.6086666666666666 0.17975 0.009333333333333332 0.0185
7 0.5283333333333332 0.127 0.008666666666666666 0.018
7 0.543 0.14 0.008666666666666666 0.018
5 0.5403333333333332 0.12525 0.008666666666666666 0.0125
8 0.5596666666666666 0.131 0.007333333333333333 0.011
7 0.544 0.162 0.010666666666666666 0.021
7 0.5533333333333332 0.15 0.006666666666666666 0.018
7 0.5603333333333332 0.14975 0.008666666666666666 0.0185
7 0.5646666666666667 0.161 0.009333333333333332 0.02
7 0.557 0.1625 0.007333333333333333 0.022
7 0.5556666666666666 0.159 0.006 0.009
7 0.5346666666666666 0.15625 0.009333333333333332 0.0225
7 0.5276666666666666 0.1495 0.007333333333333333 0.016
7 0.5193333333333332 0.1545 0.008 0.012
8 0.526 0.156 0.006666666666666666 0.01
7 0.5016666666666666 0.145 0.007333333333333333 0.019
4 0.98225 0.11366666666666667 0.0355 0.024666666666666667
4 0.8266666666666667 0.13275 0.08266666666666665 0.0265
10 0.804 0.11 0.044 0.017
7 0.8156666666666667 0.11575 0.006 0.0145
7 0.8243333333333333 0.116 0.006 0.017
1 0.7626666666666666 0.12025 0.017333333333333333 0.0105
8 0.7626666666666666 0.1165 0.008 0.015
4 0.7316666666666666 0.11375 0.04333333333333333 0.0145
3 0.622 0.098 0.030666666666666665 0.013
3 0.6006666666666667 0.0915 0.028 0.014
3 0.5773333333333333 0.08675 0.028 0.0115
3 0.49666666666666665 0.065 0.02 0.013
3 0.5093333333333333 0.06975 0.018666666666666665 0.0105
11 0.5283333333333332 0.07375 0.01933333333333333 0.0115
3 0.5426666666666666 0.0765 0.013333333333333332 0.01
11 0.554 0.07875 0.018666666666666665 0.0145
11 0.6533333333333332 0.09925 0.024 0.0145
10 0.676 0.103 0.041333333333333326 0.021
11 0.9446666666666667 0.17275 0.048 0.0275
11 0.8856666666666666 0.1595 0.04733333333333333 0.028