3 0.7614213197969543 0.4764285714285714 0.07614213197969542 0.030000000000000002
3 0.8838832487309645 0.4060714285714286 0.044416243654822336 0.029285714285714286
3 0.9842857142857143 0.467005076142132 0.03142857142857143 0.03807106598984772
3 0.9600253807106599 0.4342857142857143 0.05456852791878173 0.032857142857142856
3 0.8388324873096447 0.36714285714285716 0.030456852791878174 0.027142857142857142
3 0.8178934010152283 0.3414285714285714 0.0317258883248731 0.022857142857142857
2 0.7658629441624365 0.2839285714285714 0.05964467005076142 0.029285714285714286
2 0.5532994923857868 0.3282142857142857 0.03807106598984771 0.039285714285714285
2 0.3604060913705584 0.33214285714285713 0.07614213197969542 0.08
11 0.3413705583756345 0.27999999999999997 0.043147208121827416 0.02857142857142857
3 0.4397208121827411 0.20107142857142857 0.03426395939086294 0.016428571428571428
3 0.3616751269035533 0.1910714285714286 0.03807106598984771 0.013571428571428571
2 0.47715736040609136 0.15178571428571427 0.053299492385786795 0.024999999999999998
10 0.5913705583756346 0.14857142857142858 0.04568527918781726 0.018571428571428572
3 0.5374365482233502 0.13142857142857142 0.024111675126903553 0.01
10 0.5736040609137056 0.1285714285714286 0.043147208121827416 0.018571428571428572
10 0.5926395939086294 0.11642857142857142 0.04568527918781726 0.012857142857142857
3 0.6459390862944162 0.12535714285714283 0.027918781725888325 0.012142857142857141
11 0.7595177664974619 0.10642857142857141 0.021573604060913708 0.01
3 0.7125634517766498 0.10142857142857142 0.024111675126903553 0.007142857142857143
3 0.7766497461928934 0.09071428571428572 0.015228426395939087 0.005714285714285714
3 0.8026649746192894 0.08178571428571428 0.019035532994923856 0.007857142857142858
3 0.8369289340101522 0.07964285714285714 0.019035532994923856 0.007857142857142858
3 0.9054568527918782 0.07107142857142858 0.01649746192893401 0.007857142857142858
3 0.9333756345177665 0.06964285714285715 0.013959390862944163 0.0064285714285714285
3 0.8788071065989848 0.0725 0.013959390862944163 0.007857142857142858
3 0.8616751269035533 0.0707142857142857 0.015228426395939087 0.007142857142857143
4 0.96 0.04631979695431472 0.08 0.027918781725888325
3 0.4359137055837563 0.1285714285714286 0.01649746192893401 0.008571428571428572
4 0.9060913705583756 0.10714285714285715 0.12436548223350254 0.025714285714285714
4 0.8140862944162437 0.12428571428571429 0.06472081218274112 0.014285714285714285
3 0.6326142131979696 0.19607142857142856 0.02918781725888325 0.009285714285714286
10 0.9892857142857143 0.16053299492385786 0.02142857142857143 0.015228426395939087
10 0.9982142857142857 0.1548223350253807 0.0035714285714285713 0.01649746192893401
11 0.9486040609137056 0.17607142857142855 0.021573604060913708 0.012142857142857141
3 0.9308375634517766 0.17464285714285713 0.01649746192893401 0.009285714285714286
3 0.9111675126903553 0.17464285714285713 0.01269035532994924 0.013571428571428571
3 0.8946700507614214 0.1717857142857143 0.015228426395939087 0.007857142857142858
3 0.8781725888324874 0.17142857142857143 0.015228426395939087 0.011428571428571429
3 0.8597715736040609 0.17142857142857143 0.01649746192893401 0.011428571428571429
3 0.8426395939086295 0.1717857142857143 0.01015228426395939 0.009285714285714286
3 0.8274111675126903 0.1717857142857143 0.015228426395939087 0.012142857142857141
3 0.8096446700507615 0.1717857142857143 0.01269035532994924 0.013571428571428571
3 0.7798223350253807 0.18535714285714286 0.03426395939086294 0.010714285714285714
3 0.7347715736040609 0.19214285714285714 0.02538071065989848 0.011428571428571429
3 0.766497461928934 0.19392857142857142 0.02284263959390863 0.007857142857142858
10 0.7887055837563453 0.20285714285714285 0.03426395939086294 0.02142857142857143
10 0.8521573604060915 0.20607142857142857 0.03426395939086294 0.020714285714285713
10 0.8286802030456853 0.20428571428571426 0.027918781725888325 0.02142857142857143
11 0.8845177664974619 0.18428571428571427 0.03807106598984771 0.011428571428571429
3 0.8762690355329948 0.18892857142857142 0.0317258883248731 0.010714285714285714
4 0.9732142857142857 0.18401015228426396 0.05357142857142857 0.027918781725888325
3 0.37753807106598986 0.11642857142857142 0.01649746192893401 0.008571428571428572
2 0.3381979695431472 0.10964285714285714 0.02918781725888325 0.019285714285714285
3 0.3876903553299492 0.08928571428571429 0.013959390862944163 0.005714285714285714
3 0.38451776649746194 0.07642857142857143 0.01269035532994924 0.007142857142857143
10 0.35723350253807107 0.06607142857142856 0.019035532994923856 0.010714285714285714
2 0.3274111675126904 0.05892857142857143 0.027918781725888325 0.010714285714285714
3 0.6465736040609137 0.17750000000000002 0.021573604060913708 0.009285714285714286
3 0.6713197969543148 0.17142857142857143 0.02030456852791878 0.008571428571428572
3 0.6935279187817259 0.16428571428571428 0.021573604060913708 0.01
3 0.7417512690355329 0.16392857142857142 0.021573604060913708 0.009285714285714286
3 0.7563451776649746 0.14928571428571427 0.015228426395939087 0.008571428571428572
3 0.7404822335025381 0.15428571428571428 0.01649746192893401 0.007142857142857143
3 0.616751269035533 0.16499999999999998 0.02030456852791878 0.008571428571428572
3 0.6313451776649747 0.16285714285714287 0.021573604060913708 0.01
3 0.6510152284263959 0.16464285714285712 0.01269035532994924 0.010714285714285714
3 0.6687817258883249 0.1575 0.02538071065989848 0.009285714285714286
3 0.7341370558375635 0.14178571428571426 0.026649746192893398 0.009285714285714286
3 0.7290609137055838 0.15107142857142855 0.019035532994923856 0.007857142857142858
3 0.7093908629441624 0.14285714285714285 0.02030456852791878 0.007142857142857143
3 0.6986040609137056 0.1457142857142857 0.021573604060913708 0.005714285714285714
3 0.6890862944162437 0.14928571428571427 0.02284263959390863 0.007142857142857143
3 0.675761421319797 0.14964285714285713 0.02918781725888325 0.007857142857142858
10 0.8616751269035533 0.23035714285714287 0.03299492385786802 0.017857142857142856
10 0.91751269035533 0.2089285714285714 0.03299492385786802 0.020714285714285713
10 0.8109137055837563 0.22999999999999998 0.03807106598984771 0.018571428571428572
10 0.7823604060913705 0.22785714285714287 0.04187817258883249 0.02142857142857143
10 0.7588832487309645 0.22785714285714287 0.027918781725888325 0.02142857142857143
10 0.7347715736040609 0.2282142857142857 0.03553299492385787 0.019285714285714285
10 0.7157360406091371 0.22464285714285714 0.03553299492385787 0.019285714285714285
10 0.6935279187817259 0.21821428571428572 0.03934010152284264 0.02214285714285714