3 0.38589981447124305 0.1022964509394572 0.02411873840445269 0.0062630480167014625
10 0.3993506493506493 0.08820459290187892 0.01948051948051948 0.016701461377870565
10 0.3589981447124304 0.11586638830897705 0.03525046382189239 0.009394572025052193
8 0.41558441558441556 0.09733820459290188 0.0055658627087198514 0.003653444676409186
8 0.4012059369202226 0.11482254697286014 0.004638218923933209 0.004175365344467641
8 0.3807977736549165 0.13596033402922758 0.006493506493506493 0.003653444676409186
5 0.4160482374768089 0.09864300626304803 0.004638218923933209 0.0031315240083507312
5 0.4007421150278293 0.11612734864300626 0.0055658627087198514 0.003653444676409186
5 0.3812615955473098 0.1372651356993737 0.0055658627087198514 0.005219206680584551
7 0.29035250463821893 0.13465553235908143 0.0037105751391465673 0.004175365344467641
11 0.2453617810760668 0.19728601252609607 0.041743970315398886 0.013569937369519834
11 0.23330241187384043 0.20093945720250525 0.04730983302411874 0.012526096033402925
3 0.22402597402597402 0.20511482254697289 0.05844155844155843 0.013569937369519834
10 0.21196660482374768 0.21894572025052195 0.08998144712430427 0.018267223382045932
9 0.23515769944341372 0.24399791231732776 0.015769944341372914 0.01304801670146138
5 0.1507421150278293 0.24399791231732776 0.023191094619666047 0.009916492693110648
3 0.3784786641929499 0.23721294363256787 0.03153988868274583 0.016179540709812108
0 0.23979591836734693 0.2774008350730689 0.03061224489795918 0.02244258872651357
11 0.3812615955473098 0.28340292275574114 0.05380333951762523 0.02296450939457203
11 0.4429499072356215 0.2784446764091858 0.05287569573283859 0.029749478079331943
5 0.398886827458256 0.2299060542797495 0.009276437847866418 0.009916492693110648
3 0.0974025974025974 0.28992693110647183 0.08163265306122448 0.01931106471816284
0 0.08163265306122448 0.3105427974947808 0.03525046382189239 0.02609603340292276
5 0.47680890538033394 0.23016701461377875 0.011131725417439703 0.011482254697286014
7 0.044990723562152134 0.3909185803757829 0.02504638218923933 0.02192066805845512
7 0.275974025974026 0.3995302713987474 0.015769944341372914 0.01722338204592902
7 0.28525046382189234 0.39587682672233826 0.017625231910946195 0.01931106471816284
0 0.23005565862708718 0.48147181628392494 0.06864564007421149 0.04749478079331942
5 0.23330241187384043 0.5352296450939458 0.05287569573283859 0.021398747390396662
8 0.39332096474953615 0.5167014613778707 0.027829313543599257 0.02296450939457203
5 0.39239332096474955 0.5232254697286013 0.02411873840445269 0.027661795407098125
0 0.5389610389610389 0.48903966597077253 0.05936920222634508 0.0511482254697286
5 0.6525974025974025 0.5219206680584552 0.04545454545454545 0.018789144050104387
5 0.8701298701298701 0.5219206680584552 0.055658627087198514 0.019832985386221295
9 0.8478664192949907 0.5341858037578289 0.08534322820037105 0.027661795407098125
9 0.8766233766233766 0.5435803757828811 0.08534322820037105 0.036012526096033406
7 0.6836734693877551 0.5237473903966597 0.016697588126159554 0.020354906054279753
7 0.7912801484230054 0.4611169102296451 0.018552875695732836 0.02244258872651357
9 0.8028756957328386 0.46842379958246355 0.06957328385899814 0.04123173277661796
3 0.7221706864564007 0.4569415448851775 0.14007421150278293 0.030793319415448855
7 0.8344155844155844 0.412839248434238 0.013914656771799629 0.020876826722338204
11 0.7003710575139146 0.4021398747390397 0.09461966604823747 0.027661795407098125
10 0.6400742115027829 0.3763048016701462 0.1447124304267161 0.04070981210855951
10 0.4633580705009276 0.410490605427975 0.04545454545454545 0.04018789144050105
8 0.47634508348794063 0.305062630480167 0.015769944341372914 0.012004175365344469
5 0.47727272727272724 0.30793319415448855 0.028756957328385898 0.011482254697286014
9 0.5171614100185529 0.2716597077244259 0.03061224489795918 0.020354906054279753
0 0.5565862708719851 0.25704592901878914 0.025974025974025972 0.01722338204592902
5 0.5927643784786641 0.2520876826722338 0.016697588126159554 0.013569937369519834
7 0.6646567717996289 0.2941022964509395 0.012059369202226345 0.018267223382045932
9 0.6331168831168831 0.25 0.041743970315398886 0.012526096033402925
5 0.6196660482374768 0.25704592901878914 0.02040816326530612 0.009916492693110648
6 0.7402597402597403 0.28131524008350733 0.06122448979591836 0.02192066805845512
2 0.7889610389610389 0.2909707724425888 0.11410018552875695 0.036012526096033406
10 0.8701298701298701 0.27270354906054284 0.08534322820037105 0.027661795407098125
5 0.7903525046382188 0.24504175365344472 0.02040816326530612 0.006784968684759917
5 0.7954545454545454 0.2515657620041754 0.028756957328385898 0.009394572025052193
8 0.8214285714285713 0.2554801670146138 0.01020408163265306 0.006784968684759917
7 0.8121521335807049 0.23903966597077247 0.01020408163265306 0.013569937369519834
7 0.7908163265306122 0.23669102296450942 0.01020408163265306 0.01304801670146138
5 0.8260667903525046 0.24765135699373697 0.017625231910946195 0.01096033402922756
8 0.8538961038961039 0.24347599164926934 0.01020408163265306 0.008872651356993737
8 0.8450834879406308 0.23956158663883093 0.012987012987012986 0.010438413361169102
5 0.8692022263450835 0.23930062630480167 0.018552875695732836 0.009916492693110648
5 0.884508348794063 0.23695198329853864 0.017625231910946195 0.012526096033402925
5 0.8789424860853432 0.24817327766179542 0.017625231910946195 0.008872651356993737
7 0.8961038961038961 0.2411273486430063 0.009276437847866418 0.013569937369519834
1 0.8877551020408162 0.25104384133611696 0.02411873840445269 0.009394572025052193
7 0.900278293135436 0.24008350730688938 0.006493506493506493 0.013569937369519834
8 0.9137291280148423 0.2437369519832986 0.009276437847866418 0.011482254697286014
5 0.9100185528756957 0.23590814196242174 0.018552875695732836 0.010438413361169102
9 0.9137291280148423 0.25 0.022263450834879406 0.015657620041753657
5 0.9281076066790351 0.24921711899791235 0.01948051948051948 0.012004175365344469
5 0.9448051948051948 0.23486430062630484 0.012059369202226345 0.008350730688935283
1 0.9522263450834879 0.23068893528183718 0.017625231910946195 0.007306889352818372
5 0.9772727272727272 0.24895615866388313 0.02504638218923933 0.010438413361169102
5 0.9958246346555324 0.24118738404452691 0.008350730688935281 0.012059369202226345
9 0.9994780793319415 0.23840445269016697 0.0010438413361169101 0.012059369202226345
3 0.9702505219206681 0.26391465677179965 0.059498956158663886 0.021335807050092765
3 0.9916492693110647 0.31307977736549164 0.016701461377870562 0.01948051948051948