7 0.5033333333333333 0.6714285714285714 0.037142857142857144 0.06285714285714286
7 0.48047619047619045 0.5867857142857142 0.04095238095238095 0.04642857142857143
3 0.36857142857142855 0.6607142857142857 0.18666666666666665 0.17714285714285713
3 0.5304761904761904 0.45964285714285713 0.1352380952380952 0.12785714285714286
3 0.8795238095238095 0.5214285714285715 0.12285714285714286 0.13
3 0.9266666666666666 0.4114285714285714 0.09142857142857143 0.09285714285714286
3 0.9547619047619047 0.3217857142857143 0.0676190476190476 0.07071428571428572
3 0.6623809523809523 0.33321428571428574 0.09619047619047619 0.085
7 0.7185714285714285 0.36428571428571427 0.025714285714285714 0.041428571428571426
3 0.8542857142857143 0.31535714285714284 0.08761904761904761 0.08214285714285714
3 0.7342857142857143 0.25392857142857145 0.07619047619047618 0.06642857142857143
3 0.7766666666666666 0.20964285714285713 0.06571428571428571 0.055
3 0.9682142857142857 0.26142857142857145 0.06357142857142857 0.05714285714285714
3 0.8895238095238095 0.25607142857142856 0.07809523809523809 0.07071428571428572
3 0.9842857142857143 0.20095238095238097 0.03142857142857143 0.049523809523809526
3 0.9204761904761903 0.2 0.06 0.054285714285714284
3 0.8057142857142857 0.17214285714285715 0.05714285714285714 0.047142857142857146
3 0.8385714285714285 0.14214285714285715 0.050476190476190466 0.03428571428571429
11 0.8804761904761904 0.08464285714285714 0.04285714285714286 0.035
3 0.900952380952381 0.07285714285714286 0.030476190476190476 0.02857142857142857
3 0.9975 0.048095238095238094 0.005 0.021904761904761906
3 0.9982142857142857 0.03761904761904762 0.0035714285714285713 0.018095238095238095
3 0.9509523809523809 0.02142857142857143 0.02952380952380952 0.024285714285714285
3 0.89 0.048928571428571425 0.0638095238095238 0.023571428571428573
3 0.8295238095238094 0.0375 0.03619047619047619 0.027857142857142858