3 0.2332142857142857 0.005238095238095238 0.04214285714285714 0.010476190476190476
7 0.056190476190476187 0.15535714285714286 0.011428571428571429 0.0064285714285714285
7 0.10857142857142857 0.15714285714285714 0.011428571428571429 0.007142857142857143
10 0.01107142857142857 0.19857142857142857 0.02214285714285714 0.04
3 0.04095238095238095 0.19285714285714287 0.022857142857142857 0.03
10 0.04095238095238095 0.32535714285714284 0.02857142857142857 0.04357142857142857
10 0.14619047619047618 0.3117857142857143 0.03142857142857143 0.04214285714285714
3 0.26142857142857145 0.29285714285714287 0.021904761904761903 0.02857142857142857
3 0.4585714285714286 0.006190476190476191 0.04285714285714286 0.012380952380952381
10 0.30047619047619045 0.16357142857142856 0.021904761904761903 0.04
3 0.3585714285714286 0.20535714285714285 0.021904761904761903 0.030714285714285715
7 0.5666666666666667 0.11285714285714285 0.005714285714285714 0.007142857142857143
1 0.6176190476190476 0.13785714285714284 0.014285714285714285 0.004285714285714286
3 0.7328571428571429 0.11642857142857142 0.018095238095238095 0.02857142857142857
11 0.3466666666666667 0.28285714285714286 0.022857142857142857 0.03
3 0.37047619047619046 0.27714285714285714 0.02095238095238095 0.02857142857142857
3 0.41047619047619044 0.2732142857142857 0.02095238095238095 0.030714285714285715
7 0.44476190476190475 0.2978571428571429 0.007619047619047619 0.005714285714285714
7 0.45 0.29464285714285715 0.006666666666666666 0.005
10 0.4961904761904762 0.18535714285714286 0.02857142857142857 0.04642857142857143
3 0.5461904761904761 0.18142857142857144 0.02 0.032857142857142856
11 0.779047619047619 0.10678571428571429 0.022857142857142857 0.030714285714285715
11 0.5004761904761904 0.6871428571428572 0.04095238095238095 0.022857142857142857
3 0.6109523809523809 0.6110714285714286 0.021904761904761903 0.03214285714285714
3 0.7128571428571429 0.5975 0.02 0.030714285714285715
11 0.7847619047619047 0.5882142857142857 0.022857142857142857 0.03214285714285714
3 0.5776190476190476 0.5303571428571429 0.018095238095238095 0.027857142857142858
3 0.989047619047619 0.49464285714285716 0.021904761904761903 0.030714285714285715
3 0.9176190476190476 0.5703571428571429 0.021904761904761903 0.03214285714285714
3 0.8942857142857142 0.5732142857142857 0.019047619047619046 0.029285714285714286
3 0.87 0.5767857142857142 0.02 0.03214285714285714
5 0.6466666666666666 0.5817857142857142 0.007619047619047619 0.010714285714285714
7 0.749047619047619 0.5782142857142857 0.0047619047619047615 0.0035714285714285713
4 0.7457142857142857 0.5725 0.005714285714285714 0.0064285714285714285
11 0.8176190476190475 0.5039285714285714 0.02 0.029285714285714286
3 0.768095238095238 0.5085714285714286 0.02 0.032857142857142856
10 1 0.029523809523809525 0 0.02761904761904762
10 0.9957142857142857 0.07476190476190477 0.008571428571428572 0.01904761904761905
11 0.9609523809523809 0.045 0.045714285714285714 0.017142857142857144
3 0.9838095238095238 0.1325 0.017142857142857144 0.030714285714285715
11 0.9171428571428571 0.14 0.02095238095238095 0.03
11 0.8938095238095237 0.1425 0.021904761904761903 0.030714285714285715
11 0.9590476190476189 0.21428571428571427 0.022857142857142857 0.03428571428571429
11 0.9128571428571428 0.22035714285714286 0.02 0.027857142857142858
3 0.9361904761904761 0.2175 0.02095238095238095 0.030714285714285715
3 0.8738095238095237 0.22 0.021904761904761903 0.032857142857142856
11 0.8285714285714286 0.2282142857142857 0.02095238095238095 0.027857142857142858
11 0.7914285714285715 0.15464285714285714 0.019047619047619046 0.029285714285714286
3 0.8338095238095238 0.15142857142857144 0.02 0.032857142857142856
3 0.7647619047619046 0.15642857142857142 0.02095238095238095 0.03142857142857143
3 0.7209523809523809 0.16392857142857142 0.02095238095238095 0.03214285714285714
3 0.698095238095238 0.1675 0.019047619047619046 0.030714285714285715
11 0.738095238095238 0.23964285714285713 0.02095238095238095 0.030714285714285715
10 0.7138095238095238 0.24321428571428572 0.018095238095238095 0.029285714285714286
7 0.5833333333333333 0.3171428571428571 0.0047619047619047615 0.004285714285714286
11 0.6595238095238095 0.17035714285714285 0.021904761904761903 0.030714285714285715
11 0.6147619047619047 0.1742857142857143 0.021904761904761903 0.037142857142857144
11 0.6366666666666666 0.1725 0.02 0.029285714285714286
11 0.6766666666666666 0.2475 0.018095238095238095 0.029285714285714286
11 0.6547619047619048 0.2507142857142857 0.018095238095238095 0.025714285714285714
11 0.5647619047619047 0.26071428571428573 0.015238095238095238 0.025714285714285714
11 0.5433333333333333 0.2625 0.01619047619047619 0.02642857142857143
3 0.6319047619047619 0.25142857142857145 0.021904761904761903 0.03142857142857143
3 0.6076190476190476 0.25535714285714284 0.019047619047619046 0.030714285714285715
3 0.5847619047619047 0.25857142857142856 0.019047619047619046 0.03
5 0.8519047619047618 0.44035714285714284 0.01238095238095238 0.0064285714285714285
7 0.8514285714285714 0.4425 0.0038095238095238095 0.005
11 0.8214285714285714 0.5810714285714286 0.02 0.029285714285714286