3 0.046190476190476185 0.013928571428571429 0.01238095238095238 0.0064285714285714285
3 0.05380952380952381 0.019642857142857142 0.008571428571428572 0.0035714285714285713
2 0.08952380952380952 0.03142857142857143 0.03428571428571429 0.017142857142857144
2 0.11619047619047618 0.04321428571428571 0.03238095238095238 0.017857142857142856
7 0.06333333333333332 0.03 0.0047619047619047615 0.004285714285714286
3 0.13714285714285715 0.05678571428571429 0.013333333333333332 0.005
3 0.12714285714285714 0.06107142857142857 0.008571428571428572 0.010714285714285714
2 0.17809523809523808 0.07214285714285715 0.03619047619047619 0.02142857142857143
3 0.2076190476190476 0.0875 0.013333333333333332 0.007857142857142858
2 0.1419047619047619 0.02142857142857143 0.030476190476190476 0.018571428571428572
2 0.1576190476190476 0.013928571428571429 0.039047619047619046 0.016428571428571428
2 0.17095238095238094 0.03321428571428572 0.03142857142857143 0.020714285714285713
2 0.20142857142857143 0.013928571428571429 0.03333333333333333 0.017857142857142856
11 0.13714285714285715 0.008214285714285714 0.013333333333333332 0.009285714285714286
11 0.10095238095238093 0.015714285714285715 0.017142857142857144 0.008571428571428572
3 0.11476190476190476 0.01 0.018095238095238095 0.01
3 0.14107142857142857 0.002857142857142857 0.009285714285714286 0.005714285714285714
11 0.1676190476190476 0.004642857142857143 0.013333333333333332 0.0064285714285714285
3 0.21571428571428572 0.03571428571428571 0.01619047619047619 0.007142857142857143
3 0.22047619047619044 0.0375 0.010476190476190476 0.0064285714285714285
3 0.24095238095238095 0.03357142857142857 0.009523809523809523 0.007142857142857143
3 0.23523809523809522 0.04 0.011428571428571429 0.005714285714285714
3 0.22857142857142856 0.055714285714285716 0.009523809523809523 0.008571428571428572
3 0.2338095238095238 0.05892857142857143 0.01238095238095238 0.009285714285714286
3 0.2176190476190476 0.04607142857142857 0.01238095238095238 0.007857142857142858
3 0.26571428571428574 0.14357142857142857 0.017142857142857144 0.008571428571428572
3 0.2838095238095238 0.16035714285714286 0.017142857142857144 0.010714285714285714
3 0.3304761904761904 0.17714285714285713 0.019047619047619046 0.01
3 0.3580952380952381 0.17821428571428571 0.019047619047619046 0.010714285714285714
3 0.39809523809523806 0.1717857142857143 0.017142857142857144 0.010714285714285714
3 0.41952380952380947 0.18035714285714285 0.018095238095238095 0.010714285714285714
3 0.44190476190476186 0.18928571428571428 0.015238095238095238 0.011428571428571429
3 0.4642857142857143 0.1992857142857143 0.01619047619047619 0.011428571428571429
3 0.48857142857142855 0.2125 0.015238095238095238 0.013571428571428571
3 0.45714285714285713 0.225 0.022857142857142857 0.011428571428571429
7 0.19047619047619044 0.04964285714285714 0.0038095238095238095 0.002142857142857143
7 0.2076190476190476 0.05 0.0019047619047619048 0.004285714285714286
7 0.24190476190476187 0.10607142857142857 0.0038095238095238095 0.005
2 0.23095238095238094 0.09357142857142857 0.037142857142857144 0.022857142857142857
2 0.33666666666666667 0.15821428571428572 0.04666666666666666 0.027857142857142858
7 0.3442857142857143 0.1332142857142857 0.0047619047619047615 0.0064285714285714285
7 0.3414285714285714 0.14892857142857144 0.0047619047619047615 0.007857142857142858
3 0.2438095238095238 0.060714285714285714 0.015238095238095238 0.008571428571428572
3 0.25 0.06464285714285714 0.014285714285714285 0.009285714285714286
3 0.2552380952380952 0.07142857142857142 0.013333333333333332 0.011428571428571429
3 0.26 0.07285714285714286 0.009523809523809523 0.008571428571428572
3 0.27 0.07857142857142857 0.01238095238095238 0.008571428571428572
3 0.2680952380952381 0.07285714285714286 0.008571428571428572 0.008571428571428572
3 0.28 0.08107142857142857 0.015238095238095238 0.010714285714285714
3 0.289047619047619 0.08464285714285714 0.01238095238095238 0.012142857142857143
3 0.2995238095238095 0.08464285714285714 0.01238095238095238 0.012142857142857143
3 0.29619047619047617 0.09107142857142857 0.013333333333333332 0.009285714285714286
3 0.3057142857142857 0.09392857142857143 0.011428571428571429 0.010714285714285714
3 0.3138095238095238 0.09928571428571428 0.014285714285714285 0.011428571428571429
3 0.32142857142857145 0.10535714285714286 0.01619047619047619 0.009285714285714286
3 0.3133333333333333 0.10178571428571428 0.019047619047619046 0.012142857142857143
3 0.32619047619047614 0.105 0.014285714285714285 0.01
3 0.3338095238095238 0.10928571428571429 0.01619047619047619 0.007142857142857143
3 0.3352380952380952 0.11107142857142857 0.015238095238095238 0.013571428571428571
3 0.3457142857142857 0.115 0.017142857142857144 0.01
3 0.3514285714285714 0.11964285714285715 0.015238095238095238 0.012142857142857143
3 0.3723809523809523 0.12642857142857142 0.02095238095238095 0.01
3 0.3914285714285714 0.12607142857142858 0.015238095238095238 0.007857142857142858
3 0.39904761904761904 0.12892857142857142 0.015238095238095238 0.009285714285714286
3 0.40952380952380946 0.13178571428571428 0.017142857142857144 0.013571428571428571
3 0.4109523809523809 0.13607142857142857 0.018095238095238095 0.012142857142857143
3 0.4185714285714286 0.13857142857142857 0.010476190476190476 0.011428571428571429
3 0.4257142857142857 0.14035714285714285 0.015238095238095238 0.012142857142857143
3 0.4352380952380952 0.1425 0.013333333333333332 0.012142857142857143
3 0.4433333333333333 0.14714285714285713 0.014285714285714285 0.011428571428571429
3 0.4514285714285714 0.14964285714285713 0.015238095238095238 0.012142857142857143
3 0.45904761904761904 0.1525 0.015238095238095238 0.009285714285714286
3 0.4652380952380952 0.15785714285714286 0.014285714285714285 0.014285714285714285
3 0.47619047619047616 0.16071428571428573 0.02095238095238095 0.011428571428571429
3 0.4828571428571429 0.16142857142857142 0.013333333333333332 0.008571428571428572
3 0.48857142857142855 0.16607142857142856 0.013333333333333332 0.009285714285714286
3 0.46238095238095234 0.17892857142857144 0.018095238095238095 0.009285714285714286
3 0.439047619047619 0.1707142857142857 0.017142857142857144 0.008571428571428572
3 0.5928571428571429 0.1475 0.018095238095238095 0.009285714285714286
7 0.030476190476190476 0.28714285714285714 0.007619047619047619 0.008571428571428572
6 0.043809523809523805 0.26857142857142857 0.02857142857142857 0.017142857142857144
3 0.6133333333333333 0.1382142857142857 0.015238095238095238 0.012142857142857143
3 0.6204761904761904 0.15785714285714286 0.010476190476190476 0.01
3 0.6347619047619047 0.1442857142857143 0.02 0.008571428571428572
3 0.6319047619047619 0.16857142857142857 0.02 0.008571428571428572
3 0.5504761904761905 0.165 0.019047619047619046 0.011428571428571429
3 0.5738095238095238 0.155 0.018095238095238095 0.01
3 0.499047619047619 0.17714285714285713 0.022857142857142857 0.011428571428571429
6 0.42714285714285716 0.22107142857142856 0.014285714285714285 0.010714285714285714
3 0.37 0.24357142857142858 0.025714285714285714 0.014285714285714285
3 0.3609523809523809 0.26607142857142857 0.02095238095238095 0.013571428571428571
3 0.36 0.2985714285714286 0.019047619047619046 0.015714285714285715
3 0.4495238095238095 0.25642857142857145 0.02095238095238095 0.015714285714285715
3 0.51 0.21964285714285714 0.021904761904761903 0.012142857142857143
7 0.5204761904761904 0.18357142857142858 0.0047619047619047615 0.005714285714285714
7 0.4942857142857143 0.18642857142857142 0.005714285714285714 0.004285714285714286
7 0.5314285714285715 0.17607142857142857 0.0038095238095238095 0.007857142857142858
7 0.5361904761904762 0.20142857142857143 0.0038095238095238095 0.004285714285714286
7 0.5385714285714286 0.19071428571428573 0.0047619047619047615 0.005714285714285714
7 0.34809523809523807 0.28714285714285714 0.006666666666666666 0.011428571428571429
11 0.4666666666666666 0.24142857142857144 0.022857142857142857 0.011428571428571429
2 0.5357142857142857 0.2417857142857143 0.050476190476190466 0.029285714285714286
3 0.5123809523809524 0.2764285714285714 0.02857142857142857 0.014285714285714285
3 0.5385714285714286 0.2689285714285714 0.023809523809523805 0.013571428571428571
3 0.5619047619047619 0.26964285714285713 0.019047619047619046 0.012142857142857143
3 0.5938095238095238 0.25857142857142856 0.023809523809523805 0.012857142857142857
3 0.6223809523809524 0.2714285714285714 0.021904761904761903 0.012857142857142857
3 0.5971428571428572 0.275 0.022857142857142857 0.011428571428571429
3 0.5442857142857143 0.235 0.02 0.014285714285714285
3 0.5709523809523809 0.24857142857142858 0.02 0.011428571428571429
5 0.57 0.2596428571428571 0.010476190476190476 0.007857142857142858
8 0.57 0.25821428571428573 0.006666666666666666 0.005
10 0.5547619047619048 0.2885714285714286 0.037142857142857144 0.022857142857142857
3 0.3871428571428571 0.2892857142857143 0.02 0.015714285714285715
3 0.5985714285714285 0.2175 0.021904761904761903 0.007857142857142858
3 0.61 0.22107142857142856 0.014285714285714285 0.012142857142857143
3 0.6204761904761904 0.22678571428571428 0.021904761904761903 0.013571428571428571
3 0.63 0.23035714285714284 0.018095238095238095 0.010714285714285714
3 0.6385714285714286 0.23357142857142857 0.018095238095238095 0.008571428571428572
3 0.6576190476190475 0.24321428571428572 0.018095238095238095 0.012142857142857143
3 0.6680952380952381 0.24607142857142858 0.021904761904761903 0.012142857142857143
3 0.6995238095238094 0.18928571428571428 0.02 0.01
3 0.698095238095238 0.23892857142857143 0.02095238095238095 0.010714285714285714
3 0.6909523809523809 0.22392857142857142 0.023809523809523805 0.015
3 0.7004761904761905 0.2225 0.021904761904761903 0.013571428571428571
3 0.709047619047619 0.21607142857142858 0.021904761904761903 0.012142857142857143
3 0.7295238095238095 0.17821428571428571 0.015238095238095238 0.013571428571428571
3 0.718095238095238 0.17535714285714285 0.015238095238095238 0.012142857142857143
3 0.6904761904761905 0.19428571428571428 0.02476190476190476 0.014285714285714285
3 0.6923809523809523 0.09714285714285714 0.015238095238095238 0.01
11 0.7038095238095238 0.11178571428571428 0.013333333333333332 0.010714285714285714
11 0.7171428571428572 0.07928571428571428 0.009523809523809523 0.01
3 0.7085714285714285 0.09035714285714286 0.015238095238095238 0.009285714285714286
3 0.7109523809523809 0.10857142857142857 0.01238095238095238 0.007142857142857143
3 0.72 0.10535714285714286 0.015238095238095238 0.0064285714285714285
3 0.7285714285714285 0.10321428571428572 0.02095238095238095 0.009285714285714286
3 0.7023809523809523 0.07357142857142857 0.01619047619047619 0.01
3 0.7352380952380951 0.09571428571428571 0.017142857142857144 0.007142857142857143
3 0.7414285714285714 0.06535714285714286 0.014285714285714285 0.007857142857142858
3 0.7309523809523809 0.062142857142857146 0.008571428571428572 0.008571428571428572
3 0.7461904761904761 0.09392857142857143 0.018095238095238095 0.007857142857142858
3 0.7552380952380952 0.09107142857142857 0.015238095238095238 0.009285714285714286
3 0.7609523809523809 0.08714285714285715 0.02095238095238095 0.008571428571428572
3 0.7619047619047618 0.08321428571428571 0.015238095238095238 0.007857142857142858
3 0.7242857142857143 0.06 0.014285714285714285 0.008571428571428572
3 0.718095238095238 0.05928571428571429 0.015238095238095238 0.008571428571428572
3 0.7085714285714285 0.05607142857142857 0.013333333333333332 0.005
3 0.7014285714285714 0.05392857142857143 0.010476190476190476 0.0064285714285714285
3 0.6957142857142857 0.05357142857142857 0.01238095238095238 0.008571428571428572
3 0.6885714285714286 0.04964285714285714 0.011428571428571429 0.0064285714285714285
11 0.9233333333333332 0.07571428571428572 0.014285714285714285 0.011428571428571429
11 0.9428571428571428 0.07535714285714286 0.013333333333333332 0.010714285714285714
11 0.9638095238095238 0.05285714285714286 0.013333333333333332 0.011428571428571429
11 0.9747619047619046 0.05035714285714286 0.010476190476190476 0.009285714285714286
11 0.9766666666666666 0.04071428571428572 0.01619047619047619 0.007142857142857143
3 0.9642857142857143 0.0325 0.010476190476190476 0.007857142857142858
3 0.9366666666666666 0.06857142857142857 0.010476190476190476 0.008571428571428572
3 0.9939285714285714 0.2795238095238095 0.012142857142857143 0.013333333333333334
7 0.9989285714285714 0.2947619047619048 0.002142857142857143 0.006666666666666667
7 0.1338095238095238 0.3775 0.008571428571428572 0.0064285714285714285
3 0.17142857142857143 0.4042857142857143 0.026666666666666665 0.017142857142857144
3 0.9385714285714286 0.3264285714285714 0.02 0.014285714285714285
3 0.9333333333333332 0.38392857142857145 0.03238095238095238 0.015
3 0.9295238095238094 0.4542857142857143 0.0419047619047619 0.012857142857142857
3 0.9333333333333332 0.5103571428571428 0.0419047619047619 0.013571428571428571
7 0.9996428571428572 0.3985714285714286 0.0007142857142857143 0.008571428571428572
8 0.8390476190476189 0.4967857142857143 0.0038095238095238095 0.005
8 0.8319047619047618 0.41928571428571426 0.0047619047619047615 0.007142857142857143
5 0.8404761904761904 0.49857142857142855 0.01238095238095238 0.008571428571428572
5 0.8314285714285714 0.4210714285714286 0.009523809523809523 0.0064285714285714285
4 0.9876190476190475 0.29428571428571426 0.015238095238095238 0.01
7 0.978095238095238 0.34535714285714286 0.005714285714285714 0.0064285714285714285
7 0.9685714285714285 0.3314285714285714 0.005714285714285714 0.005714285714285714
7 0.978095238095238 0.2882142857142857 0.005714285714285714 0.0064285714285714285
7 0.9557142857142857 0.3067857142857143 0.002857142857142857 0.0064285714285714285
7 0.9409523809523809 0.3578571428571429 0.005714285714285714 0.005714285714285714
7 0.9533333333333333 0.32392857142857145 0.005714285714285714 0.0064285714285714285
7 0.9538095238095238 0.36678571428571427 0.0047619047619047615 0.0064285714285714285
7 0.9519047619047618 0.335 0.0047619047619047615 0.005714285714285714
7 0.8495238095238095 0.3585714285714286 0.005714285714285714 0.007142857142857143
7 0.7561904761904761 0.5060714285714286 0.005714285714285714 0.0064285714285714285
4 0.7647619047619046 0.48142857142857143 0.011428571428571429 0.01
7 0.7319047619047618 0.4764285714285714 0.006666666666666666 0.005714285714285714
7 0.869047619047619 0.34535714285714286 0.006666666666666666 0.0064285714285714285
7 0.7814285714285715 0.2975 0.0047619047619047615 0.005
7 0.9523809523809523 0.33107142857142857 0.0038095238095238095 0.005
7 0.9404761904761904 0.3703571428571429 0.0047619047619047615 0.0064285714285714285
7 0.9447619047619047 0.3653571428571429 0.0038095238095238095 0.005
7 0.9176190476190476 0.36464285714285716 0.0047619047619047615 0.0064285714285714285
7 0.9223809523809523 0.3675 0.0047619047619047615 0.007857142857142858
7 0.9276190476190476 0.36892857142857144 0.005714285714285714 0.0064285714285714285
7 0.6904761904761905 0.5139285714285714 0.005714285714285714 0.0064285714285714285
0 0.8971428571428571 0.3610714285714286 0.02476190476190476 0.016428571428571428
11 0.8828571428571429 0.4132142857142857 0.03619047619047619 0.019285714285714285
3 0.8142857142857143 0.43857142857142856 0.03238095238095238 0.02
3 0.8428571428571429 0.43535714285714283 0.03238095238095238 0.016428571428571428
3 0.8571428571428571 0.4175 0.03428571428571429 0.020714285714285713
3 0.8476190476190475 0.39464285714285713 0.030476190476190476 0.015
3 0.8038095238095238 0.39357142857142857 0.03238095238095238 0.018571428571428572
3 0.7819047619047618 0.4057142857142857 0.02476190476190476 0.02
3 0.75 0.4010714285714286 0.03142857142857143 0.017857142857142856
7 0.7271428571428571 0.4675 0.0047619047619047615 0.005
7 0.85 0.42428571428571427 0.0047619047619047615 0.005714285714285714
7 0.8376190476190475 0.4228571428571429 0.0047619047619047615 0.005714285714285714
3 0.8052380952380952 0.32607142857142857 0.027619047619047616 0.016428571428571428
3 0.6028571428571429 0.2907142857142857 0.019047619047619046 0.012857142857142857
3 0.6938095238095238 0.33107142857142857 0.025714285714285714 0.013571428571428571
3 0.76 0.3289285714285714 0.022857142857142857 0.013571428571428571
3 0.8319047619047618 0.36464285714285716 0.02952380952380952 0.010714285714285714
3 0.7457142857142857 0.3678571428571429 0.03238095238095238 0.017142857142857144
3 0.6842857142857143 0.3375 0.023809523809523805 0.012142857142857143
3 0.6752380952380952 0.3485714285714286 0.02476190476190476 0.015714285714285715
3 0.6495238095238095 0.3525 0.02857142857142857 0.013571428571428571
3 0.6342857142857142 0.3314285714285714 0.026666666666666665 0.014285714285714285
3 0.65 0.31 0.025714285714285714 0.014285714285714285
3 0.6123809523809524 0.335 0.02476190476190476 0.015714285714285715
3 0.6176190476190476 0.4539285714285714 0.03142857142857143 0.020714285714285713
3 0.53 0.45071428571428573 0.027619047619047616 0.02142857142857143
3 0.5428571428571428 0.48642857142857143 0.030476190476190476 0.024285714285714285
3 0.7123809523809523 0.3682142857142857 0.03238095238095238 0.017857142857142856
3 0.6523809523809523 0.29928571428571427 0.026666666666666665 0.012857142857142857
3 0.5695238095238094 0.31285714285714283 0.02476190476190476 0.015714285714285715
3 0.539047619047619 0.2982142857142857 0.02095238095238095 0.012142857142857143
11 0.5866666666666666 0.3067857142857143 0.02476190476190476 0.017857142857142856
11 0.5971428571428572 0.29642857142857143 0.022857142857142857 0.012857142857142857
11 0.6228571428571429 0.485 0.02857142857142857 0.02
11 0.7338095238095238 0.3482142857142857 0.027619047619047616 0.016428571428571428
11 0.7028571428571428 0.38035714285714284 0.026666666666666665 0.019285714285714285
11 0.7519047619047617 0.3364285714285714 0.025714285714285714 0.014285714285714285
11 0.7723809523809523 0.365 0.03428571428571429 0.02
11 0.8119047619047618 0.38107142857142856 0.03333333333333333 0.019285714285714285
8 0.9457142857142857 0.6182142857142857 0.007619047619047619 0.005
8 0.8414285714285714 0.6717857142857143 0.008571428571428572 0.0064285714285714285
5 0.9466666666666667 0.6210714285714286 0.015238095238095238 0.0064285714285714285
5 0.8419047619047618 0.6735714285714286 0.013333333333333332 0.017142857142857144
4 0.8876190476190475 0.6342857142857142 0.02095238095238095 0.02
10 0.9019047619047618 0.7085714285714285 0.08571428571428572 0.07857142857142857
3 0.8538095238095238 0.5428571428571428 0.04095238095238095 0.017142857142857144
3 0.8095238095238094 0.6732142857142858 0.02857142857142857 0.030714285714285715
3 0.739047619047619 0.7071428571428572 0.03809523809523809 0.037142857142857144
3 0.7866666666666666 0.6603571428571429 0.03619047619047619 0.030714285714285715
3 0.7728571428571429 0.64 0.035238095238095235 0.03
3 0.7371428571428571 0.6164285714285714 0.03809523809523809 0.02857142857142857
3 0.7195238095238095 0.59 0.035238095238095235 0.027142857142857142
11 0.39476190476190476 0.32857142857142857 0.023809523809523805 0.02
7 0.6747619047619048 0.5585714285714286 0.0047619047619047615 0.007142857142857143
7 0.6904761904761905 0.5775 0.0038095238095238095 0.005
7 0.6676190476190476 0.5607142857142857 0.0038095238095238095 0.005714285714285714
7 0.5057142857142857 0.4125 0.007619047619047619 0.007857142857142858
3 0.4919047619047619 0.45714285714285713 0.03142857142857143 0.02142857142857143
5 0.49142857142857144 0.44035714285714284 0.015238095238095238 0.007857142857142858
5 0.48380952380952374 0.43357142857142855 0.011428571428571429 0.01
3 0.48047619047619045 0.4275 0.025714285714285714 0.020714285714285713
3 0.4642857142857143 0.41785714285714287 0.03142857142857143 0.017142857142857144
3 0.4542857142857143 0.4125 0.026666666666666665 0.016428571428571428
3 0.4452380952380952 0.4042857142857143 0.027619047619047616 0.014285714285714285
7 0.6076190476190476 0.4625 0.005714285714285714 0.0064285714285714285
3 0.5966666666666666 0.5035714285714286 0.035238095238095235 0.024285714285714285
3 0.5542857142857143 0.5375 0.03428571428571429 0.023571428571428573
3 0.45190476190476186 0.5464285714285714 0.035238095238095235 0.027142857142857142
3 0.4833333333333333 0.5814285714285714 0.03333333333333333 0.024285714285714285
3 0.5014285714285714 0.5685714285714286 0.03333333333333333 0.02142857142857143
3 0.519047619047619 0.5578571428571428 0.03428571428571429 0.022857142857142857
3 0.5366666666666666 0.5471428571428572 0.02952380952380952 0.022857142857142857
3 0.5671428571428572 0.5242857142857142 0.03333333333333333 0.02142857142857143
3 0.5819047619047619 0.515 0.03238095238095238 0.02142857142857143
3 0.41380952380952374 0.5721428571428572 0.035238095238095235 0.024285714285714285
3 0.37285714285714283 0.6 0.02952380952380952 0.025714285714285714
3 0.32285714285714284 0.6307142857142857 0.04 0.024285714285714285
3 0.2723809523809524 0.6625 0.04 0.029285714285714286
11 0.28809523809523807 0.6257142857142857 0.039047619047619046 0.02857142857142857
7 0.09952380952380951 0.735 0.010476190476190476 0.007142857142857143
7 0.23523809523809522 0.6882142857142857 0.007619047619047619 0.0035714285714285713