11 0.5184010152284264 0.1717857142857143 0.05710659898477158 0.03642857142857143
11 0.666243654822335 0.03357142857142857 0.030456852791878174 0.018571428571428572
3 0.6199238578680203 0.007142857142857143 0.026649746192893398 0.011428571428571429
3 0.5241116751269036 0.11749999999999998 0.04060913705583756 0.02214285714285714
3 0.3299492385786802 0.19214285714285714 0.06091370558375635 0.024285714285714282
3 0.4562182741116751 0.10714285714285715 0.04187817258883249 0.018571428571428572
3 0.3197969543147208 0.12464285714285714 0.053299492385786795 0.017857142857142856
10 0.4911167512690356 0.054285714285714284 0.05583756345177665 0.032857142857142856
10 0.6954314720812182 0.04428571428571428 0.043147208121827416 0.037142857142857144
3 0.47144670050761417 0.0475 0.026649746192893398 0.010714285714285714
7 0.5513959390862944 0.5532142857142857 0.021573604060913708 0.016428571428571428
7 0.5748730964467005 0.5571428571428572 0.02030456852791878 0.008571428571428572
7 0.8534263959390863 0.3267857142857143 0.011421319796954314 0.013571428571428571
7 0.8191624365482234 0.31 0.01649746192893401 0.012857142857142857
7 0.8210659898477157 0.3225 0.01015228426395939 0.010714285714285714
7 0.8261421319796954 0.33464285714285713 0.007614213197969543 0.015000000000000001
7 0.8191624365482234 0.34 0.00634517766497462 0.012857142857142857
3 0.9467005076142133 0.5328571428571428 0.06091370558375635 0.05714285714285714
3 0.9067258883248732 0.39464285714285713 0.04187817258883249 0.03214285714285715
10 0.9156091370558376 0.4475 0.07741116751269035 0.07642857142857143
2 0.9646428571428571 0.3934010152284264 0.07071428571428572 0.0901015228426396
10 0.9785714285714285 0.15228426395939088 0.04285714285714286 0.04060913705583756
3 0.868020304568528 0.07642857142857143 0.02030456852791878 0.01
3 0.8769035532994923 0.06928571428571428 0.02030456852791878 0.011428571428571429
3 0.8845177664974619 0.0625 0.015228426395939087 0.009285714285714286
11 0.8902284263959391 0.054285714285714284 0.01649746192893401 0.011428571428571429
11 0.8908629441624365 0.044642857142857144 0.017766497461928935 0.016428571428571428
11 0.9822335025380712 0.05714285714285714 0.017766497461928935 0.014285714285714285
3 0.9555837563451777 0.027499999999999997 0.015228426395939087 0.009285714285714286
11 0.9498730964467005 0.02035714285714286 0.013959390862944163 0.012142857142857141
11 0.9371827411167514 0.008928571428571428 0.01649746192893401 0.009285714285714286
10 0.8921319796954316 0.031071428571428573 0.027918781725888325 0.019285714285714285
10 0.9194162436548223 0.024642857142857143 0.026649746192893398 0.024999999999999998
10 0.8718274111675126 0.016428571428571428 0.02284263959390863 0.018571428571428572
3 0.8807106598984772 0.007500000000000001 0.01269035532994924 0.009285714285714286
3 0.8940355329949239 0.022857142857142857 0.01649746192893401 0.011428571428571429
7 0.003928571428571429 0.21890862944162437 0.007857142857142858 0.013959390862944163
7 0.008883248730964468 0.2032142857142857 0.015228426395939087 0.012142857142857141
7 0.013959390862944163 0.20071428571428573 0.01269035532994924 0.014285714285714285
7 0.020939086294416244 0.19821428571428573 0.013959390862944163 0.012142857142857141
7 0.125 0.16 0.011421319796954314 0.012857142857142857
7 0.22525380710659898 0.11499999999999999 0.011421319796954314 0.011428571428571429
7 0.19225888324873097 0.1392857142857143 0.008883248730964468 0.011428571428571429
7 0.2893401015228426 0.09714285714285713 0.007614213197969543 0.011428571428571429
7 0.30647208121827413 0.09142857142857143 0.00634517766497462 0.01
7 0.3102791878172589 0.09071428571428572 0.00634517766497462 0.01
7 0.315989847715736 0.09107142857142855 0.005076142131979695 0.009285714285714286
7 0.3197969543147208 0.09 0.007614213197969543 0.01
7 0.39847715736040606 0.057499999999999996 0.007614213197969543 0.009285714285714286
7 0.3908629441624366 0.06535714285714285 0.007614213197969543 0.007857142857142858
7 0.38261421319796957 0.06535714285714285 0.00634517766497462 0.007857142857142858
7 0.20748730964467005 0.13642857142857143 0.01649746192893401 0.015714285714285715