3 0.27365491651205937 0.36769311064718163 0.06864564007421149 0.029749478079331943
3 0.3557513914656772 0.3402922755741128 0.06586270871985157 0.027139874739039668
1 0.4466604823747681 0.30349686847599167 0.023191094619666047 0.008872651356993737
10 0.5500927643784786 0.26383089770354906 0.11688311688311687 0.04749478079331942
3 0.6530612244897959 0.2254697286012526 0.051948051948051945 0.016701461377870565
11 0.6641929499072357 0.2147703549060543 0.04638218923933209 0.018267223382045932
3 0.7578849721706864 0.19076200417536537 0.04823747680890538 0.016179540709812108
3 0.797773654916512 0.18319415448851775 0.04638218923933209 0.016701461377870565
7 0.8089053803339518 0.17849686847599167 0.009276437847866418 0.009394572025052193
3 0.8404452690166976 0.21424843423799586 0.04823747680890538 0.021398747390396662
3 0.8914656771799628 0.19702505219206684 0.04452690166975881 0.018267223382045932
3 0.9703153988868274 0.13700417536534448 0.03896103896103896 0.014091858037578288
9 0.9963465553235908 0.044990723562152134 0.007306889352818371 0.012059369202226345
3 0.9466604823747681 0.044363256784968684 0.03061224489795918 0.010438413361169102
11 0.8320964749536178 0.06445720250521922 0.03153988868274583 0.01096033402922756
3 0.647495361781076 0.07437369519832986 0.03710575139146567 0.012004175365344469
3 0.586734693877551 0.08716075156576202 0.0398886827458256 0.011482254697286014
3 0.6377551020408163 0.07124217118997914 0.03617810760667903 0.01096033402922756
3 0.6549165120593691 0.06289144050104385 0.03339517625231911 0.009916492693110648
3 0.2949907235621521 0.1041231732776618 0.04081632653061224 0.012004175365344469
11 0.199443413729128 0.17640918580375783 0.057513914656771796 0.017745302713987474
3 0.2680890538033395 0.1607515657620042 0.04823747680890538 0.014613778705636744
3 0.28617810760667906 0.15292275574112738 0.04545454545454545 0.015657620041753657
3 0.312152133580705 0.14665970772442588 0.04545454545454545 0.014613778705636744
7 0.47309833024118736 0.1268267223382046 0.007421150278293135 0.007306889352818372