3 0.4685714285714286 0.5682142857142857 0.08952380952380952 0.06642857142857143
3 0.4657142857142857 0.5014285714285714 0.06285714285714286 0.05
3 0.518095238095238 0.4367857142857143 0.03809523809523809 0.030714285714285715
3 0.6166666666666666 0.38607142857142857 0.035238095238095235 0.025
3 0.5495238095238094 0.3725 0.026666666666666665 0.020714285714285713
3 0.5004761904761904 0.3717857142857143 0.025714285714285714 0.02214285714285714
3 0.5447619047619048 0.31892857142857145 0.022857142857142857 0.017857142857142856
3 0.5085714285714286 0.30857142857142855 0.019047619047619046 0.017142857142857144
3 0.5395238095238095 0.2910714285714286 0.018095238095238095 0.010714285714285714
3 0.5161904761904762 0.26857142857142857 0.015238095238095238 0.008571428571428572
3 0.5428571428571428 0.265 0.013333333333333332 0.011428571428571429
3 0.8233333333333333 0.49 0.10571428571428572 0.03
3 0.7076190476190476 0.4160714285714286 0.0419047619047619 0.03357142857142857
11 0.9271428571428572 0.465 0.0638095238095238 0.03428571428571429
3 0.8761904761904761 0.4521428571428571 0.08761904761904761 0.025714285714285714
3 0.8609523809523809 0.4392857142857143 0.08761904761904761 0.025714285714285714
3 0.8057142857142857 0.385 0.06095238095238095 0.018571428571428572
3 0.7938095238095237 0.3742857142857143 0.056190476190476187 0.02142857142857143
3 0.7628571428571429 0.3489285714285714 0.05333333333333333 0.017857142857142856
3 0.6757142857142857 0.3825 0.035238095238095235 0.023571428571428573
3 0.5171428571428571 0.6957142857142857 0.14476190476190476 0.09285714285714286
3 0.18095238095238095 0.4957142857142857 0.09904761904761904 0.047142857142857146
10 0.9996428571428572 0.5166666666666667 0.0007142857142857143 0.0419047619047619
7 0.9742857142857143 0.5117857142857143 0.011428571428571429 0.029285714285714286
7 0.9871428571428571 0.5064285714285715 0.008571428571428572 0.024285714285714285
8 0.7919047619047618 0.5467857142857143 0.02 0.02214285714285714
8 0.6085714285714285 0.4542857142857143 0.02095238095238095 0.02142857142857143
7 0.10857142857142857 0.4575 0.02095238095238095 0.029285714285714286
1 0.7938095238095237 0.5575 0.023809523809523805 0.025
1 0.10904761904761905 0.4660714285714286 0.021904761904761903 0.020714285714285713
5 0.6085714285714285 0.4592857142857143 0.02476190476190476 0.022857142857142857
7 0.46047619047619043 0.45571428571428574 0.02 0.027142857142857142
3 0.4295238095238095 0.2739285714285714 0.015238095238095238 0.010714285714285714
3 0.518095238095238 0.25821428571428573 0.011428571428571429 0.009285714285714286
3 0.520952380952381 0.245 0.011428571428571429 0.007142857142857143
3 0.5404761904761904 0.24642857142857144 0.010476190476190476 0.007142857142857143
3 0.49380952380952375 0.2357142857142857 0.010476190476190476 0.007142857142857143
3 0.4776190476190476 0.23535714285714285 0.008571428571428572 0.0064285714285714285
3 0.5238095238095237 0.22607142857142856 0.007619047619047619 0.005
3 0.5261904761904762 0.21785714285714286 0.008571428571428572 0.004285714285714286
3 0.48380952380952374 0.22714285714285715 0.007619047619047619 0.005714285714285714
4 0.4442857142857143 0.26035714285714284 0.008571428571428572 0.02214285714285714
4 0.45714285714285713 0.24857142857142858 0.009523809523809523 0.018571428571428572
4 0.4657142857142857 0.2317857142857143 0.009523809523809523 0.007857142857142858
4 0.5495238095238094 0.22107142857142856 0.009523809523809523 0.02214285714285714
4 0.5247619047619048 0.19392857142857142 0.030476190476190476 0.02214285714285714
3 0.5623809523809523 0.25035714285714283 0.010476190476190476 0.0064285714285714285
3 0.5676190476190476 0.26 0.011428571428571429 0.007142857142857143
3 0.5776190476190476 0.26857142857142857 0.01238095238095238 0.008571428571428572
4 0.709047619047619 0.31107142857142855 0.03142857142857143 0.02642857142857143
3 0.759047619047619 0.3407142857142857 0.045714285714285714 0.014285714285714285
4 0.2885714285714286 0.29214285714285715 0.03809523809523809 0.022857142857142857
4 0.3304761904761904 0.2742857142857143 0.022857142857142857 0.018571428571428572
4 0.239047619047619 0.31535714285714284 0.04 0.023571428571428573
3 0.037142857142857144 0.43238095238095237 0.07428571428571429 0.02857142857142857
3 0.048095238095238094 0.4160714285714286 0.09428571428571429 0.02642857142857143
3 0.08619047619047618 0.4067857142857143 0.08666666666666667 0.020714285714285713
3 0.09904761904761904 0.39535714285714285 0.07428571428571429 0.019285714285714285
3 0.11047619047619046 0.3871428571428571 0.08 0.02
3 0.1357142857142857 0.37857142857142856 0.07523809523809523 0.02
3 0.14285714285714285 0.3707142857142857 0.06857142857142857 0.017142857142857144
3 0.02035714285714286 0.4038095238095238 0.04071428571428572 0.03142857142857143
10 0.19523809523809524 0.42214285714285715 0.07428571428571429 0.04857142857142857
7 0.20666666666666667 0.44357142857142856 0.017142857142857144 0.02142857142857143
7 0.14619047619047618 0.4682142857142857 0.014285714285714285 0.025
7 0.1938095238095238 0.4417857142857143 0.01619047619047619 0.025
8 0.14047619047619048 0.47785714285714287 0.018095238095238095 0.025714285714285714
5 0.1457142857142857 0.48142857142857143 0.04761904761904761 0.015714285714285715