7 0.5547619047619048 0.555 0.02 0.02
7 0.4933333333333333 0.545 0.015238095238095238 0.02
7 0.48428571428571426 0.5217857142857143 0.014285714285714285 0.017857142857142856
7 0.5638095238095238 0.5385714285714286 0.017142857142857144 0.014285714285714285
7 0.569047619047619 0.5228571428571429 0.018095238095238095 0.017142857142857144
7 0.6942857142857143 0.6035714285714285 0.019047619047619046 0.017142857142857144
7 0.44619047619047614 0.5307142857142857 0.018095238095238095 0.017142857142857144
7 0.4147619047619047 0.5192857142857142 0.018095238095238095 0.018571428571428572
7 0.42047619047619045 0.505 0.01619047619047619 0.015714285714285715
7 0.43047619047619046 0.5007142857142857 0.022857142857142857 0.02
7 0.40047619047619043 0.5085714285714286 0.018095238095238095 0.018571428571428572
7 0.3538095238095238 0.5128571428571429 0.018095238095238095 0.015714285714285715
7 0.3485714285714286 0.5028571428571429 0.017142857142857144 0.01
7 0.33619047619047615 0.5360714285714285 0.013333333333333332 0.015
7 0.4295238095238095 0.4810714285714286 0.017142857142857144 0.016428571428571428
7 0.5423809523809523 0.4592857142857143 0.01238095238095238 0.015714285714285715
7 0.5219047619047619 0.4575 0.011428571428571429 0.019285714285714285
7 0.5128571428571429 0.4607142857142857 0.01619047619047619 0.022857142857142857
7 0.5576190476190476 0.40035714285714286 0.01238095238095238 0.017857142857142856
7 0.5404761904761904 0.4057142857142857 0.01238095238095238 0.02
7 0.5280952380952381 0.40464285714285714 0.014285714285714285 0.020714285714285713
7 0.5242857142857142 0.41964285714285715 0.01238095238095238 0.019285714285714285
7 0.5133333333333333 0.4082142857142857 0.013333333333333332 0.020714285714285713
7 0.5014285714285714 0.41 0.01619047619047619 0.02142857142857143
7 0.45714285714285713 0.42892857142857144 0.015238095238095238 0.019285714285714285
7 0.43714285714285717 0.4375 0.013333333333333332 0.016428571428571428
7 0.4261904761904762 0.44035714285714284 0.014285714285714285 0.015
7 0.31857142857142856 0.5246428571428572 0.014285714285714285 0.017857142857142856
6 0.32380952380952377 0.49357142857142855 0.1295238095238095 0.06571428571428571
7 0.25047619047619046 0.5817857142857142 0.022857142857142857 0.016428571428571428
7 0.20047619047619045 0.5928571428571429 0.025714285714285714 0.015714285714285715
7 0.2 0.6064285714285714 0.026666666666666665 0.02
7 0.02 0.7128571428571429 0.04 0.017142857142857144
7 0.015714285714285715 0.7038095238095238 0.03142857142857143 0.013333333333333334
7 0.07619047619047618 0.6942857142857143 0.03619047619047619 0.014285714285714285
7 0.48047619047619045 0.33 0.014285714285714285 0.02142857142857143
7 0.4657142857142857 0.2864285714285714 0.015238095238095238 0.022857142857142857
7 0.4309523809523809 0.1375 0.010476190476190476 0.017857142857142856
7 0.36523809523809525 0.14607142857142857 0.010476190476190476 0.015
7 0.3733333333333333 0.1417857142857143 0.013333333333333332 0.016428571428571428
7 0.40809523809523807 0.11142857142857143 0.01238095238095238 0.018571428571428572
7 0.37380952380952376 0.1 0.01238095238095238 0.018571428571428572
7 0.36428571428571427 0.10178571428571428 0.01619047619047619 0.019285714285714285
3 0.7857142857142857 0.21107142857142858 0.04761904761904761 0.03357142857142857
3 0.8428571428571429 0.16035714285714286 0.03428571428571429 0.029285714285714286
7 0.9271428571428572 0.09357142857142857 0.008571428571428572 0.014285714285714285
7 0.9209523809523809 0.09392857142857143 0.009523809523809523 0.015
7 0.888095238095238 0.0775 0.008571428571428572 0.015
7 0.8814285714285715 0.07857142857142857 0.010476190476190476 0.017142857142857144
7 0.8290476190476189 0.048928571428571425 0.010476190476190476 0.015
4 0.8633333333333332 0.053214285714285714 0.03333333333333333 0.05928571428571429
3 0.9257142857142857 0.05892857142857143 0.026666666666666665 0.02214285714285714