3 0.8636666666666666 0.502 0.09533333333333333 0.082
2 0.6823333333333332 0.2265 0.1393333333333333 0.125
0 0.6933333333333332 0.373 0.03866666666666666 0.051
10 0.81275 0.677 0.3745 0.14533333333333334
3 0.144 0.37325 0.057333333333333326 0.0685
3 0.3223333333333333 0.24225 0.10066666666666665 0.0315
3 0.30566666666666664 0.208 0.04333333333333333 0.037
3 0.363 0.20775 0.04466666666666667 0.0395
3 0.526 0.16225 0.03866666666666666 0.0345
3 0.509 0.133 0.038 0.032
3 0.6356666666666666 0.1475 0.04466666666666667 0.033
11 0.5673333333333332 0.14925 0.036 0.0395
3 0.5873333333333333 0.093 0.03733333333333333 0.029
3 0.5233333333333332 0.07625 0.034666666666666665 0.0285
3 0.802 0.10325 0.048 0.0245
3 0.7486666666666666 0.06375 0.03733333333333333 0.0195
0 0.753 0.1045 0.028666666666666663 0.025
8 0.535 0.05475 0.008666666666666666 0.0145
1 0.5343333333333332 0.05925 0.01 0.0095
3 0.5976666666666667 0.0485 0.05266666666666667 0.019
3 0.5823333333333333 0.04025 0.05266666666666667 0.0195
3 0.5696666666666667 0.024 0.05266666666666667 0.017
3 0.6766666666666666 0.01575 0.032 0.0185
3 0.6253333333333333 0.0235 0.041333333333333326 0.018
3 0.4736666666666666 0.0255 0.03 0.017
3 0.51075 0.009 0.0265 0.018
1 0.4983333333333333 0.2085 0.03 0.014