11 0.7733333333333332 0.5267857142857143 0.14476190476190476 0.12214285714285714
3 0.9475 0.6719047619047619 0.105 0.11333333333333333
3 0.17523809523809522 0.32285714285714284 0.1276190476190476 0.05857142857142857
3 0.26571428571428574 0.25892857142857145 0.09523809523809522 0.04357142857142857
3 0.45714285714285713 0.225 0.0819047619047619 0.04
3 0.6052380952380951 0.19392857142857142 0.0619047619047619 0.039285714285714285
3 0.5285714285714286 0.1692857142857143 0.05904761904761904 0.03142857142857143
3 0.6723809523809523 0.16464285714285715 0.05904761904761904 0.030714285714285715
3 0.6914285714285714 0.11071428571428571 0.04761904761904761 0.025714285714285714
3 0.7766666666666666 0.10142857142857142 0.04095238095238095 0.022857142857142857
3 0.7942857142857143 0.07392857142857143 0.04 0.02214285714285714
3 0.8647619047619046 0.06678571428571428 0.03619047619047619 0.019285714285714285
3 0.9428571428571428 0.04178571428571429 0.026666666666666665 0.015
3 0.9723809523809523 0.025714285714285714 0.02476190476190476 0.014285714285714285
3 0.9104761904761903 0.37785714285714284 0.1352380952380952 0.05142857142857143
3 0.94 0.3342857142857143 0.12 0.045714285714285714
3 0.9625 0.29095238095238096 0.075 0.0419047619047619
3 0.9875 0.2661904761904762 0.025 0.04380952380952381
3 0.8176190476190475 0.27535714285714286 0.07714285714285714 0.04642857142857143
3 0.9495238095238094 0.18857142857142858 0.04761904761904761 0.025714285714285714
3 0.900952380952381 0.21642857142857144 0.04761904761904761 0.03857142857142857
3 0.6961904761904761 0.13285714285714287 0.05523809523809523 0.025714285714285714
3 0.7176190476190476 0.14821428571428572 0.050476190476190466 0.02642857142857143
3 0.5847619047619047 0.17107142857142857 0.06476190476190476 0.04071428571428572
3 0.9775 0.16666666666666666 0.045 0.02857142857142857
7 0.7838095238095237 0.7135714285714285 0.03619047619047619 0.045714285714285714
7 0.8014285714285714 0.7375 0.037142857142857144 0.023571428571428573
7 0.8504761904761904 0.7346428571428572 0.03428571428571429 0.025