4 0.6976190476190476 0.1332142857142857 0.04095238095238095 0.015
4 0.6457142857142857 0.1275 0.0038095238095238095 0.005
4 0.6742857142857143 0.11678571428571428 0.013333333333333332 0.009285714285714286
4 0.6376190476190476 0.15857142857142856 0.039047619047619046 0.02142857142857143
4 0.6780952380952381 0.16285714285714287 0.013333333333333332 0.008571428571428572
4 0.62 0.17785714285714285 0.03428571428571429 0.02
3 0.6209523809523809 0.6878571428571428 0.026666666666666665 0.055714285714285716
3 0.6671428571428571 0.6789285714285714 0.025714285714285714 0.047857142857142855
3 0.7585714285714286 0.7092857142857143 0.03333333333333333 0.055714285714285716
3 0.9038095238095237 0.4692857142857143 0.04761904761904761 0.017142857142857144
3 0.8371428571428572 0.37 0.03238095238095238 0.012857142857142857
3 0.7257142857142858 0.5153571428571428 0.02476190476190476 0.03214285714285714
3 0.9266666666666666 0.49964285714285717 0.04952380952380952 0.016428571428571428
3 0.9366666666666666 0.515 0.052380952380952375 0.018571428571428572
3 0.9447619047619047 0.5339285714285714 0.05333333333333333 0.017857142857142856
3 0.9723809523809523 0.5725 0.05523809523809523 0.020714285714285713
3 0.9542857142857143 0.5532142857142858 0.05714285714285714 0.020714285714285713
2 0.6457142857142857 0.5221428571428571 0.03428571428571429 0.09571428571428571
10 0.6876190476190476 0.3939285714285714 0.02476190476190476 0.027857142857142858
10 0.7323809523809524 0.42678571428571427 0.026666666666666665 0.03214285714285714
10 0.6747619047619048 0.34535714285714286 0.023809523809523805 0.04642857142857143
10 0.7028571428571428 0.32142857142857145 0.02476190476190476 0.03142857142857143
10 0.6333333333333333 0.27535714285714286 0.02095238095238095 0.055
10 0.6680952380952381 0.29964285714285716 0.018095238095238095 0.02214285714285714
10 0.6804761904761905 0.2546428571428571 0.014285714285714285 0.016428571428571428
10 0.628095238095238 0.22285714285714286 0.014285714285714285 0.025714285714285714
10 0.6595238095238095 0.24142857142857144 0.01619047619047619 0.018571428571428572
10 0.650952380952381 0.195 0.01238095238095238 0.02
10 0.6633333333333333 0.18035714285714285 0.01238095238095238 0.016428571428571428
10 0.6728571428571428 0.22035714285714286 0.01619047619047619 0.017857142857142856
10 0.6776190476190476 0.23535714285714285 0.01238095238095238 0.016428571428571428
10 0.68 0.15214285714285714 0.04 0.012857142857142857
10 0.7066666666666667 0.15 0.030476190476190476 0.01
3 0.7095238095238094 0.23357142857142857 0.011428571428571429 0.008571428571428572
3 0.6595238095238095 0.25642857142857145 0.010476190476190476 0.01
3 0.6852380952380952 0.2785714285714286 0.010476190476190476 0.01
3 0.6642857142857143 0.2710714285714286 0.010476190476190476 0.012142857142857143
3 0.6547619047619048 0.22321428571428573 0.006666666666666666 0.0064285714285714285
3 0.6176190476190476 0.25357142857142856 0.010476190476190476 0.011428571428571429
3 0.6647619047619048 0.2835714285714286 0.011428571428571429 0.01
3 0.6852380952380952 0.2914285714285714 0.010476190476190476 0.011428571428571429
3 0.6904761904761905 0.3057142857142857 0.011428571428571429 0.014285714285714285
11 0.729047619047619 0.27214285714285713 0.010476190476190476 0.012857142857142857
3 0.14619047619047618 0.5425 0.04476190476190476 0.03214285714285714
11 0.11380952380952379 0.4782142857142857 0.052380952380952375 0.019285714285714285
4 0.6333333333333333 0.11357142857142857 0.03238095238095238 0.017142857142857144
10 0.6228571428571429 0.1442857142857143 0.009523809523809523 0.01
10 0.6338095238095237 0.14214285714285715 0.008571428571428572 0.01
3 0.718095238095238 0.15357142857142858 0.015238095238095238 0.004285714285714286
3 0.6752380952380952 0.18071428571428572 0.007619047619047619 0.005714285714285714
3 0.67 0.20964285714285713 0.008571428571428572 0.0035714285714285713
3 0.6671428571428571 0.20392857142857143 0.008571428571428572 0.0064285714285714285
3 0.6685714285714286 0.19785714285714287 0.005714285714285714 0.005714285714285714
3 0.6671428571428571 0.19321428571428573 0.006666666666666666 0.0064285714285714285
3 0.7238095238095238 0.20785714285714285 0.009523809523809523 0.008571428571428572
3 0.7095238095238094 0.22678571428571428 0.015238095238095238 0.007857142857142858
3 0.6195238095238095 0.21035714285714285 0.008571428571428572 0.007857142857142858
3 0.6571428571428571 0.20714285714285716 0.007619047619047619 0.005714285714285714
10 0.6528571428571428 0.21321428571428572 0.010476190476190476 0.010714285714285714
4 0.7542857142857143 0.30642857142857144 0.06095238095238095 0.024285714285714285
3 0.7171428571428572 0.36428571428571427 0.019047619047619046 0.015714285714285715
3 0.6338095238095237 0.37 0.01619047619047619 0.02
11 0.7157142857142857 0.39571428571428574 0.02 0.022857142857142857
7 0.44142857142857145 0.42214285714285715 0.008571428571428572 0.015714285714285715
7 0.4847619047619047 0.37535714285714283 0.007619047619047619 0.015
7 0.45571428571428574 0.3985714285714286 0.006666666666666666 0.012857142857142857
7 0.5619047619047619 0.33785714285714286 0.005714285714285714 0.012857142857142857
7 0.4719047619047619 0.35964285714285715 0.006666666666666666 0.013571428571428571
7 0.4471428571428571 0.4135714285714286 0.008571428571428572 0.015714285714285715
7 0.48952380952380947 0.3242857142857143 0.005714285714285714 0.014285714285714285
7 0.4828571428571429 0.3182142857142857 0.005714285714285714 0.012142857142857143
7 0.5066666666666666 0.2864285714285714 0.007619047619047619 0.011428571428571429
7 0.4966666666666666 0.2810714285714286 0.0047619047619047615 0.012142857142857143
0 0.6061904761904762 0.2789285714285714 0.010476190476190476 0.010714285714285714
5 0.7847619047619047 0.33535714285714285 0.015238095238095238 0.0064285714285714285
4 0.7409523809523809 0.25785714285714284 0.009523809523809523 0.01
3 0.628095238095238 0.13392857142857142 0.0047619047619047615 0.0035714285714285713
3 0.6247619047619047 0.1382142857142857 0.005714285714285714 0.0035714285714285713
10 0.5038095238095237 0.16214285714285714 0.04952380952380952 0.012857142857142857
10 0.45809523809523806 0.16642857142857143 0.03238095238095238 0.01
4 0.669047619047619 0.095 0.023809523809523805 0.018571428571428572
1 0.8471428571428572 0.61 0.010476190476190476 0.017142857142857144
8 0.8471428571428572 0.6071428571428571 0.010476190476190476 0.012857142857142857