3 0.2509276437847866 0.09577244258872653 0.26252319109461963 0.08089770354906055
3 0.08115866388308977 0.2898886827458256 0.16231732776617955 0.05287569573283859
8 0.12152133580705009 0.4759916492693111 0.051948051948051945 0.02922755741127349
8 0.5009276437847866 0.20589770354906056 0.04081632653061224 0.023486430062630483
8 0.7657699443413729 0.25391440501043844 0.04545454545454545 0.024530271398747392
8 0.7968460111317254 0.36743215031315246 0.04452690166975881 0.03131524008350731
8 0.41512059369202226 0.5253131524008351 0.04730983302411874 0.01931106471816284
8 0.41326530612244894 0.5135699373695198 0.05287569573283859 0.019832985386221295
5 0.41326530612244894 0.5180062630480168 0.05102040816326531 0.04958246346555324
9 0.547773654916512 0.29358037578288104 0.15862708719851576 0.0652400835073069
1 0.511595547309833 0.20746346555323594 0.07513914656771799 0.029749478079331943
5 0.7690166975881261 0.2544363256784969 0.08163265306122448 0.020354906054279753
5 0.800556586270872 0.37056367432150317 0.07606679035250463 0.02609603340292276
10 0.9611169102296451 0.1836734693877551 0.07776617954070981 0.3673469387755102