3 0.5976190476190476 0.3435714285714286 0.10571428571428572 0.12
1 0.13714285714285715 0.24607142857142858 0.05904761904761904 0.025
3 0.044642857142857144 0.27476190476190476 0.08928571428571429 0.05904761904761905
5 0.2671428571428571 0.36428571428571427 0.04666666666666666 0.05
7 0.34095238095238095 0.4417857142857143 0.030476190476190476 0.03785714285714286
8 0.4757142857142857 0.30892857142857144 0.023809523809523805 0.03357142857142857
1 0.4819047619047619 0.31392857142857145 0.06095238095238095 0.025
3 0.10666666666666666 0.06321428571428571 0.13333333333333333 0.04357142857142857
3 0.08523809523809524 0.09571428571428571 0.13809523809523808 0.04857142857142857
7 0.47 0.6992857142857143 0.035238095238095235 0.02857142857142857
8 0.38380952380952377 0.3267857142857143 0.02857142857142857 0.03357142857142857
5 0.38380952380952377 0.3360714285714286 0.043809523809523805 0.04357142857142857
8 0.39476190476190476 0.48142857142857143 0.035238095238095235 0.027142857142857142
5 0.39809523809523806 0.4907142857142857 0.09142857142857143 0.03
5 0.39809523809523806 0.5546428571428571 0.09333333333333332 0.027857142857142858
5 0.39285714285714285 0.5867857142857142 0.07333333333333332 0.029285714285714286
5 0.409047619047619 0.6228571428571429 0.08095238095238094 0.024285714285714285
8 0.4157142857142857 0.3414285714285714 0.03142857142857143 0.024285714285714285
7 0.45809523809523806 0.4175 0.04 0.03357142857142857
7 0.44190476190476186 0.4089285714285714 0.02857142857142857 0.030714285714285715
8 0.4119047619047619 0.4492857142857143 0.03333333333333333 0.02
8 0.3942857142857143 0.5153571428571428 0.03238095238095238 0.02214285714285714
5 0.4033333333333333 0.5192857142857142 0.08666666666666667 0.02
5 0.42047619047619045 0.455 0.07333333333333332 0.02857142857142857
5 0.419047619047619 0.3475 0.05523809523809523 0.030714285714285715
5 0.42714285714285716 0.3707142857142857 0.07142857142857142 0.027142857142857142
5 0.42142857142857143 0.3892857142857143 0.0619047619047619 0.02
5 0.41666666666666663 0.41 0.052380952380952375 0.024285714285714285
8 0.38285714285714284 0.6717857142857143 0.05142857142857143 0.020714285714285713
5 0.3976190476190476 0.6646428571428571 0.09809523809523808 0.029285714285714286