3 0.18566666666666665 0.57675 0.32066666666666666 0.1145
3 0.1973333333333333 0.4625 0.29333333333333333 0.093
3 0.94275 0.5136666666666667 0.1145 0.09733333333333333
3 0.93975 0.43133333333333335 0.1205 0.07133333333333333
3 0.7683333333333333 0.34525 0.09533333333333333 0.1105
3 0.2823333333333333 0.351 0.22866666666666666 0.068
3 0.38 0.29475 0.21466666666666664 0.0595
3 0.393 0.2265 0.17933333333333332 0.043
3 0.895 0.22725 0.16866666666666666 0.0535
3 0.6816666666666666 0.08725 0.05533333333333333 0.0475
3 0.649 0.02675 0.04733333333333333 0.0405
0 0.05933333333333333 0.65175 0.10933333333333332 0.0835
11 0.93175 0.357 0.1365 0.082
10 0.915 0.2976666666666667 0.17 0.056
11 0.745 0.20125 0.08066666666666665 0.0845
7 0.6603333333333332 0.257 0.04733333333333333 0.063
3 0.3773333333333333 0.19075 0.14666666666666667 0.0295
3 0.413 0.16 0.154 0.051
3 0.877 0.1885 0.15533333333333332 0.051
3 0.854 0.161 0.13866666666666666 0.039
3 0.8303333333333333 0.138 0.1393333333333333 0.041
3 0.809 0.12 0.146 0.039
3 0.8076666666666666 0.09925 0.09666666666666665 0.0185
3 0.8133333333333332 0.087 0.08666666666666666 0.026
3 0.8036666666666666 0.075 0.09 0.028
3 0.7956666666666666 0.06225 0.11133333333333333 0.0295
3 0.785 0.0435 0.07933333333333333 0.024
3 0.7666666666666666 0.02225 0.09066666666666666 0.0205
3 0.7696666666666666 0.01575 0.07933333333333333 0.0175
3 0.7533333333333333 0.0055 0.076 0.009
10 0.499 0.09275 0.1633333333333333 0.0665
3 0.5286666666666666 0.044 0.08933333333333333 0.014
3 0.5373333333333332 0.0335 0.088 0.018
3 0.5406666666666666 0.01925 0.08266666666666665 0.0125
3 0.54575 0.008333333333333333 0.0765 0.016666666666666666
9 0.9473333333333332 0.08525 0.036 0.0295
5 0.9783333333333333 0.15825 0.016666666666666663 0.0285
1 0.2813333333333333 0.2305 0.030666666666666665 0.032
1 0.3063333333333333 0.18625 0.024666666666666663 0.0325
5 0.24 0.27625 0.06266666666666666 0.0405
5 0.30866666666666664 0.265 0.056 0.031