3 0.6238095238095237 0.32321428571428573 0.045714285714285714 0.025
3 0.638095238095238 0.5771428571428572 0.05523809523809523 0.04285714285714286
3 0.5952380952380952 0.5303571428571429 0.04952380952380952 0.04642857142857143
11 0.568095238095238 0.5457142857142857 0.04476190476190476 0.03857142857142857
11 0.8414285714285714 0.4785714285714286 0.052380952380952375 0.037142857142857144
3 0.31666666666666665 0.5696428571428571 0.04095238095238095 0.052142857142857144
3 0.8785714285714286 0.4342857142857143 0.054285714285714284 0.02857142857142857
3 0.4219047619047619 0.3892857142857143 0.04952380952380952 0.024285714285714285
4 0.008928571428571428 0.02857142857142857 0.017857142857142856 0.05047619047619047
4 0.08095238095238094 0.04107142857142857 0.026666666666666665 0.03642857142857143
4 0.12 0.10892857142857143 0.030476190476190476 0.035
4 0.15857142857142856 0.13392857142857142 0.01238095238095238 0.009285714285714286
7 0.16857142857142857 0.14357142857142857 0.005714285714285714 0.01
8 0.16666666666666666 0.17714285714285713 0.005714285714285714 0.007142857142857143
8 0.25142857142857145 0.22714285714285715 0.007619047619047619 0.007142857142857143
9 0.16952380952380952 0.18035714285714285 0.011428571428571429 0.012142857142857143
5 0.25285714285714284 0.23 0.01238095238095238 0.007142857142857143
3 0.4047619047619047 0.12892857142857142 0.013333333333333332 0.009285714285714286
3 0.23809523809523808 0.17642857142857143 0.02095238095238095 0.01
3 0.2695238095238095 0.20714285714285716 0.02095238095238095 0.012857142857142857
9 0.3019047619047619 0.30142857142857143 0.019047619047619046 0.018571428571428572
7 0.3866666666666666 0.295 0.009523809523809523 0.01
4 0.4342857142857143 0.31142857142857144 0.013333333333333332 0.018571428571428572
7 0.6123809523809524 0.4367857142857143 0.009523809523809523 0.012142857142857143
7 0.6652380952380952 0.4407142857142857 0.008571428571428572 0.012857142857142857
11 0.5509523809523809 0.38392857142857145 0.0619047619047619 0.03214285714285714
11 0.6076190476190476 0.3075 0.03619047619047619 0.02214285714285714
5 0.6104761904761904 0.2953571428571429 0.015238095238095238 0.007857142857142858
5 0.6642857142857143 0.3107142857142857 0.014285714285714285 0.008571428571428572
7 0.6271428571428571 0.2864285714285714 0.006666666666666666 0.011428571428571429
11 0.41666666666666663 0.36642857142857144 0.025714285714285714 0.017142857142857144
11 0.5033333333333333 0.4185714285714286 0.052380952380952375 0.024285714285714285
3 0.9328571428571428 0.7285714285714285 0.08476190476190476 0.03571428571428571
3 0.9946428571428572 0.5895238095238096 0.010714285714285714 0.04380952380952381
5 0.8676190476190475 0.6257142857142857 0.022857142857142857 0.014285714285714285
8 0.8638095238095238 0.6285714285714286 0.011428571428571429 0.01
8 0.8685714285714285 0.6235714285714286 0.009523809523809523 0.011428571428571429
7 0.09952380952380951 0.6825 0.02 0.017857142857142856
5 0.07476190476190475 0.5907142857142857 0.02952380952380952 0.024285714285714285
7 0.03142857142857143 0.38321428571428573 0.017142857142857144 0.015
6 0.44047619047619047 0.7071428571428572 0.04666666666666666 0.04
5 0.8319047619047618 0.4092857142857143 0.01619047619047619 0.011428571428571429