3 0.6676190476190476 0.705 0.18476190476190474 0.08857142857142856
3 0.08333333333333333 0.5217857142857143 0.06952380952380952 0.05928571428571429
3 0.05095238095238095 0.42607142857142855 0.04666666666666666 0.035
3 0.17238095238095236 0.5175 0.06857142857142857 0.04928571428571429
3 0.29047619047619044 0.49107142857142855 0.06857142857142857 0.052142857142857144
11 0.2842857142857143 0.38821428571428573 0.07142857142857142 0.02642857142857143
3 0.39190476190476187 0.35892857142857143 0.07523809523809523 0.025
11 0.42428571428571427 0.3435714285714286 0.052380952380952375 0.02142857142857143
3 0.4542857142857143 0.33464285714285713 0.05714285714285714 0.020714285714285713
3 0.5480952380952381 0.6942857142857143 0.1819047619047619 0.1
3 0.758095238095238 0.6107142857142858 0.1580952380952381 0.08
3 0.9347619047619047 0.5621428571428572 0.13047619047619047 0.07142857142857142
7 0.38809523809523805 0.45785714285714285 0.02 0.02857142857142857
7 0.46 0.5032142857142857 0.022857142857142857 0.03357142857142857
7 0.478095238095238 0.49714285714285716 0.017142857142857144 0.02857142857142857
1 0.4828571428571429 0.37107142857142855 0.030476190476190476 0.015
4 0.529047619047619 0.38571428571428573 0.027619047619047616 0.027142857142857142
1 0.509047619047619 0.35464285714285715 0.027619047619047616 0.017857142857142856
1 0.5566666666666666 0.36178571428571427 0.02952380952380952 0.013571428571428571
4 0.5285714285714286 0.3357142857142857 0.02476190476190476 0.017142857142857144
5 0.5528571428571428 0.32571428571428573 0.023809523809523805 0.012857142857142857
5 0.289047619047619 0.3432142857142857 0.018095238095238095 0.010714285714285714
7 0.3742857142857143 0.2889285714285714 0.007619047619047619 0.012142857142857143
7 0.33476190476190476 0.305 0.008571428571428572 0.015714285714285715
4 0.5904761904761905 0.33321428571428574 0.02095238095238095 0.016428571428571428
4 0.6071428571428571 0.3221428571428571 0.014285714285714285 0.01
4 0.5928571428571429 0.30642857142857144 0.014285714285714285 0.012857142857142857
4 0.6285714285714286 0.3132142857142857 0.019047619047619046 0.015
4 0.6238095238095237 0.29035714285714287 0.02476190476190476 0.012142857142857143
4 0.7071428571428572 0.2775 0.02 0.007857142857142858
3 0.44904761904761903 0.27964285714285714 0.02 0.015
7 0.4504761904761905 0.2675 0.007619047619047619 0.012142857142857143
7 0.49809523809523804 0.26785714285714285 0.009523809523809523 0.015714285714285715
3 0.5271428571428571 0.26321428571428573 0.04666666666666666 0.015
3 0.5171428571428571 0.25892857142857145 0.03428571428571429 0.010714285714285714
3 0.5047619047619047 0.25857142857142856 0.04 0.011428571428571429
3 0.4942857142857143 0.2557142857142857 0.03428571428571429 0.012857142857142857
3 0.48047619047619045 0.2517857142857143 0.02952380952380952 0.010714285714285714
3 0.47333333333333333 0.24964285714285714 0.03238095238095238 0.012142857142857143
3 0.4652380952380952 0.24678571428571427 0.035238095238095235 0.012142857142857143
3 0.46 0.24428571428571427 0.03619047619047619 0.012857142857142857
11 0.45476190476190476 0.2392857142857143 0.04095238095238095 0.015714285714285715
4 0.42476190476190473 0.23607142857142857 0.017142857142857144 0.013571428571428571
3 0.5452380952380952 0.25357142857142856 0.04857142857142857 0.012857142857142857
3 0.5066666666666666 0.24428571428571427 0.03809523809523809 0.01
3 0.509047619047619 0.2417857142857143 0.035238095238095235 0.007857142857142858
3 0.47714285714285715 0.2367857142857143 0.030476190476190476 0.010714285714285714
4 0.4666666666666666 0.23 0.026666666666666665 0.01
4 0.4152380952380952 0.21464285714285714 0.011428571428571429 0.009285714285714286
4 0.4619047619047619 0.22035714285714286 0.015238095238095238 0.007857142857142858
3 0.99 0.28476190476190477 0.02 0.018095238095238095
2 0.6809523809523809 0.2532142857142857 0.06476190476190476 0.023571428571428573
4 0.6466666666666666 0.24857142857142858 0.02476190476190476 0.011428571428571429
3 0.6033333333333333 0.24035714285714285 0.03333333333333333 0.012142857142857143
11 0.588095238095238 0.2375 0.03142857142857143 0.010714285714285714
3 0.5804761904761905 0.2367857142857143 0.02952380952380952 0.009285714285714286
3 0.5652380952380952 0.2332142857142857 0.03333333333333333 0.010714285714285714
3 0.5519047619047619 0.23214285714285715 0.023809523809523805 0.008571428571428572
3 0.5371428571428571 0.22785714285714287 0.030476190476190476 0.01
4 0.48952380952380947 0.21892857142857142 0.007619047619047619 0.007857142857142858
4 0.5042857142857143 0.22392857142857142 0.008571428571428572 0.012142857142857143
4 0.6885714285714286 0.23714285714285716 0.02095238095238095 0.011428571428571429
4 0.6647619047619048 0.23535714285714285 0.019047619047619046 0.013571428571428571
3 0.5009523809523809 0.3078571428571429 0.05333333333333333 0.017142857142857144
3 0.5371428571428571 0.2985714285714286 0.0419047619047619 0.014285714285714285
4 0.7885714285714286 0.2392857142857143 0.06857142857142857 0.02142857142857143
4 0.8938095238095237 0.25285714285714284 0.02952380952380952 0.018571428571428572
4 0.9328571428571428 0.2757142857142857 0.03333333333333333 0.014285714285714285