3 0.7523333333333333 0.4105 0.12866666666666665 0.05
11 0.8123333333333332 0.35525 0.082 0.0415
3 0.09333333333333332 0.355 0.12666666666666665 0.032
3 0.3266666666666666 0.344 0.10133333333333333 0.027
3 0.36566666666666664 0.32825 0.09133333333333332 0.0225
3 0.476 0.33975 0.09066666666666666 0.0275
3 0.4943333333333333 0.321 0.07133333333333333 0.024
3 0.3936666666666666 0.3855 0.1433333333333333 0.045
8 0.8286666666666667 0.28075 0.009333333333333332 0.0095
8 0.3303333333333333 0.36675 0.020666666666666663 0.0295
5 0.3316666666666666 0.37525 0.04333333333333333 0.0285
5 0.43066666666666664 0.3125 0.024 0.011
1 0.2836666666666666 0.32875 0.02733333333333333 0.0195
1 0.737 0.28475 0.01933333333333333 0.0115
1 0.6793333333333332 0.29175 0.02 0.0105
3 0.9873333333333333 0.2525 0.017333333333333333 0.007
3 0.8656666666666666 0.271 0.03 0.012
9 0.8943333333333332 0.27125 0.018 0.0135
3 0.8586666666666666 0.257 0.028 0.01
3 0.792 0.28125 0.03733333333333333 0.0145
11 0.8233333333333333 0.27375 0.034666666666666665 0.0155
7 0.753 0.287 0.01 0.018
5 0.6443333333333332 0.29425 0.020666666666666663 0.0075
7 0.6436666666666666 0.28875 0.007333333333333333 0.0135
7 0.6486666666666666 0.286 0.009333333333333332 0.016
7 0.6763333333333332 0.28375 0.007333333333333333 0.0135
5 0.6896666666666667 0.282 0.014 0.008
5 0.5546666666666666 0.29475 0.026666666666666665 0.0125
11 0.967 0.252 0.015333333333333332 0.009
3 0.9513333333333333 0.25325 0.017333333333333333 0.0075
7 0.945 0.254 0.007333333333333333 0.01
3 0.7043333333333333 0.2935 0.046 0.017
7 0.719 0.29925 0.007333333333333333 0.0135
7 0.7263333333333333 0.3005 0.01 0.014