3 0.8724619289340101 0.09571428571428571 0.011421319796954314 0.008571428571428572
3 0.8718274111675126 0.07642857142857143 0.01015228426395939 0.008571428571428572
3 0.8166243654822335 0.11428571428571428 0.011421319796954314 0.007142857142857143
3 0.815989847715736 0.1282142857142857 0.01269035532994924 0.009285714285714286
3 0.8102791878172588 0.06785714285714285 0.011421319796954314 0.008571428571428572
3 0.7988578680203046 0.1057142857142857 0.008883248730964468 0.005714285714285714
3 0.8394670050761421 0.10892857142857143 0.011421319796954314 0.009285714285714286
3 0.8737309644670052 0.06035714285714286 0.008883248730964468 0.007857142857142858
3 0.8705583756345178 0.048571428571428564 0.01015228426395939 0.008571428571428572
3 0.8718274111675126 0.04071428571428572 0.01015228426395939 0.007142857142857143
3 0.8305837563451777 0.06035714285714286 0.011421319796954314 0.0064285714285714285
3 0.8261421319796954 0.06892857142857142 0.01015228426395939 0.0064285714285714285
3 0.8121827411167514 0.05678571428571428 0.01015228426395939 0.007857142857142858
3 0.8318527918781725 0.04678571428571428 0.008883248730964468 0.0064285714285714285
3 0.8343908629441624 0.037142857142857144 0.008883248730964468 0.007142857142857143
3 0.9035532994923858 0.17464285714285713 0.015228426395939087 0.012142857142857141
3 0.8769035532994923 0.18535714285714286 0.015228426395939087 0.012142857142857141
3 0.9041878172588833 0.22107142857142856 0.019035532994923856 0.015000000000000001
3 0.7899746192893401 0.22107142857142856 0.01649746192893401 0.013571428571428571
3 0.8197969543147208 0.1882142857142857 0.015228426395939087 0.010714285714285714
3 0.7461928934010152 0.27321428571428574 0.02030456852791878 0.016428571428571428
3 0.7975888324873097 0.3221428571428571 0.021573604060913708 0.018571428571428572
3 0.7557106598984772 0.36857142857142855 0.024111675126903553 0.02142857142857143
3 0.7246192893401016 0.34964285714285714 0.02284263959390863 0.020714285714285713
3 0.8654822335025381 0.42607142857142855 0.027918781725888325 0.027857142857142858
3 0.8591370558375635 0.5085714285714286 0.030456852791878174 0.03571428571428571
3 0.8102791878172588 0.25285714285714284 0.019035532994923856 0.014285714285714285
3 0.7404822335025381 0.43642857142857144 0.024111675126903553 0.022857142857142857
3 0.6998730964467005 0.5425 0.0317258883248731 0.03214285714285715
3 0.7779187817258884 0.4582142857142857 0.027918781725888325 0.029285714285714286
11 0.7760152284263959 0.5464285714285715 0.03426395939086294 0.030000000000000002
11 0.9073604060913705 0.5353571428571429 0.03553299492385787 0.045
11 0.8686548223350254 0.34249999999999997 0.026649746192893398 0.027857142857142858
11 0.875 0.27714285714285714 0.024111675126903553 0.022857142857142857
11 0.8769035532994923 0.2125 0.015228426395939087 0.017857142857142856
3 0.7703045685279187 0.19928571428571426 0.015228426395939087 0.011428571428571429
3 0.7956852791878173 0.19964285714285715 0.015228426395939087 0.010714285714285714
3 0.8039340101522843 0.16499999999999998 0.013959390862944163 0.01
3 0.7804568527918782 0.16857142857142854 0.01269035532994924 0.01
3 0.8965736040609137 0.13285714285714287 0.011421319796954314 0.01
3 0.8959390862944162 0.11642857142857142 0.01015228426395939 0.01
3 0.7950507614213198 0.12000000000000001 0.011421319796954314 0.008571428571428572
3 0.8737309644670052 0.007142857142857143 0.008883248730964468 0.005714285714285714
11 0.8261421319796954 0.16392857142857142 0.01269035532994924 0.010714285714285714
11 0.7975888324873097 0.1807142857142857 0.01649746192893401 0.012857142857142857
11 0.8356598984771574 0.1285714285714286 0.013959390862944163 0.01
11 0.875 0.11785714285714285 0.013959390862944163 0.012857142857142857
11 0.8210659898477157 0.09928571428571428 0.01269035532994924 0.01
11 0.8242385786802031 0.08964285714285714 0.011421319796954314 0.007857142857142858
11 0.8305837563451777 0.07821428571428571 0.011421319796954314 0.010714285714285714
11 0.8934010152284264 0.08678571428571427 0.01015228426395939 0.010714285714285714
11 0.8908629441624365 0.06785714285714285 0.01269035532994924 0.01
11 0.8724619289340101 0.015000000000000001 0.008883248730964468 0.007142857142857143
3 0.815989847715736 0.04678571428571428 0.01015228426395939 0.007857142857142858
7 0.8718274111675126 0.027142857142857142 0.005076142131979695 0.007142857142857143
3 0.8769035532994923 0.14214285714285715 0.015228426395939087 0.014285714285714285
11 0.9060913705583756 0.2646428571428571 0.015228426395939087 0.017857142857142856
2 0.9048223350253807 0.365 0.03553299492385787 0.07428571428571429
7 0.6979695431472082 0.30107142857142855 0.007614213197969543 0.007857142857142858
11 0.15228426395939085 0.21214285714285713 0.03299492385786802 0.014285714285714285
11 0.20177664974619292 0.1839285714285714 0.02538071065989848 0.010714285714285714
3 0.22779187817258884 0.17392857142857143 0.024111675126903553 0.010714285714285714
3 0.24492385786802032 0.16392857142857142 0.02030456852791878 0.010714285714285714
3 0.21573604060913706 0.12464285714285714 0.027918781725888325 0.009285714285714286
11 0.31725888324873097 0.11785714285714285 0.03553299492385787 0.008571428571428572
11 0.3331218274111675 0.11285714285714285 0.0317258883248731 0.008571428571428572
11 0.108502538071066 0.11142857142857143 0.026649746192893398 0.01
3 0.009642857142857142 0.0932741116751269 0.019285714285714285 0.01015228426395939