7 0.046190476190476185 0.28035714285714286 0.02 0.02642857142857143
7 0.09238095238095237 0.2835714285714286 0.02095238095238095 0.024285714285714285
7 0.07285714285714286 0.27035714285714285 0.023809523809523805 0.025
7 0.08619047619047618 0.2642857142857143 0.014285714285714285 0.018571428571428572
1 0.09142857142857143 0.29928571428571427 0.017142857142857144 0.017142857142857144
5 0.19809523809523807 0.2935714285714286 0.043809523809523805 0.015714285714285715
5 0.29523809523809524 0.28785714285714287 0.026666666666666665 0.02
5 0.32142857142857145 0.2839285714285714 0.01619047619047619 0.019285714285714285
1 0.35428571428571426 0.2760714285714286 0.03428571428571429 0.013571428571428571
7 0.489047619047619 0.27785714285714286 0.01238095238095238 0.018571428571428572
7 0.5523809523809523 0.2889285714285714 0.019047619047619046 0.02214285714285714
7 0.10523809523809523 0.32 0.025714285714285714 0.025714285714285714
7 0.0319047619047619 0.3475 0.01619047619047619 0.017857142857142856
3 0.032857142857142856 0.3892857142857143 0.0619047619047619 0.06
3 0.0719047619047619 0.3432142857142857 0.0619047619047619 0.03785714285714286
3 0.1338095238095238 0.3442857142857143 0.0638095238095238 0.04
3 0.2057142857142857 0.3382142857142857 0.04761904761904761 0.03357142857142857
7 0.18047619047619046 0.3482142857142857 0.01619047619047619 0.016428571428571428
3 0.11095238095238094 0.39035714285714285 0.06952380952380952 0.056428571428571425
11 0.18047619047619046 0.38107142857142856 0.0638095238095238 0.06642857142857143
3 0.239047619047619 0.37785714285714284 0.05523809523809523 0.05285714285714286
3 0.30666666666666664 0.33214285714285713 0.05523809523809523 0.041428571428571426
3 0.3695238095238095 0.33321428571428574 0.04761904761904761 0.039285714285714285
3 0.4961904761904762 0.3217857142857143 0.04761904761904761 0.03357142857142857
3 0.5466666666666666 0.32 0.05142857142857143 0.047142857142857146
3 0.6147619047619047 0.31464285714285717 0.04857142857142857 0.03785714285714286
3 0.6128571428571429 0.3482142857142857 0.05809523809523809 0.045
3 0.5466666666666666 0.3557142857142857 0.05714285714285714 0.041428571428571426
3 0.4952380952380952 0.3575 0.05333333333333333 0.052142857142857144
3 0.4328571428571429 0.3603571428571429 0.04666666666666666 0.05357142857142857
3 0.3619047619047619 0.37214285714285716 0.05333333333333333 0.04428571428571428
3 0.3028571428571429 0.3742857142857143 0.05333333333333333 0.047142857142857146
11 0.07523809523809523 0.53 0.1295238095238095 0.07857142857142857
3 0.17857142857142858 0.5264285714285715 0.07904761904761905 0.06857142857142857
3 0.26571428571428574 0.5117857142857143 0.08 0.075
3 0.36047619047619045 0.5117857142857143 0.0676190476190476 0.08642857142857142
3 0.5185714285714286 0.4942857142857143 0.09047619047619047 0.08285714285714285
3 0.5957142857142858 0.4875 0.07142857142857142 0.075
3 0.6742857142857143 0.4739285714285714 0.07809523809523809 0.07785714285714286
3 0.7557142857142857 0.4657142857142857 0.07142857142857142 0.07142857142857142
3 0.8276190476190475 0.465 0.07809523809523809 0.07857142857142857
3 0.9014285714285715 0.45535714285714285 0.07523809523809523 0.07071428571428572
11 0.9667857142857142 0.4023809523809524 0.06642857142857143 0.04285714285714286
3 0.9667857142857142 0.37666666666666665 0.06642857142857143 0.037142857142857144
3 0.9767857142857143 0.35285714285714287 0.04642857142857143 0.03142857142857143
3 0.9889285714285714 0.3352380952380952 0.02214285714285714 0.025714285714285714
3 0.9885714285714285 0.32 0.022857142857142857 0.03428571428571429
7 0.7885714285714286 0.29214285714285715 0.017142857142857144 0.024285714285714285
7 0.826190476190476 0.2839285714285714 0.01238095238095238 0.019285714285714285
7 0.8833333333333332 0.29392857142857143 0.01619047619047619 0.020714285714285713
7 0.9719047619047618 0.2325 0.010476190476190476 0.015
7 0.6795238095238094 0.25142857142857145 0.010476190476190476 0.02
7 0.7785714285714286 0.21928571428571428 0.010476190476190476 0.017142857142857144
5 0.7466666666666666 0.25785714285714284 0.017142857142857144 0.012857142857142857
5 0.7342857142857143 0.25892857142857145 0.013333333333333332 0.016428571428571428
5 0.7052380952380952 0.26 0.027619047619047616 0.012857142857142857
5 0.69 0.2664285714285714 0.021904761904761903 0.017142857142857144
5 0.6666666666666666 0.26321428571428573 0.015238095238095238 0.020714285714285713
3 0.8776190476190475 0.26 0.056190476190476187 0.03428571428571429
3 0.9357142857142857 0.2885714285714286 0.08476190476190476 0.03571428571428571
3 0.9504761904761904 0.2725 0.06666666666666667 0.02214285714285714
3 0.96 0.2646428571428571 0.07238095238095238 0.023571428571428573
3 0.9667857142857142 0.25761904761904764 0.06642857142857143 0.021904761904761906
3 0.9739285714285715 0.24714285714285714 0.052142857142857144 0.021904761904761906
3 0.9875 0.22238095238095237 0.025 0.02
3 0.9538095238095238 0.1657142857142857 0.04285714285714286 0.012857142857142857
3 0.9366666666666666 0.16107142857142856 0.03333333333333333 0.012142857142857143
3 0.9280952380952381 0.15642857142857142 0.03333333333333333 0.014285714285714285
3 0.9190476190476189 0.1525 0.03809523809523809 0.013571428571428571
3 0.9123809523809523 0.14785714285714285 0.03238095238095238 0.01
3 0.9047619047619047 0.1467857142857143 0.030476190476190476 0.009285714285714286
3 0.899047619047619 0.14464285714285716 0.03619047619047619 0.012142857142857143
11 0.888095238095238 0.13964285714285715 0.04095238095238095 0.010714285714285714
3 0.9695238095238095 0.17107142857142857 0.045714285714285714 0.017857142857142856
3 0.9996428571428572 0.16952380952380952 0.0007142857142857143 0.01904761904761905
3 0.9967857142857143 0.14095238095238094 0.0064285714285714285 0.013333333333333334
11 0.9903571428571428 0.1357142857142857 0.019285714285714285 0.011428571428571429
3 0.9860714285714286 0.13238095238095238 0.027857142857142858 0.010476190476190476
3 0.9738095238095238 0.12928571428571428 0.02952380952380952 0.01
3 0.9585714285714285 0.12357142857142857 0.035238095238095235 0.012857142857142857
3 0.9452380952380952 0.13178571428571428 0.025714285714285714 0.013571428571428571
11 0.9280952380952381 0.13785714285714284 0.04285714285714286 0.017142857142857144
3 0.8933333333333332 0.12714285714285714 0.03238095238095238 0.01
7 0.9123809523809523 0.12571428571428572 0.005714285714285714 0.011428571428571429
3 0.9371428571428572 0.12107142857142857 0.02857142857142857 0.009285714285714286
3 0.9271428571428572 0.11678571428571428 0.027619047619047616 0.012142857142857143
3 0.9252380952380952 0.09571428571428571 0.025714285714285714 0.015714285714285715
3 0.9685714285714285 0.10821428571428572 0.026666666666666665 0.012142857142857143
3 0.988095238095238 0.11821428571428572 0.023809523809523805 0.013571428571428571