5 0.5946196660482373 0.15135699373695202 0.05380333951762523 0.0302713987473904
5 0.7935992578849722 0.15474947807933198 0.03061224489795918 0.036012526096033406
5 0.9971294363256785 0.14749536178107606 0.005741127348643006 0.029684601113172542
8 0.23330241187384043 0.2797494780793319 0.05473098330241187 0.03862212943632568
7 0.2411873840445269 0.38204592901878914 0.05380333951762523 0.04592901878914406
7 0.6423933209647495 0.34107515657620047 0.05102040816326531 0.04331941544885178
7 0.6141001855287569 0.3081941544885178 0.03153988868274583 0.04958246346555324
7 0.6451762523191094 0.2980167014613779 0.038033395176252316 0.049060542797494784
7 0.7128942486085342 0.305062630480167 0.028756957328385898 0.03183716075156577
7 0.7388682745825603 0.2797494780793319 0.02504638218923933 0.03862212943632568
7 0.7935992578849722 0.3092379958246347 0.034322820037105746 0.04749478079331942
7 0.8334879406307977 0.31811064718162846 0.04359925788497217 0.04645093945720251
7 0.9945198329853863 0.32560296846011133 0.010960334029227558 0.04359925788497217
7 0.9355287569573283 0.30271398747390404 0.03617810760667903 0.0501043841336117
7 0.884508348794063 0.3029749478079332 0.034322820037105746 0.0454070981210856
7 0.9053803339517624 0.3001043841336117 0.04267161410018552 0.046972860125260966
7 0.8543599257884972 0.2995824634655533 0.04823747680890538 0.046972860125260966
7 0.8404452690166976 0.28888308977035493 0.03525046382189239 0.04018789144050105
7 0.8135435992578849 0.285490605427975 0.03525046382189239 0.04488517745302714
8 0.9661410018552876 0.3149791231732777 0.026901669758812616 0.03288100208768267
7 0.9749536178107606 0.31889352818371614 0.03710575139146567 0.048016701461377875
0 0.10992578849721706 0.4305845511482255 0.14935064935064934 0.11795407098121087
9 0.23515769944341372 0.44519832985386226 0.11595547309833022 0.08246346555323592
9 0.40723562152133574 0.43084551148225475 0.11502782931354359 0.10177453027139875
0 0.5264378478664192 0.43267223382045933 0.10853432282003711 0.10438413361169104
0 0.7189239332096474 0.42510438413361173 0.10946196660482374 0.1059498956158664
0 0.8933209647495362 0.4209290187891441 0.0909090909090909 0.09446764091858038