3 0.12833333333333333 0.595 0.16466666666666666 0.166
8 0.376 0.441 0.030666666666666665 0.038
8 0.3803333333333333 0.42375 0.018 0.0265
9 0.3823333333333333 0.44425 0.04333333333333333 0.0585
3 0.907 0.3895 0.09 0.073
3 0.99625 0.39066666666666666 0.0075 0.074
1 0.29766666666666663 0.231 0.01933333333333333 0.021
7 0.3133333333333333 0.22125 0.018666666666666665 0.0295
7 0.337 0.218 0.015333333333333332 0.029
7 0.3276666666666666 0.2065 0.015333333333333332 0.028
11 0.338 0.005 0.0215 0.01
3 0.3693333333333333 0.25225 0.068 0.0575
11 0.398 0.20825 0.05333333333333333 0.0535
7 0.4666666666666666 0.19525 0.013333333333333332 0.0295
3 0.4546666666666666 0.13 0.03866666666666666 0.03
3 0.5556666666666666 0.056 0.024666666666666663 0.02
3 0.48566666666666664 0.09075 0.03133333333333333 0.0215
3 0.5016666666666666 0.06675 0.02733333333333333 0.0195
3 0.51 0.053 0.029333333333333333 0.021
3 0.5186666666666666 0.04525 0.024 0.0185
3 0.5283333333333332 0.028 0.022 0.016
3 0.5336666666666666 0.02125 0.020666666666666663 0.0155
3 0.5376666666666666 0.0145 0.020666666666666663 0.014
3 0.5433333333333332 0.0075 0.02 0.014
3 0.6343333333333333 0.00925 0.020666666666666663 0.0175
3 0.855 0.14575 0.046 0.0295
3 0.97825 0.14533333333333334 0.0435 0.029333333333333333
3 0.93 0.11075 0.04533333333333333 0.0235
3 0.9146666666666666 0.0945 0.03733333333333333 0.021
11 0.9036666666666666 0.07975 0.03666666666666667 0.0255
3 0.7353333333333333 0.06425 0.026666666666666665 0.0185
2 0.7653333333333333 0.02925 0.042666666666666665 0.0415
7 0.82575 0.005333333333333333 0.0075 0.010666666666666666
8 0.8153333333333332 0.056 0.009333333333333332 0.011
5 0.816 0.0605 0.010666666666666666 0.013
3 0.8786666666666666 0.07075 0.042666666666666665 0.0215
3 0.8703333333333333 0.06325 0.04733333333333333 0.0175
3 0.869 0.055 0.03266666666666666 0.016
11 0.8513333333333333 0.04375 0.026666666666666665 0.0185
11 0.8426666666666667 0.037 0.021333333333333333 0.017
3 0.8036666666666666 0.00775 0.022 0.0115
3 0.796 0.0036666666666666666 0.0185 0.007333333333333333
8 0.7773333333333332 0.0055 0.005333333333333333 0.009
8 0.7773333333333332 0.00575 0.008 0.0085
5 0.777 0.00875 0.008666666666666666 0.0095
7 0.799 0.01125 0.006 0.0095
8 0.7973333333333332 0.01725 0.008 0.0115
5 0.7973333333333332 0.01775 0.008 0.0135
3 0.825 0.02725 0.028666666666666663 0.0165
7 0.8263333333333333 0.03 0.006 0.015
7 0.822 0.03025 0.006666666666666666 0.0155
7 0.8136666666666666 0.0305 0.006 0.015
7 0.8156666666666667 0.02875 0.006 0.0155
10 0.99 0.08633333333333333 0.02 0.024666666666666667
3 0.981 0.07566666666666666 0.038 0.019333333333333334
3 0.97625 0.069 0.0475 0.018
3 0.97275 0.064 0.0545 0.016
11 0.9686666666666667 0.0575 0.06133333333333333 0.021
3 0.951 0.05175 0.054 0.0155
11 0.938 0.04425 0.041333333333333326 0.0195
11 0.9406666666666667 0.03825 0.06133333333333333 0.0215
3 0.9256666666666666 0.03625 0.04733333333333333 0.0165
11 0.9143333333333332 0.03225 0.04466666666666667 0.0185
11 0.9116666666666666 0.025 0.04066666666666666 0.017
3 0.911 0.02875 0.04066666666666666 0.0145
4 0.96675 0.002 0.04 0.004