0 0.5 0.07821428571428571 0.03238095238095238 0.035
8 0.499047619047619 0.08214285714285714 0.007619047619047619 0.007142857142857143
3 0.5876190476190476 0.10214285714285715 0.06285714285714286 0.025714285714285714
3 0.5619047619047619 0.15071428571428572 0.05714285714285714 0.024285714285714285
3 0.5285714285714286 0.2057142857142857 0.07238095238095238 0.027142857142857142
3 0.5466666666666666 0.17035714285714285 0.06666666666666667 0.023571428571428573
3 0.5842857142857143 0.11964285714285715 0.0619047619047619 0.02214285714285714
3 0.47380952380952374 0.32071428571428573 0.04857142857142857 0.025714285714285714
3 0.48714285714285716 0.29678571428571426 0.04857142857142857 0.02214285714285714
11 0.046785714285714285 0.560952380952381 0.09357142857142857 0.06285714285714286
11 0.22142857142857142 0.5932142857142857 0.07333333333333332 0.09357142857142857
3 0.17857142857142858 0.6910714285714286 0.08476190476190476 0.07357142857142857
11 0.4052380952380952 0.6453571428571429 0.07714285714285714 0.08357142857142857
5 0.34238095238095234 0.6678571428571428 0.02 0.037142857142857144
5 0.3519047619047619 0.6125 0.04095238095238095 0.013571428571428571
5 0.34 0.6232142857142857 0.03809523809523809 0.016428571428571428
5 0.2947619047619047 0.6432142857142857 0.018095238095238095 0.03214285714285714
5 0.3057142857142857 0.6842857142857143 0.03809523809523809 0.022857142857142857
5 0.3723809523809523 0.5782142857142857 0.04 0.015
5 0.3580952380952381 0.5882142857142857 0.04 0.010714285714285714
3 0.6433333333333333 0.6142857142857143 0.09619047619047619 0.05285714285714286
3 0.6733333333333333 0.5410714285714285 0.09333333333333332 0.03642857142857143
3 0.6823809523809523 0.5025 0.09428571428571429 0.039285714285714285
3 0.6909523809523809 0.4682142857142857 0.08285714285714285 0.03642857142857143
3 0.7104761904761905 0.4042857142857143 0.0838095238095238 0.03428571428571429
3 0.7161904761904762 0.37392857142857144 0.0838095238095238 0.03214285714285714
11 0.7971428571428572 0.07714285714285714 0.05714285714285714 0.03142857142857143