3 0.7836666666666666 0.68625 0.106 0.0465
11 0.931 0.63075 0.048666666666666664 0.0395
7 0.6336666666666666 0.6635 0.01 0.017
7 0.6456666666666666 0.65475 0.012666666666666666 0.0305
3 0.7203333333333333 0.6025 0.06866666666666665 0.029
11 0.5856666666666667 0.62175 0.06733333333333333 0.0295
11 0.6356666666666666 0.58075 0.06333333333333332 0.0305
11 0.8026666666666666 0.55475 0.044 0.0225
11 0.7713333333333332 0.54625 0.04 0.0335
1 0.7653333333333333 0.50925 0.021333333333333333 0.0095
11 0.571 0.56425 0.062 0.0265
3 0.4723333333333333 0.581 0.05533333333333333 0.028
11 0.5176666666666666 0.546 0.04333333333333333 0.028
3 0.5663333333333332 0.51025 0.038 0.0165
3 0.428 0.56775 0.049333333333333326 0.0225
11 0.475 0.53625 0.048666666666666664 0.0265
3 0.386 0.55125 0.048 0.0205
3 0.43466666666666665 0.53025 0.041333333333333326 0.0175
3 0.34833333333333333 0.54 0.042 0.022
3 0.4016666666666666 0.51975 0.04066666666666666 0.0165
3 0.314 0.52825 0.03733333333333333 0.0185
3 0.366 0.511 0.036 0.015
3 0.28733333333333333 0.51925 0.03866666666666666 0.0185
3 0.31966666666666665 0.4955 0.034 0.015
11 0.2596666666666666 0.508 0.02733333333333333 0.019
11 0.23966666666666667 0.502 0.022 0.017
11 0.224 0.4975 0.025333333333333333 0.018
11 0.2616666666666666 0.4825 0.028666666666666663 0.013
3 0.28833333333333333 0.48025 0.020666666666666663 0.0115
3 0.206 0.49225 0.034666666666666665 0.0135
11 0.18833333333333332 0.487 0.028666666666666663 0.014
3 0.21766666666666665 0.4795 0.024666666666666663 0.011
3 0.245 0.478 0.026 0.011
3 0.17166666666666666 0.48125 0.02333333333333333 0.0115
3 0.156 0.47575 0.021333333333333333 0.0115
3 0.17466666666666666 0.473 0.024 0.011
11 0.22666666666666666 0.47075 0.022666666666666665 0.0135
3 0.208 0.4685 0.021333333333333333 0.009
3 0.15666666666666665 0.46725 0.017333333333333333 0.0095
3 0.17866666666666667 0.46675 0.021333333333333333 0.0075
3 0.1973333333333333 0.4655 0.02 0.01
11 0.18666666666666665 0.462 0.017333333333333333 0.01
3 0.1733333333333333 0.46 0.02 0.01
8 0.13266666666666665 0.459 0.004 0.007
5 0.1323333333333333 0.46075 0.007333333333333333 0.0085
3 0.155 0.4545 0.020666666666666663 0.008
3 0.117 0.46225 0.020666666666666663 0.0105
7 0.12733333333333333 0.48175 0.008 0.0115
7 0.13466666666666666 0.483 0.008 0.012
7 0.069 0.49275 0.006 0.0125
7 0.075 0.4955 0.006 0.012
7 0.034 0.50075 0.012 0.0135
7 0.03166666666666666 0.497 0.007333333333333333 0.013
9 0.10166666666666666 0.4885 0.015333333333333332 0.01
10 0.144 0.45025 0.028 0.0115
3 0.09 0.4515 0.016 0.008
11 0.123 0.445 0.01933333333333333 0.009
3 0.10933333333333332 0.44225 0.018666666666666665 0.0085
3 0.096 0.4385 0.014666666666666666 0.007
3 0.08566666666666665 0.43525 0.011333333333333332 0.0055
3 0.077 0.43325 0.01 0.0055
3 0.073 0.4325 0.01 0.005
11 0.067 0.4305 0.011333333333333332 0.006
3 0.06233333333333333 0.4265 0.02333333333333333 0.005
3 0.05033333333333333 0.4255 0.011333333333333332 0.006
3 0.03533333333333333 0.422 0.009333333333333332 0.005
3 0.015666666666666666 0.4205 0.01 0.004
3 0.013 0.41625 0.014 0.0045
4 0.05 0.408 0.036 0.018
8 0.48433333333333334 0.46825 0.006 0.0075
7 0.4943333333333333 0.4775 0.006 0.011
7 0.4983333333333333 0.467 0.004666666666666666 0.009
7 0.5343333333333332 0.45775 0.004666666666666666 0.0085
11 0.5533333333333332 0.452 0.025333333333333333 0.009
3 0.5696666666666667 0.45425 0.026 0.0075
7 0.41766666666666663 0.44575 0.003333333333333333 0.0075
7 0.6113333333333333 0.46625 0.004 0.0075
7 0.621 0.474 0.004666666666666666 0.01
7 0.6286666666666666 0.4735 0.0026666666666666666 0.008
8 0.43466666666666665 0.4525 0.004 0.004
7 0.4303333333333333 0.437 0.003333333333333333 0.008
3 0.386 0.438 0.02 0.007
4 0.578 0.43025 0.04 0.0215
7 0.5693333333333332 0.4485 0.004 0.007
7 0.41566666666666663 0.44125 0.003333333333333333 0.0065
4 0.625 0.53375 0.10866666666666666 0.0285