4 0.21833333333333332 0.07175 0.23 0.0075
4 0.231 0.0895 0.048666666666666664 0.02
4 0.355 0.0405 0.016666666666666663 0.008
4 0.453 0.037 0.015333333333333332 0.004
3 0.34 0.08 0.029333333333333333 0.01
11 0.369 0.07925 0.02333333333333333 0.0095
11 0.4013333333333333 0.07875 0.028 0.0105
3 0.441 0.07975 0.03133333333333333 0.0085
3 0.47766666666666663 0.08025 0.03 0.0085
3 0.5176666666666666 0.0805 0.03 0.009
11 0.4586666666666666 0.0695 0.029333333333333333 0.01
3 0.4623333333333333 0.074 0.028666666666666663 0.008
3 0.5 0.07375 0.029333333333333333 0.0085
7 0.5153333333333333 0.07 0.0026666666666666666 0.007
3 0.5383333333333332 0.07375 0.03 0.0085
3 0.554 0.07975 0.030666666666666665 0.0085
3 0.5953333333333333 0.08075 0.030666666666666665 0.0085
11 0.5736666666666667 0.07275 0.024666666666666663 0.0105
11 0.6053333333333333 0.07175 0.024 0.0105
3 0.6446666666666666 0.07275 0.032 0.0105
3 0.6693333333333332 0.081 0.026666666666666665 0.008
3 0.6836666666666666 0.07375 0.028666666666666663 0.0095
3 0.702 0.08125 0.024 0.0075
3 0.7263333333333333 0.074 0.026 0.008
7 0.731 0.07375 0.003333333333333333 0.0095
3 0.7863333333333332 0.081 0.03266666666666666 0.009
7 0.788 0.07475 0.0026666666666666666 0.0075
3 0.798 0.0695 0.024 0.01
3 0.862 0.07275 0.028 0.0095
3 0.9573333333333333 0.08925 0.013333333333333332 0.0085
3 0.9543333333333333 0.11225 0.020666666666666663 0.0125
3 0.9443333333333332 0.14525 0.02333333333333333 0.0185
3 0.9526666666666667 0.165 0.034666666666666665 0.018
7 0.91 0.08675 0.005333333333333333 0.0075
7 0.9066666666666666 0.085 0.0026666666666666666 0.004
3 0.842 0.2225 0.028 0.028
3 0.8206666666666667 0.25025 0.033333333333333326 0.0255
3 0.8543333333333333 0.187 0.02733333333333333 0.022
3 0.8076666666666666 0.2775 0.03533333333333333 0.032
3 0.7936666666666666 0.30725 0.03933333333333333 0.0325
7 0.826 0.2895 0.010666666666666666 0.018
7 0.776 0.36475 0.012 0.0225
3 0.7503333333333333 0.4065 0.056666666666666664 0.059
3 0.5733333333333333 0.31325 0.052 0.0385
3 0.854 0.5275 0.10666666666666666 0.051
0 0.719 0.503 0.04733333333333333 0.052
3 0.8626666666666666 0.634 0.08 0.118
3 0.385 0.50775 0.102 0.0835
10 0.5603333333333332 0.4865 0.07666666666666666 0.079
3 0.47433333333333333 0.6125 0.08466666666666665 0.073
7 0.6646666666666666 0.47175 0.013333333333333332 0.0275
7 0.652 0.46175 0.010666666666666666 0.0175
7 0.6293333333333333 0.2575 0.010666666666666666 0.011
10 0.943 0.009 0.014 0.017
8 0.5263333333333332 0.13325 0.006 0.0065
8 0.5133333333333333 0.13725 0.005333333333333333 0.0065
7 0.5236666666666666 0.1415 0.006 0.009
7 0.318 0.13625 0.005333333333333333 0.0095
7 0.323 0.13525 0.006 0.0105
7 0.18566666666666665 0.09425 0.006 0.0095
7 0.197 0.09525 0.007333333333333333 0.0095
7 0.07033333333333333 0.1 0.007333333333333333 0.01
7 0.045 0.10125 0.007333333333333333 0.0085
7 0.014 0.10825 0.009333333333333332 0.0115
7 0.44266666666666665 0.0565 0.004 0.008
7 0.434 0.0575 0.004 0.008
11 0.42266666666666663 0.053 0.022666666666666665 0.011
7 0.503 0.053 0.003333333333333333 0.007
7 0.493 0.05375 0.003333333333333333 0.0075
8 0.4973333333333333 0.0555 0.0026666666666666666 0.004
11 0.30033333333333334 0.04575 0.020666666666666663 0.0095
8 0.7006666666666667 0.2615 0.004 0.006
8 0.699 0.2625 0.008666666666666666 0.012
8 0.711 0.255 0.008666666666666666 0.011
3 0.9196666666666666 0.308 0.03533333333333333 0.034
3 0.6666666666666666 0.35575 0.041333333333333326 0.0565
3 0.35733333333333334 0.73075 0.084 0.0335
4 0.4053333333333333 0.03475 0.13066666666666665 0.0215
4 0.635 0.0525 0.182 0.025
4 0.828 0.02075 0.04533333333333333 0.0305