3 0.7096666666666667 0.68925 0.04066666666666666 0.0665
11 0.4283333333333333 0.731 0.04333333333333333 0.037
3 0.5573333333333332 0.503 0.03866666666666666 0.055
3 0.5143333333333333 0.4635 0.038 0.051
3 0.6683333333333332 0.482 0.03533333333333333 0.052
3 0.7543333333333333 0.51125 0.034 0.0515
3 0.48833333333333334 0.33925 0.03666666666666667 0.0425
3 0.7476666666666666 0.35275 0.03 0.0395
3 0.565 0.28525 0.03133333333333333 0.0385
3 0.751 0.2755 0.028666666666666663 0.032
11 0.5853333333333333 0.1915 0.028 0.037
3 0.7593333333333333 0.177 0.024 0.026
3 0.6923333333333332 0.16675 0.024666666666666663 0.0265
3 0.7226666666666667 0.14 0.021333333333333333 0.023
3 0.7536666666666666 0.12775 0.01933333333333333 0.0215
3 0.7273333333333333 0.08625 0.018666666666666665 0.0195
3 0.7796666666666666 0.09 0.01933333333333333 0.019
3 0.754 0.07475 0.018666666666666665 0.0185
3 0.8043333333333332 0.0715 0.01933333333333333 0.02
3 0.729 0.0545 0.018 0.018
3 0.7503333333333333 0.03875 0.018 0.0195
3 0.809 0.043 0.01933333333333333 0.018
2 0.777 0.03475 0.028666666666666663 0.0465
11 0.67075 0.009666666666666667 0.0185 0.019333333333333334
3 0.72875 0.006333333333333333 0.0175 0.012666666666666666
3 0.754 0.004666666666666667 0.016 0.009333333333333334
3 0.979 0.36666666666666664 0.042 0.028666666666666667
3 0.996 0.32066666666666666 0.008 0.036
3 0.943 0.24825 0.05933333333333333 0.0275
3 0.942 0.23075 0.058666666666666666 0.0245
3 0.945 0.2165 0.048666666666666664 0.021
3 0.9156666666666666 0.18125 0.022 0.0245
3 0.98625 0.205 0.0275 0.021333333333333333
8 0.43366666666666664 0.29775 0.011333333333333332 0.0125
1 0.434 0.30175 0.010666666666666666 0.0145
7 0.356 0.328 0.010666666666666666 0.014