3 0.7741116751269036 0.2142857142857143 0.03807106598984771 0.03142857142857143
3 0.7633248730964467 0.1807142857142857 0.03426395939086294 0.027142857142857142
11 0.8007614213197969 0.2496428571428571 0.04568527918781726 0.04071428571428572
3 0.8280456852791879 0.29642857142857143 0.04187817258883249 0.03857142857142857
11 0.7487309644670052 0.2596428571428572 0.04060913705583756 0.03785714285714285
11 0.7715736040609137 0.3025 0.03807106598984771 0.042142857142857135
7 0.4879441624365482 0.4721428571428571 0.008883248730964468 0.01
7 0.5076142131979696 0.47964285714285715 0.01269035532994924 0.010714285714285714
7 0.5234771573604061 0.4478571428571428 0.013959390862944163 0.01
7 0.565989847715736 0.4282142857142857 0.01015228426395939 0.010714285714285714
7 0.5044416243654822 0.3503571428571428 0.013959390862944163 0.013571428571428571
7 0.4841370558375634 0.13999999999999999 0.011421319796954314 0.01
7 0.9092639593908629 0.30107142857142855 0.011421319796954314 0.015000000000000001
7 0.4968274111675127 0.47357142857142853 0.011421319796954314 0.01
7 0.5222081218274112 0.45285714285714285 0.013959390862944163 0.011428571428571429
7 0.5640862944162437 0.4321428571428571 0.011421319796954314 0.01
7 0.49238578680203043 0.40249999999999997 0.015228426395939087 0.013571428571428571
7 0.995 0.44416243654822335 0.01 0.013959390862944163