3 0.46573604060913704 0.07178571428571429 0.06091370558375635 0.017857142857142856
3 0.5031725888324873 0.09178571428571429 0.05964467005076142 0.017857142857142856
3 0.5374365482233502 0.15214285714285714 0.06218274111675127 0.022857142857142857
3 0.5437817258883249 0.08535714285714285 0.05964467005076142 0.019285714285714285
3 0.5875634517766498 0.10999999999999999 0.05583756345177665 0.018571428571428572
3 0.5939086294416244 0.07892857142857142 0.0583756345177665 0.019285714285714285
3 0.6192893401015228 0.0975 0.053299492385786795 0.023571428571428573
3 0.9714467005076142 0.06571428571428571 0.04695431472081218 0.022857142857142857
3 0.9917857142857143 0.07550761421319797 0.016428571428571428 0.024111675126903553
3 0.9118020304568527 0.10607142857142857 0.03934010152284264 0.024999999999999998
3 0.9600253807106599 0.11642857142857142 0.0317258883248731 0.025714285714285714
3 0.9757142857142858 0.19289340101522842 0.04857142857142857 0.03299492385786802
11 0.83248730964467 0.49178571428571427 0.09644670050761421 0.045
3 0.9867857142857143 0.4397208121827411 0.02642857142857143 0.04060913705583756
11 0.9397208121827412 0.4389285714285714 0.0901015228426396 0.04642857142857142
11 0.9486040609137056 0.39714285714285713 0.0799492385786802 0.030000000000000002
3 0.9447969543147208 0.4182142857142857 0.07233502538071065 0.03071428571428571
2 0.9103571428571429 0.475253807106599 0.1792857142857143 0.09898477157360407
2 0.45431472081218277 0.5242857142857142 0.14213197969543148 0.07285714285714286
2 0.5894670050761421 0.4235714285714286 0.20177664974619292 0.1357142857142857
2 0.616751269035533 0.31392857142857145 0.16751269035532995 0.09928571428571428
2 0.6446700507614213 0.34464285714285714 0.11928934010152284 0.06928571428571428
2 0.7170050761421319 0.3421428571428571 0.08883248730964467 0.0642857142857143
10 0.7576142131979696 0.36178571428571427 0.10659898477157359 0.07214285714285713
3 0.6719543147208121 0.4332142857142857 0.07487309644670051 0.047857142857142855
3 0.5939086294416244 0.49178571428571427 0.08121827411167512 0.053571428571428575
3 0.5050761421319797 0.3935714285714285 0.07868020304568528 0.04428571428571428
3 0.4143401015228427 0.45035714285714284 0.09517766497461928 0.047857142857142855
3 0.3248730964467005 0.5107142857142857 0.08883248730964467 0.05142857142857143
3 0.41243654822335024 0.5064285714285713 0.08629441624365483 0.054285714285714284
3 0.5368020304568528 0.4182142857142857 0.07106598984771574 0.04071428571428572
10 0.881979695431472 0.1707142857142857 0.09137055837563451 0.06571428571428571
7 0.5907360406091371 0.18285714285714286 0.011421319796954314 0.015714285714285715
7 0.5983502538071066 0.185 0.011421319796954314 0.015714285714285715
7 0.6345177664974619 0.1957142857142857 0.015228426395939087 0.014285714285714285
7 0.6357868020304569 0.24678571428571427 0.01015228426395939 0.013571428571428571
7 0.641497461928934 0.2432142857142857 0.013959390862944163 0.012142857142857141
8 0.42576142131979694 0.295 0.011421319796954314 0.01
8 0.4200507614213198 0.3125 0.02030456852791878 0.010714285714285714
8 0.45241116751269034 0.2996428571428571 0.019035532994923856 0.009285714285714286
7 0.44162436548223344 0.2739285714285714 0.02030456852791878 0.015000000000000001
7 0.5139593908629442 0.21571428571428572 0.015228426395939087 0.015714285714285715
7 0.5222081218274112 0.21285714285714283 0.01649746192893401 0.014285714285714285
7 0.9904822335025381 0.016785714285714286 0.011421319796954314 0.012142857142857141
7 0.6903553299492386 0.07607142857142857 0.01269035532994924 0.010714285714285714
7 0.6656091370558376 0.06857142857142857 0.011421319796954314 0.011428571428571429
3 0.9935714285714285 0.4168781725888325 0.012857142857142857 0.031725888324873094