3 0.5831218274111675 0.5021428571428571 0.049492385786802026 0.05714285714285714
3 0.7093908629441624 0.2810714285714286 0.048223350253807105 0.034999999999999996
3 0.7531725888324874 0.1757142857142857 0.024111675126903553 0.024285714285714282
3 0.8280456852791879 0.17357142857142854 0.05710659898477158 0.024285714285714282
3 0.45368020304568524 0.17464285714285713 0.07487309644670051 0.020714285714285713
11 0.9975 0.20875634517766498 0.005 0.024111675126903553
11 0.9143401015228426 0.19714285714285715 0.06218274111675127 0.024285714285714282
11 0.8007614213197969 0.3125 0.04060913705583756 0.034999999999999996
11 0.42639593908629436 0.5342857142857143 0.05583756345177665 0.05285714285714285
3 0.21573604060913706 0.23214285714285712 0.07614213197969542 0.018571428571428572
3 0.22398477157360405 0.2471428571428571 0.07233502538071065 0.022857142857142857
3 0.1218274111675127 0.22964285714285712 0.08629441624365483 0.017857142857142856
3 0.09961928934010152 0.25071428571428567 0.0799492385786802 0.022857142857142857
11 0.02142857142857143 0.22842639593908629 0.04285714285714286 0.025380710659898477
3 0.2455583756345178 0.016428571428571428 0.026649746192893398 0.015714285714285715
3 0.19098984771573604 0.014642857142857143 0.0317258883248731 0.017857142857142856
3 0.15355329949238578 0.014285714285714285 0.03299492385786802 0.014285714285714285
3 0.08946700507614214 0.016071428571428573 0.03680203045685279 0.02214285714285714
10 0.5862944162436549 0.06999999999999999 0.043147208121827416 0.05142857142857143
10 0.49365482233502533 0.09857142857142857 0.08121827411167512 0.02857142857142857
2 0.7221428571428572 0.02030456852791878 0.03571428571428571 0.04060913705583756
10 0.22779187817258884 0.11392857142857143 0.09263959390862944 0.026428571428571426
1 0.2633248730964467 0.1307142857142857 0.026649746192893398 0.01
1 0.3883248730964467 0.1285714285714286 0.027918781725888325 0.007142857142857143
7 0.4460659898477158 0.19607142857142856 0.008883248730964468 0.015000000000000001
7 0.5463197969543148 0.09464285714285714 0.008883248730964468 0.013571428571428571
7 0.557741116751269 0.09071428571428572 0.008883248730964468 0.011428571428571429
11 0.54251269035533 0.013214285714285713 0.04187817258883249 0.015000000000000001
11 0.4847715736040609 0.016071428571428573 0.02030456852791878 0.016428571428571428
3 0.29441624365482233 0.02035714285714286 0.027918781725888325 0.017857142857142856
3 0.3204314720812183 0.019642857142857142 0.024111675126903553 0.016428571428571428
7 0.8388324873096447 0.024642857142857143 0.007614213197969543 0.012142857142857141
7 0.8305837563451777 0.028214285714285713 0.00634517766497462 0.012142857142857141
7 0.809010152284264 0.07642857142857143 0.008883248730964468 0.011428571428571429
7 0.8204314720812182 0.08392857142857144 0.008883248730964468 0.010714285714285714
7 0.8197969543147208 0.07928571428571428 0.007614213197969543 0.01
8 0.7151015228426396 0.11821428571428572 0.011421319796954314 0.012142857142857141
8 0.6548223350253808 0.2767857142857143 0.01015228426395939 0.012142857142857141
1 0.7138324873096447 0.12035714285714284 0.019035532994923856 0.007857142857142858
5 0.6573604060913706 0.2792857142857143 0.027918781725888325 0.011428571428571429
1 0.916243654822335 0.49214285714285716 0.01015228426395939 0.018571428571428572
8 0.91751269035533 0.4914285714285714 0.015228426395939087 0.012857142857142857
7 1 0.3819796954314721 0 0.015228426395939087
7 0.9957142857142857 0.1649746192893401 0.008571428571428572 0.01015228426395939
7 0.9841370558375635 0.14607142857142857 0.013959390862944163 0.012142857142857141
7 0.9346446700507615 0.1475 0.008883248730964468 0.012142857142857141
7 0.9390862944162437 0.14642857142857144 0.01015228426395939 0.012857142857142857
7 0.9067258883248732 0.10428571428571429 0.008883248730964468 0.012857142857142857
7 0.8838832487309645 0.10178571428571428 0.008883248730964468 0.010714285714285714
3 0.9213197969543147 0.08964285714285714 0.053299492385786795 0.017857142857142856
10 0.875 0.007614213197969543 0.054285714285714284 0.015228426395939087