2 0.4321065989847716 0.35714285714285715 0.052030456852791875 0.08857142857142856
2 0.5203045685279188 0.2710714285714286 0.043147208121827416 0.08071428571428571
2 0.46129441624365486 0.2457142857142857 0.07487309644670051 0.08714285714285713
2 0.5044416243654822 0.17357142857142854 0.06218274111675127 0.08142857142857143
2 0.54251269035533 0.19642857142857142 0.05456852791878173 0.06857142857142857
2 0.5634517766497462 0.1275 0.05583756345177665 0.065
2 0.5748730964467005 0.0625 0.043147208121827416 0.09357142857142856
2 0.9928571428571429 0.08312182741116751 0.014285714285714285 0.10025380710659898
2 0.9118020304568527 0.1857142857142857 0.1281725888324873 0.10142857142857142
2 0.8077411167512691 0.16857142857142854 0.06218274111675127 0.10714285714285715
2 0.6389593908629442 0.30357142857142855 0.05964467005076142 0.08857142857142856
2 0.7988578680203046 0.0625 0.06725888324873097 0.08642857142857142
11 0.6643401015228426 0.12964285714285714 0.0317258883248731 0.039285714285714285
3 0.6713197969543148 0.09142857142857143 0.03553299492385787 0.032857142857142856
3 0.6516497461928934 0.23285714285714285 0.03680203045685279 0.049999999999999996
3 0.6605329949238579 0.17785714285714285 0.03934010152284264 0.03428571428571429
7 0.5970812182741116 0.25321428571428567 0.01649746192893401 0.019285714285714285
2 0.24492385786802032 0.5282142857142857 0.25888324873096447 0.05071428571428571
2 0.062142857142857146 0.5317258883248731 0.12428571428571429 0.04949238578680203