3 0.9428934010152283 0.29464285714285715 0.02284263959390863 0.02214285714285714
3 0.9871428571428571 0.2950507614213198 0.025714285714285714 0.02284263959390863
3 0.8883248730964467 0.29642857142857143 0.030456852791878174 0.02142857142857143
3 0.9790609137055838 0.2639285714285714 0.026649746192893398 0.019285714285714285
3 0.9352791878172588 0.25142857142857145 0.02284263959390863 0.018571428571428572
3 0.940989847715736 0.23214285714285712 0.021573604060913708 0.018571428571428572
11 0.9492385786802031 0.17107142857142854 0.02030456852791878 0.017857142857142856
11 0.9803299492385786 0.24428571428571427 0.024111675126903553 0.02
3 0.9422588832487309 0.1392857142857143 0.01649746192893401 0.017142857142857144
3 0.8413705583756345 0.08964285714285714 0.01269035532994924 0.007857142857142858
10 0.8826142131979696 0.11142857142857143 0.01649746192893401 0.02142857142857143
10 0.8946700507614214 0.09964285714285713 0.02030456852791878 0.017857142857142856
3 0.8972081218274113 0.09 0.015228426395939087 0.01
10 0.9035532994923858 0.07392857142857143 0.02030456852791878 0.017857142857142856
3 0.9295685279187818 0.06714285714285714 0.013959390862944163 0.011428571428571429
7 0.8965736040609137 0.32499999999999996 0.013959390862944163 0.014285714285714285
7 0.8248730964467005 0.3364285714285714 0.007614213197969543 0.011428571428571429
7 0.7360406091370558 0.2114285714285714 0.007614213197969543 0.01
7 0.7296954314720812 0.21107142857142858 0.007614213197969543 0.012142857142857141
7 0.700507614213198 0.3082142857142857 0.01015228426395939 0.013571428571428571
7 0.6713197969543148 0.32535714285714284 0.007614213197969543 0.013571428571428571
7 0.6573604060913706 0.32571428571428573 0.015228426395939087 0.015714285714285715
7 0.6465736040609137 0.32571428571428573 0.008883248730964468 0.014285714285714285
7 0.618020304568528 0.32785714285714285 0.015228426395939087 0.014285714285714285
7 0.5710659898477157 0.32535714285714284 0.01015228426395939 0.012142857142857141
7 0.58248730964467 0.3246428571428571 0.01269035532994924 0.013571428571428571
7 0.5513959390862944 0.33214285714285713 0.011421319796954314 0.012857142857142857
7 0.5241116751269036 0.3225 0.007614213197969543 0.012142857142857141
7 0.5317258883248731 0.3207142857142857 0.01015228426395939 0.014285714285714285
7 0.49238578680203043 0.31821428571428567 0.01269035532994924 0.015000000000000001
7 0.399746192893401 0.3457142857142857 0.01269035532994924 0.014285714285714285
7 0.2690355329949239 0.36321428571428566 0.017766497461928935 0.015000000000000001
7 0.282994923857868 0.3610714285714286 0.015228426395939087 0.015000000000000001
7 0.2772842639593909 0.3503571428571428 0.011421319796954314 0.010714285714285714
7 0.4219543147208122 0.3467857142857143 0.011421319796954314 0.013571428571428571
7 0.4238578680203046 0.33571428571428574 0.007614213197969543 0.011428571428571429
7 0.43337563451776645 0.34035714285714286 0.011421319796954314 0.015000000000000001
7 0.434010152284264 0.33571428571428574 0.01269035532994924 0.014285714285714285
7 0.44416243654822335 0.3317857142857143 0.015228426395939087 0.010714285714285714
7 0.40164974619289334 0.3335714285714286 0.01649746192893401 0.012857142857142857
7 0.46573604060913704 0.3075 0.01015228426395939 0.012142857142857141
7 0.4796954314720812 0.3053571428571428 0.01015228426395939 0.013571428571428571
7 0.48984771573604063 0.3107142857142857 0.01015228426395939 0.012857142857142857
7 0.5520304568527918 0.3246428571428571 0.01015228426395939 0.010714285714285714
7 0.5520304568527918 0.31535714285714284 0.01015228426395939 0.012142857142857141
7 0.5729695431472082 0.3217857142857143 0.011421319796954314 0.012142857142857141
7 0.6053299492385787 0.32035714285714284 0.01015228426395939 0.015000000000000001
7 0.6453045685279188 0.31642857142857145 0.008883248730964468 0.012857142857142857
7 0.6541878172588832 0.31607142857142856 0.008883248730964468 0.012142857142857141
7 0.6751269035532994 0.3192857142857143 0.01015228426395939 0.012857142857142857
7 0.690989847715736 0.31321428571428567 0.008883248730964468 0.013571428571428571
7 0.6865482233502538 0.3364285714285714 0.01015228426395939 0.017142857142857144
7 0.5107868020304569 0.5375 0.013959390862944163 0.020714285714285713
7 0.49238578680203043 0.4860714285714286 0.017766497461928935 0.019285714285714285
7 0.4796954314720812 0.46749999999999997 0.015228426395939087 0.017857142857142856
7 0.38959390862944165 0.5057142857142857 0.017766497461928935 0.017142857142857144
7 0.4397208121827411 0.4471428571428571 0.013959390862944163 0.017142857142857144
7 0.4511421319796954 0.4475 0.008883248730964468 0.015000000000000001
7 0.375 0.49214285714285716 0.019035532994923856 0.018571428571428572
7 0.36548223350253806 0.4967857142857143 0.01015228426395939 0.012142857142857141
7 0.27220812182741116 0.44499999999999995 0.013959390862944163 0.015714285714285715
2 0.5088832487309645 0.415 0.2715736040609137 0.06142857142857142
3 0.6275380710659899 0.4046428571428571 0.05964467005076142 0.015000000000000001
3 0.3229695431472081 0.41178571428571425 0.08248730964467005 0.02214285714285714
7 0.6947969543147209 0.3003571428571429 0.008883248730964468 0.012142857142857141
3 0.9479695431472082 0.03571428571428571 0.01015228426395939 0.008571428571428572
3 0.9479695431472082 0.023928571428571428 0.01015228426395939 0.009285714285714286
3 0.9460659898477157 0.016428571428571428 0.011421319796954314 0.01
4 0.995 0.16624365482233502 0.01 0.048223350253807105
4 0.9925 0.09517766497461928 0.015 0.03299492385786802
3 0.9403553299492385 0.27499999999999997 0.030456852791878174 0.024285714285714282