2 0.2947619047619047 0.6735714285714286 0.2733333333333333 0.1457142857142857
3 0.2557142857142857 0.5482142857142858 0.15714285714285714 0.14642857142857144
3 0.029642857142857144 0.22952380952380952 0.05928571428571429 0.039047619047619046
3 0.05142857142857143 0.1980952380952381 0.10285714285714286 0.04
3 0.05857142857142857 0.16892857142857143 0.11333333333333333 0.03642857142857143
3 0.09333333333333332 0.1492857142857143 0.09523809523809522 0.041428571428571426
3 0.14285714285714285 0.13285714285714287 0.11238095238095237 0.03571428571428571
3 0.16809523809523808 0.11178571428571428 0.11714285714285715 0.03785714285714286
3 0.21333333333333332 0.08357142857142857 0.07809523809523809 0.02857142857142857
3 0.239047619047619 0.06785714285714285 0.07809523809523809 0.027142857142857142
3 0.25190476190476185 0.05607142857142857 0.08666666666666667 0.02642857142857143
3 0.3080952380952381 0.025714285714285714 0.08285714285714285 0.025714285714285714
3 0.32380952380952377 0.016785714285714286 0.0819047619047619 0.02642857142857143
3 0.3489285714285714 0.009523809523809525 0.06357142857142857 0.01904761904761905
1 0.07523809523809523 0.10785714285714286 0.03238095238095238 0.02
1 0.18 0.05285714285714286 0.017142857142857144 0.017142857142857144
3 0.29523809523809524 0.15964285714285714 0.07809523809523809 0.04928571428571429
3 0.23714285714285716 0.2910714285714286 0.10666666666666666 0.08357142857142857
3 0.42857142857142855 0.225 0.08 0.06428571428571428
3 0.37380952380952376 0.15857142857142856 0.0619047619047619 0.055714285714285716
11 0.3485714285714286 0.09607142857142857 0.0819047619047619 0.05928571428571429
3 0.41 0.11571428571428571 0.04857142857142857 0.04428571428571428
3 0.38857142857142857 0.07357142857142857 0.045714285714285714 0.032857142857142856
3 0.4357142857142857 0.08071428571428571 0.04857142857142857 0.041428571428571426
3 0.41666666666666663 0.04214285714285714 0.04095238095238095 0.025714285714285714
3 0.4638095238095238 0.053214285714285714 0.043809523809523805 0.03357142857142857
3 0.4376190476190476 0.020714285714285713 0.04095238095238095 0.025714285714285714
3 0.48047619047619045 0.03142857142857143 0.04285714285714286 0.03
3 0.5042857142857143 0.01 0.025714285714285714 0.02
11 0.5442857142857143 0.005238095238095238 0.03357142857142857 0.010476190476190476
7 0.5076190476190476 0.017857142857142856 0.011428571428571429 0.022857142857142857
7 0.4089285714285714 0.008095238095238095 0.012142857142857143 0.01619047619047619
3 0.5666666666666667 0.040357142857142855 0.045714285714285714 0.035
3 0.5214285714285715 0.10107142857142858 0.054285714285714284 0.04357142857142857
3 0.5771428571428572 0.14785714285714285 0.05333333333333333 0.05714285714285714
10 0.5204761904761904 0.23785714285714285 0.09047619047619047 0.11714285714285715
3 0.6652380952380952 0.12642857142857142 0.04666666666666666 0.05857142857142857
3 0.7361904761904761 0.062142857142857146 0.03809523809523809 0.03571428571428571
11 0.8053571428571429 0.011428571428571429 0.035 0.022857142857142857
3 0.8657142857142858 0.016785714285714286 0.06095238095238095 0.029285714285714286
3 0.8228571428571428 0.04 0.03238095238095238 0.027142857142857142
3 0.8728571428571429 0.03464285714285714 0.02952380952380952 0.02642857142857143
3 0.8314285714285714 0.06607142857142857 0.0419047619047619 0.030714285714285715
3 0.8842857142857142 0.06035714285714286 0.037142857142857144 0.029285714285714286
3 0.84 0.09714285714285714 0.04 0.03428571428571429
3 0.8938095238095237 0.09892857142857144 0.04666666666666666 0.04214285714285714
3 0.8619047619047618 0.1875 0.06666666666666667 0.052142857142857144
3 0.8485714285714285 0.1425 0.05142857142857143 0.04071428571428572
7 0.8876190476190475 0.21642857142857144 0.019047619047619046 0.02857142857142857
9 0.8504761904761904 0.25 0.043809523809523805 0.045714285714285714
7 0.869047619047619 0.24964285714285714 0.01619047619047619 0.015
3 0.7823809523809523 0.26821428571428574 0.08666666666666667 0.07071428571428572
7 0.9128571428571428 0.009523809523809525 0.012142857142857143 0.01904761904761905
7 0.9357142857142857 0.021785714285714287 0.010476190476190476 0.02214285714285714
1 0.9419047619047618 0.027142857142857142 0.009523809523809523 0.02142857142857143
7 0.9533333333333333 0.06464285714285714 0.011428571428571429 0.025
3 0.9957142857142857 0.06380952380952382 0.008571428571428572 0.029523809523809525
3 0.9982142857142857 0.09523809523809523 0.0035714285714285713 0.039047619047619046
7 0.9925 0.35714285714285715 0.015 0.0419047619047619