3 0.7133333333333333 0.41964285714285715 0.05142857142857143 0.035
3 0.5928571428571429 0.5196428571428572 0.054285714285714284 0.047857142857142855
3 0.4666666666666666 0.6517857142857143 0.09714285714285714 0.08642857142857142
3 0.41 0.4589285714285714 0.06571428571428571 0.02642857142857143
3 0.4342857142857143 0.42142857142857143 0.06666666666666667 0.022857142857142857
3 0.8938095238095237 0.175 0.01238095238095238 0.008571428571428572
3 0.9428571428571428 0.19857142857142857 0.013333333333333332 0.011428571428571429
8 0.1738095238095238 0.6767857142857143 0.02 0.013571428571428571
8 0.1895238095238095 0.6660714285714285 0.019047619047619046 0.015
8 0.26285714285714284 0.6014285714285714 0.015238095238095238 0.014285714285714285
8 0.28619047619047616 0.5507142857142857 0.01619047619047619 0.015714285714285715
3 0.99 0.4328571428571429 0.02 0.025714285714285714
8 0.8114285714285714 0.4110714285714286 0.011428571428571429 0.017857142857142856
5 0.8109523809523809 0.41464285714285715 0.01238095238095238 0.016428571428571428
5 0.9261904761904761 0.30464285714285716 0.006666666666666666 0.009285714285714286
8 0.9252380952380952 0.30178571428571427 0.006666666666666666 0.012142857142857143