7 0.052664974619289345 0.08750000000000001 0.024111675126903553 0.026428571428571426
7 0.2081218274111675 0.03071428571428571 0.02030456852791878 0.024285714285714282
7 0.2836294416243655 0.03071428571428571 0.021573604060913708 0.027142857142857142
7 0.5748730964467005 0.08964285714285714 0.02538071065989848 0.03071428571428571
7 0.6091370558375634 0.08928571428571429 0.015228426395939087 0.02
7 0.5894670050761421 0.06535714285714285 0.019035532994923856 0.024999999999999998
7 0.6192893401015228 0.05607142857142857 0.027918781725888325 0.024999999999999998
7 0.8991116751269036 0.05678571428571428 0.01649746192893401 0.024999999999999998
7 0.9289340101522843 0.04642857142857142 0.015228426395939087 0.02857142857142857
7 0.899746192893401 0.0425 0.017766497461928935 0.024999999999999998
7 0.8781725888324874 0.04285714285714286 0.02030456852791878 0.027142857142857142
7 0.8318527918781725 0.033928571428571426 0.021573604060913708 0.024999999999999998
7 0.7836294416243655 0.028214285714285713 0.013959390862944163 0.026428571428571426
7 0.9942857142857143 0.04378172588832487 0.011428571428571429 0.027918781725888325
7 0.9073604060913705 0.17428571428571427 0.02284263959390863 0.03142857142857143
7 0.7918781725888324 0.15214285714285714 0.02538071065989848 0.015714285714285715
7 0.6148477157360407 0.19749999999999998 0.021573604060913708 0.02214285714285714
7 0.6034263959390863 0.17 0.021573604060913708 0.022857142857142857
7 0.6072335025380711 0.15535714285714286 0.024111675126903553 0.017857142857142856
7 0.6269035532994923 0.17107142857142854 0.02538071065989848 0.023571428571428573
7 0.6389593908629442 0.16785714285714287 0.01649746192893401 0.015714285714285715
7 0.6491116751269036 0.155 0.026649746192893398 0.032857142857142856
7 0.35215736040609136 0.18642857142857142 0.021573604060913708 0.022857142857142857
7 0.21827411167512692 0.19285714285714284 0.03553299492385787 0.03142857142857143
7 0.38578680203045684 0.08785714285714286 0.02284263959390863 0.027142857142857142
7 0.42956852791878175 0.075 0.026649746192893398 0.014285714285714285
7 0.9975 0.3115482233502538 0.005 0.02284263959390863
7 0.15418781725888325 0.4789285714285714 0.03680203045685279 0.017857142857142856