3 0.48979591836734687 0.4441544885177453 0.06307977736549165 0.04384133611691024
3 0.8738404452690166 0.4000521920668059 0.08348794063079777 0.03183716075156577
3 0.9660751565762005 0.3696660482374768 0.06784968684759916 0.029684601113172542
3 0.7407235621521335 0.5344467640918581 0.04359925788497217 0.054279749478079335
3 0.2880333951762523 0.3207202505219207 0.04730983302411874 0.027661795407098125
3 0.3395176252319109 0.32411273486430064 0.04267161410018552 0.027139874739039668
3 0.2546382189239332 0.3016701461377871 0.0398886827458256 0.02505219206680585
3 0.22727272727272727 0.2753131524008351 0.03710575139146567 0.020354906054279753
11 0.2963821892393321 0.28992693110647183 0.04916512059369202 0.03183716075156577
10 0.26948051948051943 0.26356993736951984 0.04359925788497217 0.02922755741127349
3 0.2922077922077922 0.24660751565762004 0.03896103896103896 0.01931106471816284
3 0.20083487940630795 0.25495824634655534 0.038033395176252316 0.020354906054279753
3 0.1442486085343228 0.2090292275574113 0.03617810760667903 0.01931106471816284
3 0.1679035250463822 0.19050104384133615 0.02968460111317254 0.015657620041753657
3 0.1377551020408163 0.16544885177453028 0.028756957328385898 0.015657620041753657
3 0.09925788497217068 0.16805845511482256 0.025974025974025972 0.014613778705636744
3 0.14888682745825604 0.1503131524008351 0.026901669758812616 0.013569937369519834
3 0.0663265306122449 0.12839248434237996 0.02504638218923933 0.013569937369519834
3 0.09137291280148421 0.11299582463465555 0.02504638218923933 0.01304801670146138
3 0.055658627087198514 0.1022964509394572 0.016697588126159554 0.009394572025052193
3 0.022727272727272724 0.09603340292275575 0.01948051948051948 0.009394572025052193
3 0.006524008350730689 0.07421150278293136 0.013048016701461378 0.00927643784786642
8 0.6122448979591837 0.47364300626304806 0.012987012987012986 0.0151356993736952
8 0.6628014842300556 0.3930062630480167 0.006493506493506493 0.012526096033402925
8 0.713821892393321 0.4144050104384134 0.01020408163265306 0.010438413361169102
8 0.09647495361781076 0.393267223382046 0.012987012987012986 0.008872651356993737
8 0.10296846011131726 0.3556889352818372 0.01484230055658627 0.012004175365344469
5 0.10575139146567718 0.3629958246346555 0.016697588126159554 0.009916492693110648
5 0.09647495361781076 0.39979123173277664 0.012987012987012986 0.011482254697286014
5 0.660482374768089 0.39796450939457206 0.018552875695732836 0.01304801670146138
5 0.712430426716141 0.4224947807933194 0.01484230055658627 0.012004175365344469
5 0.608534322820037 0.48068893528183726 0.011131725417439703 0.015657620041753657