3 0.8534263959390863 0.4903571428571428 0.03934010152284264 0.03785714285714285
3 0.8248730964467005 0.3082142857142857 0.05076142131979696 0.019285714285714285
3 0.8312182741116751 0.29857142857142854 0.04060913705583756 0.018571428571428572
3 0.8134517766497462 0.3260714285714285 0.04060913705583756 0.020714285714285713
3 0.9866751269035533 0.07178571428571429 0.008883248730964468 0.0064285714285714285
3 0.9975 0.03807106598984772 0.005 0.006345177664974619
3 0.9985714285714286 0.07233502538071065 0.002857142857142857 0.007614213197969543
3 0.9967857142857143 0.048223350253807105 0.0064285714285714285 0.006345177664974619
3 0.9866751269035533 0.07714285714285714 0.011421319796954314 0.007142857142857143
11 0.8045685279187818 0.33749999999999997 0.048223350253807105 0.027857142857142858
11 0.8204314720812182 0.27249999999999996 0.049492385786802026 0.02214285714285714
2 0.9720812182741116 0.10964285714285714 0.02030456852791878 0.016428571428571428
2 0.9982142857142857 0.028553299492385786 0.0035714285714285713 0.01015228426395939
2 0.9397208121827412 0.22107142857142856 0.03680203045685279 0.04071428571428572
7 0.8635786802030457 0.31571428571428567 0.008883248730964468 0.011428571428571429
7 0.8420050761421319 0.37285714285714283 0.008883248730964468 0.012857142857142857
7 0.8274111675126903 0.37249999999999994 0.007614213197969543 0.012142857142857141
7 0.7893401015228426 0.29464285714285715 0.007614213197969543 0.010714285714285714
7 0.8236040609137056 0.25392857142857145 0.007614213197969543 0.009285714285714286
7 0.8521573604060915 0.24178571428571427 0.0038071065989847717 0.009285714285714286
7 0.8623096446700507 0.24214285714285713 0.00634517766497462 0.008571428571428572
7 0.8604060913705583 0.2546428571428571 0.007614213197969543 0.009285714285714286
7 0.8553299492385786 0.25535714285714284 0.007614213197969543 0.010714285714285714
7 0.7950507614213198 0.3175 0.008883248730964468 0.012142857142857141
7 0.8343908629441624 0.3675 0.008883248730964468 0.010714285714285714
3 0.6472081218274112 0.23892857142857143 0.05583756345177665 0.015000000000000001