3 0.5882142857142857 0.02857142857142857 0.07142857142857142 0.05714285714285714
3 0.6023809523809524 0.13464285714285715 0.07142857142857142 0.09214285714285714
3 0.5776190476190476 0.23535714285714285 0.06571428571428571 0.09642857142857143
3 0.5861904761904762 0.34214285714285714 0.06952380952380952 0.11571428571428571
3 0.3795238095238095 0.5078571428571429 0.10952380952380951 0.13857142857142857
3 0.5285714285714286 0.5146428571428572 0.17142857142857143 0.12928571428571428
7 0.6933333333333334 0.4382142857142857 0.026666666666666665 0.052142857142857144
3 0.2819047619047619 0.6475 0.2 0.12928571428571428
2 0.5904761904761905 0.6460714285714285 0.13333333333333333 0.19785714285714287
3 0.8809523809523809 0.6978571428571428 0.09904761904761904 0.09857142857142857
11 0.9304761904761903 0.015714285714285715 0.04 0.03
3 0.8814285714285715 0.06928571428571428 0.0638095238095238 0.06285714285714286
3 0.9523809523809523 0.07964285714285714 0.06857142857142857 0.06785714285714285
3 0.9739285714285715 0.15666666666666668 0.052142857142857144 0.07333333333333333
3 0.9875 0.2733333333333333 0.025 0.09333333333333334