3 0.6013333333333333 0.494 0.041333333333333326 0.039
3 0.6713333333333332 0.55 0.050666666666666665 0.049
10 0.606 0.38025 0.03866666666666666 0.0405
10 0.895 0.66 0.21 0.17933333333333334
3 0.7646666666666666 0.47975 0.041333333333333326 0.0345
3 0.949 0.5056666666666667 0.102 0.029333333333333333
10 0.6523333333333332 0.42675 0.054 0.0545
0 0.729 0.383 0.01933333333333333 0.017
3 0.6626666666666666 0.355 0.02 0.012
10 0.6873333333333332 0.349 0.022666666666666665 0.019
10 0.62 0.33675 0.025333333333333333 0.0205
3 0.5943333333333333 0.31025 0.012666666666666666 0.0085
3 0.6133333333333333 0.312 0.013333333333333332 0.009
3 0.6453333333333332 0.30625 0.014666666666666666 0.0085
3 0.6763333333333332 0.3045 0.03 0.007
3 0.598 0.291 0.012 0.007
4 0.58 0.2915 0.013333333333333332 0.009
3 0.6103333333333333 0.29725 0.012666666666666666 0.0095
3 0.633 0.298 0.011333333333333332 0.006
3 0.962 0.3565 0.048 0.018
3 0.9803333333333333 0.35 0.03266666666666666 0.011
3 0.907 0.33825 0.020666666666666663 0.0105
3 0.8383333333333333 0.31825 0.02333333333333333 0.0075
3 0.843 0.306 0.018 0.007
3 0.725 0.27875 0.008666666666666666 0.0045
10 0.7216666666666667 0.27325 0.006 0.0045
10 0.6456666666666666 0.29525 0.008666666666666666 0.0085
11 0.6293333333333333 0.29225 0.009333333333333332 0.0065
3 0.6256666666666666 0.285 0.008666666666666666 0.005
3 0.633 0.27975 0.006 0.0055
3 0.6226666666666666 0.2815 0.006666666666666666 0.004
3 0.6206666666666666 0.2775 0.006666666666666666 0.005
3 0.6286666666666666 0.2775 0.005333333333333333 0.005
10 0.6023333333333333 0.269 0.007333333333333333 0.007
10 0.624 0.272 0.008 0.007
10 0.6216666666666666 0.274 0.007333333333333333 0.004
7 0.615 0.2755 0.003333333333333333 0.004
3 0.594 0.2595 0.010666666666666666 0.004
3 0.5933333333333333 0.26425 0.005333333333333333 0.0035
3 0.5973333333333333 0.2655 0.005333333333333333 0.004
4 0.6126666666666666 0.26075 0.024 0.0215