3 0.06218274111675127 0.3335714285714286 0.07106598984771574 0.022857142857142857
3 0.15291878172588833 0.3682142857142857 0.07487309644670051 0.019285714285714285
11 0.14086294416243655 0.39821428571428574 0.07614213197969542 0.019285714285714285
11 0.13705583756345177 0.4235714285714286 0.08375634517766498 0.02142857142857143
6 0.2969543147208122 0.42964285714285716 0.0634517766497462 0.029285714285714286
11 0.3648477157360406 0.425 0.06725888324873097 0.04285714285714286
11 0.4219543147208122 0.42428571428571427 0.06725888324873097 0.041428571428571426
11 0.4860406091370558 0.41750000000000004 0.07360406091370558 0.042142857142857135
11 0.5456852791878173 0.4132142857142857 0.0634517766497462 0.03642857142857143
3 0.6008883248730964 0.41250000000000003 0.06725888324873097 0.03785714285714285
11 0.6643401015228426 0.40857142857142853 0.06979695431472081 0.04285714285714286
5 0.6878172588832487 0.4182142857142857 0.030456852791878174 0.013571428571428571
5 0.7296954314720812 0.41107142857142853 0.017766497461928935 0.023571428571428573
5 0.7550761421319797 0.4114285714285714 0.03553299492385787 0.008571428571428572
10 0.40355329949238583 0.3457142857142857 0.19289340101522842 0.03142857142857143
10 0.6173857868020304 0.3367857142857143 0.15355329949238578 0.027857142857142858
6 0.7785532994923858 0.3271428571428571 0.12055837563451777 0.024285714285714282
10 0.9592857142857143 0.4473350253807107 0.08142857142857143 0.0532994923857868
3 0.8718274111675126 0.4789285714285714 0.07614213197969542 0.024999999999999998
3 0.9168781725888324 0.4996428571428571 0.06979695431472081 0.029285714285714286
3 0.8039340101522843 0.5135714285714286 0.06979695431472081 0.024285714285714282
3 0.7842639593908629 0.47464285714285714 0.07614213197969542 0.020714285714285713
3 0.8686548223350254 0.4089285714285714 0.04187817258883249 0.043571428571428567
3 0.9067258883248732 0.4039285714285714 0.04187817258883249 0.042142857142857135
11 0.9479695431472082 0.3985714285714285 0.043147208121827416 0.047142857142857146
3 0.7081218274111675 0.5449999999999999 0.07868020304568528 0.03142857142857143
3 0.6097715736040609 0.5478571428571428 0.07741116751269035 0.027142857142857142
3 0.38261421319796957 0.5510714285714285 0.08248730964467005 0.020714285714285713
3 0.25317258883248733 0.5560714285714285 0.05964467005076142 0.010714285714285714
5 0.33883248730964466 0.5317857142857143 0.03807106598984771 0.012142857142857141
8 0.3356598984771574 0.5314285714285715 0.019035532994923856 0.01
11 0.42512690355329946 0.5189285714285714 0.08121827411167512 0.023571428571428573
2 0.5615482233502538 0.5096428571428571 0.10786802030456853 0.034999999999999996