3 0.03233333333333333 0.53625 0.054 0.0215
3 0.08433333333333333 0.535 0.04466666666666667 0.016
3 0.19366666666666665 0.52925 0.04733333333333333 0.0185
3 0.257 0.52775 0.042 0.0195
3 0.3153333333333333 0.525 0.048 0.017
3 0.3643333333333333 0.522 0.04333333333333333 0.015
3 0.4093333333333333 0.51675 0.036 0.0175
3 0.5396666666666666 0.445 0.018 0.03
3 0.543 0.415 0.01933333333333333 0.027
3 0.617 0.43625 0.02333333333333333 0.0235
3 0.6056666666666666 0.41225 0.020666666666666663 0.0225
3 0.5986666666666667 0.39175 0.010666666666666666 0.0175
3 0.5963333333333333 0.36025 0.015333333333333332 0.0225
3 0.5106666666666666 0.303 0.013333333333333332 0.019
3 0.515 0.2795 0.014 0.02
3 0.5923333333333333 0.26475 0.012666666666666666 0.0155
3 0.5036666666666666 0.42675 0.014 0.0255
3 0.5016666666666666 0.4005 0.015333333333333332 0.021
3 0.4983333333333333 0.45125 0.014 0.0235
3 0.514 0.261 0.014666666666666666 0.017
3 0.5153333333333333 0.24025 0.014666666666666666 0.0225
3 0.5176666666666666 0.21775 0.012666666666666666 0.0175
3 0.5213333333333332 0.20275 0.012 0.0145
3 0.5233333333333332 0.18825 0.010666666666666666 0.0165
3 0.5316666666666666 0.14875 0.008666666666666666 0.0145
3 0.526 0.16925 0.009333333333333332 0.0195
3 0.5916666666666667 0.17 0.007333333333333333 0.012
3 0.5926666666666667 0.158 0.009333333333333332 0.01
3 0.594 0.144 0.006666666666666666 0.014
4 0.5783333333333333 0.069 0.09 0.133
3 0.5036666666666666 0.37775 0.016666666666666663 0.0185
3 0.503 0.35525 0.01933333333333333 0.0225
3 0.8996666666666666 0.501 0.038 0.015
3 0.59 0.194 0.010666666666666666 0.014
3 0.5913333333333333 0.182 0.010666666666666666 0.01
3 0.592 0.30125 0.016 0.0215
3 0.592 0.282 0.012 0.016
3 0.151 0.604 0.06333333333333332 0.023
3 0.666 0.63325 0.06133333333333333 0.0225
3 0.718 0.65875 0.06533333333333333 0.0185