3 0.8996428571428572 0.6257142857142857 0.2007142857142857 0.10285714285714286
3 0.85 0.5010714285714286 0.22 0.08357142857142857
3 0.489047619047619 0.37357142857142855 0.07904761904761905 0.05857142857142857
3 0.719047619047619 0.3464285714285714 0.06476190476190476 0.05
3 0.8376190476190475 0.4442857142857143 0.19523809523809524 0.06142857142857143
3 0.8376190476190475 0.3964285714285714 0.15142857142857144 0.05285714285714286
11 0.8061904761904761 0.36892857142857144 0.13047619047619047 0.04928571428571429
3 0.8252380952380952 0.3532142857142857 0.15142857142857144 0.052142857142857144
11 0.74 0.30892857142857144 0.04952380952380952 0.045
3 0.1833333333333333 0.4767857142857143 0.15904761904761905 0.07928571428571428
3 0.34619047619047616 0.3628571428571429 0.09047619047619047 0.05714285714285714
7 0.3152380952380952 0.3221428571428571 0.017142857142857144 0.03571428571428571
7 0.35523809523809524 0.31392857142857145 0.015238095238095238 0.027857142857142858
7 0.21619047619047616 0.29285714285714287 0.019047619047619046 0.02857142857142857
7 0.19761904761904758 0.3032142857142857 0.02 0.03357142857142857
3 0.4742857142857143 0.2914285714285714 0.06285714285714286 0.04285714285714286
11 0.5238095238095237 0.2717857142857143 0.05714285714285714 0.03785714285714286
3 0.4923809523809523 0.2332142857142857 0.05714285714285714 0.027857142857142858
3 0.45523809523809516 0.2282142857142857 0.06095238095238095 0.027857142857142858
3 0.2747619047619047 0.20714285714285716 0.06 0.03
3 0.4652380952380952 0.2557142857142857 0.08095238095238094 0.025714285714285714
3 0.27809523809523806 0.24464285714285713 0.06666666666666667 0.023571428571428573
3 0.42666666666666664 0.2257142857142857 0.05714285714285714 0.025714285714285714
3 0.3985714285714286 0.22285714285714286 0.06571428571428571 0.024285714285714285
3 0.3666666666666666 0.22178571428571428 0.05904761904761904 0.025
3 0.33666666666666667 0.21785714285714286 0.054285714285714284 0.02142857142857143
3 0.6533333333333333 0.24142857142857144 0.05333333333333333 0.02857142857142857
3 0.6542857142857142 0.2764285714285714 0.05333333333333333 0.03428571428571429
3 0.7152380952380952 0.2275 0.04761904761904761 0.023571428571428573
3 0.7195238095238095 0.25035714285714283 0.0638095238095238 0.02642857142857143
3 0.7319047619047618 0.26321428571428573 0.052380952380952375 0.023571428571428573
3 0.770952380952381 0.24607142857142858 0.04666666666666666 0.025
3 0.7942857142857143 0.23857142857142857 0.0419047619047619 0.02142857142857143
3 0.7561904761904761 0.21785714285714286 0.045714285714285714 0.02142857142857143
3 0.7933333333333332 0.20964285714285713 0.03809523809523809 0.017857142857142856
3 0.8219047619047618 0.20392857142857143 0.03809523809523809 0.019285714285714285
3 0.8585714285714285 0.2125 0.03333333333333333 0.020714285714285713
3 0.8538095238095238 0.19785714285714287 0.035238095238095235 0.015714285714285715
4 0.9776190476190475 0.18285714285714286 0.04095238095238095 0.02
4 0.9895238095238095 0.1492857142857143 0.02095238095238095 0.017142857142857144
4 0.9342857142857143 0.19107142857142856 0.03238095238095238 0.016428571428571428
11 0.9176190476190476 0.1767857142857143 0.021904761904761903 0.016428571428571428
3 0.9971428571428571 0.16857142857142857 0.005714285714285714 0.013333333333333334
3 0.31047619047619046 0.7039285714285715 0.15619047619047619 0.08928571428571429
3 0.06035714285714286 0.5776190476190476 0.12071428571428572 0.13523809523809524