3 0.7975888324873097 0.008214285714285714 0.0317258883248731 0.013571428571428571
3 0.6738578680203046 0.05821428571428571 0.0583756345177665 0.013571428571428571
11 0.766497461928934 0.016428571428571428 0.03299492385786802 0.014285714285714285
11 0.7201776649746192 0.027142857142857142 0.04187817258883249 0.018571428571428572
11 0.6865482233502538 0.04107142857142857 0.03553299492385787 0.016428571428571428
11 0.6300761421319797 0.09178571428571429 0.05710659898477158 0.020714285714285713
10 0.6123096446700508 0.10928571428571428 0.06472081218274112 0.03857142857142857
10 0.574238578680203 0.14857142857142858 0.06979695431472081 0.05142857142857143
7 0.7714285714285715 0.0031725888324873096 0.005 0.006345177664974619
7 0.7767857142857143 0.0038071065989847717 0.007857142857142858 0.007614213197969543
7 0.5748730964467005 0.08428571428571427 0.01015228426395939 0.014285714285714285
7 0.583756345177665 0.06392857142857142 0.007614213197969543 0.013571428571428571
7 0.6046954314720812 0.060000000000000005 0.008883248730964468 0.014285714285714285
7 0.6116751269035533 0.060000000000000005 0.01269035532994924 0.014285714285714285
5 0.39657360406091374 0.3 0.05964467005076142 0.02142857142857143
6 0.28109137055837563 0.3507142857142857 0.02918781725888325 0.02142857142857143
7 0.4022842639593909 0.22285714285714286 0.017766497461928935 0.02142857142857143
7 0.2766497461928934 0.35714285714285715 0.02030456852791878 0.024285714285714282
7 0.3166243654822335 0.2867857142857143 0.026649746192893398 0.020714285714285713
7 0.33185279187817257 0.28785714285714287 0.019035532994923856 0.02142857142857143