3 0.054285714285714284 0.17809523809523808 0.10857142857142857 0.06380952380952382
3 0.05857142857142857 0.12238095238095238 0.11714285714285715 0.05238095238095238
3 0.2810714285714286 0.025238095238095237 0.08785714285714286 0.05047619047619047
3 0.31047619047619046 0.08142857142857143 0.09523809523809522 0.08571428571428572
3 0.42142857142857143 0.105 0.09428571428571429 0.08
3 0.5652380952380952 0.055357142857142855 0.09238095238095237 0.06642857142857143
3 0.1652380952380952 0.2710714285714286 0.10761904761904761 0.11928571428571429
3 0.46904761904761905 0.19285714285714287 0.10952380952380951 0.09714285714285714
3 0.39619047619047615 0.2857142857142857 0.11428571428571428 0.13285714285714287
3 0.5414285714285715 0.32785714285714285 0.13238095238095238 0.12571428571428572
3 0.4666666666666666 0.4760714285714286 0.14476190476190476 0.1707142857142857
3 0.18857142857142858 0.47464285714285714 0.13142857142857142 0.165
3 0.5561904761904761 0.6814285714285714 0.1657142857142857 0.1357142857142857
3 0.68 0.57 0.17523809523809522 0.18857142857142858
7 0.9042857142857142 0.5889285714285715 0.037142857142857144 0.04928571428571429
3 0.9214285714285714 0.5090476190476191 0.15714285714285714 0.18095238095238095
7 0.6942857142857143 0.34714285714285714 0.02476190476190476 0.04285714285714286
11 0.8104761904761904 0.3339285714285714 0.14285714285714285 0.11071428571428571
3 0.6904761904761905 0.1992857142857143 0.1219047619047619 0.11
3 0.6223809523809524 0.12 0.09809523809523808 0.07142857142857142
3 0.2038095238095238 0.7057142857142857 0.1657142857142857 0.08714285714285715