3 0.67 0.4785714285714286 0.0676190476190476 0.07571428571428572
7 0.8214285714285714 0.4725 0.03333333333333333 0.047857142857142855
7 0.7261904761904762 0.47964285714285715 0.027619047619047616 0.047857142857142855
7 0.7219047619047618 0.4057142857142857 0.02095238095238095 0.03857142857142857
7 0.7423809523809524 0.4057142857142857 0.025714285714285714 0.04285714285714286
8 0.7552380952380952 0.33785714285714286 0.017142857142857144 0.032857142857142856
8 0.7704761904761903 0.31 0.013333333333333332 0.022857142857142857
8 0.7704761904761903 0.24321428571428572 0.013333333333333332 0.017857142857142856
8 0.7233333333333333 0.13071428571428573 0.006666666666666666 0.007142857142857143
1 0.7704761904761903 0.24821428571428572 0.015238095238095238 0.012142857142857143
1 0.7704761904761903 0.3167857142857143 0.017142857142857144 0.016428571428571428
1 0.7557142857142857 0.3417857142857143 0.018095238095238095 0.023571428571428573
11 0.9452380952380952 0.5175 0.10952380952380951 0.08928571428571429
7 0.9147619047619047 0.5610714285714286 0.035238095238095235 0.045
3 0.889047619047619 0.38857142857142857 0.08857142857142856 0.05857142857142857
3 0.878095238095238 0.3410714285714286 0.09714285714285714 0.03785714285714286
7 0.9171428571428571 0.3289285714285714 0.022857142857142857 0.030714285714285715
1 0.8352380952380952 0.35714285714285715 0.03238095238095238 0.02
7 0.9504761904761904 0.3607142857142857 0.019047619047619046 0.03857142857142857
7 0.9438095238095238 0.3432142857142857 0.019047619047619046 0.030714285714285715
7 0.9728571428571429 0.3442857142857143 0.018095238095238095 0.03428571428571429
7 0.9904761904761904 0.3489285714285714 0.019047619047619046 0.027857142857142858
3 0.9932142857142857 0.31666666666666665 0.013571428571428571 0.03142857142857143
7 0.9523809523809523 0.3 0.019047619047619046 0.02857142857142857
7 0.9219047619047618 0.29714285714285715 0.015238095238095238 0.02857142857142857
7 0.9366666666666666 0.2910714285714286 0.01619047619047619 0.027857142857142858
7 0.8976190476190475 0.2757142857142857 0.018095238095238095 0.025714285714285714
7 0.879047619047619 0.2717857142857143 0.017142857142857144 0.02214285714285714
7 0.8966666666666666 0.25285714285714284 0.010476190476190476 0.024285714285714285
7 0.92 0.2532142857142857 0.015238095238095238 0.027857142857142858
5 0.8842857142857142 0.2542857142857143 0.010476190476190476 0.017142857142857144
5 0.9803571428571428 0.28476190476190477 0.039285714285714285 0.018095238095238095
1 0.9928571428571429 0.29904761904761906 0.014285714285714285 0.013333333333333334
3 0.9732142857142857 0.27904761904761904 0.05357142857142857 0.03333333333333333
3 0.9628571428571429 0.25666666666666665 0.07428571428571429 0.024761904761904763
11 0.9782142857142857 0.24666666666666667 0.04357142857142857 0.03333333333333333
3 0.9285714285714286 0.21535714285714286 0.07047619047619047 0.02214285714285714
11 0.9152380952380952 0.2042857142857143 0.05714285714285714 0.02
7 0.8866666666666666 0.205 0.013333333333333332 0.022857142857142857
7 0.8719047619047618 0.21071428571428572 0.010476190476190476 0.02
7 0.85 0.165 0.008571428571428572 0.012857142857142857
3 0.8761904761904761 0.1825 0.05142857142857143 0.016428571428571428
7 0.8285714285714286 0.18892857142857142 0.007619047619047619 0.019285714285714285
7 0.8623809523809524 0.21071428571428572 0.010476190476190476 0.018571428571428572
7 0.8652380952380951 0.19857142857142857 0.010476190476190476 0.017142857142857144
7 0.8561904761904761 0.19464285714285715 0.009523809523809523 0.019285714285714285
7 0.8457142857142858 0.20107142857142857 0.009523809523809523 0.016428571428571428
7 0.8533333333333333 0.20142857142857143 0.009523809523809523 0.015714285714285715
7 0.8247619047619047 0.20464285714285715 0.009523809523809523 0.016428571428571428
7 0.8214285714285714 0.20035714285714284 0.008571428571428572 0.019285714285714285
7 0.7871428571428571 0.1992857142857143 0.010476190476190476 0.015714285714285715
3 0.7847619047619047 0.2225 0.03809523809523809 0.02214285714285714
11 0.7828571428571428 0.18642857142857142 0.030476190476190476 0.02857142857142857
7 0.8638095238095238 0.16642857142857143 0.005714285714285714 0.015714285714285715
7 0.86 0.16392857142857142 0.005714285714285714 0.013571428571428571
7 0.8190476190476189 0.15107142857142858 0.007619047619047619 0.015
7 0.8004761904761903 0.1457142857142857 0.008571428571428572 0.014285714285714285
7 0.7966666666666666 0.14214285714285715 0.006666666666666666 0.012857142857142857
7 0.8209523809523809 0.25142857142857145 0.009523809523809523 0.017142857142857144
3 0.8033333333333332 0.26035714285714284 0.04666666666666666 0.03785714285714286
3 0.6738095238095237 0.35285714285714287 0.04857142857142857 0.05285714285714286
3 0.6804761904761905 0.30428571428571427 0.04285714285714286 0.037142857142857144
3 0.6947619047619047 0.26821428571428574 0.039047619047619046 0.02642857142857143
11 0.689047619047619 0.24321428571428572 0.035238095238095235 0.02642857142857143
3 0.6938095238095238 0.22857142857142856 0.03333333333333333 0.02
11 0.6919047619047619 0.21321428571428572 0.035238095238095235 0.023571428571428573
3 0.6880952380952381 0.2175 0.027619047619047616 0.02214285714285714
3 0.6952380952380952 0.18678571428571428 0.02857142857142857 0.02214285714285714
3 0.7 0.16392857142857142 0.02095238095238095 0.016428571428571428
3 0.7009523809523809 0.1417857142857143 0.017142857142857144 0.017857142857142856
3 0.8452380952380952 0.15142857142857144 0.04095238095238095 0.011428571428571429
11 0.8561904761904761 0.14535714285714285 0.03428571428571429 0.015
3 0.8428571428571429 0.1467857142857143 0.05142857142857143 0.016428571428571428
3 0.8466666666666666 0.1417857142857143 0.04 0.013571428571428571
3 0.83 0.13392857142857142 0.03142857142857143 0.010714285714285714
3 0.8266666666666667 0.13071428571428573 0.03619047619047619 0.01
3 0.8219047619047618 0.12892857142857142 0.030476190476190476 0.012142857142857143
3 0.8090476190476189 0.10785714285714286 0.03142857142857143 0.011428571428571429
11 0.8485714285714285 0.1025 0.026666666666666665 0.013571428571428571
4 0.8185714285714286 0.11428571428571428 0.035238095238095235 0.011428571428571429
3 0.5847619047619047 0.11178571428571428 0.03428571428571429 0.010714285714285714
2 0.5419047619047619 0.13535714285714287 0.02857142857142857 0.025
10 0.5095238095238095 0.14964285714285713 0.03809523809523809 0.035
3 0.47619047619047616 0.17857142857142858 0.02857142857142857 0.018571428571428572
8 0.41285714285714287 0.1767857142857143 0.010476190476190476 0.013571428571428571
1 0.4152380952380952 0.18142857142857144 0.013333333333333332 0.012857142857142857
3 0.5385714285714286 0.16714285714285715 0.02 0.018571428571428572
3 0.55 0.15892857142857142 0.018095238095238095 0.016428571428571428
3 0.5642857142857143 0.14535714285714285 0.021904761904761903 0.013571428571428571
3 0.5061904761904762 0.23535714285714285 0.037142857142857144 0.025
7 0.5157142857142857 0.24535714285714286 0.008571428571428572 0.016428571428571428
8 0.5166666666666666 0.17464285714285716 0.008571428571428572 0.013571428571428571
8 0.4252380952380952 0.1675 0.01238095238095238 0.016428571428571428
3 0.3433333333333333 0.21535714285714286 0.0638095238095238 0.02214285714285714
3 0.38809523809523805 0.2317857142857143 0.06571428571428571 0.03357142857142857
3 0.2680952380952381 0.2775 0.04857142857142857 0.029285714285714286
5 0.5176190476190476 0.17857142857142858 0.010476190476190476 0.011428571428571429
3 0.47 0.13535714285714287 0.03333333333333333 0.012142857142857143
3 0.2914285714285714 0.18321428571428572 0.04952380952380952 0.025
3 0.05714285714285714 0.2785714285714286 0.08 0.027142857142857142