7 0.04631979695431472 0.26785714285714285 0.00634517766497462 0.008571428571428572
7 0.05012690355329949 0.2675 0.011421319796954314 0.009285714285714286
3 0.10977157360406092 0.31821428571428567 0.04695431472081218 0.023571428571428573
3 0.40418781725888325 0.2978571428571429 0.07233502538071065 0.011428571428571429
3 0.1649746192893401 0.4321428571428571 0.07106598984771574 0.027142857142857142
3 0.25253807106598986 0.5317857142857143 0.08121827411167512 0.03071428571428571
3 0.79251269035533 0.49214285714285716 0.05710659898477158 0.032857142857142856
11 0.881979695431472 0.5378571428571428 0.053299492385786795 0.03428571428571429
11 0.9892857142857143 0.21383248730964466 0.02142857142857143 0.015228426395939087
3 0.8775380710659899 0.23714285714285713 0.044416243654822336 0.012857142857142857
3 0.7208121827411168 0.26607142857142857 0.05076142131979696 0.016428571428571428
7 0.9682741116751268 0.2832142857142857 0.007614213197969543 0.007857142857142858