7 0.5609137055837563 0.5257142857142857 0.01015228426395939 0.008571428571428572
7 0.5361675126903553 0.5082142857142857 0.013959390862944163 0.007857142857142858
7 0.5101522842639593 0.5167857142857143 0.01269035532994924 0.0064285714285714285
3 0.9098984771573604 0.4467857142857143 0.03807106598984771 0.039285714285714285
3 0.9536802030456853 0.4521428571428571 0.03680203045685279 0.03857142857142857
3 0.8889593908629442 0.4035714285714285 0.03426395939086294 0.03857142857142857
3 0.9276649746192894 0.39642857142857146 0.03553299492385787 0.037142857142857144
3 0.9035532994923858 0.34607142857142853 0.030456852791878174 0.027857142857142858
3 0.7220812182741116 0.10892857142857143 0.02284263959390863 0.023571428571428573
3 0.7233502538071066 0.07357142857142857 0.02284263959390863 0.024285714285714282
2 0.766497461928934 0.0525 0.02284263959390863 0.024999999999999998