3 0.7247619047619047 0.58 0.26476190476190475 0.13
3 0.4395238095238095 0.6046428571428571 0.14 0.18357142857142858
3 0.4638095238095238 0.3975 0.09904761904761904 0.12928571428571428
11 0.7971428571428572 0.445 0.11238095238095237 0.13142857142857142
11 0.738095238095238 0.25285714285714284 0.11619047619047618 0.07285714285714286
11 0.10238095238095236 0.22642857142857142 0.14 0.08428571428571428
11 0.2095238095238095 0.12857142857142856 0.08571428571428572 0.06857142857142857
11 0.3019047619047619 0.05107142857142857 0.06857142857142857 0.045
3 0.13857142857142857 0.2914285714285714 0.1419047619047619 0.09428571428571429
3 0.03857142857142857 0.33380952380952383 0.07714285714285714 0.08952380952380952
3 0.17 0.09392857142857143 0.08857142857142856 0.045
5 0.15142857142857144 0.13035714285714287 0.045714285714285714 0.02214285714285714
5 0.44047619047619047 0.08821428571428572 0.01619047619047619 0.02642857142857143
8 0.44 0.08357142857142857 0.013333333333333332 0.024285714285714285
7 0.23666666666666666 0.06 0.014285714285714285 0.024285714285714285
3 0.26619047619047614 0.09 0.0676190476190476 0.037142857142857144
3 0.33190476190476187 0.023214285714285715 0.054285714285714284 0.03214285714285714
11 0.37285714285714283 0.03785714285714286 0.054285714285714284 0.04428571428571428
11 0.45714285714285713 0.012380952380952381 0.04 0.024761904761904763
3 0.4676190476190476 0.1225 0.05714285714285714 0.04357142857142857
3 0.5314285714285715 0.1425 0.05523809523809523 0.04357142857142857
3 0.5509523809523809 0.08892857142857143 0.06 0.03642857142857143
3 0.5585714285714286 0.055 0.054285714285714284 0.03857142857142857
3 0.6842857142857143 0.01 0.035 0.02
3 0.6861904761904761 0.03642857142857143 0.04095238095238095 0.04
5 0.6538095238095237 0.055714285714285716 0.035238095238095235 0.02142857142857143
5 0.7052380952380952 0.0675 0.018095238095238095 0.02214285714285714
5 0.7166666666666666 0.15035714285714286 0.050476190476190466 0.029285714285714286
5 0.6619047619047619 0.14714285714285713 0.022857142857142857 0.03142857142857143
7 0.6671428571428571 0.10214285714285715 0.01238095238095238 0.032857142857142856
8 0.8342857142857143 0.075 0.022857142857142857 0.02
5 0.8371428571428572 0.13964285714285715 0.015238095238095238 0.03357142857142857
7 0.8004761904761903 0.12 0.02 0.03857142857142857
7 0.7909523809523809 0.18714285714285714 0.018095238095238095 0.03571428571428571