11 0.2703333333333333 0.66825 0.114 0.1345
3 0.3303333333333333 0.545 0.078 0.081
8 0.4136666666666666 0.56575 0.018 0.0335
1 0.412 0.5715 0.021333333333333333 0.028
7 0.20166666666666666 0.52425 0.024666666666666663 0.0335
7 0.21966666666666665 0.52825 0.020666666666666663 0.0325
3 0.402 0.40425 0.052 0.0545
3 0.42433333333333334 0.326 0.04066666666666666 0.041
8 0.48566666666666664 0.2455 0.01 0.018
8 0.487 0.19825 0.008666666666666666 0.0155
1 0.486 0.2505 0.010666666666666666 0.016
1 0.48633333333333334 0.20325 0.008666666666666666 0.0135
8 0.527 0.09575 0.006 0.0115
8 0.5266666666666666 0.0905 0.006666666666666666 0.01
8 0.539 0.0685 0.004666666666666666 0.01
8 0.544 0.05725 0.005333333333333333 0.0115
7 0.5566666666666666 0.056 0.004 0.009
7 0.5346666666666666 0.0565 0.004 0.012
7 0.4703333333333333 0.08325 0.006 0.0125
5 0.5276666666666666 0.1 0.006 0.009
5 0.5263333333333332 0.0935 0.007333333333333333 0.008
1 0.5386666666666666 0.07125 0.005333333333333333 0.0095
1 0.544 0.06025 0.006666666666666666 0.0115
1 0.464 0.14575 0.021333333333333333 0.0095
3 0.5043333333333333 0.114 0.022 0.017
3 0.5083333333333333 0.09875 0.01933333333333333 0.0175
3 0.547 0.101 0.022 0.02
11 0.5253333333333332 0.0525 0.014666666666666666 0.012
11 0.5326666666666666 0.03225 0.016 0.0125
8 0.546 0.03175 0.004 0.0055
8 0.5523333333333332 0.031 0.003333333333333333 0.008
8 0.5523333333333332 0.0055 0.002 0.005
8 0.559 0.00625 0.003333333333333333 0.0065
1 0.5456666666666666 0.03375 0.003333333333333333 0.0055
1 0.552 0.03325 0.004 0.0065
1 0.552 0.00725 0.0026666666666666666 0.0065
1 0.559 0.00775 0.003333333333333333 0.0065
11 0.49966666666666665 0.04525 0.03 0.0155
3 0.44266666666666665 0.09425 0.04 0.0135
3 0.4503333333333333 0.075 0.016666666666666663 0.014
11 0.438 0.067 0.032 0.012
3 0.4563333333333333 0.06175 0.03666666666666667 0.0125
3 0.441 0.05375 0.01933333333333333 0.0115
11 0.4643333333333333 0.05775 0.024666666666666663 0.0185
8 0.99725 0.3436666666666667 0.0055 0.021333333333333333
1 0.997 0.34933333333333333 0.006 0.02266666666666667
11 0.99 0.3016666666666667 0.02 0.04733333333333333
1 0.8856666666666666 0.165 0.018 0.009
3 0.85 0.1545 0.032 0.018
11 0.8323333333333333 0.13475 0.02733333333333333 0.0215
4 0.855 0.09575 0.024666666666666663 0.0205
11 0.8023333333333332 0.10325 0.022 0.0145
3 0.783 0.0835 0.01933333333333333 0.013
11 0.7593333333333333 0.0565 0.018666666666666665 0.012
3 0.754 0.0495 0.013333333333333332 0.009
3 0.70725 0.0036666666666666666 0.0105 0.007333333333333333