3 0.7757142857142857 0.7117857142857142 0.24476190476190474 0.075
3 0.7666666666666666 0.6214285714285714 0.22285714285714286 0.08428571428571428
3 0.7319047619047618 0.3989285714285714 0.17619047619047618 0.06928571428571428
3 0.7185714285714285 0.3339285714285714 0.16666666666666666 0.062142857142857146
3 0.719047619047619 0.24892857142857142 0.16190476190476188 0.05785714285714286
3 0.7042857142857143 0.1367857142857143 0.13238095238095238 0.04928571428571429
3 0.7228571428571429 0.20607142857142857 0.1657142857142857 0.05071428571428571
3 0.8776190476190475 0.13392857142857142 0.06571428571428571 0.065
3 0.8447619047619046 0.05107142857142857 0.04952380952380952 0.045
3 0.7 0.10678571428571429 0.11809523809523809 0.04071428571428572
3 0.6923809523809523 0.08071428571428571 0.11619047619047618 0.041428571428571426
3 0.6785714285714286 0.016666666666666666 0.10214285714285715 0.03333333333333333
3 0.2757142857142857 0.33714285714285713 0.18380952380952378 0.06285714285714286
7 0.4066666666666666 0.38321428571428573 0.02857142857142857 0.04071428571428572
3 0.16952380952380952 0.6167857142857143 0.26666666666666666 0.08928571428571429
7 0.8676190476190475 0.5514285714285714 0.02857142857142857 0.03857142857142857
0 0.8723809523809524 0.4175 0.0419047619047619 0.06928571428571428
7 0.5457142857142857 0.08714285714285715 0.017142857142857144 0.03142857142857143
7 0.6138095238095238 0.11 0.018095238095238095 0.03857142857142857
7 0.5371428571428571 0.1392857142857143 0.022857142857142857 0.032857142857142856
8 0.54 0.13214285714285715 0.013333333333333332 0.015714285714285715
8 0.9214285714285714 0.08785714285714286 0.02 0.027142857142857142
1 0.9190476190476189 0.09785714285714285 0.019047619047619046 0.03428571428571429
1 0.25285714285714284 0.10964285714285714 0.039047619047619046 0.019285714285714285
3 0.41238095238095235 0.02107142857142857 0.11238095238095237 0.03785714285714286