3 0.9885714285714285 0.3331218274111675 0.022857142857142857 0.044416243654822336
3 0.9492385786802031 0.2839285714285714 0.07106598984771574 0.039285714285714285
3 0.8902284263959391 0.2432142857142857 0.06725888324873097 0.03642857142857143
3 0.6979695431472082 0.2142857142857143 0.053299492385786795 0.02857142857142857
3 0.8635786802030457 0.35964285714285715 0.07233502538071065 0.045
11 0.8197969543147208 0.24214285714285713 0.06598984771573604 0.04285714285714286
7 0.9295685279187818 0.21071428571428572 0.011421319796954314 0.017142857142857144
7 0.7411167512690355 0.1282142857142857 0.01015228426395939 0.010714285714285714
7 0.7112944162436549 0.11428571428571428 0.011421319796954314 0.011428571428571429
7 0.6605329949238579 0.09 0.013959390862944163 0.01
7 0.7379441624365483 0.40142857142857147 0.01649746192893401 0.017142857142857144
7 0.7493654822335025 0.47428571428571425 0.019035532994923856 0.01
7 0.8458121827411167 0.16642857142857143 0.013959390862944163 0.014285714285714285