10 0.9742857142857143 0.6804761904761905 0.05142857142857143 0.1380952380952381
11 0.899047619047619 0.4064285714285714 0.17333333333333334 0.12571428571428572
11 0.9817857142857143 0.20952380952380953 0.03642857142857143 0.06761904761904762
3 0.9946428571428572 0.2557142857142857 0.010714285714285714 0.07142857142857142
3 0.7052380952380952 0.23142857142857143 0.12095238095238094 0.07142857142857142
3 0.24428571428571427 0.445 0.26190476190476186 0.09857142857142857
3 0.4409523809523809 0.345 0.12571428571428572 0.10285714285714286
3 0.419047619047619 0.25785714285714284 0.07809523809523809 0.08428571428571428
3 0.3666666666666666 0.17821428571428571 0.07809523809523809 0.065
3 0.32142857142857145 0.12857142857142856 0.08095238095238094 0.06285714285714286
3 0.5733333333333334 0.14642857142857144 0.10095238095238093 0.06142857142857143
3 0.4085714285714286 0.09892857142857144 0.0838095238095238 0.05071428571428571
11 0.499047619047619 0.09964285714285714 0.09142857142857143 0.052142857142857144
3 0.9582142857142857 0.1823809523809524 0.08357142857142857 0.05904761904761905
3 0.9303571428571429 0.16047619047619047 0.1392857142857143 0.05333333333333334
3 0.88 0.14535714285714285 0.1352380952380952 0.05357142857142857
3 0.8323809523809523 0.12178571428571429 0.14476190476190476 0.05357142857142857
3 0.6257142857142857 0.06107142857142857 0.10476190476190475 0.03642857142857143
3 0.6085714285714285 0.05071428571428571 0.09904761904761904 0.032857142857142856
3 0.39238095238095233 0.054642857142857146 0.07238095238095238 0.030714285714285715
3 0.319047619047619 0.01607142857142857 0.06857142857142857 0.02642857142857143
3 0.34714285714285714 0.03571428571428571 0.0676190476190476 0.03857142857142857
3 0.4252380952380952 0.020714285714285713 0.07333333333333332 0.04