3 0.6995238095238094 0.4760714285714286 0.03333333333333333 0.04642857142857143
3 0.6480952380952381 0.36357142857142855 0.027619047619047616 0.03571428571428571
3 0.6438095238095237 0.31214285714285717 0.02476190476190476 0.03
3 0.6204761904761904 0.21571428571428572 0.021904761904761903 0.022857142857142857
7 0.489047619047619 0.017142857142857144 0.002857142857142857 0.007142857142857143
7 0.4857142857142857 0.016428571428571428 0.0038095238095238095 0.007142857142857143
7 0.4809523809523809 0.033928571428571426 0.0038095238095238095 0.009285714285714286
7 0.4776190476190476 0.07464285714285715 0.002857142857142857 0.0064285714285714285
7 0.4566666666666666 0.12785714285714286 0.0047619047619047615 0.008571428571428572
7 0.48047619047619045 0.13035714285714287 0.0047619047619047615 0.009285714285714286
7 0.48714285714285716 0.12714285714285714 0.0047619047619047615 0.01
7 0.4714285714285714 0.12964285714285714 0.005714285714285714 0.009285714285714286
7 0.4657142857142857 0.12642857142857142 0.0038095238095238095 0.008571428571428572
7 0.46285714285714286 0.16607142857142856 0.005714285714285714 0.009285714285714286
7 0.45904761904761904 0.1442857142857143 0.0038095238095238095 0.007142857142857143
7 0.45238095238095233 0.1432142857142857 0.0038095238095238095 0.007857142857142858
7 0.41 0.5671428571428572 0.008571428571428572 0.017142857142857144
5 0.7604761904761904 0.5896428571428571 0.014285714285714285 0.029285714285714286
7 0.5733333333333334 0.7125 0.011428571428571429 0.030714285714285715
3 0.5357142857142857 0.58 0.04095238095238095 0.05714285714285714
7 0.699047619047619 0.5803571428571429 0.007619047619047619 0.016428571428571428
3 0.5342857142857143 0.5232142857142857 0.0419047619047619 0.05071428571428571
3 0.5338095238095237 0.4610714285714286 0.04285714285714286 0.056428571428571425
3 0.5328571428571428 0.4017857142857143 0.037142857142857144 0.04642857142857143
3 0.5304761904761904 0.35678571428571426 0.03238095238095238 0.03785714285714286
3 0.5352380952380952 0.3132142857142857 0.026666666666666665 0.03785714285714286
3 0.6957142857142857 0.34035714285714286 0.027619047619047616 0.03357142857142857
3 0.6885714285714286 0.30607142857142855 0.026666666666666665 0.030714285714285715
3 0.6733333333333333 0.24857142857142858 0.02476190476190476 0.027142857142857142
3 0.5361904761904762 0.255 0.022857142857142857 0.03
3 0.5376190476190476 0.2839285714285714 0.023809523809523805 0.025
3 0.5395238095238095 0.21107142857142858 0.021904761904761903 0.027857142857142858
3 0.5414285714285715 0.185 0.021904761904761903 0.024285714285714285
3 0.6528571428571428 0.1732142857142857 0.018095238095238095 0.019285714285714285
3 0.5404761904761904 0.16785714285714284 0.021904761904761903 0.015714285714285715
3 0.5419047619047619 0.11785714285714285 0.015238095238095238 0.02
3 0.4923809523809523 0.10285714285714286 0.03619047619047619 0.015714285714285715
3 0.6404761904761904 0.12035714285714286 0.01619047619047619 0.013571428571428571
3 0.6361904761904762 0.10607142857142857 0.013333333333333332 0.012142857142857143
3 0.6295238095238095 0.09071428571428572 0.013333333333333332 0.012857142857142857
3 0.6285714285714286 0.08107142857142857 0.013333333333333332 0.009285714285714286
3 0.6257142857142857 0.07 0.013333333333333332 0.012857142857142857
3 0.6242857142857143 0.05964285714285714 0.014285714285714285 0.012142857142857143
3 0.5414285714285715 0.07821428571428571 0.014285714285714285 0.012142857142857143
3 0.5404761904761904 0.06464285714285714 0.014285714285714285 0.012142857142857143
3 0.6185714285714285 0.040357142857142855 0.01238095238095238 0.010714285714285714
3 0.6157142857142858 0.03142857142857143 0.01238095238095238 0.008571428571428572
3 0.6147619047619047 0.018214285714285714 0.014285714285714285 0.009285714285714286
3 0.5414285714285715 0.03642857142857143 0.010476190476190476 0.008571428571428572
3 0.5433333333333333 0.030357142857142857 0.01238095238095238 0.007857142857142858
3 0.5419047619047619 0.0225 0.009523809523809523 0.007857142857142858
3 0.5409523809523809 0.016428571428571428 0.011428571428571429 0.008571428571428572
3 0.5404761904761904 0.01107142857142857 0.010476190476190476 0.007857142857142858
3 0.5167857142857143 0.002857142857142857 0.014285714285714285 0.005714285714285714
3 0.5152380952380952 0.0125 0.015238095238095238 0.007857142857142858
3 0.5667857142857143 0.002380952380952381 0.011428571428571429 0.004761904761904762
3 0.539047619047619 0.09107142857142857 0.013333333333333332 0.012142857142857143
3 0.5752380952380952 0.12607142857142858 0.017142857142857144 0.020714285714285713
3 0.6195238095238095 0.1525 0.018095238095238095 0.015
3 0.5747619047619047 0.16 0.018095238095238095 0.02
3 0.6447619047619048 0.14607142857142857 0.015238095238095238 0.016428571428571428
7 0.5047619047619047 0.013571428571428571 0.0038095238095238095 0.007142857142857143
7 0.6838095238095238 0.05785714285714286 0.0038095238095238095 0.008571428571428572
5 0.5638095238095238 0.06607142857142857 0.005714285714285714 0.010714285714285714
7 0.5071428571428571 0.08142857142857143 0.0047619047619047615 0.008571428571428572
7 0.5128571428571429 0.0425 0.002857142857142857 0.0064285714285714285
3 0.5433333333333333 0.045 0.010476190476190476 0.01
3 0.6904761904761905 0.09821428571428571 0.0038095238095238095 0.007857142857142858
3 0.6733333333333333 0.14857142857142858 0.02095238095238095 0.011428571428571429
5 0.5119047619047619 0.7085714285714285 0.01238095238095238 0.04
5 0.5119047619047619 0.7085714285714285 0.01238095238095238 0.04
3 0.5138095238095237 0.11142857142857143 0.04476190476190476 0.02
7 0.5119047619047619 0.08392857142857142 0.002857142857142857 0.009285714285714286
3 0.6195238095238095 0.05035714285714286 0.01619047619047619 0.010714285714285714
3 0.5438095238095237 0.05392857142857143 0.013333333333333332 0.007857142857142858
5 0.6333333333333333 0.1725 0.007619047619047619 0.010714285714285714
7 0.6709523809523809 0.18392857142857144 0.0047619047619047615 0.007857142857142858
3 0.6871428571428572 0.19392857142857142 0.018095238095238095 0.012142857142857143
3 0.7542857142857143 0.4732142857142857 0.04761904761904761 0.05357142857142857
7 0.7633333333333332 0.30428571428571427 0.006666666666666666 0.014285714285714285
7 0.780952380952381 0.24214285714285713 0.005714285714285714 0.015714285714285715
7 0.7095238095238094 0.1467857142857143 0.005714285714285714 0.010714285714285714
7 0.7033333333333333 0.14642857142857144 0.0047619047619047615 0.008571428571428572
7 0.7595238095238095 0.15714285714285714 0.002857142857142857 0.011428571428571429
7 0.7542857142857143 0.15678571428571428 0.0038095238095238095 0.009285714285714286
7 0.7004761904761905 0.054642857142857146 0.008571428571428572 0.012142857142857143
7 0.8423809523809523 0.36428571428571427 0.006666666666666666 0.015714285714285715
3 0.9361904761904761 0.4689285714285714 0.05333333333333333 0.02214285714285714
8 0.5638095238095238 0.0625 0.005714285714285714 0.005
8 0.6328571428571429 0.17035714285714285 0.0047619047619047615 0.007857142857142858
8 0.7604761904761904 0.5821428571428572 0.010476190476190476 0.012857142857142857
8 0.5123809523809524 0.6985714285714286 0.011428571428571429 0.017142857142857144