5 0.2714285714285714 0.10535714285714286 0.0038095238095238095 0.007857142857142858
1 0.2671428571428571 0.10607142857142857 0.002857142857142857 0.0064285714285714285
1 0.24857142857142858 0.10857142857142857 0.0038095238095238095 0.005714285714285714
1 0.24428571428571427 0.1075 0.002857142857142857 0.0064285714285714285
1 0.24 0.10785714285714286 0.0038095238095238095 0.005714285714285714
3 0.34285714285714286 0.11107142857142857 0.030476190476190476 0.009285714285714286
3 0.33904761904761904 0.12178571428571429 0.02857142857142857 0.010714285714285714
3 0.3342857142857143 0.1392857142857143 0.030476190476190476 0.011428571428571429
3 0.3357142857142857 0.15964285714285714 0.02952380952380952 0.010714285714285714
3 0.3338095238095238 0.21071428571428572 0.02952380952380952 0.01
3 0.3342857142857143 0.14964285714285713 0.02857142857142857 0.010714285714285714
3 0.3833333333333333 0.1725 0.01619047619047619 0.020714285714285713
3 0.3823809523809523 0.19892857142857143 0.014285714285714285 0.020714285714285713
3 0.33095238095238094 0.24428571428571427 0.03333333333333333 0.011428571428571429
3 0.3323809523809524 0.2225 0.02857142857142857 0.012142857142857143
3 0.3342857142857143 0.2007142857142857 0.030476190476190476 0.011428571428571429
3 0.38142857142857145 0.22678571428571428 0.014285714285714285 0.020714285714285713
8 0.3619047619047619 0.26821428571428574 0.005714285714285714 0.0035714285714285713
5 0.36238095238095236 0.2692857142857143 0.01238095238095238 0.005714285714285714
7 0.36714285714285716 0.24892857142857142 0.0047619047619047615 0.005
11 0.3833333333333333 0.14892857142857144 0.01238095238095238 0.019285714285714285
3 0.2938095238095238 0.28535714285714286 0.035238095238095235 0.012142857142857143
5 0.30952380952380953 0.3482142857142857 0.005714285714285714 0.010714285714285714
3 0.38047619047619047 0.3492857142857143 0.01619047619047619 0.024285714285714285
3 0.3795238095238095 0.37892857142857145 0.01619047619047619 0.02642857142857143
3 0.19714285714285715 0.4467857142857143 0.04 0.013571428571428571
5 0.30857142857142855 0.5628571428571428 0.013333333333333332 0.002857142857142857
5 0.30761904761904757 0.5560714285714285 0.011428571428571429 0.009285714285714286
3 0.26190476190476186 0.6192857142857143 0.02095238095238095 0.03142857142857143
3 0.25666666666666665 0.6578571428571428 0.02 0.03142857142857143
3 0.19904761904761903 0.7246428571428571 0.02476190476190476 0.03642857142857143
3 0.2509523809523809 0.7182142857142857 0.021904761904761903 0.035
7 0.25857142857142856 0.5735714285714286 0.008571428571428572 0.005714285714285714
3 0.37 0.6167857142857143 0.018095238095238095 0.03357142857142857
3 0.4261904761904762 0.5685714285714286 0.01619047619047619 0.024285714285714285
3 0.42857142857142855 0.6435714285714286 0.015238095238095238 0.027142857142857142
3 0.42761904761904757 0.6867857142857143 0.019047619047619046 0.027857142857142858
3 0.45904761904761904 0.48 0.03619047619047619 0.012857142857142857
3 0.45714285714285713 0.4442857142857143 0.04 0.015714285714285715
3 0.46285714285714286 0.4617857142857143 0.03809523809523809 0.013571428571428571
3 0.5233333333333333 0.4567857142857143 0.021904761904761903 0.02642857142857143
3 0.5485714285714286 0.46214285714285713 0.02476190476190476 0.025714285714285714
3 0.5709523809523809 0.45821428571428574 0.018095238095238095 0.019285714285714285
3 0.5928571428571429 0.46464285714285714 0.021904761904761903 0.02642857142857143
3 0.6142857142857143 0.46964285714285714 0.02095238095238095 0.025
3 0.6614285714285715 0.4764285714285714 0.02 0.025714285714285714
3 0.6895238095238094 0.48464285714285715 0.019047619047619046 0.027857142857142858
3 0.7104761904761905 0.49107142857142855 0.019047619047619046 0.02642857142857143
3 0.7342857142857143 0.5003571428571428 0.017142857142857144 0.02642857142857143
3 0.7547619047619046 0.4957142857142857 0.018095238095238095 0.02857142857142857
11 0.42714285714285716 0.505 0.01619047619047619 0.02857142857142857
3 0.4295238095238095 0.4032142857142857 0.013333333333333332 0.02214285714285714
8 0.8976190476190475 0.4757142857142857 0.006666666666666666 0.004285714285714286
3 0.9523809523809523 0.32071428571428573 0.022857142857142857 0.02
8 0.9490476190476189 0.35892857142857143 0.006666666666666666 0.0035714285714285713
5 0.9471428571428572 0.36 0.01238095238095238 0.008571428571428572