10 0.16238095238095238 0.6585714285714286 0.2180952380952381 0.07714285714285714
3 0.4409523809523809 0.6214285714285714 0.1352380952380952 0.05285714285714286
5 0.7338095238095238 0.5410714285714285 0.0638095238095238 0.023571428571428573
7 0.7647619047619046 0.6071428571428571 0.030476190476190476 0.032857142857142856
7 0.7880952380952381 0.5292857142857142 0.03142857142857143 0.037142857142857144
7 0.6538095238095237 0.4857142857142857 0.021904761904761903 0.03857142857142857
7 0.6338095238095237 0.49214285714285716 0.021904761904761903 0.02142857142857143
7 0.43 0.38642857142857145 0.027619047619047616 0.022857142857142857
7 0.9314285714285714 0.4882142857142857 0.019047619047619046 0.023571428571428573
7 0.9080952380952381 0.4907142857142857 0.02 0.02
7 0.8838095238095237 0.5010714285714286 0.02476190476190476 0.02214285714285714
7 0.8 0.43785714285714283 0.019047619047619046 0.032857142857142856
7 0.7733333333333332 0.38321428571428573 0.015238095238095238 0.027857142857142858
7 0.8209523809523809 0.32142857142857145 0.011428571428571429 0.018571428571428572
7 0.709047619047619 0.25821428571428573 0.01238095238095238 0.013571428571428571
7 0.7071428571428572 0.2767857142857143 0.010476190476190476 0.020714285714285713
7 0.7271428571428571 0.275 0.010476190476190476 0.02
7 0.7276190476190476 0.26571428571428574 0.011428571428571429 0.017142857142857144
7 0.6928571428571428 0.2546428571428571 0.01238095238095238 0.016428571428571428
7 0.8919047619047618 0.20464285714285715 0.01619047619047619 0.02214285714285714
7 0.9028571428571428 0.21714285714285714 0.019047619047619046 0.02142857142857143
7 0.9932142857142857 0.21095238095238095 0.013571428571428571 0.01619047619047619
7 0.9960714285714286 0.15666666666666668 0.007857142857142858 0.02
7 0.9975 0.14857142857142858 0.005 0.01904761904761905
3 0.9767857142857143 0.2361904761904762 0.04642857142857143 0.05333333333333334
3 0.9509523809523809 0.24821428571428572 0.08095238095238094 0.055
5 0.7552380952380952 0.23035714285714284 0.03238095238095238 0.023571428571428573
8 0.7585714285714286 0.22714285714285715 0.02 0.018571428571428572
3 0.79 0.1975 0.08666666666666667 0.055
3 0.708095238095238 0.18428571428571427 0.08285714285714285 0.04857142857142857
3 0.7385714285714285 0.16 0.07714285714285714 0.054285714285714284
3 0.639047619047619 0.22785714285714287 0.09142857142857143 0.05285714285714286
2 0.5247619047619048 0.25 0.1676190476190476 0.12428571428571429
3 0.4619047619047619 0.23857142857142857 0.09714285714285714 0.05
3 0.5176190476190476 0.1875 0.09238095238095237 0.05071428571428571
7 0.3661904761904762 0.36178571428571427 0.021904761904761903 0.019285714285714285
3 0.349047619047619 0.43642857142857144 0.07333333333333332 0.08
3 0.5314285714285715 0.36857142857142855 0.019047619047619046 0.024285714285714285
10 0.26666666666666666 0.35964285714285715 0.15238095238095237 0.05928571428571429
3 0.20142857142857143 0.2935714285714286 0.10761904761904761 0.05285714285714286
3 0.8819047619047617 0.40464285714285714 0.11619047619047618 0.045