3 0.94 0.46904761904761905 0.12 0.07904761904761905
11 0.8042857142857143 0.4014285714285714 0.13047619047619047 0.07285714285714286
3 0.6680952380952381 0.35035714285714287 0.09809523809523808 0.04642857142857143
3 0.40809523809523807 0.23535714285714285 0.06571428571428571 0.035
3 0.3519047619047619 0.2092857142857143 0.0619047619047619 0.02857142857142857
3 0.3038095238095238 0.18857142857142858 0.06095238095238095 0.02857142857142857
3 0.10857142857142857 0.10071428571428571 0.0419047619047619 0.02142857142857143
3 0.08047619047619047 0.09071428571428572 0.037142857142857144 0.018571428571428572
3 0.5223809523809523 0.31785714285714284 0.08095238095238094 0.041428571428571426
3 0.5595238095238094 0.29892857142857143 0.07714285714285714 0.03785714285714286
3 0.63 0.2735714285714286 0.09238095238095237 0.041428571428571426
3 0.9839285714285714 0.37761904761904763 0.03214285714285714 0.058095238095238096
3 0.7738095238095237 0.28535714285714286 0.09238095238095237 0.045
3 0.6780952380952381 0.2557142857142857 0.07428571428571429 0.04285714285714286
3 0.7609523809523809 0.25357142857142856 0.08571428571428572 0.037142857142857144
3 0.5552380952380952 0.21321428571428572 0.07047619047619047 0.04071428571428572
3 0.38857142857142857 0.15714285714285714 0.05904761904761904 0.03142857142857143
3 0.17904761904761904 0.5989285714285715 0.15047619047619046 0.125
3 0.09761904761904762 0.4992857142857143 0.1038095238095238 0.07857142857142857
3 0.05107142857142857 0.42428571428571427 0.10214285714285715 0.07142857142857142
3 0.3038095238095238 0.49607142857142855 0.13333333333333333 0.105
3 0.44476190476190475 0.6078571428571429 0.13333333333333333 0.12142857142857143
7 0.6961904761904761 0.4632142857142857 0.026666666666666665 0.04214285714285714
7 0.5076190476190476 0.5010714285714286 0.02476190476190476 0.03785714285714286
7 0.5871428571428572 0.45821428571428574 0.018095238095238095 0.03642857142857143
7 0.7209523809523809 0.45357142857142857 0.03238095238095238 0.03428571428571429
7 0.5266666666666666 0.4125 0.02095238095238095 0.04071428571428572
7 0.5485714285714286 0.3967857142857143 0.022857142857142857 0.039285714285714285
7 0.6338095238095237 0.4 0.021904761904761903 0.03857142857142857
7 0.4876190476190476 0.38142857142857145 0.022857142857142857 0.03142857142857143
7 0.45809523809523806 0.38392857142857145 0.02095238095238095 0.029285714285714286
7 0.5561904761904761 0.3707142857142857 0.019047619047619046 0.03571428571428571
7 0.5195238095238095 0.3510714285714286 0.03142857142857143 0.030714285714285715
7 0.42761904761904757 0.32285714285714284 0.02095238095238095 0.037142857142857144
7 0.48380952380952374 0.33071428571428574 0.017142857142857144 0.03428571428571429
7 0.4714285714285714 0.32392857142857145 0.017142857142857144 0.027857142857142858
11 0.18095238095238095 0.13071428571428573 0.05333333333333333 0.03142857142857143
3 0.17047619047619048 0.09678571428571428 0.03428571428571429 0.02214285714285714
3 0.1438095238095238 0.08357142857142857 0.03428571428571429 0.02
3 0.11571428571428571 0.07642857142857143 0.03333333333333333 0.018571428571428572
3 0.20666666666666667 0.09321428571428571 0.03809523809523809 0.020714285714285713
3 0.046190476190476185 0.03785714285714286 0.023809523809523805 0.014285714285714285
3 0.03428571428571429 0.030714285714285715 0.022857142857142857 0.012857142857142857
3 0.018095238095238095 0.027142857142857142 0.022857142857142857 0.012857142857142857
3 0.5714285714285714 0.14642857142857144 0.05142857142857143 0.025714285714285714
3 0.6071428571428571 0.1632142857142857 0.06 0.03214285714285714