7 0.6806666666666666 0.04525 0.012 0.0275
7 0.7103333333333333 0.136 0.012666666666666666 0.032
3 0.6656666666666666 0.01575 0.03133333333333333 0.0295
3 0.7223333333333333 0.04075 0.03666666666666667 0.0385
3 0.7733333333333332 0.227 0.048 0.059
7 0.8263333333333333 0.2445 0.015333333333333332 0.035
7 0.861 0.24025 0.016666666666666663 0.0315
7 0.6413333333333333 0.32925 0.016 0.0295
7 0.909 0.4075 0.02333333333333333 0.032
5 0.8863333333333333 0.40025 0.026 0.0415
5 0.8343333333333333 0.36 0.02333333333333333 0.029
3 0.8716666666666666 0.51825 0.11666666666666665 0.1095
3 0.647 0.54925 0.07933333333333333 0.1415
3 0.6513333333333332 0.6895 0.07733333333333332 0.12
3 0.9193333333333332 0.68625 0.108 0.1265
11 0.6233333333333333 0.3895 0.05466666666666666 0.08
11 0.7636666666666666 0.16375 0.05533333333333333 0.0595
11 0.6096666666666666 0.15325 0.05 0.0455
11 0.6006666666666667 0.2205 0.057333333333333326 0.074
3 0.7496666666666666 0.1215 0.05 0.05
3 0.614 0.11375 0.04533333333333333 0.0455
3 0.6053333333333333 0.06875 0.04533333333333333 0.0425
3 0.6053333333333333 0.032 0.041333333333333326 0.044
3 0.60975 0.012 0.038 0.024
0 0.3663333333333333 0.18775 0.06066666666666667 0.0385
11 0.4453333333333333 0.706 0.116 0.087