7 0.869047619047619 0.15964285714285714 0.002857142857142857 0.0035714285714285713
7 0.9166666666666666 0.2082142857142857 0.0047619047619047615 0.005
7 0.6090476190476191 0.12714285714285714 0.0047619047619047615 0.007142857142857143
7 0.8738095238095237 0.02214285714285714 0.0047619047619047615 0.008571428571428572
8 0.6676190476190476 0.6964285714285714 0.007619047619047619 0.005714285714285714
7 0.7990476190476189 0.5557142857142857 0.005714285714285714 0.004285714285714286
7 0.8671428571428571 0.4807142857142857 0.002857142857142857 0.004285714285714286
3 0.8357142857142857 0.6864285714285714 0.023809523809523805 0.03428571428571429
3 0.859047619047619 0.6835714285714286 0.019047619047619046 0.03142857142857143
3 0.8857142857142857 0.6971428571428572 0.022857142857142857 0.032857142857142856
3 0.9080952380952381 0.7071428571428572 0.021904761904761903 0.03571428571428571
3 0.9409523809523809 0.7210714285714286 0.022857142857142857 0.03357142857142857
3 0.9910714285714286 0.7338095238095238 0.017857142857142856 0.03142857142857143