3 0.19964285714285715 0.006190476190476191 0.03357142857142857 0.012380952380952381
3 0.27714285714285714 0.02142857142857143 0.04 0.012857142857142857
3 0.28095238095238095 0.015357142857142857 0.03619047619047619 0.012142857142857143
3 0.12285714285714286 0.048928571428571425 0.0419047619047619 0.012142857142857143
3 0.12904761904761905 0.04214285714285714 0.04095238095238095 0.01
3 0.13952380952380952 0.03642857142857143 0.03333333333333333 0.012857142857142857
3 0.14523809523809522 0.030714285714285715 0.035238095238095235 0.01
3 0.15619047619047619 0.027142857142857142 0.03619047619047619 0.011428571428571429
3 0.16190476190476188 0.02107142857142857 0.03809523809523809 0.010714285714285714
3 0.14857142857142858 0.015714285714285715 0.03428571428571429 0.01
3 0.11238095238095237 0.012142857142857143 0.03428571428571429 0.008571428571428572
3 0.10142857142857142 0.007857142857142858 0.03142857142857143 0.01
3 0.09952380952380951 0.017142857142857144 0.035238095238095235 0.011428571428571429
3 0.08238095238095237 0.0275 0.039047619047619046 0.012142857142857143
3 0.06857142857142857 0.03642857142857143 0.0419047619047619 0.011428571428571429
3 0.050476190476190466 0.0475 0.0419047619047619 0.012142857142857143
3 0.07 0.08285714285714285 0.04476190476190476 0.01
3 0.056190476190476187 0.08928571428571429 0.04952380952380952 0.015714285714285715
3 0.04523809523809524 0.09678571428571428 0.04857142857142857 0.015
3 0.03666666666666666 0.10642857142857143 0.054285714285714284 0.012857142857142857
3 0.023928571428571428 0.11428571428571428 0.047857142857142855 0.014285714285714285
3 0.043333333333333335 0.056428571428571425 0.04666666666666666 0.011428571428571429
11 0.5114285714285715 0.0325 0.03809523809523809 0.030714285714285715
11 0.4352380952380952 0.07035714285714285 0.07238095238095238 0.04642857142857143
10 0.4685714285714286 0.1475 0.09523809523809522 0.052142857142857144
5 0.4719047619047619 0.1392857142857143 0.018095238095238095 0.007142857142857143
5 0.49047619047619045 0.18714285714285714 0.022857142857142857 0.01
8 0.49 0.18321428571428572 0.008571428571428572 0.007857142857142858
8 0.47238095238095235 0.13464285714285715 0.0038095238095238095 0.0064285714285714285
8 0.46952380952380945 0.13607142857142857 0.005714285714285714 0.009285714285714286
7 0.49714285714285716 0.12857142857142856 0.007619047619047619 0.011428571428571429
5 0.5071428571428571 0.13285714285714287 0.018095238095238095 0.011428571428571429
2 0.3333333333333333 0.7028571428571428 0.11047619047619046 0.08857142857142856
11 0.4966666666666666 0.3335714285714286 0.0638095238095238 0.06571428571428571
11 0.5428571428571428 0.38285714285714284 0.09333333333333332 0.13428571428571429
11 0.6085714285714285 0.2760714285714286 0.04 0.03642857142857143
11 0.6495238095238095 0.22035714285714286 0.045714285714285714 0.03642857142857143
11 0.6976190476190476 0.16642857142857143 0.050476190476190466 0.03857142857142857
11 0.7785714285714286 0.0875 0.018095238095238095 0.020714285714285713
11 0.6119047619047618 0.11214285714285714 0.021904761904761903 0.041428571428571426
11 0.6104761904761904 0.0775 0.02476190476190476 0.035
11 0.7647619047619046 0.05178571428571429 0.02095238095238095 0.027857142857142858
11 0.8190476190476189 0.01607142857142857 0.02476190476190476 0.023571428571428573
3 0.9204761904761903 0.11392857142857143 0.04666666666666666 0.019285714285714285
3 0.9960714285714286 0.1295238095238095 0.007857142857142858 0.01904761904761905
3 0.9247619047619047 0.19178571428571428 0.05714285714285714 0.02214285714285714
3 0.9096428571428572 0.002857142857142857 0.013571428571428571 0.005714285714285714
3 0.9289285714285714 0.0033333333333333335 0.016428571428571428 0.006666666666666667
5 0.838095238095238 0.20392857142857143 0.019047619047619046 0.017857142857142856
8 0.8395238095238095 0.19892857142857143 0.01238095238095238 0.010714285714285714
5 0.989047619047619 0.06892857142857142 0.01619047619047619 0.009285714285714286
7 0.9976190476190475 0.0575 0.0047619047619047615 0.005
3 0.9971428571428571 0.030952380952380953 0.005714285714285714 0.013333333333333334
3 0.9971428571428571 0.023809523809523808 0.005714285714285714 0.013333333333333334
3 0.9953571428571428 0.019523809523809523 0.009285714285714286 0.015238095238095238
3 0.9932142857142857 0.015238095238095238 0.013571428571428571 0.015238095238095238
3 0.9903571428571428 0.009523809523809525 0.019285714285714285 0.013333333333333334
3 0.9875 0.006190476190476191 0.025 0.012380952380952381
3 0.9409523809523809 0.03142857142857143 0.03428571428571429 0.015714285714285715
3 0.9333333333333332 0.025 0.03428571428571429 0.01
3 0.9314285714285714 0.01892857142857143 0.04 0.010714285714285714
3 0.93 0.013214285714285715 0.035238095238095235 0.010714285714285714
7 0.8938095238095237 0.008214285714285714 0.0047619047619047615 0.007857142857142858