3 0.39571428571428574 0.6160714285714286 0.20857142857142857 0.1707142857142857
3 0.8457142857142858 0.5207142857142857 0.21142857142857144 0.14714285714285713
3 0.5709523809523809 0.3603571428571429 0.15714285714285714 0.105
3 0.8738095238095237 0.28714285714285714 0.13238095238095238 0.07
3 0.3733333333333333 0.25357142857142856 0.13142857142857142 0.08
3 0.17714285714285713 0.12821428571428573 0.09523809523809522 0.05928571428571429
3 0.09047619047619047 0.018214285714285714 0.06857142857142857 0.035
3 0.1742857142857143 0.025 0.06857142857142857 0.032857142857142856
3 0.3342857142857143 0.05607142857142857 0.0838095238095238 0.039285714285714285
11 0.14714285714285713 0.04928571428571429 0.06571428571428571 0.04285714285714286
11 0.5685714285714286 0.09607142857142857 0.0838095238095238 0.056428571428571425
3 0.3966666666666666 0.036071428571428574 0.08285714285714285 0.04642857142857143
3 0.4223809523809523 0.0875 0.08666666666666667 0.04357142857142857
11 0.3460714285714286 0.01619047619047619 0.06 0.03238095238095238
2 0.4395238095238095 0.15178571428571427 0.24666666666666665 0.15642857142857142
3 0.6119047619047618 0.16785714285714284 0.11523809523809522 0.06428571428571428
3 0.71 0.22 0.12666666666666665 0.06285714285714286
3 0.9447619047619047 0.1332142857142857 0.09523809523809522 0.04928571428571429
3 0.8971428571428571 0.11535714285714285 0.09523809523809522 0.055
3 0.8409523809523809 0.10285714285714286 0.0838095238095238 0.04428571428571428
3 0.7457142857142857 0.07785714285714286 0.07047619047619047 0.04428571428571428
11 0.8138095238095238 0.085 0.07142857142857142 0.047142857142857146
11 0.7 0.065 0.10285714285714286 0.05285714285714286
3 0.6438095238095237 0.05107142857142857 0.07619047619047618 0.03214285714285714
3 0.6071428571428571 0.03857142857142857 0.07333333333333332 0.03571428571428571
3 0.5657142857142857 0.032857142857142856 0.07428571428571429 0.032857142857142856
3 0.49464285714285716 0.011904761904761904 0.08071428571428571 0.023809523809523808
7 0.889047619047619 0.20785714285714285 0.02 0.037142857142857144
8 0.8409523809523809 0.20642857142857143 0.02095238095238095 0.032857142857142856
7 0.9585714285714285 0.15607142857142858 0.01619047619047619 0.03357142857142857
1 0.96 0.16107142857142856 0.05142857142857143 0.017857142857142856
9 0.8619047619047618 0.18142857142857144 0.0838095238095238 0.05714285714285714
9 0.92 0.2357142857142857 0.07619047619047618 0.05
7 0.7885714285714286 0.24642857142857144 0.022857142857142857 0.04285714285714286
7 0.7219047619047618 0.24142857142857144 0.02095238095238095 0.04285714285714286
7 0.7847619047619047 0.14035714285714285 0.02095238095238095 0.035
7 0.6661904761904761 0.09857142857142857 0.018095238095238095 0.032857142857142856
8 0.7695238095238095 0.24285714285714285 0.019047619047619046 0.024285714285714285
7 0.6442857142857142 0.07607142857142857 0.01619047619047619 0.03214285714285714
7 0.5238095238095237 0.05892857142857143 0.015238095238095238 0.029285714285714286
7 0.530952380952381 0.05714285714285714 0.014285714285714285 0.02857142857142857
7 0.44607142857142856 0.01380952380952381 0.016428571428571428 0.02761904761904762
5 0.48666666666666664 0.02642857142857143 0.03428571428571429 0.02142857142857143
5 0.5271428571428571 0.026071428571428572 0.02952380952380952 0.019285714285714285
8 0.25666666666666665 0.023571428571428573 0.02 0.027142857142857142
1 0.2633333333333333 0.0325 0.018095238095238095 0.017857142857142856
5 0.2233333333333333 0.018571428571428572 0.03333333333333333 0.02142857142857143
8 0.21571428571428572 0.016428571428571428 0.01619047619047619 0.022857142857142857
7 0.2842857142857143 0.01 0.016428571428571428 0.02
7 0.2775 0.009523809523809525 0.014285714285714285 0.01904761904761905