7 0.1935279187817259 0.15392857142857141 0.019035532994923856 0.012142857142857141
7 0.21637055837563451 0.15785714285714283 0.019035532994923856 0.02
7 0.22906091370558376 0.16107142857142856 0.01649746192893401 0.015000000000000001
7 0.2709390862944162 0.16249999999999998 0.019035532994923856 0.02214285714285714
7 0.3343908629441624 0.1682142857142857 0.01649746192893401 0.019285714285714285
7 0.3781725888324873 0.1707142857142857 0.017766497461928935 0.015714285714285715
7 0.4352791878172589 0.17357142857142854 0.015228426395939087 0.02
7 0.5609137055837563 0.17500000000000002 0.015228426395939087 0.02142857142857143
7 0.5558375634517767 0.145 0.01269035532994924 0.02142857142857143
7 0.674492385786802 0.18785714285714283 0.021573604060913708 0.022857142857142857
7 0.7100253807106599 0.18178571428571427 0.019035532994923856 0.010714285714285714
7 0.8464467005076142 0.20035714285714284 0.015228426395939087 0.02214285714285714
7 0.8407360406091371 0.20285714285714285 0.008883248730964468 0.012857142857142857
7 0.8686548223350254 0.16607142857142856 0.01649746192893401 0.02214285714285714
7 0.9885786802030457 0.1782142857142857 0.02030456852791878 0.023571428571428573
7 0.23223350253807107 0.4064285714285714 0.027918781725888325 0.03428571428571429
7 0.43845177664974616 0.29107142857142854 0.024111675126903553 0.027857142857142858
7 0.5697969543147209 0.3432142857142857 0.027918781725888325 0.019285714285714285
7 0.6637055837563451 0.3467857142857143 0.02284263959390863 0.019285714285714285
7 0.858502538071066 0.36714285714285716 0.021573604060913708 0.017142857142857144
7 0.8077411167512691 0.27178571428571424 0.01649746192893401 0.02214285714285714
7 0.7512690355329948 0.2739285714285714 0.02030456852791878 0.019285714285714285
7 0.7106598984771574 0.26821428571428574 0.015228426395939087 0.019285714285714285
7 0.7988578680203046 0.26821428571428574 0.01649746192893401 0.020714285714285713
7 0.7804568527918782 0.26928571428571424 0.015228426395939087 0.018571428571428572
7 0.8420050761421319 0.2464285714285714 0.019035532994923856 0.027142857142857142
7 0.9765228426395939 0.23750000000000002 0.01649746192893401 0.024999999999999998