8 0.5193333333333332 0.3905 0.04 0.022
7 0.6393333333333333 0.04275 0.024 0.0435
3 0.6486666666666666 0.22425 0.08666666666666666 0.1555
3 0.6246666666666666 0.4705 0.10533333333333333 0.16
1 0.7836666666666666 0.57325 0.024666666666666663 0.0495
8 0.7853333333333332 0.58125 0.025333333333333333 0.0275
8 0.7786666666666666 0.595 0.022666666666666665 0.031
8 0.9163333333333332 0.5785 0.03533333333333333 0.027
7 0.8606666666666666 0.54275 0.04533333333333333 0.0285
10 0.49366666666666664 0.55275 0.094 0.1795
10 0.918 0.23966666666666667 0.164 0.09466666666666666
7 0.882 0.2805 0.034666666666666665 0.025
7 0.8243333333333333 0.28225 0.026 0.0255
8 0.807 0.2605 0.016666666666666663 0.014
7 0.7853333333333332 0.23075 0.025333333333333333 0.0305
7 0.796 0.195 0.02 0.026
7 0.9193333333333332 0.1975 0.030666666666666665 0.029
3 0.8483333333333333 0.0615 0.098 0.122