11 0.5431472081218274 0.017499999999999998 0.04060913705583756 0.015000000000000001
11 0.6015228426395939 0.018571428571428572 0.04060913705583756 0.012857142857142857
3 0.7119289340101522 0.01 0.027918781725888325 0.008571428571428572
3 0.7081218274111675 0.014285714285714285 0.030456852791878174 0.008571428571428572
3 0.7100253807106599 0.017857142857142856 0.0317258883248731 0.008571428571428572
11 0.690989847715736 0.03214285714285715 0.044416243654822336 0.011428571428571429
11 0.6313451776649747 0.054285714285714284 0.01649746192893401 0.01
3 0.6986040609137056 0.08607142857142856 0.03934010152284264 0.007857142857142858
7 0.899746192893401 0.044642857142857144 0.005076142131979695 0.0064285714285714285
4 0.91 0.0031725888324873096 0.012857142857142857 0.006345177664974619
3 0.9992857142857143 0.01649746192893401 0.0014285714285714286 0.006345177664974619
3 0.995 0.028553299492385786 0.01 0.008883248730964468
11 0.9904822335025381 0.04107142857142857 0.013959390862944163 0.009285714285714286
2 1 0.04187817258883249 0 0.031725888324873094
2 0.924492385786802 0.04607142857142857 0.03934010152284264 0.029285714285714286
3 0.9975 0.0717005076142132 0.005 0.01015228426395939
11 0.983502538071066 0.056428571428571425 0.01269035532994924 0.008571428571428572
2 0.9758883248730964 0.075 0.02538071065989848 0.037142857142857144
2 0.8343908629441624 0.1332142857142857 0.05456852791878173 0.039285714285714285
3 0.8546954314720813 0.10107142857142858 0.024111675126903553 0.012142857142857141
7 0.9378172588832486 0.11142857142857143 0.005076142131979695 0.007142857142857143
7 0.9403553299492385 0.16107142857142856 0.005076142131979695 0.0064285714285714285
3 0.9758883248730964 0.10857142857142857 0.015228426395939087 0.011428571428571429
3 0.9967857142857143 0.11357868020304568 0.0064285714285714285 0.011421319796954314
3 0.9809644670050761 0.13392857142857142 0.017766497461928935 0.013571428571428571
3 0.9828680203045684 0.16785714285714287 0.021573604060913708 0.012857142857142857
7 0.9606598984771574 0.23499999999999996 0.005076142131979695 0.007142857142857143
7 0.9555837563451777 0.23750000000000002 0.005076142131979695 0.007857142857142858
7 0.9612944162436547 0.25571428571428567 0.00634517766497462 0.007142857142857143
7 0.9657360406091371 0.2542857142857143 0.005076142131979695 0.008571428571428572
3 0.8927664974619288 0.4046428571428571 0.06472081218274112 0.019285714285714285
2 0.7576142131979696 0.3232142857142857 0.08375634517766498 0.03785714285714285
2 0.7753807106598984 0.31 0.116751269035533 0.05142857142857143
2 0.791243654822335 0.29642857142857143 0.11548223350253807 0.049999999999999996
2 0.7969543147208121 0.2807142857142857 0.11421319796954316 0.045714285714285714
2 0.8356598984771574 0.2785714285714286 0.06472081218274112 0.032857142857142856
2 0.8274111675126903 0.2592857142857143 0.11421319796954316 0.045714285714285714
2 0.8343908629441624 0.24785714285714286 0.11294416243654823 0.04428571428571428
2 0.8381979695431473 0.23214285714285712 0.10532994923857869 0.04
2 0.868020304568528 0.2142857142857143 0.08629441624365483 0.03571428571428571
2 0.8775380710659899 0.20285714285714285 0.10532994923857869 0.04
2 0.7836294416243655 0.17607142857142855 0.03934010152284264 0.03071428571428571
2 0.7379441624365483 0.22607142857142856 0.0799492385786802 0.047857142857142855
7 0.7163705583756346 0.2567857142857143 0.008883248730964468 0.009285714285714286
2 0.6897208121827411 0.2764285714285714 0.06218274111675127 0.04285714285714286
2 0.6605329949238579 0.26607142857142857 0.0901015228426396 0.053571428571428575
2 0.6516497461928934 0.2471428571428571 0.09263959390862944 0.05142857142857143
7 0.5780456852791879 0.32535714285714284 0.008883248730964468 0.009285714285714286
7 0.5786802030456852 0.32285714285714284 0.007614213197969543 0.011428571428571429
7 0.5317258883248731 0.28214285714285714 0.005076142131979695 0.008571428571428572
7 0.5342639593908629 0.2789285714285714 0.005076142131979695 0.009285714285714286
7 0.541243654822335 0.2767857142857143 0.00634517766497462 0.007857142857142858
7 0.5456852791878173 0.27499999999999997 0.007614213197969543 0.008571428571428572
7 0.46129441624365486 0.33035714285714285 0.00634517766497462 0.009285714285714286
7 0.4968274111675127 0.31321428571428567 0.00634517766497462 0.009285714285714286
7 0.506979695431472 0.32285714285714284 0.00634517766497462 0.008571428571428572
7 0.4949238578680203 0.3296428571428571 0.007614213197969543 0.009285714285714286
7 0.48223350253807107 0.32892857142857146 0.007614213197969543 0.007857142857142858
7 0.4727157360406091 0.32785714285714285 0.00634517766497462 0.007142857142857143
4 0.47715736040609136 0.3189285714285714 0.007614213197969543 0.0064285714285714285
7 0.48921319796954316 0.31142857142857144 0.00634517766497462 0.008571428571428572
7 0.48540609137055835 0.3142857142857143 0.008883248730964468 0.007142857142857143
7 0.508248730964467 0.31142857142857144 0.00634517766497462 0.014285714285714285
3 0.053299492385786795 0.3175 0.04060913705583756 0.020714285714285713
3 0.11357868020304569 0.3360714285714285 0.044416243654822336 0.020714285714285713
7 0.014593908629441625 0.26999999999999996 0.008883248730964468 0.008571428571428572
11 0.5628172588832487 0.43071428571428566 0.07233502538071065 0.02142857142857143
11 0.12055837563451777 0.5389285714285714 0.08121827411167512 0.03357142857142857