3 0.18527918781725888 0.3696428571428571 0.1269035532994924 0.07785714285714286
3 0.291243654822335 0.3660714285714286 0.10786802030456853 0.07642857142857143
10 0.43718274111675126 0.3317857142857143 0.15862944162436549 0.12642857142857142
10 0.30076142131979694 0.03857142857142857 0.10406091370558375 0.05142857142857143
3 0.25126903553299496 0.1782142857142857 0.08375634517766498 0.04071428571428572
3 0.27411167512690354 0.10428571428571429 0.06852791878172589 0.025714285714285714
3 0.3730964467005076 0.051071428571428566 0.043147208121827416 0.019285714285714285
3 0.4403553299492386 0.03678571428571428 0.048223350253807105 0.020714285714285713
3 0.5050761421319797 0.0642857142857143 0.05076142131979696 0.032857142857142856
3 0.8959390862944162 0.0475 0.02284263959390863 0.013571428571428571
3 0.9073604060913705 0.03464285714285714 0.027918781725888325 0.017857142857142856
3 0.91751269035533 0.023928571428571428 0.02284263959390863 0.013571428571428571
11 0.9206852791878173 0.010714285714285714 0.021573604060913708 0.014285714285714285
7 0.01586294416243655 0.1407142857142857 0.01649746192893401 0.015714285714285715
7 0.022208121827411168 0.12035714285714284 0.019035532994923856 0.015000000000000001
7 0.053299492385786795 0.1392857142857143 0.01269035532994924 0.01
7 0.057741116751269035 0.13785714285714284 0.011421319796954314 0.011428571428571429
7 0.1148477157360406 0.10928571428571428 0.011421319796954314 0.007142857142857143
7 0.11738578680203046 0.10714285714285715 0.011421319796954314 0.007142857142857143
7 0.157994923857868 0.0775 0.011421319796954314 0.013571428571428571
7 0.14911167512690354 0.07785714285714286 0.008883248730964468 0.012857142857142857
7 0.16560913705583755 0.07321428571428572 0.011421319796954314 0.012142857142857141
7 0.15291878172588833 0.06749999999999999 0.008883248730964468 0.010714285714285714
7 0.15038071065989847 0.07535714285714286 0.008883248730964468 0.013571428571428571
7 0.21890862944162437 0.04428571428571428 0.011421319796954314 0.012857142857142857
7 0.23477157360406092 0.032857142857142856 0.007614213197969543 0.01
7 0.2436548223350254 0.03857142857142857 0.007614213197969543 0.01