3 0.13285714285714287 0.16 0.06 0.03571428571428571
5 0.3033333333333333 0.0725 0.021904761904761903 0.012142857142857143
5 0.5085714285714286 0.11 0.026666666666666665 0.01
5 0.5442857142857143 0.255 0.01238095238095238 0.025714285714285714
5 0.8676190476190475 0.13642857142857143 0.022857142857142857 0.018571428571428572
8 0.30142857142857143 0.06821428571428571 0.014285714285714285 0.010714285714285714
8 0.5085714285714286 0.10464285714285715 0.005714285714285714 0.009285714285714286
8 0.5142857142857142 0.105 0.005714285714285714 0.011428571428571429
8 0.5442857142857143 0.25035714285714283 0.008571428571428572 0.013571428571428571
3 0.48666666666666664 0.22142857142857142 0.03238095238095238 0.041428571428571426
11 0.5614285714285714 0.6535714285714286 0.06571428571428571 0.12714285714285714
11 0.37047619047619046 0.6096428571428572 0.06285714285714286 0.12071428571428572
3 0.06 0.5682142857142857 0.11619047619047618 0.039285714285714285
3 0.19714285714285715 0.6792857142857143 0.06285714285714286 0.09714285714285714
3 0.11714285714285715 0.6817857142857143 0.07809523809523809 0.09928571428571428
3 0.047142857142857146 0.6633333333333333 0.09428571428571429 0.0380952380952381
3 0.03428571428571429 0.7171428571428572 0.06857142857142857 0.0419047619047619
3 0.05714285714285714 0.611904761904762 0.11428571428571428 0.04380952380952381
11 0.83 0.2892857142857143 0.09238095238095237 0.10285714285714286
3 0.4757142857142857 0.34785714285714286 0.037142857142857144 0.05285714285714286
11 0.6338095238095237 0.05714285714285714 0.1 0.1
5 0.74 0.11464285714285714 0.043809523809523805 0.019285714285714285
11 0.7542857142857143 0.16892857142857143 0.05142857142857143 0.05785714285714286
7 0.7438095238095238 0.11035714285714286 0.007619047619047619 0.013571428571428571
7 0.7461904761904761 0.10642857142857143 0.008571428571428572 0.011428571428571429
7 0.7361904761904761 0.08857142857142856 0.005714285714285714 0.015714285714285715
7 0.7452380952380951 0.08285714285714285 0.010476190476190476 0.015714285714285715
7 0.7719047619047618 0.10107142857142858 0.006666666666666666 0.013571428571428571
7 0.7738095238095237 0.09714285714285714 0.0047619047619047615 0.014285714285714285
7 0.8809523809523809 0.13285714285714287 0.005714285714285714 0.015714285714285715