7 0.06619047619047619 0.48178571428571426 0.01238095238095238 0.023571428571428573
7 0.1019047619047619 0.48678571428571427 0.015238095238095238 0.02214285714285714
1 0.08142857142857143 0.48464285714285715 0.021904761904761903 0.017857142857142856
5 0.22238095238095237 0.49785714285714283 0.04476190476190476 0.018571428571428572
7 0.1495238095238095 0.48142857142857143 0.019047619047619046 0.024285714285714285
7 0.17285714285714285 0.48 0.01619047619047619 0.027142857142857142
5 0.09476190476190476 0.4975 0.03142857142857143 0.015
1 0.14285714285714285 0.49785714285714283 0.022857142857142857 0.017142857142857144
5 0.12238095238095237 0.4807142857142857 0.03333333333333333 0.012857142857142857
8 0.12142857142857143 0.4764285714285714 0.014285714285714285 0.017142857142857144
7 0.18047619047619046 0.4707142857142857 0.01238095238095238 0.02142857142857143
7 0.19476190476190475 0.4710714285714286 0.01238095238095238 0.025
7 0.20476190476190473 0.4667857142857143 0.011428571428571429 0.017857142857142856
7 0.21714285714285714 0.46785714285714286 0.015238095238095238 0.018571428571428572
7 0.18571428571428572 0.4689285714285714 0.009523809523809523 0.019285714285714285
1 0.20095238095238094 0.48178571428571426 0.03428571428571429 0.016428571428571428
4 0.13952380952380952 0.4660714285714286 0.03333333333333333 0.010714285714285714
7 0.28285714285714286 0.48392857142857143 0.011428571428571429 0.025
7 0.3009523809523809 0.4775 0.011428571428571429 0.020714285714285713
7 0.31142857142857144 0.475 0.013333333333333332 0.02
7 0.32666666666666666 0.4735714285714286 0.013333333333333332 0.02
7 0.3476190476190476 0.4725 0.011428571428571429 0.019285714285714285
8 0.3795238095238095 0.4707142857142857 0.01619047619047619 0.017142857142857144
7 0.4228571428571429 0.46964285714285714 0.015238095238095238 0.019285714285714285
8 0.4666666666666666 0.4785714285714286 0.013333333333333332 0.02142857142857143
7 0.40047619047619043 0.4825 0.010476190476190476 0.020714285714285713
7 0.4057142857142857 0.4757142857142857 0.009523809523809523 0.018571428571428572
7 0.2695238095238095 0.475 0.011428571428571429 0.018571428571428572
1 0.2866666666666667 0.48857142857142855 0.03619047619047619 0.018571428571428572
3 0.43857142857142856 0.49357142857142855 0.07523809523809523 0.02857142857142857
3 0.3304761904761904 0.5035714285714286 0.11238095238095237 0.03571428571428571
7 0.5009523809523809 0.46964285714285714 0.017142857142857144 0.020714285714285713
7 0.23142857142857143 0.4714285714285714 0.011428571428571429 0.02
1 0.34523809523809523 0.4828571428571429 0.03142857142857143 0.014285714285714285
7 0.5285714285714286 0.4785714285714286 0.009523809523809523 0.02
7 0.5352380952380952 0.4775 0.009523809523809523 0.017857142857142856
7 0.54 0.4725 0.011428571428571429 0.02214285714285714
7 0.5485714285714286 0.47 0.011428571428571429 0.027142857142857142
7 0.559047619047619 0.4664285714285714 0.013333333333333332 0.022857142857142857
8 0.49857142857142855 0.5189285714285714 0.021904761904761903 0.030714285714285715
8 0.5085714285714286 0.515 0.02095238095238095 0.03
5 0.49714285714285716 0.5267857142857143 0.043809523809523805 0.023571428571428573
5 0.5057142857142857 0.5225 0.045714285714285714 0.02214285714285714
3 0.4966666666666666 0.5053571428571428 0.11142857142857143 0.03214285714285714
3 0.63 0.5135714285714286 0.12476190476190475 0.03428571428571429
11 0.5819047619047619 0.49357142857142855 0.05904761904761904 0.04
7 0.6861904761904761 0.48857142857142855 0.01619047619047619 0.03
8 0.7014285714285714 0.49892857142857144 0.01619047619047619 0.019285714285714285
8 0.7095238095238094 0.49642857142857144 0.015238095238095238 0.02142857142857143
8 0.7219047619047618 0.49 0.019047619047619046 0.022857142857142857
8 0.7342857142857143 0.4825 0.011428571428571429 0.02214285714285714
1 0.7357142857142858 0.4853571428571429 0.03333333333333333 0.016428571428571428
7 0.7566666666666666 0.4717857142857143 0.01238095238095238 0.019285714285714285
7 0.7742857142857142 0.4982142857142857 0.02095238095238095 0.03214285714285714
8 0.7466666666666666 0.5046428571428572 0.022857142857142857 0.02214285714285714
9 0.7519047619047617 0.5175 0.03333333333333333 0.025
7 0.8428571428571429 0.4675 0.011428571428571429 0.016428571428571428
8 0.8419047619047618 0.475 0.022857142857142857 0.017142857142857144
7 0.8942857142857142 0.5085714285714286 0.02095238095238095 0.03571428571428571
7 0.9057142857142857 0.5085714285714286 0.019047619047619046 0.037142857142857144
8 0.9347619047619047 0.5225 0.021904761904761903 0.035
7 0.9523809523809523 0.5067857142857143 0.02095238095238095 0.03214285714285714
8 0.9838095238095238 0.5085714285714286 0.02857142857142857 0.03142857142857143
5 0.9366666666666666 0.53 0.06 0.025714285714285714
1 0.9828571428571429 0.5139285714285714 0.02095238095238095 0.02214285714285714
3 0.9775 0.49238095238095236 0.045 0.025714285714285714
3 0.9704761904761904 0.47964285714285715 0.03809523809523809 0.029285714285714286
3 0.9657142857142857 0.47785714285714287 0.03619047619047619 0.032857142857142856
3 0.9576190476190475 0.4632142857142857 0.03142857142857143 0.02642857142857143
3 0.7857142857142857 0.4471428571428571 0.02095238095238095 0.015714285714285715
3 0.8442857142857143 0.455 0.025714285714285714 0.015714285714285715
3 0.8471428571428572 0.4525 0.023809523809523805 0.02214285714285714
4 0.858095238095238 0.4307142857142857 0.019047619047619046 0.02142857142857143
3 0.8676190476190475 0.5160714285714286 0.1276190476190476 0.03357142857142857
8 0.6538095238095237 0.47535714285714287 0.02 0.02214285714285714