7 0.8096446700507615 0.2082142857142857 0.03299492385786802 0.019285714285714285
7 0.9263959390862944 0.28857142857142853 0.03807106598984771 0.014285714285714285
7 0.9124365482233502 0.12607142857142856 0.03553299492385787 0.017857142857142856
7 0.6224619289340101 0.5296428571428571 0.0317258883248731 0.024999999999999998
7 0.6522842639593909 0.22499999999999998 0.030456852791878174 0.017142857142857144
7 0.5666243654822335 0.23357142857142854 0.0317258883248731 0.024285714285714282
7 0.39657360406091374 0.26999999999999996 0.044416243654822336 0.012857142857142857
7 0.3350253807106599 0.2596428571428572 0.03299492385786802 0.020714285714285713
7 0.4727157360406091 0.215 0.03426395939086294 0.018571428571428572
7 0.6440355329949239 0.16107142857142856 0.044416243654822336 0.016428571428571428
7 0.6618020304568528 0.17785714285714285 0.02918781725888325 0.017142857142857144
7 0.7588832487309645 0.0757142857142857 0.03807106598984771 0.027142857142857142
7 0.8071065989847717 0.11642857142857142 0.030456852791878174 0.014285714285714285
7 0.7982233502538072 0.145 0.027918781725888325 0.02142857142857143
7 0.9390862944162437 0.038214285714285715 0.03299492385786802 0.020714285714285713
7 0.35406091370558374 0.2114285714285714 0.04060913705583756 0.01
7 0.24111675126903553 0.3628571428571429 0.05583756345177665 0.02
7 0.17449238578680204 0.3435714285714286 0.04695431472081218 0.012857142857142857
7 0.108502538071066 0.3439285714285714 0.06472081218274112 0.015000000000000001
7 0.2233502538071066 0.31035714285714283 0.053299492385786795 0.013571428571428571
7 0.3953045685279188 0.23392857142857143 0.0317258883248731 0.010714285714285714
7 0.4403553299492386 0.23964285714285713 0.0634517766497462 0.020714285714285713
7 0.7030456852791879 0.17357142857142854 0.027918781725888325 0.018571428571428572
7 0.7189086294416244 0.17535714285714285 0.03680203045685279 0.019285714285714285
7 0.6065989847715736 0.20285714285714285 0.02538071065989848 0.017142857142857144
7 0.623730964467005 0.19821428571428573 0.03680203045685279 0.012142857142857141
7 0.17576142131979697 0.3167857142857143 0.03934010152284264 0.015000000000000001