3 0.4366666666666666 0.5128571428571429 0.04666666666666666 0.045714285714285714
3 0.7371428571428571 0.2717857142857143 0.022857142857142857 0.016428571428571428
3 0.8719047619047618 0.30357142857142855 0.023809523809523805 0.024285714285714285
3 0.9910714285714286 0.31 0.017857142857142856 0.014285714285714285
11 0.7976190476190476 0.1982142857142857 0.01238095238095238 0.013571428571428571
3 0.7466666666666666 0.12142857142857143 0.007619047619047619 0.007142857142857143
3 0.7223809523809523 0.09464285714285714 0.006666666666666666 0.005
10 0.7695238095238095 0.12892857142857142 0.019047619047619046 0.016428571428571428
10 0.5485714285714286 0.38285714285714284 0.05333333333333333 0.041428571428571426
6 0.5909523809523809 0.20464285714285715 0.039047619047619046 0.035
2 0.8233333333333333 0.21571428571428572 0.027619047619047616 0.032857142857142856
11 0.889047619047619 0.11285714285714285 0.014285714285714285 0.005714285714285714
3 0.8604761904761904 0.10535714285714286 0.018095238095238095 0.0064285714285714285
3 0.83 0.11642857142857142 0.018095238095238095 0.005714285714285714
11 0.8238095238095238 0.11178571428571428 0.011428571428571429 0.0064285714285714285
10 0.8104761904761904 0.09142857142857143 0.017142857142857144 0.005714285714285714
3 0.8476190476190475 0.09035714285714286 0.007619047619047619 0.005
3 0.8376190476190475 0.09142857142857143 0.008571428571428572 0.005714285714285714
8 0.879047619047619 0.24607142857142858 0.0038095238095238095 0.005
1 0.8785714285714286 0.24928571428571428 0.0047619047619047615 0.007142857142857143
3 0.1719047619047619 0.19321428571428573 0.02952380952380952 0.007857142857142858
11 0.1795238095238095 0.18821428571428572 0.027619047619047616 0.009285714285714286
4 0.7919047619047618 0.13464285714285715 0.0047619047619047615 0.0064285714285714285
4 0.759047619047619 0.10642857142857143 0.007619047619047619 0.007142857142857143
10 0.7014285714285714 0.061785714285714284 0.006666666666666666 0.0064285714285714285
11 0.6952380952380952 0.055714285714285716 0.0038095238095238095 0.004285714285714286
4 0.699047619047619 0.04178571428571429 0.02476190476190476 0.019285714285714285
4 0.7138095238095238 0.0175 0.02952380952380952 0.019285714285714285
3 0.869047619047619 0.06607142857142857 0.01238095238095238 0.0035714285714285713
6 0.8561904761904761 0.11607142857142858 0.011428571428571429 0.010714285714285714
11 0.6071428571428571 0.145 0.010476190476190476 0.008571428571428572
1 0.5128571428571429 0.06785714285714285 0.025714285714285714 0.008571428571428572