2 0.8420050761421319 0.11857142857142856 0.20939086294416245 0.05142857142857143
3 0.7487309644670052 0.02142857142857143 0.02284263959390863 0.012857142857142857
3 0.9917857142857143 0.07423857868020305 0.016428571428571428 0.02030456852791878
7 0.3559644670050761 0.11178571428571428 0.011421319796954314 0.015000000000000001
7 0.3718274111675127 0.09357142857142856 0.01015228426395939 0.014285714285714285
7 0.3946700507614213 0.09428571428571429 0.01269035532994924 0.014285714285714285
7 0.4473350253807107 0.07035714285714285 0.011421319796954314 0.013571428571428571
7 0.4866751269035533 0.065 0.008883248730964468 0.014285714285714285
7 0.4866751269035533 0.06178571428571428 0.008883248730964468 0.015000000000000001
7 0.5050761421319797 0.06107142857142857 0.01015228426395939 0.016428571428571428
7 0.49555837563451777 0.06535714285714285 0.008883248730964468 0.013571428571428571
7 0.4961928934010152 0.06964285714285715 0.01015228426395939 0.012142857142857141
7 0.4841370558375634 0.07857142857142857 0.011421319796954314 0.012857142857142857
7 0.5088832487309645 0.08892857142857143 0.01269035532994924 0.015000000000000001
7 0.54251269035533 0.09428571428571429 0.008883248730964468 0.015714285714285715
7 0.40355329949238583 0.09607142857142857 0.01269035532994924 0.013571428571428571
7 0.40545685279187815 0.10535714285714286 0.013959390862944163 0.015000000000000001
7 0.4130710659898477 0.09714285714285713 0.011421319796954314 0.014285714285714285
7 0.4168781725888325 0.09 0.008883248730964468 0.012857142857142857
7 0.4238578680203046 0.11142857142857143 0.01269035532994924 0.015714285714285715
7 0.4238578680203046 0.10785714285714286 0.01269035532994924 0.012857142857142857
7 0.4282994923857868 0.10535714285714286 0.013959390862944163 0.013571428571428571
7 0.4447969543147208 0.10285714285714286 0.013959390862944163 0.012857142857142857
7 0.4403553299492386 0.10607142857142857 0.01269035532994924 0.013571428571428571
7 0.47842639593908626 0.105 0.01015228426395939 0.014285714285714285
7 0.4968274111675127 0.10535714285714286 0.008883248730964468 0.015000000000000001
7 0.5374365482233502 0.11249999999999999 0.011421319796954314 0.016428571428571428
7 0.5628172588832487 0.08964285714285714 0.011421319796954314 0.016428571428571428
7 0.54251269035533 0.08678571428571427 0.008883248730964468 0.012142857142857141
7 0.550761421319797 0.09214285714285714 0.01015228426395939 0.012857142857142857
7 0.5729695431472082 0.09142857142857143 0.008883248730964468 0.012857142857142857
7 0.6364213197969543 0.08964285714285714 0.008883248730964468 0.015000000000000001
7 0.6402284263959391 0.08857142857142856 0.011421319796954314 0.012857142857142857
7 0.6472081218274112 0.08892857142857143 0.01015228426395939 0.013571428571428571
7 0.66751269035533 0.08964285714285714 0.01015228426395939 0.015000000000000001
7 0.6916243654822335 0.09178571428571429 0.007614213197969543 0.015000000000000001
7 0.6928934010152283 0.09321428571428571 0.01015228426395939 0.012142857142857141
7 0.6935279187817259 0.0975 0.008883248730964468 0.016428571428571428
7 0.6713197969543148 0.10392857142857141 0.01015228426395939 0.012142857142857141
7 0.6725888324873097 0.10357142857142856 0.01015228426395939 0.012857142857142857
7 0.5881979695431472 0.1075 0.011421319796954314 0.015000000000000001
7 0.5932741116751269 0.11428571428571428 0.011421319796954314 0.014285714285714285
7 0.5812182741116751 0.11642857142857142 0.01015228426395939 0.017142857142857144
7 0.5729695431472082 0.11714285714285715 0.008883248730964468 0.014285714285714285
7 0.5526649746192893 0.10892857142857143 0.013959390862944163 0.017857142857142856
7 0.5647208121827411 0.10178571428571428 0.01269035532994924 0.013571428571428571
7 0.5666243654822335 0.10035714285714287 0.01649746192893401 0.013571428571428571
2 0.5158629441624366 0.12892857142857142 0.11040609137055836 0.027857142857142858
2 0.28236040609137053 0.13107142857142856 0.10786802030456853 0.029285714285714286
11 0.41243654822335024 0.145 0.08629441624365483 0.018571428571428572
7 0.5932741116751269 0.15285714285714286 0.011421319796954314 0.015714285714285715
7 0.4428934010152284 0.18928571428571428 0.02030456852791878 0.014285714285714285
7 0.4676395939086294 0.19142857142857142 0.01649746192893401 0.015714285714285715
7 0.5044416243654822 0.1871428571428571 0.011421319796954314 0.017142857142857144
7 0.5120558375634517 0.1882142857142857 0.011421319796954314 0.016428571428571428
7 0.5463197969543148 0.19 0.011421319796954314 0.017142857142857144
3 0.7531725888324874 0.2957142857142857 0.04695431472081218 0.04
3 0.8318527918781725 0.3503571428571428 0.049492385786802026 0.04928571428571429
11 0.8267766497461928 0.29392857142857143 0.04695431472081218 0.03785714285714285
7 0.4968274111675127 0.20964285714285713 0.013959390862944163 0.019285714285714285
7 0.5184010152284264 0.20714285714285713 0.011421319796954314 0.017142857142857144
7 0.5393401015228426 0.215 0.01269035532994924 0.017142857142857144
7 0.5177664974619289 0.22428571428571428 0.007614213197969543 0.014285714285714285
7 0.5266497461928934 0.2232142857142857 0.01015228426395939 0.010714285714285714
7 0.5285532994923858 0.2214285714285714 0.011421319796954314 0.012857142857142857
7 0.5678934010152283 0.22999999999999998 0.011421319796954314 0.015714285714285715
8 0.5945431472081218 0.2082142857142857 0.011421319796954314 0.013571428571428571
8 0.5805837563451777 0.26428571428571423 0.01649746192893401 0.014285714285714285
7 0.5856598984771574 0.22607142857142856 0.013959390862944163 0.017857142857142856
7 0.5875634517766498 0.22071428571428572 0.01269035532994924 0.018571428571428572
7 0.6034263959390863 0.2232142857142857 0.011421319796954314 0.016428571428571428
7 0.6173857868020304 0.215 0.011421319796954314 0.017142857142857144
7 0.6205583756345178 0.21678571428571428 0.01269035532994924 0.019285714285714285
7 0.633248730964467 0.22035714285714286 0.01015228426395939 0.019285714285714285
7 0.6611675126903553 0.23714285714285713 0.01269035532994924 0.015714285714285715
7 0.6230964467005077 0.2525 0.015228426395939087 0.016428571428571428
7 0.5970812182741116 0.2521428571428571 0.011421319796954314 0.02
7 0.5463197969543148 0.2617857142857143 0.013959390862944163 0.019285714285714285
7 0.19098984771573604 0.5010714285714286 0.024111675126903553 0.026428571428571426
7 0.20685279187817257 0.4957142857142857 0.027918781725888325 0.02142857142857143
7 0.2684010152284264 0.4707142857142857 0.026649746192893398 0.024285714285714282
7 0.19923857868020303 0.5546428571428571 0.027918781725888325 0.013571428571428571
7 0.22779187817258884 0.5503571428571429 0.024111675126903553 0.02214285714285714
7 0.23477157360406092 0.5189285714285714 0.027918781725888325 0.027857142857142858
7 0.2430203045685279 0.5317857142857143 0.021573604060913708 0.02214285714285714
7 0.24492385786802032 0.5171428571428571 0.02030456852791878 0.027142857142857142
7 0.2703045685279188 0.5078571428571429 0.017766497461928935 0.024285714285714282
7 0.2868020304568528 0.45428571428571424 0.02030456852791878 0.027142857142857142
7 0.30774111675126903 0.45749999999999996 0.01649746192893401 0.02214285714285714
7 0.3153553299492386 0.4471428571428571 0.01649746192893401 0.024285714285714282
7 0.3343908629441624 0.42071428571428565 0.019035532994923856 0.022857142857142857
7 0.31916243654822335 0.42142857142857143 0.024111675126903553 0.024285714285714282
7 0.3432741116751269 0.40035714285714286 0.019035532994923856 0.02214285714285714
7 0.3565989847715736 0.40750000000000003 0.02030456852791878 0.023571428571428573
7 0.3604060913705584 0.36714285714285716 0.02030456852791878 0.02
7 0.416243654822335 0.36678571428571427 0.02030456852791878 0.02214285714285714
7 0.3902284263959391 0.34964285714285714 0.01649746192893401 0.020714285714285713
7 0.3616751269035533 0.3453571428571428 0.015228426395939087 0.017857142857142856
7 0.3730964467005076 0.3453571428571428 0.017766497461928935 0.019285714285714285
7 0.4149746192893401 0.32999999999999996 0.015228426395939087 0.022857142857142857
7 0.37753807106598986 0.33571428571428574 0.01649746192893401 0.02142857142857143
7 0.3946700507614213 0.3360714285714285 0.02030456852791878 0.02214285714285714
7 0.3635786802030457 0.32928571428571424 0.01649746192893401 0.02
7 0.34581218274111675 0.30642857142857144 0.01649746192893401 0.027142857142857142
7 0.3604060913705584 0.3189285714285714 0.015228426395939087 0.023571428571428573
7 0.375 0.31571428571428567 0.019035532994923856 0.02
7 0.38642131979695427 0.31357142857142856 0.019035532994923856 0.02142857142857143
7 0.4010152284263959 0.31392857142857145 0.02284263959390863 0.023571428571428573
7 0.3565989847715736 0.295 0.02284263959390863 0.022857142857142857
6 0.43083756345177665 0.3121428571428571 0.024111675126903553 0.018571428571428572
7 0.44860406091370564 0.25 0.019035532994923856 0.02
7 0.4397208121827411 0.25071428571428567 0.011421319796954314 0.014285714285714285
7 0.3991116751269036 0.2767857142857143 0.021573604060913708 0.02214285714285714
7 0.4321065989847716 0.27785714285714286 0.021573604060913708 0.02
7 0.440989847715736 0.27178571428571424 0.01649746192893401 0.016428571428571428
7 0.45431472081218277 0.27071428571428574 0.01269035532994924 0.018571428571428572
7 0.4739847715736041 0.26857142857142857 0.019035532994923856 0.02142857142857143
7 0.4873096446700508 0.26821428571428574 0.015228426395939087 0.017857142857142856
7 0.4232233502538071 0.29178571428571426 0.019035532994923856 0.020714285714285713
7 0.42449238578680204 0.29642857142857143 0.013959390862944163 0.02
7 0.43845177664974616 0.30142857142857143 0.01649746192893401 0.017142857142857144
7 0.45431472081218277 0.29357142857142854 0.02030456852791878 0.018571428571428572
7 0.4619289340101523 0.2957142857142857 0.015228426395939087 0.018571428571428572
7 0.47017766497461927 0.29285714285714287 0.019035532994923856 0.018571428571428572
7 0.49428934010152287 0.2867857142857143 0.01649746192893401 0.017857142857142856