3 0.4613778705636743 0.0037105751391465678 0.027139874739039668 0.0074211502782931356
3 0.5343228200371057 0.014352818371607517 0.02411873840445269 0.014091858037578288
3 0.4656771799628942 0.019832985386221295 0.027829313543599257 0.015657620041753657
3 0.511595547309833 0.04149269311064718 0.03061224489795918 0.016179540709812108
3 0.5487012987012986 0.03470772442588727 0.028756957328385898 0.014091858037578288
3 0.5732838589981447 0.0482776617954071 0.03339517625231911 0.01722338204592902
3 0.6089981447124303 0.08689979123173278 0.04545454545454545 0.021398747390396662
3 0.5913729128014842 0.14431106471816285 0.04545454545454545 0.023486430062630483
3 0.6600185528756957 0.13491649269311065 0.04359925788497217 0.0255741127348643
3 0.7022263450834879 0.0785490605427975 0.04081632653061224 0.01722338204592902
7 0.5162337662337663 0.014091858037578288 0.006493506493506493 0.008350730688935283
3 0.5732838589981447 0.010438413361169102 0.03339517625231911 0.009394572025052193
5 0.7639146567717996 0.07724425887265136 0.034322820037105746 0.010438413361169102
7 0.764378478664193 0.06941544885177454 0.007421150278293135 0.007306889352818372
7 0.7824675324675324 0.07228601252609605 0.006493506493506493 0.007828810020876828
3 0.8265306122448979 0.17927974947807934 0.05380333951762523 0.027661795407098125
3 0.7894248608534322 0.1617954070981211 0.04638218923933209 0.02192066805845512
3 0.9864300626304802 0.33534322820037105 0.027139874739039668 0.04452690166975881
11 0.8993506493506493 0.2982776617954071 0.07699443413729128 0.04123173277661796