3 0.5635435992578849 0.43971816283924847 0.06957328385899814 0.052713987473903975
3 0.7328385899814471 0.4073590814196243 0.07050092764378478 0.04749478079331942
3 0.6999072356215212 0.3671711899791232 0.06586270871985157 0.04018789144050105
3 0.9846033402922756 0.28617810760667906 0.030793319415448852 0.029684601113172542
3 0.9281076066790351 0.28810020876826725 0.05102040816326531 0.028183716075156576
3 0.8710575139146567 0.2857515657620042 0.06122448979591836 0.029749478079331943
11 0.8214285714285713 0.28053235908141966 0.0732838589981447 0.0255741127348643
3 0.7787569573283859 0.27609603340292277 0.07513914656771799 0.027139874739039668
3 0.7286641929499071 0.27113778705636743 0.07884972170686455 0.030793319415448855
3 0.699443413729128 0.26148225469728603 0.06307977736549165 0.02505219206680585
11 0.6168831168831168 0.23434237995824636 0.055658627087198514 0.028183716075156576
3 0.4114100185528757 0.2601774530271399 0.08998144712430427 0.03288100208768267
3 0.4206864564007421 0.24504175365344472 0.0844155844155844 0.018267223382045932
3 0.588126159554731 0.22781837160751567 0.06493506493506493 0.024530271398747392
3 0.5700371057513914 0.21424843423799586 0.06586270871985157 0.0255741127348643
3 0.5644712430426715 0.19989561586638832 0.062152133580705 0.020876826722338204
3 0.5524118738404452 0.18475991649269313 0.04916512059369202 0.02192066805845512
3 0.39100185528756953 0.22781837160751567 0.07699443413729128 0.01722338204592902
3 0.39100185528756953 0.2147703549060543 0.06771799628942485 0.0151356993736952
3 0.38775510204081626 0.19650313152400836 0.07421150278293134 0.01722338204592902
3 0.37012987012987014 0.15448851774530273 0.057513914656771796 0.014613778705636744
3 0.3589981447124304 0.13465553235908143 0.057513914656771796 0.018789144050104387
3 0.47263450834879406 0.12656576200417538 0.05844155844155843 0.014091858037578288
3 0.5306122448979592 0.1769311064718163 0.055658627087198514 0.02505219206680585
3 0.49860853432282004 0.1701461377870564 0.05844155844155843 0.017745302713987474
3 0.48886827458256027 0.15866388308977036 0.06122448979591836 0.015657620041753657
11 0.48933209647495357 0.10203549060542799 0.04545454545454545 0.016179540709812108
7 0.42439703153988867 0.15553235908141963 0.01020408163265306 0.011482254697286014
5 0.5190166975881261 0.14065762004175367 0.01948051948051948 0.007828810020876828
5 0.49489795918367346 0.14692066805845513 0.02133580705009276 0.009916492693110648
7 0.3687384044526901 0.17484342379958248 0.008348794063079777 0.012526096033402925
1 0.3576066790352504 0.1766701461377871 0.023191094619666047 0.006784968684759917
3 0.34276437847866414 0.177713987473904 0.006493506493506493 0.008872651356993737
4 0.47680890538033394 0.13465553235908143 0.02968460111317254 0.014613778705636744
4 0.5412801484230055 0.14170146137787057 0.017625231910946195 0.01096033402922756
3 0.36410018552875695 0.1218684759916493 0.05287569573283859 0.01096033402922756
7 0.9243970315398886 0.32332985386221297 0.012059369202226345 0.0151356993736952
10 0.15027829313543598 0.029749478079331943 0.03525046382189239 0.03966597077244259
3 0.20408163265306123 0.012526096033402925 0.02040816326530612 0.010438413361169102
11 0.2792207792207792 0.014352818371607517 0.03153988868274583 0.009916492693110648
3 0.24628942486085342 0.006784968684759917 0.01948051948051948 0.0062630480167014625
11 0.21892393320964748 0.39979123173277664 0.04267161410018552 0.03757828810020877