3 0.12523809523809523 0.43607142857142855 0.014285714285714285 0.005
3 0.12047619047619047 0.4357142857142857 0.014285714285714285 0.004285714285714286
3 0.10571428571428572 0.435 0.009523809523809523 0.004285714285714286
7 0.13428571428571429 0.435 0.0038095238095238095 0.005714285714285714
7 0.10666666666666666 0.4467857142857143 0.0038095238095238095 0.0064285714285714285
3 0.02238095238095238 0.4475 0.014285714285714285 0.005
3 0.18571428571428572 0.6921428571428572 0.019047619047619046 0.011428571428571429
3 0.11285714285714285 0.7221428571428572 0.01238095238095238 0.012857142857142857
3 0.19952380952380952 0.7003571428571429 0.01619047619047619 0.012142857142857143
3 0.2180952380952381 0.7389285714285714 0.02095238095238095 0.013571428571428571
3 0.19952380952380952 0.7428571428571429 0.02 0.011428571428571429
3 0.32619047619047614 0.7464285714285714 0.027619047619047616 0.005714285714285714
11 0.379047619047619 0.7403571428571428 0.02857142857142857 0.013571428571428571
3 0.4209523809523809 0.7332142857142857 0.02857142857142857 0.009285714285714286
3 0.309047619047619 0.7307142857142858 0.025714285714285714 0.01
3 0.38047619047619047 0.43142857142857144 0.01619047619047619 0.007142857142857143
3 0.36761904761904757 0.43857142857142856 0.009523809523809523 0.008571428571428572
4 0.40380952380952373 0.44035714285714284 0.02476190476190476 0.020714285714285713
3 0.4633333333333333 0.3425 0.008571428571428572 0.005
3 0.48 0.3432142857142857 0.007619047619047619 0.005
3 0.42666666666666664 0.4025 0.007619047619047619 0.007857142857142858
3 0.39571428571428574 0.41964285714285715 0.010476190476190476 0.005
3 0.4509523809523809 0.4585714285714286 0.01619047619047619 0.007142857142857143
2 0.5285714285714286 0.45357142857142857 0.03428571428571429 0.008571428571428572
3 0.5757142857142857 0.6385714285714286 0.018095238095238095 0.01
3 0.46285714285714286 0.7321428571428571 0.030476190476190476 0.011428571428571429
3 0.48952380952380947 0.7232142857142857 0.02476190476190476 0.012142857142857143
3 0.5304761904761904 0.7160714285714286 0.02476190476190476 0.010714285714285714
3 0.5719047619047619 0.7107142857142857 0.03333333333333333 0.012857142857142857
3 0.5861904761904762 0.6903571428571429 0.018095238095238095 0.009285714285714286
3 0.6157142857142858 0.7028571428571428 0.02952380952380952 0.012857142857142857
3 0.6733333333333333 0.6925 0.030476190476190476 0.010714285714285714
3 0.7109523809523809 0.6867857142857143 0.027619047619047616 0.009285714285714286
3 0.7523809523809524 0.6814285714285714 0.030476190476190476 0.011428571428571429
3 0.6114285714285714 0.6389285714285714 0.017142857142857144 0.010714285714285714
3 0.698095238095238 0.7167857142857142 0.02857142857142857 0.009285714285714286
3 0.7057142857142857 0.5407142857142857 0.009523809523809523 0.008571428571428572
3 0.6728571428571428 0.45964285714285713 0.018095238095238095 0.0064285714285714285
3 0.7833333333333332 0.3467857142857143 0.008571428571428572 0.0064285714285714285
3 0.7757142857142857 0.36142857142857143 0.006666666666666666 0.005714285714285714
3 0.7628571428571429 0.4567857142857143 0.015238095238095238 0.009285714285714286
3 0.8404761904761904 0.4614285714285714 0.014285714285714285 0.007142857142857143
3 0.7852380952380952 0.6746428571428571 0.03142857142857143 0.012142857142857143
3 0.8123809523809523 0.6707142857142857 0.026666666666666665 0.012857142857142857
3 0.8490476190476189 0.7010714285714286 0.02952380952380952 0.013571428571428571
3 0.9147619047619047 0.6896428571428571 0.03333333333333333 0.009285714285714286
3 0.8952380952380952 0.6578571428571428 0.02476190476190476 0.011428571428571429
3 0.8419047619047618 0.6653571428571429 0.022857142857142857 0.010714285714285714
3 0.8509523809523809 0.6810714285714285 0.02952380952380952 0.009285714285714286
3 0.8719047619047618 0.6628571428571428 0.021904761904761903 0.008571428571428572
3 0.7361904761904761 0.6921428571428572 0.022857142857142857 0.008571428571428572
3 0.7319047619047618 0.7117857142857142 0.021904761904761903 0.009285714285714286
3 0.966190476190476 0.5460714285714285 0.010476190476190476 0.007857142857142858
3 0.9889285714285714 0.6423809523809524 0.02214285714285714 0.011428571428571429
7 0.9704761904761904 0.6803571428571429 0.0038095238095238095 0.0064285714285714285
7 0.9757142857142858 0.6807142857142857 0.0047619047619047615 0.008571428571428572
7 0.9842857142857143 0.68 0.002857142857142857 0.005714285714285714
7 0.9923809523809524 0.6864285714285714 0.0038095238095238095 0.007142857142857143
7 0.9852380952380951 0.6871428571428572 0.002857142857142857 0.007142857142857143
7 0.9885714285714285 0.6878571428571428 0.0038095238095238095 0.005714285714285714
7 0.9461904761904761 0.6760714285714285 0.002857142857142857 0.005
3 0.9419047619047618 0.6835714285714286 0.02857142857142857 0.01
3 0.9523809523809523 0.6867857142857143 0.026666666666666665 0.009285714285714286
3 0.9633333333333333 0.6896428571428571 0.027619047619047616 0.009285714285714286
3 0.976190476190476 0.6942857142857143 0.02857142857142857 0.01
3 0.9861904761904761 0.6989285714285715 0.025714285714285714 0.009285714285714286
3 0.9889285714285714 0.7028571428571428 0.02214285714285714 0.008571428571428572
3 0.9128571428571428 0.6360714285714286 0.02 0.009285714285714286
7 0.9766666666666666 0.7371428571428571 0.006666666666666666 0.005714285714285714
7 0.9876190476190475 0.7389285714285714 0.0038095238095238095 0.007857142857142858
7 0.9985714285714286 0.7417857142857143 0.002857142857142857 0.0064285714285714285
8 0.9942857142857143 0.7428571428571429 0.0038095238095238095 0.004285714285714286
7 0.9595238095238094 0.4617857142857143 0.002857142857142857 0.005
7 0.9252380952380952 0.6514285714285715 0.002857142857142857 0.005714285714285714