7 0.48433333333333334 0.50825 0.022 0.0355
7 0.499 0.487 0.028666666666666663 0.035
3 0.9163333333333332 0.6665 0.16066666666666665 0.166
3 0.5553333333333332 0.69975 0.128 0.0995
3 0.4103333333333333 0.68175 0.182 0.1355
3 0.8956666666666666 0.50475 0.08333333333333333 0.1045
11 0.8936666666666666 0.41175 0.054 0.0615
3 0.6573333333333332 0.3875 0.06933333333333333 0.074
11 0.8883333333333333 0.334 0.062 0.081
3 0.879 0.28 0.054 0.045
3 0.7273333333333333 0.2615 0.044 0.046
3 0.876 0.238 0.042666666666666665 0.036
3 0.873 0.20225 0.03666666666666667 0.0305
3 0.8673333333333333 0.1755 0.034666666666666665 0.028
3 0.868 0.15275 0.032 0.0255
3 0.868 0.13525 0.026666666666666665 0.0195
3 0.7376666666666666 0.22075 0.04066666666666666 0.0395
3 0.751 0.18975 0.04066666666666666 0.0335
11 0.7576666666666666 0.1585 0.03266666666666666 0.031
11 0.7626666666666666 0.142 0.025333333333333333 0.02
3 0.7736666666666666 0.1265 0.03 0.029
3 0.7776666666666666 0.1135 0.02333333333333333 0.019
3 0.7793333333333332 0.1 0.021333333333333333 0.015
3 0.866 0.10875 0.022666666666666665 0.0195
7 0.8976666666666666 0.13675 0.008666666666666666 0.0185
3 0.8606666666666666 0.0865 0.02 0.017
3 0.8546666666666666 0.069 0.033333333333333326 0.013
3 0.7593333333333333 0.077 0.04666666666666666 0.018
11 0.656 0.09525 0.052 0.0215
3 0.58 0.15925 0.08 0.0245
3 0.9036666666666666 0.05625 0.03933333333333333 0.0135
3 0.997 0.035666666666666666 0.006 0.009333333333333334
3 0.9856666666666666 0.02875 0.024666666666666663 0.0085
11 0.99 0.051333333333333335 0.02 0.014666666666666666
7 0.287 0.49125 0.03666666666666667 0.0325
7 0.3396666666666666 0.48125 0.04333333333333333 0.0355
7 0.48366666666666663 0.32375 0.018 0.0355
7 0.5576666666666666 0.32725 0.012666666666666666 0.0295
7 0.5576666666666666 0.32275 0.014 0.0145
7 0.678 0.1955 0.014666666666666666 0.023
7 0.6783333333333332 0.22875 0.012666666666666666 0.0265
7 0.6903333333333332 0.23375 0.012666666666666666 0.0165
7 0.424 0.242 0.014666666666666666 0.026
7 0.433 0.2385 0.015333333333333332 0.026
7 0.36566666666666664 0.221 0.016666666666666663 0.026
7 0.365 0.174 0.016666666666666663 0.022
11 0.3183333333333333 0.25825 0.08866666666666666 0.0435
1 0.334 0.16725 0.021333333333333333 0.0145
7 0.074 0.4185 0.034666666666666665 0.028
7 0.09 0.39675 0.041333333333333326 0.0375
5 0.799 0.429 0.034 0.047
8 0.799 0.4225 0.03266666666666666 0.025
8 0.8023333333333332 0.43325 0.04066666666666666 0.0385