7 0.2376190476190476 0.5114285714285715 0.052380952380952375 0.05285714285714286
7 0.07238095238095238 0.5410714285714285 0.08952380952380952 0.05357142857142857
7 0.5857142857142857 0.5725 0.04952380952380952 0.039285714285714285
7 0.5628571428571428 0.43785714285714283 0.06476190476190476 0.054285714285714284
7 0.38190476190476186 0.42 0.03619047619047619 0.05285714285714286
7 0.27 0.44357142857142856 0.08095238095238094 0.04285714285714286
7 0.16714285714285715 0.42892857142857144 0.07523809523809523 0.05785714285714286
7 0.31047619047619046 0.32392857142857145 0.05142857142857143 0.05357142857142857
7 0.39476190476190476 0.32357142857142857 0.039047619047619046 0.05142857142857143
7 0.44904761904761903 0.2571428571428571 0.02952380952380952 0.05714285714285714
7 0.6195238095238095 0.3435714285714286 0.04666666666666666 0.047142857142857146
7 0.6219047619047618 0.2864285714285714 0.03238095238095238 0.041428571428571426
7 0.6285714285714286 0.20642857142857143 0.022857142857142857 0.04
7 0.4852380952380952 0.22642857142857142 0.037142857142857144 0.03571428571428571
7 0.42428571428571427 0.195 0.023809523809523805 0.04285714285714286
7 0.26666666666666666 0.2332142857142857 0.06095238095238095 0.039285714285714285
7 0.17761904761904762 0.18714285714285714 0.039047619047619046 0.04857142857142857
7 0.10857142857142857 0.24071428571428571 0.043809523809523805 0.05
7 0.14666666666666664 0.28464285714285714 0.04952380952380952 0.04928571428571429
7 0.06095238095238095 0.31857142857142856 0.04952380952380952 0.05714285714285714
7 0.1019047619047619 0.6264285714285714 0.07619047619047618 0.04857142857142857
7 0.2914285714285714 0.2892857142857143 0.04952380952380952 0.04285714285714286
8 0.24095238095238095 0.1575 0.02476190476190476 0.04071428571428572
8 0.2652380952380952 0.16142857142857142 0.03333333333333333 0.03571428571428571
1 0.15857142857142856 0.15642857142857142 0.07523809523809523 0.03
1 0.4152380952380952 0.15178571428571427 0.022857142857142857 0.03642857142857143
1 0.5033333333333333 0.15642857142857142 0.03333333333333333 0.03857142857142857
1 0.5195238095238095 0.14142857142857143 0.023809523809523805 0.04
1 0.6185714285714285 0.15678571428571428 0.052380952380952375 0.04357142857142857
1 0.7414285714285714 0.15464285714285714 0.023809523809523805 0.03785714285714286
7 0.6785714285714286 0.0375 0.025714285714285714 0.03785714285714286
7 0.7395238095238095 0.025714285714285714 0.021904761904761903 0.041428571428571426
7 0.7125 0.014285714285714285 0.022857142857142857 0.02857142857142857
7 0.6403571428571428 0.017142857142857144 0.023571428571428573 0.03428571428571429
7 0.8857142857142857 0.053214285714285714 0.022857142857142857 0.055
7 0.9466666666666667 0.030357142857142857 0.019047619047619046 0.047857142857142855
7 0.9042857142857142 0.012380952380952381 0.02214285714285714 0.024761904761904763
1 0.7085714285714285 0.675 0.11619047619047618 0.04428571428571428
1 0.5514285714285714 0.695 0.11809523809523809 0.037142857142857144
8 0.47380952380952374 0.6417857142857143 0.039047619047619046 0.04214285714285714
1 0.047142857142857146 0.7309523809523809 0.09428571428571429 0.03619047619047619
1 0.04857142857142857 0.690952380952381 0.09714285714285714 0.02666666666666667
7 0.7576190476190475 0.5217857142857143 0.037142857142857144 0.05785714285714286
8 0.7404761904761904 0.3242857142857143 0.04857142857142857 0.03857142857142857