3 0.346 0.67425 0.04 0.0315
3 0.43266666666666664 0.587 0.04 0.037
3 0.5606666666666666 0.548 0.033333333333333326 0.032
3 0.6333333333333333 0.524 0.036 0.029
3 0.7373333333333333 0.377 0.02 0.019
3 0.7833333333333332 0.32375 0.021333333333333333 0.0125
3 0.8456666666666667 0.30925 0.01933333333333333 0.0145
3 0.819 0.27625 0.016666666666666663 0.0115
3 0.7866666666666666 0.29875 0.017333333333333333 0.0115
3 0.875 0.3365 0.018 0.015
3 0.9126666666666666 0.236 0.010666666666666666 0.011
3 0.9283333333333332 0.25925 0.015333333333333332 0.0085
3 0.8943333333333332 0.1885 0.008666666666666666 0.009
3 0.9513333333333333 0.17075 0.006666666666666666 0.0065
3 0.9603333333333333 0.15825 0.007333333333333333 0.0045
3 0.8036666666666666 0.23975 0.014 0.0095
3 0.78 0.2615 0.012 0.01
3 0.789 0.2525 0.014 0.011
3 0.77 0.271 0.017333333333333333 0.01
3 0.755 0.28425 0.016666666666666663 0.0105
3 0.7426666666666666 0.29525 0.017333333333333333 0.0125
3 0.7226666666666667 0.31475 0.017333333333333333 0.0135
3 0.8993333333333332 0.38925 0.017333333333333333 0.0145
3 0.9073333333333332 0.37625 0.018666666666666665 0.0125
3 0.907 0.363 0.016666666666666663 0.013
3 0.9166666666666666 0.35225 0.024 0.0155
3 0.922 0.339 0.022666666666666665 0.014
3 0.9243333333333332 0.327 0.01933333333333333 0.009
3 0.9303333333333332 0.31775 0.018 0.0115
3 0.9336666666666666 0.3085 0.015333333333333332 0.012
7 0.9323333333333332 0.36775 0.01 0.0085
7 0.9493333333333333 0.3445 0.006666666666666666 0.01
7 0.913 0.4185 0.012666666666666666 0.011
7 0.864 0.66775 0.012 0.0145
7 0.8783333333333333 0.67575 0.011333333333333332 0.0155
7 0.9 0.6715 0.006666666666666666 0.014
7 0.853 0.69675 0.011333333333333332 0.0185
8 0.7716666666666666 0.63875 0.01 0.0105
1 0.7736666666666666 0.6475 0.011333333333333332 0.011
1 0.7213333333333333 0.734 0.017333333333333333 0.009
8 0.722 0.724 0.010666666666666666 0.01
3 0.388 0.62575 0.049333333333333326 0.0415
3 0.49266666666666664 0.53 0.036 0.03
3 0.6973333333333332 0.3375 0.017333333333333333 0.014
3 0.6843333333333332 0.35075 0.01933333333333333 0.0125
3 0.6676666666666666 0.36175 0.018 0.0135
3 0.6553333333333332 0.374 0.018666666666666665 0.015
7 0.5243333333333332 0.51225 0.012666666666666666 0.0135
3 0.8026666666666666 0.6325 0.033333333333333326 0.036
3 0.792 0.67525 0.034666666666666665 0.0395
3 0.7676666666666666 0.724 0.03 0.039
3 0.8593333333333333 0.55425 0.042666666666666665 0.0305
8 0.7906666666666666 0.51925 0.008 0.0145
8 0.892 0.36575 0.005333333333333333 0.0085
8 0.886 0.376 0.006666666666666666 0.008
8 0.8206666666666667 0.4755 0.005333333333333333 0.011
8 0.8783333333333333 0.39625 0.004666666666666666 0.0095
8 0.8706666666666666 0.408 0.006666666666666666 0.01
8 0.9043333333333332 0.43575 0.006 0.0105
8 0.8803333333333333 0.437 0.007333333333333333 0.012
8 0.855 0.4375 0.006 0.01
1 0.902 0.439 0.018666666666666665 0.006
1 0.8803333333333333 0.4375 0.018 0.008
1 0.8556666666666666 0.441 0.01 0.008
5 0.82 0.47875 0.021333333333333333 0.0075
5 0.871 0.4125 0.006 0.011
5 0.877 0.39775 0.007333333333333333 0.0095
5 0.8866666666666666 0.37875 0.009333333333333332 0.0085
5 0.893 0.3675 0.004666666666666666 0.009
5 0.6886666666666666 0.3655 0.006666666666666666 0.008
5 0.662 0.4175 0.009333333333333332 0.014
5 0.6043333333333333 0.447 0.01 0.01
5 0.6 0.423 0.006666666666666666 0.009
5 0.635 0.3985 0.007333333333333333 0.009
8 0.6343333333333333 0.391 0.006 0.008
8 0.6356666666666666 0.39525 0.004666666666666666 0.0075
8 0.6006666666666667 0.41825 0.005333333333333333 0.0085
8 0.602 0.433 0.006666666666666666 0.01
8 0.605 0.444 0.006 0.01
8 0.661 0.41775 0.006 0.0095
8 0.6896666666666667 0.36125 0.006 0.0065
1 0.7366666666666666 0.316 0.005333333333333333 0.009
1 0.76 0.2935 0.005333333333333333 0.006
5 0.7736666666666666 0.28725 0.004666666666666666 0.0065
5 0.8213333333333332 0.23425 0.004 0.0055
1 0.8166666666666667 0.24125 0.005333333333333333 0.0055
1 0.7913333333333332 0.26375 0.005333333333333333 0.0065
7 0.751 0.27725 0.004666666666666666 0.0075
8 0.8216666666666667 0.2315 0.003333333333333333 0.005
8 0.8166666666666667 0.2385 0.004 0.006
8 0.791 0.26125 0.003333333333333333 0.0065
8 0.7736666666666666 0.28525 0.004666666666666666 0.0065
8 0.76 0.2905 0.004 0.007
8 0.7373333333333333 0.31325 0.004 0.0085
8 0.9046666666666666 0.3145 0.004 0.009
3 0.9513333333333333 0.2575 0.009333333333333332 0.008
3 0.946 0.27525 0.010666666666666666 0.0085
3 0.9436666666666667 0.28325 0.008666666666666666 0.0095
3 0.9403333333333332 0.29025 0.01 0.0095
3 0.98 0.19125 0.008 0.0075
3 0.9783333333333333 0.197 0.008666666666666666 0.006
3 0.9763333333333333 0.2035 0.008666666666666666 0.007
3 0.974 0.209 0.008 0.006
3 0.9706666666666667 0.218 0.008 0.007
3 0.967 0.223 0.008666666666666666 0.008
3 0.966 0.228 0.009333333333333332 0.009
3 0.9896666666666666 0.1695 0.01 0.007
3 0.9863333333333333 0.17725 0.007333333333333333 0.0055
3 0.985 0.18075 0.008666666666666666 0.0075
3 0.99975 0.13766666666666666 0.0005 0.007333333333333333
3 0.979 0.14175 0.007333333333333333 0.0055
3 0.9526666666666667 0.15175 0.008 0.0055
3 0.926 0.1535 0.006666666666666666 0.005
3 0.9223333333333332 0.1475 0.006 0.005
3 0.919 0.151 0.006 0.006
3 0.9343333333333332 0.14625 0.007333333333333333 0.0045
3 0.9933333333333333 0.10525 0.005333333333333333 0.0035
3 0.9863333333333333 0.10375 0.003333333333333333 0.0035
3 0.983 0.10925 0.006 0.0035
3 0.9816666666666666 0.09025 0.004666666666666666 0.0035
3 0.968 0.09825 0.004 0.0035
3 0.9763333333333333 0.0975 0.004666666666666666 0.004
3 0.9746666666666667 0.10275 0.005333333333333333 0.0035
3 0.9803333333333333 0.10025 0.004666666666666666 0.0035
3 0.961 0.1065 0.004666666666666666 0.004
3 0.954 0.1135 0.005333333333333333 0.004
3 0.9623333333333333 0.1125 0.004666666666666666 0.004
3 0.9493333333333333 0.11875 0.005333333333333333 0.0045
3 0.9583333333333333 0.119 0.004666666666666666 0.004
3 0.9533333333333333 0.12475 0.006666666666666666 0.0055
3 0.9403333333333332 0.1285 0.006 0.005
3 0.9433333333333332 0.1235 0.005333333333333333 0.004
3 0.9443333333333332 0.126 0.007333333333333333 0.005
3 0.9446666666666667 0.13275 0.005333333333333333 0.0045
3 0.9433333333333332 0.13525 0.006666666666666666 0.0055
3 0.941 0.13775 0.006 0.0045
3 0.9386666666666666 0.1405 0.006666666666666666 0.005
2 0.932 0.1355 0.010666666666666666 0.01
2 0.9563333333333333 0.14625 0.026 0.0125
2 0.906 0.16575 0.013333333333333332 0.0135
3 0.99925 0.091 0.0015 0.0033333333333333335
3 0.99875 0.094 0.0025 0.0033333333333333335
11 0.997 0.09725 0.004666666666666666 0.0035
3 0.9843333333333333 0.086 0.007333333333333333 0.003
4 0.995 0.07233333333333333 0.01 0.018666666666666668
3 0.9283333333333332 0.11725 0.006 0.0045
3 0.926 0.1205 0.005333333333333333 0.004
3 0.9236666666666666 0.125 0.006 0.005
3 0.949 0.10375 0.004666666666666666 0.0035
3 0.9413333333333332 0.11025 0.005333333333333333 0.0035
4 0.9456666666666667 0.1065 0.011333333333333332 0.013
2 0.8436666666666667 0.19925 0.01933333333333333 0.0165
3 0.835 0.20925 0.01 0.0075
3 0.8726666666666666 0.1745 0.008 0.006
3 0.8703333333333333 0.178 0.007333333333333333 0.006
3 0.8663333333333333 0.181 0.008666666666666666 0.006
3 0.8616666666666666 0.18575 0.008666666666666666 0.0055
3 0.858 0.18925 0.008 0.0055
3 0.8543333333333333 0.19275 0.007333333333333333 0.0065
3 0.8956666666666666 0.149 0.007333333333333333 0.005
3 0.8963333333333332 0.15325 0.007333333333333333 0.0055
3 0.894 0.1575 0.008 0.006
3 0.8883333333333333 0.15975 0.007333333333333333 0.0055
3 0.885 0.1635 0.008666666666666666 0.006
3 0.8826666666666666 0.16575 0.009333333333333332 0.0055
3 0.8783333333333333 0.17 0.008666666666666666 0.007
8 0.5776666666666667 0.4765 0.006 0.013
8 0.5706666666666667 0.4825 0.006666666666666666 0.011
8 0.5253333333333332 0.48825 0.006666666666666666 0.0105
1 0.526 0.493 0.012 0.014
1 0.581 0.481 0.011333333333333332 0.012
5 0.5726666666666667 0.48475 0.018666666666666665 0.0135
5 0.7883333333333332 0.523 0.01933333333333333 0.012
0 0.42766666666666664 0.676 0.026 0.031
7 0.989 0.3975 0.006 0.01
7 0.983 0.3975 0.004666666666666666 0.011