9 0.46753246753246747 0.5164405010438414 0.27829313543599254 0.09029227557411275
9 0.32699443413729123 0.4373695198329854 0.3181818181818182 0.1022964509394572
9 0.6080705009276437 0.416231732776618 0.14378478664192948 0.12056367432150315
7 0.724025974025974 0.355427974947808 0.05287569573283859 0.07724425887265136
8 0.598330241187384 0.22312108559498958 0.04267161410018552 0.037056367432150315
5 0.5946196660482373 0.2317327766179541 0.08719851576994433 0.027139874739039668
8 0.8371985157699442 0.22781837160751567 0.034322820037105746 0.03392484342379959
5 0.8427643784786641 0.23903966597077247 0.06029684601113172 0.0302713987473904
5 0.9619666048237476 0.1730167014613779 0.027829313543599257 0.020354906054279753
8 0.9615027829313543 0.1657098121085595 0.023191094619666047 0.020354906054279753
7 0.4591836734693877 0.19519832985386223 0.03339517625231911 0.02922755741127349
5 0.45361781076066787 0.20067849686847603 0.05009276437847866 0.01931106471816284
7 0.5366419294990723 0.17353862212943635 0.015769944341372914 0.0255741127348643
7 0.5533395176252319 0.1798016701461378 0.02133580705009276 0.028705636743215034
0 0.5667903525046382 0.16701461377870563 0.06307977736549165 0.03131524008350731
9 0.6247680890538032 0.15005219206680584 0.07513914656771799 0.024530271398747392
5 0.7128942486085342 0.16205636743215032 0.023191094619666047 0.01722338204592902
0 0.6808905380333952 0.16022964509394572 0.03710575139146567 0.02922755741127349
9 0.8153988868274582 0.19180584551148228 0.07606679035250463 0.04123173277661796
9 0.8692022263450835 0.1646659707724426 0.04638218923933209 0.030793319415448855
0 0.6614100185528756 0.11795407098121087 0.03153988868274583 0.016701461377870565
7 0.7152133580705008 0.12317327766179542 0.012987012987012986 0.010438413361169102
0 0.7272727272727272 0.1218684759916493 0.03153988868274583 0.01722338204592902
7 0.7996289424860854 0.12473903966597077 0.011131725417439703 0.014613778705636744
8 0.761595547309833 0.119258872651357 0.009276437847866418 0.009916492693110648
5 0.7606679035250463 0.12134655532359082 0.012987012987012986 0.006784968684759917
3 0.7699443413729128 0.1260438413361169 0.02968460111317254 0.0151356993736952
0 0.861317254174397 0.1218684759916493 0.023191094619666047 0.01722338204592902
0 0.887291280148423 0.12473903966597077 0.03617810760667903 0.017745302713987474
3 0.8831168831168831 0.12056367432150315 0.03339517625231911 0.015657620041753657
8 0.9243970315398886 0.15005219206680584 0.023191094619666047 0.016179540709812108
8 0.910482374768089 0.14639874739039666 0.008348794063079777 0.008872651356993737
8 0.9179035250463822 0.14405010438413363 0.015769944341372914 0.014613778705636744
7 0.9318181818181818 0.1448329853862213 0.012059369202226345 0.01931106471816284
7 0.9401669758812615 0.14744258872651358 0.008348794063079777 0.01722338204592902
8 0.9332096474953617 0.13909185803757831 0.007421150278293135 0.007828810020876828
7 0.9332096474953617 0.1388308977035491 0.011131725417439703 0.014613778705636744
0 0.9887787056367432 0.1525974025974026 0.02244258872651357 0.02504638218923933
9 0.9911273486430062 0.16001855287569575 0.017745302713987474 0.017625231910946195
3 0.758812615955473 0.10516701461377871 0.03339517625231911 0.009916492693110648
3 0.800556586270872 0.10073068893528184 0.018552875695732836 0.009394572025052193
3 0.8181818181818181 0.09629436325678498 0.02040816326530612 0.006784968684759917
3 0.8214285714285713 0.09237995824634657 0.02133580705009276 0.0062630480167014625
3 0.8153988868274582 0.09159707724425888 0.012987012987012986 0.007828810020876828
5 0.8228200371057514 0.10621085594989563 0.009276437847866418 0.008872651356993737
0 0.8696660482374767 0.1002087682672234 0.012059369202226345 0.008350730688935283
8 0.8487940630797773 0.10151356993736953 0.0055658627087198514 0.005741127348643007
8 0.8497217068645639 0.10046972860125263 0.0055658627087198514 0.006784968684759917
5 0.8497217068645639 0.10177453027139875 0.007421150278293135 0.0062630480167014625
7 0.8891465677179962 0.10099164926931108 0.004638218923933209 0.007828810020876828
1 0.8923933209647495 0.10151356993736953 0.007421150278293135 0.006784968684759917
7 0.9457328385899814 0.10203549060542799 0.006493506493506493 0.007828810020876828
9 0.9475881261595547 0.10647181628392485 0.013914656771799629 0.010438413361169102
5 0.9304267161410018 0.1041231732776618 0.0055658627087198514 0.004697286012526097
5 0.9243970315398886 0.10281837160751567 0.008348794063079777 0.004175365344467641
6 0.9132653061224488 0.09551148225469729 0.03617810760667903 0.012526096033402925
7 0.9503710575139146 0.11978079331941546 0.004638218923933209 0.006784968684759917
7 0.9373840445269016 0.12239039665970773 0.01020408163265306 0.012004175365344469
8 0.9137291280148423 0.12526096033402925 0.009276437847866418 0.009394572025052193
8 0.9132653061224488 0.12473903966597077 0.01020408163265306 0.012526096033402925
5 0.9128014842300556 0.12552192066805848 0.011131725417439703 0.009916492693110648
3 0.933673469387755 0.12760960334029228 0.02504638218923933 0.01304801670146138
0 0.9095547309833023 0.11769311064718163 0.028756957328385898 0.01304801670146138
3 0.8089053803339518 0.09185803757828812 0.011131725417439703 0.005219206680584551
0 0.8279220779220778 0.08637787056367432 0.004638218923933209 0.004697286012526097
11 0.8279220779220778 0.08194154488517746 0.006493506493506493 0.004175365344467641
4 0.8529684601113172 0.0832463465553236 0.041743970315398886 0.01722338204592902
8 0.8474025974025974 0.09368475991649271 0.004638218923933209 0.003653444676409186
5 0.8478664192949907 0.09472860125260961 0.0055658627087198514 0.003653444676409186
3 0.881725417439703 0.08689979123173278 0.008348794063079777 0.003653444676409186
7 0.8835807050092764 0.09029227557411275 0.006493506493506493 0.0062630480167014625
0 0.9508348794063078 0.09472860125260961 0.025974025974025972 0.009916492693110648
4 0.7351576994434137 0.10803757828810022 0.01948051948051948 0.008350730688935283
11 0.8781315240083507 0.46567717996289426 0.24373695198329853 0.19109461966604824