3 0.8927664974619288 0.1432142857142857 0.06218274111675127 0.05499999999999999
3 0.9454314720812182 0.1275 0.04060913705583756 0.045
3 0.6110406091370558 0.34285714285714286 0.10279187817258882 0.048571428571428564
3 0.6624365482233502 0.30892857142857144 0.07106598984771574 0.04642857142857142
3 0.7055837563451777 0.28964285714285715 0.07868020304568528 0.05071428571428571
3 0.7506345177664975 0.2735714285714286 0.07487309644670051 0.04285714285714286
3 0.6656091370558376 0.36321428571428566 0.10532994923857869 0.04928571428571429
10 0.8413705583756345 0.4664285714285714 0.116751269035533 0.06714285714285714
10 0.9125 0.49238578680203043 0.175 0.1116751269035533
3 0.8071065989847717 0.31392857142857145 0.09390862944162436 0.045
3 0.8654822335025381 0.32999999999999996 0.12436548223350254 0.060000000000000005
3 0.8895939086294417 0.3603571428571428 0.1269035532994924 0.062142857142857146
3 0.9810714285714286 0.3895939086294416 0.03785714285714286 0.05583756345177665
3 0.9917857142857143 0.342005076142132 0.016428571428571428 0.046954314720812185
11 0.9003807106598984 0.2782142857142857 0.10532994923857869 0.04071428571428572
3 0.8261421319796954 0.26 0.053299492385786795 0.032857142857142856
3 0.9575 0.29378172588832485 0.085 0.04568527918781726