3 0.7853333333333332 0.69775 0.032 0.0405
3 0.6856666666666666 0.66475 0.026 0.0405
3 0.6223333333333333 0.6525 0.026 0.036
3 0.6156666666666666 0.70575 0.028666666666666663 0.0465
3 0.557 0.66275 0.02733333333333333 0.0425
11 0.6256666666666666 0.56925 0.020666666666666663 0.0355
3 0.5766666666666667 0.5645 0.021333333333333333 0.03
3 0.758 0.542 0.02 0.022
3 0.7503333333333333 0.509 0.01933333333333333 0.023
3 0.7453333333333333 0.46525 0.021333333333333333 0.0195
9 0.779 0.54 0.014 0.019
3 0.769 0.6065 0.02733333333333333 0.031
8 0.6503333333333332 0.51525 0.007333333333333333 0.0105
1 0.648 0.52 0.009333333333333332 0.012
11 0.583 0.49825 0.018 0.0275
3 0.5886666666666667 0.47425 0.017333333333333333 0.0195
11 0.6316666666666666 0.5005 0.01933333333333333 0.035
3 0.739 0.407 0.016666666666666663 0.018
3 0.7 0.392 0.016 0.012
3 0.6383333333333333 0.4235 0.016666666666666663 0.016
3 0.6093333333333333 0.42575 0.02 0.0205
3 0.6376666666666666 0.40475 0.018 0.0195
3 0.5976666666666667 0.40275 0.018 0.0225
3 0.641 0.373 0.016666666666666663 0.017
7 0.661 0.4065 0.004666666666666666 0.009
5 0.66 0.40925 0.009333333333333332 0.0075
1 0.7736666666666666 0.50975 0.008666666666666666 0.0095
1 0.768 0.485 0.006666666666666666 0.011
3 0.7276666666666667 0.34725 0.014 0.0145
0 0.7016666666666667 0.339 0.01 0.015
3 0.672 0.30575 0.012 0.0125
3 0.6433333333333333 0.34775 0.014666666666666666 0.0155
3 0.6453333333333332 0.33575 0.014666666666666666 0.0115
3 0.6103333333333333 0.349 0.015333333333333332 0.015
3 0.646 0.325 0.013333333333333332 0.012
3 0.6443333333333332 0.31275 0.014 0.0125
3 0.6143333333333333 0.33125 0.015333333333333332 0.0135
3 0.6123333333333333 0.31 0.014 0.017
3 0.6133333333333333 0.28525 0.012 0.0125
3 0.6433333333333333 0.2825 0.013333333333333332 0.012
10 0.726 0.33175 0.017333333333333333 0.0185
10 0.721 0.31075 0.018 0.0205
3 0.7093333333333333 0.27975 0.013333333333333332 0.0085
10 0.7066666666666667 0.2705 0.012 0.012
11 0.6753333333333332 0.2685 0.012 0.015
3 0.6586666666666666 0.26825 0.012 0.0135
3 0.654 0.25275 0.013333333333333332 0.0085
3 0.6993333333333333 0.2535 0.013333333333333332 0.011
3 0.6956666666666667 0.2445 0.012666666666666666 0.01
7 0.706 0.29275 0.004 0.0075
7 0.5623333333333332 0.4515 0.003333333333333333 0.009
8 0.6703333333333332 0.33075 0.004666666666666666 0.0065
1 0.6703333333333332 0.332 0.008666666666666666 0.008
3 0.672 0.23 0.010666666666666666 0.009
3 0.642 0.22825 0.010666666666666666 0.0095
3 0.6336666666666666 0.242 0.011333333333333332 0.009
3 0.6453333333333332 0.217 0.009333333333333332 0.008
10 0.6286666666666666 0.21 0.018666666666666665 0.016
3 0.6476666666666666 0.20425 0.011333333333333332 0.0085
3 0.679 0.21525 0.008666666666666666 0.0075
3 0.672 0.20575 0.010666666666666666 0.0075
8 0.656 0.21575 0.004 0.0045
5 0.6566666666666666 0.21775 0.005333333333333333 0.0045
7 0.6506666666666666 0.19075 0.0026666666666666666 0.0065
3 0.7276666666666667 0.259 0.016666666666666663 0.007
3 0.6623333333333332 0.18825 0.007333333333333333 0.0045
3 0.6593333333333332 0.18175 0.006666666666666666 0.0045
3 0.657 0.1775 0.007333333333333333 0.006
3 0.6556666666666666 0.1735 0.008666666666666666 0.005
3 0.6513333333333332 0.1695 0.006666666666666666 0.004
7 0.6293333333333333 0.17325 0.0026666666666666666 0.0055
3 0.675 0.15125 0.008666666666666666 0.0045
3 0.67 0.14275 0.014666666666666666 0.0055
4 0.62 0.09625 0.049333333333333326 0.0815