3 0.17761904761904762 0.21214285714285713 0.14 0.07285714285714286
3 0.2523809523809524 0.22785714285714287 0.15238095238095237 0.06142857142857143
3 0.32571428571428573 0.24035714285714285 0.14857142857142858 0.07214285714285715
3 0.3985714285714286 0.25607142857142856 0.1457142857142857 0.06642857142857143
11 0.4833333333333333 0.2760714285714286 0.17619047619047618 0.09071428571428572
3 0.5409523809523809 0.315 0.17904761904761904 0.09285714285714286
3 0.09035714285714286 0.3871428571428571 0.18071428571428572 0.09047619047619047
11 0.4376190476190476 0.5735714285714286 0.24666666666666665 0.16428571428571428
3 0.9410714285714286 0.1523809523809524 0.11785714285714285 0.04857142857142857
3 0.8952380952380952 0.2082142857142857 0.10285714285714286 0.062142857142857146
3 0.7885714285714286 0.19464285714285715 0.07809523809523809 0.04642857142857143
3 0.729047619047619 0.18464285714285714 0.08857142857142856 0.04928571428571429
3 0.6123809523809524 0.15892857142857142 0.09142857142857143 0.039285714285714285
3 0.6876190476190476 0.09392857142857143 0.08 0.04357142857142857
3 0.6233333333333333 0.040357142857142855 0.07714285714285714 0.02642857142857143