3 0.3038095238095238 0.41035714285714286 0.07047619047619047 0.085
3 0.3314285714285714 0.3271428571428571 0.06285714285714286 0.07285714285714286
3 0.21238095238095236 0.67 0.09904761904761904 0.12857142857142856
3 0.17142857142857143 0.5103571428571428 0.0819047619047619 0.095
11 0.40952380952380946 0.175 0.06666666666666667 0.06428571428571428
11 0.39619047619047615 0.13857142857142857 0.043809523809523805 0.04857142857142857
5 0.33095238095238094 0.20392857142857143 0.04095238095238095 0.02214285714285714
8 0.31190476190476185 0.24821428571428572 0.023809523809523805 0.016428571428571428
8 0.6142857142857143 0.05285714285714286 0.011428571428571429 0.02
1 0.6133333333333333 0.05928571428571429 0.007619047619047619 0.017142857142857144
3 0.8133333333333332 0.1492857142857143 0.09523809523809522 0.03428571428571429
11 0.8509523809523809 0.30964285714285716 0.12285714285714286 0.045
3 0.8071428571428572 0.10535714285714286 0.08666666666666667 0.03214285714285714
11 0.7795238095238095 0.08785714285714286 0.07333333333333332 0.03571428571428571
3 0.6571428571428571 0.08571428571428572 0.03619047619047619 0.04857142857142857
11 0.6676190476190476 0.18142857142857144 0.03809523809523809 0.04857142857142857
3 0.669047619047619 0.3003571428571429 0.04666666666666666 0.062142857142857146
3 0.6633333333333333 0.22964285714285715 0.04285714285714286 0.05357142857142857
3 0.6766666666666666 0.36964285714285716 0.054285714285714284 0.07785714285714286
3 0.6771428571428572 0.44892857142857145 0.05523809523809523 0.07928571428571428
3 0.9123809523809523 0.5853571428571429 0.15428571428571428 0.065
3 0.6876190476190476 0.6821428571428572 0.05142857142857143 0.09
5 0.8671428571428571 0.2125 0.025714285714285714 0.015
5 0.86 0.21 0.02095238095238095 0.011428571428571429
7 0.7528571428571429 0.16 0.014285714285714285 0.024285714285714285
7 0.7804761904761903 0.3117857142857143 0.014285714285714285 0.02214285714285714
3 0.44607142857142856 0.015714285714285715 0.037142857142857144 0.03142857142857143