3 0.161873840445269 0.2507828810020877 0.14192949907235622 0.04331941544885178
3 0.10899814471243043 0.29018789144050106 0.13079777365491652 0.03444676409185804
3 0.04823747680890538 0.40970772442588727 0.09276437847866419 0.07933194154488518
8 0.40723562152133574 0.1996346555323591 0.02411873840445269 0.012004175365344469
8 0.3998144712430427 0.2004175365344468 0.011131725417439703 0.0062630480167014625
3 0.44990723562152135 0.13622129436325678 0.07606679035250463 0.06471816283924843
1 0.6303339517625232 0.183455114822547 0.02133580705009276 0.021398747390396662
5 0.6516697588126159 0.18475991649269313 0.017625231910946195 0.019832985386221295
5 0.8153988868274582 0.16597077244258873 0.016697588126159554 0.02296450939457203
5 0.7820037105751391 0.17927974947807934 0.018552875695732836 0.02244258872651357
5 0.7564935064935064 0.20224425887265138 0.017625231910946195 0.021398747390396662
3 0.5454545454545454 0.2755741127348643 0.11502782931354359 0.036534446764091864
3 0.8645640074211502 0.18971816283924844 0.07235621521335805 0.07045929018789145