7 0.9875 0.5933333333333334 0.025 0.012380952380952381
3 0.9596428571428571 0.63 0.08071428571428571 0.05142857142857143
7 0.5233333333333333 0.6032142857142857 0.021904761904761903 0.013571428571428571
7 0.41238095238095235 0.5775 0.019047619047619046 0.012142857142857143
8 0.40714285714285714 0.56 0.01619047619047619 0.014285714285714285
1 0.7295238095238095 0.5542857142857143 0.03809523809523809 0.014285714285714285
7 0.7061904761904761 0.5289285714285714 0.018095238095238095 0.015
7 0.7252380952380952 0.5360714285714285 0.014285714285714285 0.012142857142857143
11 0.598095238095238 0.4632142857142857 0.07238095238095238 0.07214285714285715
5 0.45476190476190476 0.41678571428571426 0.025714285714285714 0.029285714285714286
7 0.38190476190476186 0.23214285714285715 0.017142857142857144 0.02
3 0.47619047619047616 0.21964285714285714 0.08761904761904761 0.045
3 0.5280952380952381 0.2957142857142857 0.09809523809523808 0.05
3 0.43142857142857144 0.11571428571428571 0.06285714285714286 0.05142857142857143
9 0.3009523809523809 0.22178571428571428 0.045714285714285714 0.02642857142857143
0 0.30952380952380953 0.17785714285714285 0.04761904761904761 0.04857142857142857