3 0.15476190476190477 0.03 0.052380952380952375 0.012857142857142857
3 0.13952380952380952 0.03642857142857143 0.050476190476190466 0.017142857142857144
11 0.2623809523809524 0.08785714285714286 0.04857142857142857 0.02
3 0.23285714285714285 0.10714285714285714 0.0619047619047619 0.02142857142857143
3 0.21142857142857144 0.1275 0.05333333333333333 0.017857142857142856
3 0.19952380952380952 0.14 0.0676190476190476 0.018571428571428572
3 0.19095238095238093 0.1525 0.06952380952380952 0.020714285714285713
3 0.39571428571428574 0.0325 0.04857142857142857 0.015
3 0.41619047619047617 0.06464285714285714 0.04952380952380952 0.019285714285714285
5 0.4152380952380952 0.07535714285714286 0.019047619047619046 0.010714285714285714
5 0.41238095238095235 0.08071428571428571 0.019047619047619046 0.007142857142857143
3 0.4642857142857143 0.135 0.03142857142857143 0.03142857142857143
5 0.3242857142857143 0.20964285714285713 0.02952380952380952 0.010714285714285714
7 0.369047619047619 0.20785714285714285 0.010476190476190476 0.017142857142857144
8 0.509047619047619 0.08857142857142856 0.008571428571428572 0.007142857142857143
5 0.5095238095238095 0.09178571428571429 0.011428571428571429 0.015
3 0.13238095238095238 0.3435714285714286 0.10095238095238093 0.03142857142857143
3 0.055714285714285716 0.43333333333333335 0.11142857142857143 0.03333333333333333
3 0.04428571428571428 0.4633333333333333 0.08857142857142856 0.03619047619047619
3 0.033928571428571426 0.5 0.06785714285714285 0.037142857142857144
5 0.16333333333333333 0.725 0.037142857142857144 0.047142857142857146
3 0.32476190476190475 0.4278571428571429 0.05714285714285714 0.06142857142857143
3 0.40952380952380946 0.34785714285714286 0.045714285714285714 0.05142857142857143
10 0.6485714285714286 0.009523809523809525 0.02857142857142857 0.01904761904761905
3 0.6466666666666666 0.03892857142857143 0.02095238095238095 0.02214285714285714
3 0.6842857142857143 0.03464285714285714 0.02 0.017857142857142856
3 0.6876190476190476 0.05285714285714286 0.02095238095238095 0.022857142857142857
10 0.6414285714285715 0.05785714285714286 0.02 0.02142857142857143
3 0.6428571428571429 0.07678571428571429 0.022857142857142857 0.023571428571428573
3 0.6747619047619048 0.07892857142857143 0.02 0.02214285714285714
11 0.6819047619047619 0.10178571428571428 0.022857142857142857 0.02642857142857143
3 0.6352380952380952 0.10892857142857143 0.022857142857142857 0.023571428571428573
8 0.6185714285714285 0.06892857142857142 0.006666666666666666 0.0064285714285714285
8 0.618095238095238 0.07285714285714286 0.009523809523809523 0.01
5 0.6176190476190476 0.07607142857142857 0.010476190476190476 0.015
10 0.7252380952380952 0.07321428571428572 0.03333333333333333 0.04214285714285714
10 0.6833333333333333 0.15571428571428572 0.037142857142857144 0.06428571428571428
10 0.6285714285714286 0.16535714285714287 0.02476190476190476 0.04357142857142857
10 0.7385714285714285 0.16214285714285714 0.027619047619047616 0.03142857142857143
10 0.6847619047619047 0.21714285714285714 0.0419047619047619 0.06714285714285714
3 0.638095238095238 0.1392857142857143 0.026666666666666665 0.02857142857142857
3 0.7347619047619046 0.13428571428571429 0.023809523809523805 0.027142857142857142
3 0.7419047619047618 0.20857142857142857 0.030476190476190476 0.03571428571428571
3 0.6276190476190476 0.20714285714285716 0.026666666666666665 0.03428571428571429
3 0.6252380952380951 0.24892857142857142 0.02952380952380952 0.04071428571428572
3 0.7428571428571429 0.25821428571428573 0.030476190476190476 0.03785714285714286
3 0.6947619047619047 0.3032142857142857 0.03142857142857143 0.04357142857142857
3 0.6214285714285714 0.2910714285714286 0.03333333333333333 0.045
3 0.6171428571428571 0.34285714285714286 0.03619047619047619 0.055714285714285716
3 0.7542857142857143 0.3475 0.04 0.052142857142857144
11 0.6914285714285714 0.3967857142857143 0.03809523809523809 0.06357142857142857
8 0.5471428571428572 0.45821428571428574 0.01238095238095238 0.013571428571428571
5 0.5471428571428572 0.4642857142857143 0.01619047619047619 0.03428571428571429
10 0.6814285714285714 0.5121428571428571 0.0638095238095238 0.12428571428571429
3 0.7747619047619047 0.4967857142857143 0.04666666666666666 0.06928571428571428
8 0.5152380952380952 0.5885714285714285 0.017142857142857144 0.015714285714285715
8 0.5147619047619048 0.5975 0.01619047619047619 0.016428571428571428
5 0.5147619047619048 0.6 0.018095238095238095 0.037142857142857144
10 0.5614285714285714 0.6407142857142857 0.10761904761904761 0.21714285714285714
10 0.7890476190476189 0.6807142857142857 0.04285714285714286 0.08285714285714285
8 0.9925 0.4866666666666667 0.015 0.01904761904761905
5 0.9917857142857143 0.4895238095238095 0.016428571428571428 0.029523809523809525
8 0.9071428571428571 0.12642857142857142 0.008571428571428572 0.011428571428571429
1 0.9061904761904761 0.12928571428571428 0.006666666666666666 0.015714285714285715
0 0.8614285714285714 0.07535714285714286 0.014285714285714285 0.019285714285714285
8 0.8614285714285714 0.07285714285714286 0.006666666666666666 0.008571428571428572
5 0.8104761904761904 0.06571428571428571 0.007619047619047619 0.012857142857142857
8 0.8109523809523809 0.06464285714285714 0.006666666666666666 0.010714285714285714
8 0.8528571428571429 0.036071428571428574 0.006666666666666666 0.007857142857142858
5 0.8519047619047618 0.03857142857142857 0.006666666666666666 0.012857142857142857
0 0.8338095238095238 0.03857142857142857 0.023809523809523805 0.02
11 0.7890476190476189 0.02142857142857143 0.02 0.018571428571428572
8 0.818095238095238 0.007142857142857143 0.007619047619047619 0.007142857142857143
5 0.8176190476190475 0.009285714285714286 0.006666666666666666 0.011428571428571429
0 0.8382142857142857 0.005714285714285714 0.015 0.011428571428571429