3 1 0.2068527918781726 0 0.02918781725888325
3 0.9638324873096447 0.26035714285714284 0.06725888324873097 0.03214285714285715
3 0.2937817258883249 0.41178571428571425 0.1281725888324873 0.045
2 0.35850253807106597 0.4610714285714285 0.2119289340101523 0.10928571428571428
7 0.9327411167512691 0.12928571428571428 0.015228426395939087 0.017142857142857144
7 0.7081218274111675 0.1910714285714286 0.015228426395939087 0.016428571428571428
7 0.7436548223350254 0.1682142857142857 0.017766497461928935 0.015000000000000001
7 0.8331218274111676 0.16392857142857142 0.011421319796954314 0.013571428571428571
7 0.8521573604060915 0.15535714285714286 0.011421319796954314 0.013571428571428571
4 0.7944162436548223 0.1657142857142857 0.05076142131979696 0.027142857142857142
3 0.7975888324873097 0.3007142857142857 0.09517766497461928 0.037142857142857144