11 0.4442857142857143 0.6760714285714285 0.19523809523809524 0.14642857142857144
3 0.2714285714285714 0.615 0.11619047619047618 0.10571428571428572
3 0.18523809523809523 0.5117857142857143 0.10761904761904761 0.09214285714285714
7 0.4919047619047619 0.445 0.021904761904761903 0.025714285714285714
3 0.03535714285714286 0.32761904761904764 0.07071428571428572 0.07333333333333333
3 0.4176190476190476 0.25642857142857145 0.08476190476190476 0.05857142857142857
3 0.36428571428571427 0.2092857142857143 0.06571428571428571 0.045714285714285714
3 0.4566666666666666 0.12214285714285714 0.1019047619047619 0.05142857142857143
8 0.28523809523809524 0.22392857142857142 0.02 0.023571428571428573
1 0.2895238095238095 0.23035714285714284 0.022857142857142857 0.023571428571428573
3 0.24333333333333332 0.11928571428571429 0.06952380952380952 0.047142857142857146
3 0.19857142857142857 0.08321428571428571 0.07333333333333332 0.047857142857142855
3 0.15047619047619046 0.05 0.06285714285714286 0.041428571428571426
7 0.2225 0.012380952380952381 0.02 0.024761904761904763
3 0.6595238095238095 0.23785714285714285 0.1 0.06142857142857143
3 0.5861904761904762 0.38357142857142856 0.10571428571428572 0.07571428571428572
7 0.5757142857142857 0.21928571428571428 0.018095238095238095 0.02857142857142857
1 0.5876190476190476 0.22535714285714287 0.022857142857142857 0.029285714285714286
11 0.6661904761904761 0.5153571428571428 0.1 0.07928571428571428
11 0.8842857142857142 0.3507142857142857 0.1038095238095238 0.07714285714285714
10 0.95 0.43238095238095237 0.1 0.09142857142857143
7 0.9557142857142857 0.3921428571428571 0.01619047619047619 0.03
10 0.9257142857142857 0.6585714285714286 0.14857142857142858 0.1457142857142857
11 0.29285714285714287 0.01904761904761905 0.09071428571428572 0.0380952380952381
3 0.1 0.017142857142857144 0.065 0.03428571428571429