7 0.6166666666666666 0.062142857142857146 0.01619047619047619 0.03
7 0.4476190476190476 0.32357142857142857 0.02857142857142857 0.05285714285714286
7 0.3061904761904762 0.305 0.039047619047619046 0.04
7 0.9057142857142857 0.41285714285714287 0.030476190476190476 0.045714285714285714
7 0.8671428571428571 0.3960714285714286 0.021904761904761903 0.04071428571428572
7 0.83 0.3896428571428571 0.03142857142857143 0.047857142857142855
7 0.39523809523809517 0.6375 0.06857142857142857 0.055
7 0.5819047619047619 0.6046428571428571 0.0838095238095238 0.03785714285714286
7 0.6895238095238094 0.6110714285714286 0.06666666666666667 0.04642857142857143
7 0.6114285714285714 0.7075 0.08761904761904761 0.047857142857142855
7 0.49761904761904757 0.6889285714285714 0.052380952380952375 0.07214285714285715
7 0.5271428571428571 0.6585714285714286 0.09809523809523808 0.047142857142857146
8 0.4047619047619047 0.35714285714285715 0.045714285714285714 0.03142857142857143
5 0.2876190476190476 0.2757142857142857 0.05714285714285714 0.047142857142857146
7 0.8980952380952381 0.2742857142857143 0.02476190476190476 0.04
7 0.9066666666666666 0.25821428571428573 0.03238095238095238 0.04357142857142857
7 0.8733333333333332 0.24857142857142858 0.026666666666666665 0.041428571428571426
8 0.889047619047619 0.2275 0.03333333333333333 0.03357142857142857
8 0.7971428571428572 0.20857142857142857 0.02476190476190476 0.037142857142857144
1 0.7433333333333332 0.1992857142857143 0.04857142857142857 0.025714285714285714