3 0.5704761904761905 0.6210714285714286 0.07809523809523809 0.09071428571428572
3 0.9528571428571428 0.16428571428571428 0.037142857142857144 0.04857142857142857
10 0.9233333333333332 0.4367857142857143 0.07904761904761905 0.075
5 0.419047619047619 0.5460714285714285 0.02476190476190476 0.025
3 0.6771428571428572 0.37607142857142856 0.043809523809523805 0.05785714285714286
3 0.7442857142857143 0.2125 0.039047619047619046 0.045
3 0.7661904761904761 0.17285714285714285 0.035238095238095235 0.04285714285714286
3 0.7780952380952381 0.13214285714285715 0.03619047619047619 0.04
0 0.8 0.1692857142857143 0.022857142857142857 0.027142857142857142
8 0.7971428571428572 0.17035714285714285 0.011428571428571429 0.012142857142857143
5 0.7266666666666666 0.029642857142857144 0.007619047619047619 0.009285714285714286
1 0.7857142857142857 0.033928571428571426 0.015238095238095238 0.007857142857142858
7 0.7733333333333332 0.06 0.005714285714285714 0.015714285714285715
7 0.7795238095238095 0.0525 0.008571428571428572 0.013571428571428571
7 0.7214285714285714 0.0225 0.0047619047619047615 0.009285714285714286
9 0.7195238095238095 0.027857142857142858 0.01238095238095238 0.007142857142857143
3 0.8133333333333332 0.056428571428571425 0.02857142857142857 0.03142857142857143
3 0.8223809523809523 0.030714285714285715 0.02952380952380952 0.02857142857142857