3 0.8591370558375635 0.25357142857142856 0.02284263959390863 0.02142857142857143
3 0.8553299492385786 0.20535714285714285 0.02030456852791878 0.016428571428571428
3 0.7455583756345178 0.20785714285714282 0.021573604060913708 0.014285714285714285
3 0.833756345177665 0.1692857142857143 0.02030456852791878 0.015714285714285715
3 0.6649746192893401 0.2582142857142857 0.0583756345177665 0.015000000000000001
3 0.8420050761421319 0.08214285714285714 0.01649746192893401 0.011428571428571429
3 0.8610406091370558 0.03964285714285714 0.013959390862944163 0.009285714285714286
3 0.8064720812182741 0.0067857142857142855 0.011421319796954314 0.0064285714285714285
3 0.7036802030456852 0.27749999999999997 0.05710659898477158 0.013571428571428571
4 0.9384517766497462 0.032857142857142856 0.03934010152284264 0.055714285714285716
4 0.9903571428571428 0.037436548223350255 0.019285714285714285 0.05964467005076142
3 0.9181472081218275 0.07035714285714285 0.02918781725888325 0.009285714285714286
3 0.8616751269035533 0.18357142857142858 0.017766497461928935 0.015714285714285715
3 0.8623096446700507 0.16499999999999998 0.019035532994923856 0.014285714285714285
3 0.8946700507614214 0.21785714285714286 0.02030456852791878 0.017142857142857144
3 0.6173857868020304 0.285 0.05456852791878173 0.014285714285714285
3 0.7030456852791879 0.26357142857142857 0.04060913705583756 0.014285714285714285
3 0.8623096446700507 0.35714285714285715 0.0317258883248731 0.02857142857142857
3 0.49555837563451777 0.26 0.052030456852791875 0.01
3 0.3147208121827411 0.2564285714285714 0.05583756345177665 0.011428571428571429
3 0.508248730964467 0.26964285714285713 0.06472081218274112 0.012142857142857141
11 0.6059644670050761 0.26999999999999996 0.05710659898477158 0.014285714285714285
3 0.5812182741116751 0.2632142857142857 0.053299492385786795 0.012142857142857141
11 0.8362944162436547 0.12964285714285714 0.015228426395939087 0.015000000000000001
11 0.8261421319796954 0.22035714285714286 0.02030456852791878 0.02214285714285714
11 0.8578680203045684 0.2282142857142857 0.017766497461928935 0.019285714285714285
11 0.8889593908629442 0.23607142857142854 0.021573604060913708 0.020714285714285713
11 0.8223350253807106 0.39107142857142857 0.027918781725888325 0.03071428571428571
11 0.8597715736040609 0.12107142857142857 0.013959390862944163 0.012142857142857141