3 0.4033333333333333 0.4139285714285714 0.17809523809523808 0.060714285714285714
3 0.46285714285714286 0.2710714285714286 0.12571428571428572 0.04928571428571429
3 0.4847619047619047 0.16964285714285715 0.1238095238095238 0.04357142857142857
3 0.5104761904761904 0.039285714285714285 0.09333333333333332 0.037142857142857144
7 0.369047619047619 0.15678571428571428 0.018095238095238095 0.029285714285714286
3 0.36714285714285716 0.6307142857142857 0.21047619047619046 0.08571428571428572
3 0.32666666666666666 0.7157142857142857 0.25142857142857145 0.06714285714285714
7 0.259047619047619 0.5664285714285714 0.04761904761904761 0.03
8 0.25476190476190474 0.5575 0.021904761904761903 0.020714285714285713
8 0.04107142857142857 0.6633333333333333 0.08214285714285714 0.16380952380952382
1 0.21476190476190474 0.6814285714285714 0.054285714285714284 0.06428571428571428
1 0.24571428571428572 0.6035714285714285 0.03619047619047619 0.05857142857142857
5 0.2595238095238095 0.40714285714285714 0.04666666666666666 0.045714285714285714
7 0.4209523809523809 0.47964285714285715 0.030476190476190476 0.03785714285714286
7 0.608095238095238 0.465 0.027619047619047616 0.032857142857142856
3 0.7628571428571429 0.2714285714285714 0.06857142857142857 0.09285714285714286
3 0.7514285714285714 0.19285714285714287 0.05904761904761904 0.06571428571428571
3 0.7395238095238095 0.12892857142857142 0.054285714285714284 0.062142857142857146
3 0.6628571428571428 0.17785714285714285 0.05142857142857143 0.05857142857142857
3 0.6795238095238094 0.25785714285714284 0.06 0.07142857142857142
3 0.499047619047619 0.14142857142857143 0.11619047619047618 0.03571428571428571
3 0.5 0.11892857142857143 0.11047619047619046 0.03214285714285714
3 0.4957142857142857 0.09321428571428571 0.10952380952380951 0.03785714285714286
3 0.5195238095238095 0.021785714285714287 0.07142857142857142 0.025
3 0.5303571428571429 0.009523809523809525 0.08571428571428572 0.01904761904761905
7 0.4352380952380952 0.05892857142857143 0.015238095238095238 0.027857142857142858
7 0.44047619047619047 0.048928571428571425 0.01619047619047619 0.03214285714285714
3 0.729047619047619 0.07214285714285715 0.039047619047619046 0.04857142857142857
3 0.7266666666666666 0.02857142857142857 0.043809523809523805 0.045714285714285714
11 0.9946428571428572 0.25 0.010714285714285714 0.08476190476190476
3 0.9133333333333332 0.18357142857142858 0.05714285714285714 0.06857142857142857
7 0.9685714285714285 0.1175 0.019047619047619046 0.03357142857142857
8 0.8152380952380952 0.18321428571428572 0.019047619047619046 0.020714285714285713
8 0.8157142857142857 0.18035714285714285 0.018095238095238095 0.025
5 0.8142857142857143 0.19464285714285715 0.017142857142857144 0.035