3 0.7714285714285715 0.6696428571428571 0.03809523809523809 0.05928571428571429
3 0.8271428571428572 0.6264285714285714 0.03333333333333333 0.055714285714285716
3 0.83 0.5135714285714286 0.03142857142857143 0.03571428571428571
3 0.780952380952381 0.48678571428571427 0.02857142857142857 0.039285714285714285
3 0.8171428571428572 0.4042857142857143 0.02476190476190476 0.03142857142857143
3 0.7871428571428571 0.345 0.021904761904761903 0.024285714285714285
3 0.718095238095238 0.37214285714285716 0.026666666666666665 0.04
3 0.8095238095238094 0.29892857142857143 0.019047619047619046 0.017857142857142856
7 0.46619047619047616 0.48428571428571426 0.008571428571428572 0.022857142857142857
7 0.47619047619047616 0.4832142857142857 0.007619047619047619 0.019285714285714285
3 0.4809523809523809 0.36 0.07619047619047618 0.02857142857142857
3 0.7538095238095237 0.2546428571428571 0.01619047619047619 0.02214285714285714
3 0.768095238095238 0.19357142857142856 0.014285714285714285 0.017142857142857144
11 0.7361904761904761 0.21964285714285714 0.015238095238095238 0.020714285714285713
3 0.77 0.14464285714285716 0.01238095238095238 0.015
3 0.759047619047619 0.10571428571428572 0.019047619047619046 0.011428571428571429
3 0.7776190476190475 0.08642857142857142 0.010476190476190476 0.008571428571428572
3 0.7971428571428572 0.09464285714285714 0.019047619047619046 0.010714285714285714
3 0.8104761904761904 0.013571428571428571 0.011428571428571429 0.005714285714285714
3 0.7542857142857143 0.013214285714285715 0.005714285714285714 0.005
3 0.7561904761904761 0.007142857142857143 0.005714285714285714 0.004285714285714286
5 0.7766666666666666 0.01892857142857143 0.002857142857142857 0.005
3 0.7447619047619046 0.03357142857142857 0.007619047619047619 0.007142857142857143
3 0.7471428571428571 0.0275 0.010476190476190476 0.0064285714285714285
3 0.73 0.07357142857142857 0.010476190476190476 0.005714285714285714
3 0.7309523809523809 0.06642857142857143 0.008571428571428572 0.005714285714285714
3 0.7419047619047618 0.046785714285714285 0.009523809523809523 0.007857142857142858
3 0.6961904761904761 0.1407142857142857 0.017142857142857144 0.01
3 0.8942857142857142 0.3028571428571429 0.02095238095238095 0.02142857142857143
3 0.8904761904761904 0.2789285714285714 0.019047619047619046 0.020714285714285713
5 0.87 0.3242857142857143 0.006666666666666666 0.014285714285714285
7 0.9595238095238094 0.3560714285714286 0.006666666666666666 0.015
7 0.8804761904761904 0.22428571428571428 0.006666666666666666 0.008571428571428572
3 0.8428571428571429 0.010357142857142856 0.007619047619047619 0.0064285714285714285
7 0.8423809523809523 0.06464285714285714 0.002857142857142857 0.0064285714285714285
3 0.848095238095238 0.0425 0.006666666666666666 0.005
3 0.8471428571428572 0.0375 0.008571428571428572 0.005
3 0.8309523809523809 0.027857142857142858 0.01619047619047619 0.005714285714285714
5 0.8366666666666666 0.04107142857142857 0.002857142857142857 0.005
5 0.8414285714285714 0.04857142857142857 0.002857142857142857 0.005714285714285714
7 0.8595238095238095 0.14357142857142857 0.0047619047619047615 0.008571428571428572
3 0.8866666666666666 0.019285714285714285 0.011428571428571429 0.005714285714285714
3 0.8871428571428571 0.02642857142857143 0.010476190476190476 0.005714285714285714
8 0.8376190476190475 0.04 0.002857142857142857 0.002857142857142857
8 0.8414285714285714 0.047142857142857146 0.002857142857142857 0.002857142857142857
8 0.869047619047619 0.32 0.006666666666666666 0.008571428571428572