0 0.5303333333333332 0.662 0.082 0.175
7 0.8863333333333333 0.7265 0.054 0.046
8 0.978 0.5826666666666667 0.044 0.03266666666666666
1 0.8926666666666666 0.484 0.050666666666666665 0.07
1 0.4636666666666666 0.49875 0.04066666666666666 0.0845
5 0.425 0.315 0.06333333333333332 0.031
1 0.8776666666666666 0.31525 0.03933333333333333 0.0735
7 0.944 0.30925 0.042666666666666665 0.0385
3 0.588 0.25825 0.11066666666666666 0.1725
7 0.9 0.25825 0.04533333333333333 0.0455
8 0.87 0.1985 0.030666666666666665 0.041
5 0.8656666666666666 0.19325 0.034 0.0675
8 0.8996666666666666 0.14575 0.05133333333333333 0.0355
7 0.983 0.14066666666666666 0.034 0.046
5 0.4683333333333333 0.03075 0.06333333333333332 0.0395
5 0.90875 0.013666666666666667 0.0615 0.027333333333333334