3 0.9552380952380952 0.3657142857142857 0.06476190476190476 0.027142857142857142
3 0.7161904761904762 0.41035714285714286 0.08 0.035
3 0.5666666666666667 0.47964285714285715 0.0838095238095238 0.047857142857142855
3 0.42428571428571427 0.4689285714285714 0.1 0.045
3 0.2723809523809524 0.5514285714285714 0.13142857142857142 0.055714285714285716
3 0.39952380952380945 0.3492857142857143 0.04095238095238095 0.02857142857142857
3 0.34619047619047616 0.3514285714285714 0.039047619047619046 0.03
3 0.37285714285714283 0.3217857142857143 0.035238095238095235 0.025
3 0.4514285714285714 0.265 0.02857142857142857 0.014285714285714285
3 0.06952380952380952 0.40714285714285714 0.04952380952380952 0.02857142857142857
3 0.04095238095238095 0.28214285714285714 0.02476190476190476 0.018571428571428572
3 0.06857142857142857 0.24285714285714285 0.02095238095238095 0.014285714285714285
3 0.09095238095238095 0.2392857142857143 0.018095238095238095 0.012857142857142857
3 0.054761904761904755 0.23035714285714284 0.01619047619047619 0.010714285714285714
3 0.2509523809523809 0.22642857142857142 0.01619047619047619 0.012857142857142857
3 0.7404761904761904 0.2914285714285714 0.04285714285714286 0.02142857142857143
3 0.7409523809523809 0.3842857142857143 0.07238095238095238 0.02857142857142857
3 0.3595238095238095 0.30892857142857144 0.03142857142857143 0.020714285714285713
3 0.33714285714285713 0.2957142857142857 0.02857142857142857 0.018571428571428572
3 0.32571428571428573 0.2825 0.02476190476190476 0.016428571428571428
3 0.31285714285714283 0.3275 0.037142857142857144 0.023571428571428573
3 0.29714285714285715 0.3075 0.03428571428571429 0.020714285714285713
3 0.2847619047619047 0.29214285714285715 0.026666666666666665 0.018571428571428572
3 0.21619047619047616 0.2864285714285714 0.030476190476190476 0.02
3 0.1819047619047619 0.21821428571428572 0.017142857142857144 0.013571428571428571
3 0.16190476190476188 0.19714285714285715 0.015238095238095238 0.011428571428571429
3 0.16904761904761903 0.21 0.014285714285714285 0.01
3 0.18523809523809523 0.22892857142857143 0.018095238095238095 0.010714285714285714
3 0.20619047619047617 0.2757142857142857 0.02 0.014285714285714285
3 0.2671428571428571 0.23642857142857143 0.02 0.015714285714285715
3 0.309047619047619 0.27 0.023809523809523805 0.017142857142857144
10 0.29285714285714287 0.25285714285714284 0.039047619047619046 0.03
3 0.15333333333333332 0.4025 0.09333333333333332 0.02642857142857143
3 0.14523809523809522 0.37214285714285716 0.07523809523809523 0.03
3 0.15380952380952378 0.35428571428571426 0.08285714285714285 0.02857142857142857
3 0.13476190476190475 0.3507142857142857 0.07904761904761905 0.025714285714285714
3 0.13428571428571429 0.3357142857142857 0.07047619047619047 0.02142857142857143
3 0.14666666666666664 0.32035714285714284 0.06476190476190476 0.017857142857142856
3 0.14666666666666664 0.31285714285714283 0.06857142857142857 0.015714285714285715
3 0.13714285714285715 0.30357142857142855 0.06095238095238095 0.02
3 0.12904761904761905 0.29428571428571426 0.06571428571428571 0.017142857142857144
4 0.13238095238095238 0.2646428571428571 0.05142857142857143 0.03642857142857143
4 0.11666666666666665 0.22071428571428572 0.023809523809523805 0.045714285714285714
3 0.06904761904761904 0.22321428571428573 0.01619047619047619 0.010714285714285714
3 0.06857142857142857 0.21892857142857142 0.015238095238095238 0.012142857142857143
3 0.0719047619047619 0.21107142857142858 0.014285714285714285 0.009285714285714286
4 0.09428571428571429 0.17107142857142857 0.022857142857142857 0.017857142857142856
4 0.20190476190476186 0.14785714285714285 0.03619047619047619 0.014285714285714285
4 0.14904761904761904 0.13285714285714287 0.021904761904761903 0.02
7 0.08857142857142856 0.19321428571428573 0.005714285714285714 0.007857142857142858
7 0.08142857142857143 0.2075 0.006666666666666666 0.009285714285714286
7 0.06523809523809523 0.2710714285714286 0.008571428571428572 0.013571428571428571
7 0.09619047619047619 0.25821428571428573 0.007619047619047619 0.012142857142857143
8 0.0680952380952381 0.2642857142857143 0.010476190476190476 0.011428571428571429
7 0.5095238095238095 0.26107142857142857 0.007619047619047619 0.013571428571428571
3 0.26619047619047614 0.16964285714285715 0.008571428571428572 0.0064285714285714285
7 0.2776190476190476 0.1707142857142857 0.0047619047619047615 0.007142857142857143
8 0.24523809523809523 0.21035714285714285 0.006666666666666666 0.0064285714285714285
8 0.22238095238095237 0.20642857142857143 0.008571428571428572 0.005714285714285714
5 0.24476190476190474 0.21142857142857144 0.009523809523809523 0.008571428571428572
5 0.2233333333333333 0.2082142857142857 0.006666666666666666 0.0064285714285714285
5 0.01 0.3980952380952381 0.02 0.01619047619047619
1 0.006071428571428571 0.40523809523809523 0.012142857142857143 0.011428571428571429
8 0.3385714285714286 0.3892857142857143 0.018095238095238095 0.015714285714285715
5 0.3376190476190476 0.3942857142857143 0.01619047619047619 0.02
4 0.2847619047619047 0.17035714285714285 0.005714285714285714 0.007857142857142858
7 0.8219047619047618 0.6453571428571429 0.022857142857142857 0.04071428571428572
10 0.9152380952380952 0.3314285714285714 0.030476190476190476 0.015714285714285715
8 0.8885714285714286 0.32821428571428574 0.011428571428571429 0.016428571428571428
1 0.8871428571428571 0.3325 0.021904761904761903 0.010714285714285714
7 0.8785714285714286 0.32535714285714284 0.006666666666666666 0.016428571428571428
3 0.8066666666666666 0.30714285714285716 0.04 0.02
11 0.6861904761904761 0.2739285714285714 0.04666666666666666 0.02642857142857143