8 0.715 0.2645 0.020666666666666663 0.029
8 0.7463333333333333 0.257 0.018 0.027
7 0.7863333333333332 0.26925 0.015333333333333332 0.0315
5 0.8296666666666667 0.302 0.04066666666666666 0.018
5 0.8226666666666667 0.28625 0.04 0.0195
5 0.9213333333333332 0.41575 0.057333333333333326 0.0325
5 0.897 0.4005 0.04466666666666667 0.02
5 0.6346666666666666 0.27375 0.016 0.0385
5 0.7596666666666666 0.2595 0.014 0.031
5 0.7903333333333332 0.2755 0.016666666666666663 0.035
5 0.82 0.34 0.044 0.018
5 0.8386666666666667 0.3485 0.042666666666666665 0.017
5 0.8496666666666667 0.3605 0.03666666666666667 0.028
5 0.8573333333333333 0.366 0.042666666666666665 0.022
5 0.8646666666666666 0.37475 0.058666666666666666 0.0225
5 0.878 0.38625 0.050666666666666665 0.0225
5 0.947 0.4365 0.058 0.031
9 0.8686666666666666 0.47325 0.10533333333333333 0.0465
7 0.466 0.5445 0.042666666666666665 0.052
10 0.6073333333333333 0.4915 0.204 0.117
11 0.7523333333333333 0.54675 0.16066666666666665 0.1595
11 0.8803333333333333 0.6785 0.18866666666666665 0.142
8 0.49666666666666665 0.36925 0.024 0.0305
5 0.504 0.374 0.032 0.05
8 0.2723333333333333 0.59325 0.04333333333333333 0.0385
8 0.2696666666666666 0.658 0.042 0.038
8 0.27 0.62625 0.042666666666666665 0.0245
8 0.2263333333333333 0.61475 0.042 0.0345
8 0.12033333333333333 0.716 0.05266666666666667 0.051
7 0.14966666666666667 0.66225 0.06866666666666665 0.0435
4 0.784 0.204 0.09333333333333332 0.064
5 0.6906666666666667 0.3025 0.021333333333333333 0.018
9 0.972 0.30333333333333334 0.056 0.04066666666666666
9 0.9293333333333332 0.28725 0.04666666666666666 0.0355
9 0.916 0.2725 0.064 0.037
9 0.866 0.2805 0.04666666666666666 0.037
9 0.824 0.26175 0.041333333333333326 0.0365
9 0.8066666666666666 0.244 0.048 0.025
5 0.8666666666666666 0.24075 0.030666666666666665 0.0265
9 0.89 0.25775 0.057333333333333326 0.0325
9 0.7453333333333333 0.29325 0.042666666666666665 0.0365
3 0.5076666666666666 0.03975 0.056666666666666664 0.0175
3 0.49266666666666664 0.0275 0.04533333333333333 0.022
10 0.40925 0.011333333333333334 0.0865 0.02266666666666667
3 0.23 0.0125 0.048 0.019
3 0.237 0.0355 0.05533333333333333 0.017
3 0.232 0.026 0.05333333333333333 0.018