11 0.37055837563451777 0.5532142857142857 0.05076142131979696 0.016428571428571428
8 0.08375634517766498 0.4367857142857142 0.02030456852791878 0.007857142857142858
8 0.116751269035533 0.4275 0.02538071065989848 0.010714285714285714
8 0.12626903553299493 0.4225 0.013959390862944163 0.0064285714285714285
8 0.1516497461928934 0.4164285714285714 0.011421319796954314 0.008571428571428572
7 0.07677664974619289 0.38821428571428573 0.01649746192893401 0.007857142857142858
8 0.3489847715736041 0.3525 0.01015228426395939 0.010714285714285714
3 0.6751269035532994 0.014642857142857143 0.015228426395939087 0.005
3 0.5926395939086294 0.07142857142857142 0.01015228426395939 0.007142857142857143
11 0.5552030456852791 0.09142857142857143 0.011421319796954314 0.008571428571428572
3 0.5558375634517767 0.12035714285714284 0.01269035532994924 0.009285714285714286
7 0.550761421319797 0.0642857142857143 0.005076142131979695 0.005714285714285714
7 0.5450507614213198 0.0757142857142857 0.0038071065989847717 0.005714285714285714
7 0.5513959390862944 0.08214285714285714 0.0038071065989847717 0.005714285714285714
7 0.54251269035533 0.06107142857142857 0.0038071065989847717 0.0064285714285714285
7 0.524746192893401 0.24178571428571427 0.00634517766497462 0.007857142857142858
7 0.5285532994923858 0.23785714285714285 0.0038071065989847717 0.007142857142857143
11 0.5653553299492386 0.22749999999999998 0.03426395939086294 0.015000000000000001
3 0.574238578680203 0.2446428571428571 0.019035532994923856 0.013571428571428571
8 0.583756345177665 0.4564285714285714 0.01015228426395939 0.007142857142857143
7 0.5418781725888324 0.44321428571428567 0.007614213197969543 0.010714285714285714
7 0.5406091370558376 0.43499999999999994 0.007614213197969543 0.011428571428571429
7 0.5050761421319797 0.41107142857142853 0.007614213197969543 0.012142857142857141
3 0.5615482233502538 0.49178571428571427 0.0317258883248731 0.03071428571428571
3 0.559010152284264 0.4617857142857143 0.026649746192893398 0.023571428571428573
3 0.5666243654822335 0.43285714285714283 0.024111675126903553 0.022857142857142857
3 0.5736040609137056 0.39821428571428574 0.02284263959390863 0.020714285714285713
11 0.5710659898477157 0.3746428571428571 0.02284263959390863 0.019285714285714285
3 0.756979695431472 0.11642857142857142 0.01649746192893401 0.008571428571428572
3 0.766497461928934 0.12428571428571429 0.01269035532994924 0.007142857142857143
11 0.7474619289340101 0.1325 0.015228426395939087 0.010714285714285714
11 0.7620558375634517 0.15464285714285714 0.013959390862944163 0.009285714285714286
3 0.774746192893401 0.1807142857142857 0.013959390862944163 0.01
3 0.8350253807106599 0.2767857142857143 0.02284263959390863 0.013571428571428571
11 0.7779187817258884 0.30142857142857143 0.043147208121827416 0.015714285714285715
11 0.9073604060913705 0.26999999999999996 0.030456852791878174 0.014285714285714285
3 0.9701776649746193 0.2789285714285714 0.026649746192893398 0.016428571428571428
2 0.9867857142857143 0.24809644670050762 0.02642857142857143 0.04314720812182741
7 0.9682741116751268 0.365 0.005076142131979695 0.008571428571428572