3 0.862 0.62225 0.21733333333333332 0.1025
3 0.7553333333333333 0.532 0.196 0.11
3 0.7473333333333333 0.44525 0.17733333333333332 0.0825
3 0.7606666666666666 0.1725 0.07733333333333332 0.084
11 0.15966666666666665 0.63675 0.21666666666666665 0.0785
3 0.121 0.72525 0.23933333333333331 0.0485
2 0.387 0.2265 0.11266666666666665 0.171
11 0.5086666666666666 0.20175 0.072 0.0855
11 0.741 0.0815 0.10466666666666666 0.047
11 0.467 0.11475 0.12066666666666666 0.0445
11 0.48433333333333334 0.0675 0.12066666666666666 0.045
11 0.498 0.0425 0.11466666666666665 0.043
8 0.28 0.41475 0.034666666666666665 0.0355
1 0.287 0.42025 0.06733333333333333 0.0405