10 0.13451776649746194 0.3310714285714285 0.0634517766497462 0.03214285714285715
11 0.8197969543147208 0.5214285714285714 0.030456852791878174 0.02857142857142857
3 0.9871428571428571 0.45875634517766495 0.025714285714285714 0.0266497461928934
3 0.9765228426395939 0.38285714285714284 0.026649746192893398 0.022857142857142857
3 0.9035532994923858 0.37607142857142856 0.02030456852791878 0.017857142857142856
11 0.8185279187817259 0.3514285714285714 0.02284263959390863 0.015714285714285715
3 0.9682741116751268 0.3367857142857143 0.02030456852791878 0.015000000000000001
3 0.9428934010152283 0.3107142857142857 0.017766497461928935 0.012857142857142857
3 0.9352791878172588 0.2839285714285714 0.017766497461928935 0.013571428571428571
3 0.9612944162436547 0.285 0.019035532994923856 0.011428571428571429
3 0.8686548223350254 0.2735714285714286 0.01649746192893401 0.008571428571428572
3 0.9333756345177665 0.26357142857142857 0.01649746192893401 0.01
3 0.9562182741116751 0.26107142857142857 0.01649746192893401 0.010714285714285714
11 0.8439086294416244 0.26 0.015228426395939087 0.011428571428571429
3 0.8305837563451777 0.24857142857142858 0.013959390862944163 0.008571428571428572
3 0.8553299492385786 0.24142857142857144 0.01269035532994924 0.008571428571428572
3 0.8762690355329948 0.2292857142857143 0.013959390862944163 0.005714285714285714
3 0.9536802030456853 0.2357142857142857 0.013959390862944163 0.011428571428571429
10 0.9289340101522843 0.23678571428571427 0.017766497461928935 0.013571428571428571
3 0.9168781725888324 0.22464285714285714 0.011421319796954314 0.012142857142857141
2 0.9295685279187818 0.18678571428571428 0.013959390862944163 0.016428571428571428
3 0.8661167512690355 0.19607142857142856 0.011421319796954314 0.007857142857142858
3 0.9276649746192894 0.17285714285714285 0.01015228426395939 0.007142857142857143
4 0.9092639593908629 0.10714285714285715 0.09517766497461928 0.12428571428571429