3 0.912 0.733 0.068 0.033
1 0.21233333333333332 0.73075 0.04333333333333333 0.0315
3 0.283 0.65875 0.10066666666666665 0.0985
1 0.3213333333333333 0.564 0.018666666666666665 0.028
3 0.8956666666666666 0.54825 0.05266666666666667 0.0705
3 0.886 0.4465 0.04666666666666666 0.05
3 0.5223333333333332 0.32175 0.04466666666666667 0.0375
3 0.5846666666666667 0.23575 0.034666666666666665 0.0245
3 0.6423333333333333 0.176 0.03 0.022
3 0.6553333333333332 0.16225 0.025333333333333333 0.0215
3 0.6873333333333332 0.137 0.025333333333333333 0.019
3 0.706 0.1165 0.022666666666666665 0.016
3 0.73 0.09725 0.024 0.0135
3 0.7433333333333333 0.086 0.02 0.016
7 0.783 0.074 0.004666666666666666 0.011
3 0.7736666666666666 0.06525 0.01933333333333333 0.0115
3 0.7933333333333332 0.05225 0.016 0.0105
11 0.823 0.03475 0.015333333333333332 0.0125