3 0.6689285714285714 0.0133248730964467 0.06357142857142857 0.0266497461928934
3 0.5647208121827411 0.0642857142857143 0.0634517766497462 0.037142857142857144
7 0.4961928934010152 0.045 0.015228426395939087 0.017142857142857144
11 0.700507614213198 0.04535714285714286 0.08883248730964467 0.03642857142857143
11 0.6129441624365483 0.1057142857142857 0.07106598984771574 0.048571428571428564
7 0.6795685279187818 0.08035714285714285 0.013959390862944163 0.017857142857142856
7 0.6624365482233502 0.11749999999999998 0.015228426395939087 0.016428571428571428
7 0.6300761421319797 0.13142857142857142 0.019035532994923856 0.014285714285714285
7 0.6300761421319797 0.1717857142857143 0.011421319796954314 0.015000000000000001
10 0.7868020304568527 0.09964285714285713 0.10406091370558375 0.07357142857142857
7 0.9054568527918782 0.12678571428571428 0.011421319796954314 0.019285714285714285
7 0.8895939086294417 0.13 0.007614213197969543 0.014285714285714285
3 0.6668781725888324 0.15892857142857142 0.07487309644670051 0.047857142857142855
3 0.7347715736040609 0.2082142857142857 0.07614213197969542 0.05071428571428571
7 0.6294416243654822 0.2625 0.017766497461928935 0.015000000000000001
7 0.6351522842639593 0.2596428571428572 0.008883248730964468 0.013571428571428571
7 0.6370558375634517 0.29178571428571426 0.015228426395939087 0.013571428571428571
7 0.6510152284263959 0.29928571428571427 0.01269035532994924 0.015714285714285715
5 0.8565989847715736 0.14714285714285713 0.043147208121827416 0.018571428571428572
5 0.8642131979695432 0.15357142857142855 0.04060913705583756 0.022857142857142857
5 0.8781725888324874 0.16107142857142856 0.03553299492385787 0.02214285714285714
5 0.8807106598984772 0.16642857142857143 0.048223350253807105 0.022857142857142857
5 0.8902284263959391 0.1707142857142857 0.044416243654822336 0.022857142857142857
5 0.8946700507614214 0.18 0.043147208121827416 0.02
5 0.9048223350253807 0.185 0.043147208121827416 0.022857142857142857
5 0.9143401015228426 0.19142857142857142 0.044416243654822336 0.02
5 0.9225888324873097 0.19714285714285715 0.04568527918781726 0.02142857142857143
5 0.9295685279187818 0.20178571428571426 0.052030456852791875 0.029285714285714286
5 0.934010152284264 0.21285714285714283 0.043147208121827416 0.018571428571428572
5 0.9441624365482234 0.22107142857142856 0.04568527918781726 0.017857142857142856
5 0.9517766497461928 0.22607142857142856 0.03807106598984771 0.017857142857142856
5 0.9638324873096447 0.23464285714285713 0.03680203045685279 0.017857142857142856
7 0.9942857142857143 0.20812182741116753 0.011428571428571429 0.01903553299492386
5 0.9803571428571428 0.24619289340101522 0.039285714285714285 0.02284263959390863
5 0.9925 0.27093908629441626 0.015 0.017766497461928935
5 0.9871428571428571 0.26078680203045684 0.025714285714285714 0.021573604060913704
5 0.9871428571428571 0.25380710659898476 0.025714285714285714 0.01903553299492386
7 0.58248730964467 0.3464285714285714 0.017766497461928935 0.017142857142857144
5 0.54251269035533 0.3335714285714286 0.0317258883248731 0.012857142857142857
7 0.8762690355329948 0.375 0.013959390862944163 0.011428571428571429
7 0.9530456852791879 0.41035714285714286 0.02030456852791878 0.012142857142857141
7 0.8521573604060915 0.39035714285714285 0.019035532994923856 0.017857142857142856
7 0.8895939086294417 0.39678571428571424 0.015228426395939087 0.012142857142857141
7 0.756979695431472 0.37892857142857145 0.011421319796954314 0.013571428571428571
7 0.6211928934010152 0.38607142857142857 0.013959390862944163 0.012142857142857141
7 0.6643401015228426 0.3892857142857143 0.01649746192893401 0.008571428571428572
7 0.6846446700507614 0.40249999999999997 0.01649746192893401 0.009285714285714286
7 0.6586294416243654 0.3989285714285714 0.017766497461928935 0.010714285714285714
7 0.666243654822335 0.40857142857142853 0.015228426395939087 0.011428571428571429
7 0.48540609137055835 0.43607142857142855 0.021573604060913708 0.013571428571428571
7 0.47652284263959394 0.4253571428571429 0.024111675126903553 0.013571428571428571
7 0.44162436548223344 0.4657142857142857 0.017766497461928935 0.008571428571428572
1 0.9149746192893401 0.3892857142857143 0.02284263959390863 0.02