10 0.05925 0.48833333333333334 0.1185 0.07733333333333334
3 0.5176666666666666 0.471 0.13 0.072
3 0.3906666666666666 0.4715 0.13466666666666666 0.057
11 0.326 0.53225 0.17466666666666666 0.1095
3 0.8153333333333332 0.30925 0.07733333333333332 0.0335
3 0.9473333333333332 0.22575 0.07466666666666666 0.0295
3 0.9686666666666667 0.208 0.05466666666666666 0.021
3 0.7953333333333332 0.19325 0.057333333333333326 0.0155
11 0.8696666666666666 0.178 0.04733333333333333 0.021
3 0.8893333333333333 0.1755 0.057333333333333326 0.021
3 0.9056666666666666 0.1705 0.05266666666666667 0.02
3 0.9393333333333332 0.168 0.04666666666666666 0.017
3 0.8513333333333333 0.15375 0.044 0.0145
7 0.9006666666666666 0.13425 0.006666666666666666 0.0145
4 0.1933333333333333 0.06 0.030666666666666665 0.014
4 0.23666666666666666 0.06625 0.048 0.0105
2 0.241 0.06 0.06066666666666667 0.014
2 0.3363333333333333 0.063 0.05266666666666667 0.014
2 0.327 0.06125 0.056666666666666664 0.0145
2 0.314 0.06075 0.064 0.0155
2 0.30266666666666664 0.059 0.05466666666666666 0.016
4 0.139 0.011 0.022 0.007