2 0.014642857142857143 0.11230964467005077 0.029285714285714286 0.011421319796954314
2 0.029285714285714286 0.1065989847715736 0.05857142857142857 0.012690355329949238
7 0.08248730964467005 0.08142857142857143 0.005076142131979695 0.004285714285714286
2 0.09073604060913705 0.10857142857142857 0.04187817258883249 0.011428571428571429
10 0.31345177664974616 0.12571428571428572 0.048223350253807105 0.017142857142857144
10 0.40545685279187815 0.15107142857142855 0.049492385786802026 0.013571428571428571
11 0.4060913705583757 0.08321428571428571 0.027918781725888325 0.009285714285714286
10 0.29314720812182743 0.11535714285714285 0.02538071065989848 0.015000000000000001
2 0.20114213197969544 0.12571428571428572 0.04187817258883249 0.015714285714285715
2 0.3020304568527919 0.10892857142857143 0.03807106598984771 0.013571428571428571
2 0.28109137055837563 0.09642857142857142 0.03934010152284264 0.012857142857142857
3 0.15672588832487308 0.11035714285714286 0.026649746192893398 0.0064285714285714285
3 0.06916243654822335 0.11321428571428571 0.026649746192893398 0.005
3 0.16624365482233502 0.12928571428571428 0.027918781725888325 0.01
3 0.2265228426395939 0.11928571428571427 0.026649746192893398 0.008571428571428572
3 0.34644670050761417 0.08678571428571427 0.02284263959390863 0.0064285714285714285
3 0.3635786802030457 0.09821428571428571 0.019035532994923856 0.0064285714285714285
3 0.2569796954314721 0.1107142857142857 0.026649746192893398 0.008571428571428572
7 0.07423857868020305 0.29678571428571426 0.008883248730964468 0.010714285714285714
5 0.09073604060913705 0.2828571428571428 0.019035532994923856 0.01
2 0.3286802030456853 0.3117857142857143 0.09644670050761421 0.04071428571428572
3 0.06091370558375635 0.43857142857142856 0.09137055837563451 0.032857142857142856
3 0.5805837563451777 0.15964285714285714 0.02918781725888325 0.009285714285714286
3 0.5647208121827411 0.1632142857142857 0.03299492385786802 0.013571428571428571
7 0.6484771573604061 0.16 0.005076142131979695 0.007142857142857143
7 0.7106598984771574 0.1732142857142857 0.005076142131979695 0.005
7 0.7157360406091371 0.17464285714285713 0.005076142131979695 0.0064285714285714285
3 0.8502538071065989 0.17250000000000001 0.03553299492385787 0.015000000000000001
3 0.5545685279187818 0.25392857142857145 0.05076142131979696 0.019285714285714285
2 0.5609137055837563 0.28535714285714286 0.12436548223350254 0.0707142857142857
7 0.9302030456852792 0.44607142857142856 0.01269035532994924 0.007857142857142858
7 0.9270304568527918 0.4439285714285714 0.008883248730964468 0.0064285714285714285
7 0.9371827411167514 0.2932142857142857 0.008883248730964468 0.0064285714285714285
5 0.9346446700507615 0.29642857142857143 0.01649746192893401 0.005714285714285714
1 0.8267766497461928 0.30607142857142855 0.019035532994923856 0.0064285714285714285
1 0.8388324873096447 0.29357142857142854 0.017766497461928935 0.011428571428571429
3 0.9625634517766498 0.205 0.03934010152284264 0.012857142857142857