7 0.8728571428571429 0.4014285714285714 0.027619047619047616 0.045714285714285714
7 0.8004761904761903 0.41535714285714287 0.025714285714285714 0.055
7 0.44285714285714284 0.38357142857142856 0.02857142857142857 0.04428571428571428
7 0.5495238095238094 0.4057142857142857 0.030476190476190476 0.04857142857142857
7 0.5533333333333333 0.38607142857142857 0.030476190476190476 0.045
7 0.30047619047619045 0.43535714285714283 0.04285714285714286 0.06928571428571428
7 0.3557142857142857 0.43142857142857144 0.035238095238095235 0.06142857142857143
1 0.38904761904761903 0.5532142857142858 0.08095238095238094 0.04357142857142857
8 0.2714285714285714 0.46535714285714286 0.04952380952380952 0.04642857142857143
8 0.26857142857142857 0.4471428571428571 0.03428571428571429 0.04857142857142857
8 0.6680952380952381 0.2417857142857143 0.0047619047619047615 0.0064285714285714285
7 0.6628571428571428 0.23785714285714285 0.007619047619047619 0.014285714285714285
7 0.5557142857142857 0.2810714285714286 0.01238095238095238 0.020714285714285713
7 0.5666666666666667 0.275 0.011428571428571429 0.015714285714285715
7 0.5728571428571428 0.25821428571428573 0.010476190476190476 0.017857142857142856
8 0.6661904761904761 0.21964285714285714 0.006666666666666666 0.010714285714285714
1 0.6676190476190476 0.2225 0.009523809523809523 0.0064285714285714285
8 0.21238095238095236 0.2910714285714286 0.015238095238095238 0.017857142857142856
8 0.19619047619047617 0.2960714285714286 0.017142857142857144 0.017857142857142856
8 0.17904761904761904 0.29642857142857143 0.02095238095238095 0.02
8 0.18714285714285714 0.28964285714285715 0.010476190476190476 0.013571428571428571
8 0.2 0.2882142857142857 0.011428571428571429 0.013571428571428571
1 0.17714285714285713 0.2739285714285714 0.04 0.013571428571428571
5 0.1419047619047619 0.28535714285714286 0.03238095238095238 0.013571428571428571
7 0.6771428571428572 0.2092857142857143 0.005714285714285714 0.008571428571428572
7 0.6838095238095238 0.2082142857142857 0.005714285714285714 0.009285714285714286