3 0.11802030456852793 0.17 0.043147208121827416 0.014285714285714285
3 0.1351522842639594 0.1807142857142857 0.03426395939086294 0.012857142857142857
3 0.1484771573604061 0.1875 0.03807106598984771 0.016428571428571428
7 0.47842639593908626 0.16249999999999998 0.01015228426395939 0.0064285714285714285
7 0.44352791878172587 0.15107142857142855 0.00634517766497462 0.0035714285714285713
7 0.39847715736040606 0.14214285714285715 0.005076142131979695 0.005714285714285714
7 0.5158629441624366 0.14714285714285713 0.008883248730964468 0.007142857142857143
7 0.49746192893401014 0.14857142857142858 0.007614213197969543 0.008571428571428572
7 0.48223350253807107 0.16 0.007614213197969543 0.005714285714285714
7 0.4619289340101523 0.15464285714285714 0.007614213197969543 0.007857142857142858
7 0.45431472081218277 0.1457142857142857 0.007614213197969543 0.007142857142857143
7 0.46129441624365486 0.14642857142857144 0.00634517766497462 0.007142857142857143
7 0.5945431472081218 0.1825 0.008883248730964468 0.007857142857142858
7 0.623730964467005 0.17714285714285713 0.00634517766497462 0.007142857142857143
7 0.6059644670050761 0.19892857142857143 0.00634517766497462 0.007857142857142858
7 0.641497461928934 0.19464285714285715 0.008883248730964468 0.007857142857142858
7 0.6751269035532994 0.18178571428571427 0.007614213197969543 0.007857142857142858
11 0.015357142857142857 0.40418781725888325 0.030714285714285715 0.024111675126903553
11 0.13388324873096447 0.4928571428571428 0.0799492385786802 0.03142857142857143
11 0.7512690355329948 0.46535714285714286 0.0634517766497462 0.026428571428571426
3 0.7588832487309645 0.2382142857142857 0.05076142131979696 0.017857142857142856
3 0.8362944162436547 0.12392857142857143 0.03553299492385787 0.012142857142857141
3 0.8762690355329948 0.14392857142857143 0.03934010152284264 0.010714285714285714
10 0.9498730964467005 0.14107142857142857 0.05456852791878173 0.019285714285714285
11 0.756979695431472 0.08964285714285714 0.04187817258883249 0.016428571428571428
3 0.7081218274111675 0.0975 0.03807106598984771 0.013571428571428571
10 0.9675 0.1967005076142132 0.065 0.031725888324873094
10 0.5862944162436549 0.06321428571428571 0.1446700507614213 0.03785714285714285