1 0.44466666666666665 0.69325 0.049333333333333326 0.0905
1 0.49566666666666664 0.63075 0.038 0.0575
9 0.7633333333333333 0.59075 0.06533333333333333 0.1115
7 0.3683333333333333 0.5435 0.026 0.056
7 0.44066666666666665 0.55575 0.028 0.0465
7 0.408 0.483 0.049333333333333326 0.033
7 0.49166666666666664 0.47575 0.03 0.0355
7 0.657 0.4995 0.024666666666666663 0.049
7 0.701 0.512 0.024666666666666663 0.044
7 0.7426666666666666 0.45675 0.029333333333333333 0.0405
7 0.4983333333333333 0.371 0.01933333333333333 0.034
7 0.6206666666666666 0.39325 0.026666666666666665 0.0355
5 0.6193333333333333 0.406 0.028 0.028
7 0.5366666666666666 0.37375 0.017333333333333333 0.0375
7 0.779 0.38375 0.014 0.0385
7 0.7256666666666667 0.35025 0.014 0.0365
7 0.7286666666666666 0.33975 0.009333333333333332 0.0175
7 0.495 0.32525 0.016666666666666663 0.0285
7 0.5396666666666666 0.3355 0.012666666666666666 0.032
7 0.5446666666666666 0.32875 0.012 0.0345
7 0.5533333333333332 0.32425 0.013333333333333332 0.0365
7 0.935 0.3205 0.024666666666666663 0.027
1 0.9316666666666666 0.32625 0.04466666666666667 0.0195
7 0.6033333333333333 0.3035 0.021333333333333333 0.029
5 0.5946666666666667 0.30825 0.017333333333333333 0.0265
7 0.631 0.294 0.014 0.03
7 0.7123333333333333 0.30375 0.008666666666666666 0.0185
7 0.7286666666666666 0.3015 0.012 0.032
9 0.7723333333333332 0.298 0.048666666666666664 0.052
9 0.8553333333333333 0.30075 0.044 0.0375
5 0.838 0.33425 0.04 0.0215
7 0.572 0.28825 0.014666666666666666 0.0195
7 0.5996666666666667 0.2825 0.01 0.025
7 0.5946666666666667 0.277 0.009333333333333332 0.011
7 0.6253333333333333 0.26275 0.012 0.0265
7 0.6113333333333333 0.25475 0.010666666666666666 0.0295
7 0.5636666666666666 0.2765 0.016666666666666663 0.017
7 0.5693333333333332 0.27125 0.014666666666666666 0.0215
7 0.5766666666666667 0.272 0.008 0.017
7 0.533 0.267 0.01 0.021
7 0.5463333333333332 0.26 0.012666666666666666 0.023
7 0.5733333333333333 0.26175 0.009333333333333332 0.0185
7 0.577 0.2515 0.01 0.029
7 0.5903333333333333 0.24825 0.011333333333333332 0.0265
7 0.59 0.26425 0.012 0.0225
5 0.599 0.27825 0.026 0.0185
7 0.687 0.269 0.011333333333333332 0.027
7 0.7126666666666667 0.275 0.013333333333333332 0.028
7 0.729 0.257 0.011333333333333332 0.026
7 0.7243333333333333 0.24975 0.008666666666666666 0.0245
7 0.6823333333333332 0.23575 0.01 0.0245
7 0.6666666666666666 0.236 0.009333333333333332 0.023
9 0.6863333333333332 0.217 0.028666666666666663 0.034
7 0.606 0.2385 0.013333333333333332 0.025
7 0.5903333333333333 0.2255 0.01 0.023
7 0.5453333333333332 0.2395 0.010666666666666666 0.02
7 0.5596666666666666 0.2275 0.007333333333333333 0.02
7 0.5546666666666666 0.222 0.008 0.018
7 0.5803333333333333 0.22125 0.012666666666666666 0.0205
7 0.566 0.2095 0.008 0.017
7 0.5983333333333333 0.21075 0.007333333333333333 0.0215
7 0.6096666666666666 0.21775 0.008666666666666666 0.0225
7 0.6253333333333333 0.2025 0.013333333333333332 0.021
8 0.609 0.20075 0.011333333333333332 0.0175
7 0.5983333333333333 0.20075 0.006 0.0165
7 0.5893333333333333 0.18125 0.006666666666666666 0.0205
7 0.6223333333333333 0.19 0.006 0.016
8 0.622 0.22 0.014666666666666666 0.019
5 0.6213333333333333 0.22575 0.008 0.0125
5 0.6083333333333333 0.206 0.007333333333333333 0.011
5 0.601 0.22625 0.026 0.0115
5 0.705 0.20775 0.01 0.0165
5 0.7263333333333333 0.20925 0.006 0.0175
5 0.7013333333333333 0.19575 0.009333333333333332 0.0125
5 0.7163333333333333 0.19325 0.020666666666666663 0.0095
1 0.704 0.17025 0.013333333333333332 0.0085
7 0.6403333333333333 0.21475 0.01 0.0225
7 0.6746666666666666 0.17475 0.006666666666666666 0.0195
7 0.6733333333333332 0.16875 0.004 0.0065
7 0.6813333333333332 0.1735 0.008 0.019
7 0.687 0.177 0.004666666666666666 0.01
7 0.692 0.174 0.009333333333333332 0.019
7 0.706 0.1745 0.005333333333333333 0.018
8 0.7033333333333333 0.1645 0.009333333333333332 0.015
7 0.716 0.16975 0.006666666666666666 0.0195
3 0.657 0.171 0.02733333333333333 0.022
8 0.6286666666666666 0.1715 0.008 0.012
8 0.6383333333333333 0.16375 0.007333333333333333 0.0135
8 0.6323333333333333 0.126 0.007333333333333333 0.009
5 0.6283333333333333 0.17675 0.007333333333333333 0.0105
5 0.638 0.16775 0.005333333333333333 0.0105
5 0.633 0.12875 0.011333333333333332 0.0065
1 0.609 0.169 0.004666666666666666 0.012
5 0.7033333333333333 0.144 0.021333333333333333 0.009
5 0.6096666666666666 0.1935 0.008666666666666666 0.01
8 0.6093333333333333 0.18625 0.009333333333333332 0.0115
7 0.6133333333333333 0.1655 0.008 0.015
7 0.6926666666666667 0.1595 0.005333333333333333 0.014
7 0.685 0.1645 0.004666666666666666 0.014
7 0.657 0.151 0.006 0.015
7 0.6633333333333332 0.15125 0.006666666666666666 0.0125
8 0.6453333333333332 0.149 0.006666666666666666 0.013
5 0.5716666666666667 0.1835 0.022 0.009
7 0.5966666666666667 0.15175 0.005333333333333333 0.0165
7 0.6053333333333333 0.1525 0.006666666666666666 0.015
7 0.6166666666666666 0.15325 0.006666666666666666 0.0155
7 0.6246666666666666 0.156 0.006666666666666666 0.017
7 0.626 0.152 0.008 0.015
7 0.5923333333333333 0.1455 0.006 0.013
7 0.5946666666666667 0.13875 0.008 0.0115
7 0.6133333333333333 0.137 0.005333333333333333 0.014
7 0.6113333333333333 0.1335 0.005333333333333333 0.012
5 0.605 0.14075 0.008666666666666666 0.0095
7 0.6336666666666666 0.1425 0.006 0.016
7 0.627 0.14275 0.007333333333333333 0.0115
7 0.6416666666666666 0.1405 0.006 0.015
7 0.6573333333333332 0.14075 0.005333333333333333 0.0095
7 0.6593333333333332 0.135 0.004 0.008
7 0.6666666666666666 0.13725 0.006666666666666666 0.0085
7 0.6883333333333332 0.1405 0.008666666666666666 0.012
7 0.683 0.1375 0.004666666666666666 0.008
7 0.6863333333333332 0.1345 0.003333333333333333 0.008
7 0.6846666666666666 0.12975 0.008 0.0095
7 0.7036666666666667 0.142 0.006 0.011
7 0.703 0.1405 0.006 0.012
7 0.6543333333333332 0.12575 0.007333333333333333 0.0125
7 0.6246666666666666 0.1335 0.006666666666666666 0.012
7 0.6236666666666666 0.12775 0.006 0.0095
8 0.61 0.124 0.005333333333333333 0.005
7 0.617 0.11975 0.003333333333333333 0.0115
7 0.6306666666666666 0.11725 0.004 0.0105
7 0.635 0.1195 0.006 0.012
7 0.6233333333333333 0.116 0.005333333333333333 0.012
7 0.6473333333333332 0.11275 0.004 0.0105
7 0.6506666666666666 0.113 0.004 0.013
7 0.6543333333333332 0.113 0.003333333333333333 0.01
7 0.6583333333333332 0.11075 0.006 0.0085
7 0.6213333333333333 0.10575 0.004 0.0085
7 0.6256666666666666 0.1035 0.004666666666666666 0.007
7 0.636 0.1025 0.004 0.008
7 0.6396666666666666 0.10125 0.004666666666666666 0.0085
7 0.665 0.105 0.006 0.008
11 0.673 0.11375 0.016666666666666663 0.0155
3 0.6726666666666666 0.12475 0.017333333333333333 0.0125
7 0.669 0.12975 0.007333333333333333 0.0065
3 0.6756666666666666 0.15075 0.028666666666666663 0.0185
11 0.5136666666666666 0.06975 0.01 0.0075
3 0.5606666666666666 0.0815 0.009333333333333332 0.008
3 0.5633333333333332 0.08025 0.008 0.0055
3 0.568 0.07825 0.008 0.0055
3 0.5746666666666667 0.07675 0.008 0.0045
3 0.5766666666666667 0.07425 0.006666666666666666 0.0065
3 0.583 0.072 0.007333333333333333 0.006
3 0.5883333333333333 0.0685 0.007333333333333333 0.004
3 0.594 0.067 0.005333333333333333 0.004
3 0.5966666666666667 0.06475 0.006666666666666666 0.0035
3 0.6023333333333333 0.0615 0.007333333333333333 0.003
3 0.7333333333333333 0.06525 0.021333333333333333 0.0045
3 0.731 0.061 0.016666666666666663 0.005
3 0.7273333333333333 0.05775 0.016 0.0035
3 0.7446666666666666 0.058 0.016 0.004
3 0.7456666666666666 0.06 0.012666666666666666 0.004
3 0.773 0.059 0.006 0.004
10 0.11 0.67 0.22 0.14933333333333335
1 0.845 0.704 0.03266666666666666 0.083
8 0.29033333333333333 0.187 0.016666666666666663 0.022
7 0.7206666666666667 0.18775 0.008 0.0175
7 0.726 0.18725 0.009333333333333332 0.0175
5 0.9153333333333332 0.3105 0.033333333333333326 0.019