3 1 0.42428571428571427 0 0.14285714285714285
3 0.21285714285714286 0.4325 0.25047619047619046 0.14214285714285715
3 0.39904761904761904 0.35892857142857143 0.17142857142857143 0.10071428571428571
3 0.5076190476190476 0.29214285714285715 0.14095238095238094 0.06714285714285714
3 0.589047619047619 0.25607142857142856 0.09809523809523808 0.05071428571428571
3 0.6614285714285715 0.2317857142857143 0.07333333333333332 0.045
11 0.9696428571428571 0.27285714285714285 0.060714285714285714 0.0761904761904762
3 0.9960714285714286 0.2280952380952381 0.007857142857142858 0.03619047619047619
3 0.9960714285714286 0.20857142857142857 0.007857142857142858 0.02761904761904762
3 0.7119047619047619 0.21392857142857144 0.0619047619047619 0.03642857142857143
3 0.6838095238095238 0.20142857142857143 0.08761904761904761 0.03428571428571429
3 0.6161904761904762 0.19142857142857142 0.0838095238095238 0.027142857142857142
3 0.6185714285714285 0.18178571428571427 0.07142857142857142 0.03214285714285714
3 0.5214285714285715 0.1775 0.06571428571428571 0.029285714285714286
3 0.7119047619047619 0.185 0.09809523809523808 0.027142857142857142
3 0.7647619047619046 0.17964285714285713 0.07428571428571429 0.023571428571428573
3 0.8066666666666666 0.17642857142857143 0.06857142857142857 0.025714285714285714
3 0.8309523809523809 0.17035714285714285 0.07142857142857142 0.025
3 0.848095238095238 0.16071428571428573 0.06571428571428571 0.022857142857142857
3 0.8638095238095238 0.15642857142857142 0.06857142857142857 0.022857142857142857
3 0.8809523809523809 0.15392857142857144 0.06666666666666667 0.02214285714285714
3 0.8919047619047618 0.15107142857142858 0.05809523809523809 0.019285714285714285
3 0.9071428571428571 0.14464285714285716 0.052380952380952375 0.016428571428571428
3 0.9280952380952381 0.14035714285714285 0.052380952380952375 0.016428571428571428
11 0.94 0.1357142857142857 0.05142857142857143 0.02142857142857143
3 0.9542857142857143 0.13285714285714287 0.03619047619047619 0.012857142857142857
3 0.97 0.13 0.037142857142857144 0.012857142857142857
3 0.9752380952380952 0.12857142857142856 0.03428571428571429 0.014285714285714285
3 0.9857142857142858 0.12666666666666668 0.02857142857142857 0.013333333333333334
3 0.9625 0.1980952380952381 0.075 0.03428571428571429
3 0.9942857142857143 0.16857142857142857 0.011428571428571429 0.021904761904761906
3 0.9917857142857143 0.1219047619047619 0.016428571428571428 0.009523809523809525
3 0.9957142857142857 0.12095238095238095 0.008571428571428572 0.010476190476190476
3 0.9982142857142857 0.11952380952380952 0.0035714285714285713 0.009523809523809525
3 0.07535714285714286 0.5576190476190476 0.15071428571428572 0.17047619047619048