4 0.3447619047619047 0.6810714285714285 0.030476190476190476 0.03785714285714286
7 0.4757142857142857 0.7385714285714285 0.01619047619047619 0.017142857142857144
7 0.508095238095238 0.7364285714285714 0.01238095238095238 0.018571428571428572
7 0.5652380952380952 0.7167857142857142 0.01238095238095238 0.019285714285714285
4 0.7842857142857143 0.655 0.02952380952380952 0.11285714285714285
7 0.01107142857142857 0.24904761904761905 0.02214285714285714 0.009523809523809525
7 0.012857142857142857 0.21714285714285714 0.025714285714285714 0.013333333333333334
7 0.07904761904761905 0.2625 0.019047619047619046 0.010714285714285714
7 0.02142857142857143 0.23607142857142857 0.025714285714285714 0.010714285714285714
7 0.6366666666666666 0.7121428571428572 0.018095238095238095 0.01
7 0.6309523809523809 0.6903571428571429 0.014285714285714285 0.015
7 0.6476190476190475 0.6728571428571428 0.011428571428571429 0.015714285714285715
7 0.6214285714285714 0.6296428571428572 0.01619047619047619 0.013571428571428571
7 0.5952380952380952 0.6278571428571429 0.013333333333333332 0.012857142857142857
7 0.6157142857142858 0.6682142857142858 0.018095238095238095 0.017857142857142856
7 0.5647619047619047 0.6767857142857143 0.009523809523809523 0.017857142857142856
7 0.6319047619047619 0.6717857142857143 0.010476190476190476 0.019285714285714285