7 0.12523809523809523 0.6310714285714286 0.010476190476190476 0.019285714285714285
7 0.26666666666666666 0.6514285714285715 0.007619047619047619 0.02
7 0.2838095238095238 0.6503571428571429 0.009523809523809523 0.020714285714285713
7 0.20523809523809522 0.5892857142857143 0.008571428571428572 0.018571428571428572
7 0.31285714285714283 0.5185714285714286 0.0047619047619047615 0.01
7 0.3823809523809523 0.5139285714285714 0.0047619047619047615 0.009285714285714286
7 0.3695238095238095 0.5125 0.0038095238095238095 0.007857142857142858
7 0.46904761904761905 0.5067857142857143 0.0047619047619047615 0.007857142857142858
7 0.4828571428571429 0.5003571428571428 0.0038095238095238095 0.009285714285714286
7 0.5476190476190476 0.45785714285714285 0.0019047619047619048 0.005714285714285714
7 0.549047619047619 0.45071428571428573 0.002857142857142857 0.005714285714285714
3 0.5895238095238095 0.41785714285714287 0.0038095238095238095 0.002857142857142857
3 0.599047619047619 0.41785714285714287 0.0038095238095238095 0.002857142857142857
3 0.6066666666666666 0.42214285714285715 0.005714285714285714 0.002857142857142857
3 0.5871428571428572 0.425 0.006666666666666666 0.002857142857142857
4 0.6738095238095237 0.39714285714285713 0.04095238095238095 0.017142857142857144
3 0.669047619047619 0.4082142857142857 0.002857142857142857 0.002142857142857143
3 0.6747619047619048 0.4075 0.002857142857142857 0.002142857142857143
3 0.6776190476190476 0.4107142857142857 0.002857142857142857 0.0014285714285714286
3 0.6766666666666666 0.41678571428571426 0.0047619047619047615 0.002142857142857143
3 0.6757142857142857 0.41928571428571426 0.002857142857142857 0.002857142857142857
3 0.6704761904761904 0.4207142857142857 0.0038095238095238095 0.002857142857142857
3 0.6619047619047619 0.41678571428571426 0.0019047619047619048 0.002142857142857143
3 0.6642857142857143 0.42964285714285716 0.0047619047619047615 0.0035714285714285713
3 0.6871428571428572 0.41535714285714287 0.002857142857142857 0.002142857142857143
3 0.689047619047619 0.41785714285714287 0.002857142857142857 0.002857142857142857
3 0.689047619047619 0.42678571428571427 0.0047619047619047615 0.0035714285714285713
7 0.6752380952380952 0.44642857142857145 0.0019047619047619048 0.004285714285714286
0 0.6823809523809523 0.4367857142857143 0.002857142857142857 0.005
3 0.6985714285714286 0.43 0.0047619047619047615 0.002857142857142857
3 0.68 0.45071428571428573 0.005714285714285714 0.005714285714285714
3 0.6933333333333334 0.4539285714285714 0.007619047619047619 0.0064285714285714285
3 0.7195238095238095 0.45821428571428574 0.008571428571428572 0.005
2 0.6742857142857143 0.45785714285714285 0.013333333333333332 0.011428571428571429
7 0.6709523809523809 0.4760714285714286 0.002857142857142857 0.005
3 0.6814285714285714 0.4667857142857143 0.008571428571428572 0.0064285714285714285
3 0.6876190476190476 0.4739285714285714 0.009523809523809523 0.0064285714285714285
3 0.6685714285714286 0.4928571428571429 0.009523809523809523 0.008571428571428572
7 0.7461904761904761 0.44642857142857145 0.002857142857142857 0.004285714285714286
7 0.8090476190476189 0.5117857142857143 0.002857142857142857 0.007857142857142858
7 0.8371428571428572 0.5342857142857143 0.0038095238095238095 0.01
7 0.8419047619047618 0.5346428571428572 0.0038095238095238095 0.009285714285714286
3 0.9104761904761903 0.5010714285714286 0.03238095238095238 0.009285714285714286
3 0.9109523809523808 0.5107142857142857 0.018095238095238095 0.01
3 0.9438095238095238 0.49785714285714283 0.017142857142857144 0.01
5 0.9823809523809524 0.5414285714285715 0.0047619047619047615 0.008571428571428572
3 0.9939285714285714 0.5552380952380952 0.012142857142857143 0.014285714285714285
3 0.92 0.545 0.03428571428571429 0.011428571428571429
3 0.9295238095238094 0.5525 0.04 0.010714285714285714
3 0.9523809523809523 0.5653571428571429 0.045714285714285714 0.013571428571428571
11 0.9690476190476189 0.5771428571428572 0.052380952380952375 0.017142857142857144
3 0.9810714285714286 0.5842857142857143 0.03785714285714286 0.014285714285714285
7 0.9996428571428572 0.5742857142857143 0.0007142857142857143 0.013333333333333334
3 0.9885714285714285 0.5952380952380952 0.022857142857142857 0.01619047619047619
3 0.9928571428571429 0.6047619047619047 0.014285714285714285 0.015238095238095238
3 0.8061904761904761 0.7275 0.04476190476190476 0.04071428571428572
3 0.6919047619047619 0.7310714285714286 0.035238095238095235 0.03642857142857143
3 0.8819047619047617 0.7421428571428571 0.04 0.014285714285714285
3 0.9552380952380952 0.6957142857142857 0.04952380952380952 0.03428571428571429
3 0.878095238095238 0.5917857142857142 0.026666666666666665 0.016428571428571428
3 0.8090476190476189 0.5439285714285714 0.02 0.016428571428571428
3 0.7652380952380952 0.5582142857142857 0.021904761904761903 0.016428571428571428
3 0.8171428571428572 0.5839285714285715 0.02476190476190476 0.017857142857142856
3 0.8847619047619046 0.6785714285714286 0.04 0.03
3 0.8423809523809523 0.6885714285714286 0.037142857142857144 0.041428571428571426
3 0.7352380952380951 0.6814285714285714 0.03238095238095238 0.037142857142857144
2 0.769047619047619 0.6407142857142857 0.052380952380952375 0.07571428571428572
2 0.8176190476190475 0.65 0.03333333333333333 0.03428571428571429
2 0.7980952380952381 0.6228571428571429 0.026666666666666665 0.025714285714285714
3 0.7214285714285714 0.6160714285714286 0.025714285714285714 0.025
3 0.6714285714285714 0.5871428571428572 0.019047619047619046 0.022857142857142857
3 0.7038095238095238 0.5828571428571429 0.02095238095238095 0.02142857142857143
3 0.7504761904761904 0.5928571428571429 0.022857142857142857 0.02142857142857143
3 0.7861904761904761 0.595 0.027619047619047616 0.022857142857142857
3 0.74 0.5710714285714286 0.022857142857142857 0.019285714285714285
3 0.7023809523809523 0.5603571428571429 0.02 0.016428571428571428
3 0.7023809523809523 0.5457142857142857 0.014285714285714285 0.015714285714285715
3 0.7266666666666666 0.5460714285714285 0.017142857142857144 0.016428571428571428
3 0.6957142857142857 0.5321428571428571 0.014285714285714285 0.012857142857142857
3 0.7219047619047618 0.535 0.015238095238095238 0.012857142857142857
3 0.7171428571428572 0.525 0.015238095238095238 0.01
3 0.7152380952380952 0.5167857142857143 0.013333333333333332 0.010714285714285714
3 0.7147619047619047 0.5096428571428572 0.01238095238095238 0.010714285714285714
3 0.6947619047619047 0.5228571428571429 0.014285714285714285 0.011428571428571429
3 0.6957142857142857 0.5142857142857142 0.01238095238095238 0.01
3 0.6942857142857143 0.5067857142857143 0.011428571428571429 0.009285714285714286
10 0.6933333333333334 0.49892857142857144 0.013333333333333332 0.012142857142857143
3 0.6914285714285714 0.49357142857142855 0.011428571428571429 0.008571428571428572
3 0.5471428571428572 0.6717857142857143 0.06 0.023571428571428573
3 0.5519047619047619 0.6407142857142857 0.0638095238095238 0.02
3 0.5671428571428572 0.6289285714285714 0.050476190476190466 0.017857142857142856
3 0.5652380952380952 0.5989285714285715 0.04666666666666666 0.016428571428571428
3 0.5733333333333334 0.59 0.04761904761904761 0.012857142857142857
3 0.5738095238095238 0.5825 0.04666666666666666 0.015
3 0.5723809523809523 0.5703571428571429 0.045714285714285714 0.013571428571428571
7 0.5861904761904762 0.5546428571428571 0.0047619047619047615 0.010714285714285714
3 0.5838095238095238 0.5464285714285714 0.04 0.012857142857142857
2 0.5938095238095238 0.5360714285714285 0.05809523809523809 0.017857142857142856
11 0.6009523809523809 0.5121428571428571 0.03238095238095238 0.011428571428571429
3 0.6023809523809524 0.47285714285714286 0.023809523809523805 0.007142857142857143
3 0.6152380952380951 0.4471428571428571 0.015238095238095238 0.004285714285714286
3 0.6166666666666666 0.44535714285714284 0.014285714285714285 0.005
3 0.5347619047619048 0.43857142857142856 0.014285714285714285 0.004285714285714286
3 0.5333333333333333 0.4367857142857143 0.013333333333333332 0.0035714285714285713
3 0.5347619047619048 0.43464285714285716 0.01238095238095238 0.0035714285714285713
3 0.5133333333333333 0.44535714285714284 0.011428571428571429 0.0035714285714285713
3 0.5104761904761904 0.44642857142857145 0.015238095238095238 0.004285714285714286
10 0.5547619047619048 0.45357142857142857 0.01238095238095238 0.008571428571428572
3 0.5666666666666667 0.45607142857142857 0.019047619047619046 0.0064285714285714285
3 0.5571428571428572 0.45785714285714285 0.007619047619047619 0.004285714285714286
3 0.5557142857142857 0.4610714285714286 0.01619047619047619 0.005
3 0.5557142857142857 0.4632142857142857 0.018095238095238095 0.005
3 0.5523809523809523 0.46535714285714286 0.02095238095238095 0.005
3 0.5466666666666666 0.4682142857142857 0.019047619047619046 0.0064285714285714285
11 0.53 0.44821428571428573 0.01238095238095238 0.005
3 0.5304761904761904 0.45107142857142857 0.013333333333333332 0.005
3 0.5252380952380952 0.45321428571428574 0.01619047619047619 0.0035714285714285713
3 0.5204761904761904 0.45571428571428574 0.01619047619047619 0.004285714285714286
3 0.5076190476190476 0.45321428571428574 0.017142857142857144 0.0035714285714285713
3 0.5109523809523809 0.4521428571428571 0.01619047619047619 0.004285714285714286
3 0.4957142857142857 0.45821428571428574 0.018095238095238095 0.005
3 0.51 0.45964285714285713 0.01619047619047619 0.005
3 0.5109523809523809 0.4614285714285714 0.01238095238095238 0.004285714285714286
3 0.5085714285714286 0.4632142857142857 0.019047619047619046 0.0064285714285714285
3 0.48142857142857143 0.46535714285714286 0.018095238095238095 0.005
3 0.48428571428571426 0.4639285714285714 0.014285714285714285 0.005
3 0.4509523809523809 0.4775 0.023809523809523805 0.0064285714285714285
7 0.45190476190476186 0.4782142857142857 0.0047619047619047615 0.0064285714285714285
3 0.4657142857142857 0.4828571428571429 0.022857142857142857 0.005714285714285714
3 0.4766666666666666 0.4907142857142857 0.014285714285714285 0.007142857142857143
3 0.46 0.49714285714285716 0.015238095238095238 0.008571428571428572
3 0.4514285714285714 0.5032142857142857 0.015238095238095238 0.009285714285714286
11 0.44 0.5078571428571429 0.015238095238095238 0.011428571428571429
3 0.42 0.5217857142857143 0.02095238095238095 0.012142857142857143
3 0.46238095238095234 0.48464285714285715 0.025714285714285714 0.0064285714285714285
3 0.4566666666666666 0.4878571428571429 0.025714285714285714 0.005714285714285714
3 0.4471428571428571 0.49142857142857144 0.025714285714285714 0.005714285714285714
3 0.44619047619047614 0.49357142857142855 0.025714285714285714 0.005714285714285714
3 0.44047619047619047 0.49464285714285716 0.025714285714285714 0.0064285714285714285
3 0.43380952380952376 0.49857142857142855 0.025714285714285714 0.005714285714285714
3 0.41952380952380947 0.5064285714285715 0.025714285714285714 0.005714285714285714
3 0.4109523809523809 0.5092857142857142 0.025714285714285714 0.005714285714285714
3 0.40809523809523807 0.5142857142857142 0.025714285714285714 0.005714285714285714
3 0.4052380952380952 0.5175 0.025714285714285714 0.0064285714285714285
3 0.40952380952380946 0.5021428571428571 0.02857142857142857 0.007142857142857143
3 0.41333333333333333 0.4764285714285714 0.02476190476190476 0.007142857142857143
3 0.4333333333333333 0.4878571428571429 0.015238095238095238 0.007142857142857143
3 0.42666666666666664 0.48464285714285715 0.017142857142857144 0.007857142857142858
3 0.4085714285714286 0.4832142857142857 0.019047619047619046 0.0064285714285714285
3 0.4085714285714286 0.4903571428571429 0.017142857142857144 0.009285714285714286
3 0.38619047619047614 0.48857142857142855 0.018095238095238095 0.005714285714285714
3 0.38 0.49357142857142855 0.026666666666666665 0.007142857142857143
3 0.3695238095238095 0.5010714285714286 0.02095238095238095 0.007857142857142858
3 0.359047619047619 0.505 0.02857142857142857 0.005714285714285714
3 0.3519047619047619 0.5121428571428571 0.025714285714285714 0.011428571428571429
3 0.3271428571428571 0.5228571428571429 0.021904761904761903 0.011428571428571429
3 0.29666666666666663 0.5357142857142857 0.027619047619047616 0.011428571428571429
3 0.37380952380952376 0.5289285714285714 0.03142857142857143 0.009285714285714286
3 0.36428571428571427 0.5346428571428572 0.03142857142857143 0.009285714285714286
3 0.34619047619047616 0.5428571428571428 0.037142857142857144 0.008571428571428572
3 0.32380952380952377 0.5532142857142858 0.03619047619047619 0.009285714285714286
3 0.3109523809523809 0.56 0.04285714285714286 0.011428571428571429
3 0.4042857142857143 0.53 0.02 0.008571428571428572
3 0.38809523809523805 0.5396428571428571 0.021904761904761903 0.012142857142857143
3 0.37 0.5475 0.025714285714285714 0.013571428571428571
3 0.35 0.5592857142857143 0.027619047619047616 0.012857142857142857
3 0.2509523809523809 0.5435714285714286 0.03142857142857143 0.011428571428571429
11 0.23523809523809522 0.5471428571428572 0.0419047619047619 0.011428571428571429
3 0.22619047619047616 0.5532142857142858 0.04095238095238095 0.010714285714285714
3 0.20190476190476186 0.5767857142857142 0.03809523809523809 0.016428571428571428
3 0.17238095238095236 0.5728571428571428 0.03809523809523809 0.012857142857142857
3 0.18857142857142858 0.5657142857142857 0.030476190476190476 0.01
3 0.2 0.5585714285714286 0.03428571428571429 0.012857142857142857
3 0.15476190476190477 0.5885714285714285 0.027619047619047616 0.018571428571428572
3 0.12142857142857143 0.5932142857142857 0.025714285714285714 0.015
3 0.289047619047619 0.5714285714285714 0.04285714285714286 0.012857142857142857
3 0.30142857142857143 0.5657142857142857 0.039047619047619046 0.011428571428571429
3 0.28 0.5782142857142857 0.045714285714285714 0.015
3 0.2533333333333333 0.5860714285714286 0.05333333333333333 0.013571428571428571
3 0.2438095238095238 0.5957142857142858 0.04 0.014285714285714285
11 0.21714285714285714 0.6025 0.04952380952380952 0.017857142857142856
3 0.21142857142857144 0.6117857142857143 0.06095238095238095 0.019285714285714285
3 0.17714285714285713 0.6292857142857143 0.06666666666666667 0.02
3 0.1576190476190476 0.6403571428571428 0.056190476190476187 0.019285714285714285
3 0.12857142857142856 0.6535714285714286 0.07047619047619047 0.022857142857142857
3 0.09809523809523808 0.6675 0.07619047619047618 0.02214285714285714
3 0.07809523809523809 0.6810714285714285 0.07428571428571429 0.02214285714285714
3 0.045714285714285714 0.695 0.08 0.025714285714285714
10 0.14476190476190476 0.7346428571428572 0.13142857142857142 0.029285714285714286
3 0.023928571428571428 0.7180952380952381 0.047857142857142855 0.02666666666666667
10 0.19 0.7164285714285714 0.09238095238095237 0.03857142857142857
3 0.22619047619047616 0.6996428571428571 0.07523809523809523 0.025
3 0.2438095238095238 0.6832142857142857 0.08 0.023571428571428573
3 0.28 0.6682142857142858 0.07238095238095238 0.02214285714285714
3 0.3161904761904762 0.6432142857142857 0.06857142857142857 0.020714285714285713
3 0.32285714285714284 0.6292857142857143 0.06476190476190476 0.015714285714285715
3 0.34 0.6189285714285714 0.05714285714285714 0.017857142857142856
3 0.3657142857142857 0.6078571428571429 0.03238095238095238 0.017142857142857144
3 0.36523809523809525 0.6003571428571428 0.04857142857142857 0.017857142857142856
3 0.3761904761904762 0.5907142857142857 0.04761904761904761 0.014285714285714285
3 0.3914285714285714 0.5828571428571429 0.0419047619047619 0.014285714285714285
3 0.4052380952380952 0.5746428571428571 0.04666666666666666 0.016428571428571428
10 0.4047619047619047 0.5685714285714286 0.04952380952380952 0.015714285714285715
3 0.418095238095238 0.5632142857142857 0.045714285714285714 0.013571428571428571
3 0.4185714285714286 0.5575 0.04666666666666666 0.012142857142857143
3 0.439047619047619 0.5464285714285714 0.030476190476190476 0.012857142857142857
3 0.4423809523809523 0.5414285714285715 0.035238095238095235 0.01
10 0.44809523809523805 0.5346428571428572 0.04285714285714286 0.010714285714285714
3 0.46809523809523806 0.5285714285714286 0.02952380952380952 0.01
3 0.47 0.5214285714285715 0.03333333333333333 0.01
3 0.4757142857142857 0.5196428571428572 0.025714285714285714 0.009285714285714286
3 0.48047619047619045 0.5167857142857143 0.03142857142857143 0.009285714285714286
3 0.4833333333333333 0.5135714285714286 0.03142857142857143 0.01
3 0.4933333333333333 0.5107142857142857 0.026666666666666665 0.008571428571428572
3 0.4942857142857143 0.5060714285714286 0.030476190476190476 0.007857142857142858
3 0.5033333333333333 0.5039285714285714 0.021904761904761903 0.0064285714285714285
3 0.5066666666666666 0.5010714285714286 0.030476190476190476 0.007857142857142858
3 0.5095238095238095 0.4982142857142857 0.026666666666666665 0.0064285714285714285
3 0.5109523809523809 0.49642857142857144 0.025714285714285714 0.007142857142857143
3 0.5128571428571429 0.495 0.025714285714285714 0.007142857142857143
3 0.5142857142857142 0.4932142857142857 0.026666666666666665 0.007857142857142858
3 0.5195238095238095 0.4903571428571429 0.025714285714285714 0.0064285714285714285
3 0.520952380952381 0.48714285714285716 0.026666666666666665 0.007142857142857143
3 0.529047619047619 0.4860714285714286 0.023809523809523805 0.007857142857142858
3 0.53 0.4835714285714286 0.023809523809523805 0.008571428571428572
3 0.5357142857142857 0.48178571428571426 0.018095238095238095 0.0064285714285714285
3 0.5152380952380952 0.5182142857142857 0.030476190476190476 0.007857142857142858
3 0.5095238095238095 0.5282142857142857 0.03428571428571429 0.010714285714285714
3 0.499047619047619 0.5360714285714285 0.03428571428571429 0.009285714285714286
3 0.4942857142857143 0.5410714285714285 0.03809523809523809 0.010714285714285714
3 0.4852380952380952 0.5457142857142857 0.037142857142857144 0.01
3 0.46809523809523806 0.5664285714285714 0.04285714285714286 0.014285714285714285
3 0.44571428571428573 0.585 0.045714285714285714 0.014285714285714285
3 0.43714285714285717 0.5928571428571429 0.04761904761904761 0.015714285714285715
3 0.42380952380952375 0.6014285714285714 0.03809523809523809 0.014285714285714285
3 0.42714285714285716 0.6128571428571429 0.05809523809523809 0.017142857142857144