3 0.2235621521335807 0.4091858037578288 0.057513914656771796 0.03757828810020877
3 0.3181818181818182 0.25495824634655534 0.04452690166975881 0.021398747390396662
3 0.38404452690166974 0.21320459290187893 0.02968460111317254 0.021398747390396662
8 0.25510204081632654 0.19832985386221297 0.007421150278293135 0.005219206680584551
5 0.25510204081632654 0.20302713987473905 0.011131725417439703 0.005219206680584551
8 0.37430426716141 0.14039665970772444 0.004638218923933209 0.005219206680584551
5 0.37430426716141 0.14509394572025053 0.006493506493506493 0.005219206680584551
4 0.3395176252319109 0.16127348643006265 0.012987012987012986 0.011482254697286014
3 0.8000927643784786 0.12995824634655534 0.015769944341372914 0.012526096033402925
3 0.758812615955473 0.12839248434237996 0.01484230055658627 0.009394572025052193
8 0.5389610389610389 0.5443632567849688 0.009276437847866418 0.018789144050104387
5 0.537569573283859 0.5451461377870565 0.038033395176252316 0.01096033402922756
3 0.25788497217068646 0.5493215031315241 0.07792207792207792 0.024530271398747392
3 0.016701461377870562 0.436456400742115 0.033402922755741124 0.04452690166975881
8 0.019016697588126158 0.31184759916492694 0.017625231910946195 0.007828810020876828
5 0.022263450834879406 0.3178496868475992 0.022263450834879406 0.005219206680584551
11 0.2082560296846011 0.07698329853862214 0.023191094619666047 0.008872651356993737
3 0.8237476808905381 0.04410229645093946 0.012987012987012986 0.007828810020876828
3 0.8376623376623377 0.04358037578288101 0.011131725417439703 0.006784968684759917
3 0.8511131725417439 0.04331941544885178 0.01020408163265306 0.007306889352818372
3 0.8576066790352503 0.1589248434237996 0.028756957328385898 0.007828810020876828
3 0.6549165120593691 0.06132567849686848 0.016697588126159554 0.006784968684759917
8 0.6034322820037106 0.05219206680584552 0.004638218923933209 0.0031315240083507312
5 0.6029684601113172 0.05480167014613779 0.0055658627087198514 0.0031315240083507312
3 0.7203153988868274 0.12734864300626308 0.023191094619666047 0.008350730688935283