3 0.8232838589981447 0.38178496868476 0.07142857142857142 0.03914405010438414
3 0.7796846011131725 0.39613778705636743 0.06957328385899814 0.03757828810020877
3 0.8641001855287569 0.3708246346555324 0.06029684601113172 0.036012526096033406
5 0.7230983302411873 0.4107515657620042 0.026901669758812616 0.015657620041753657
9 0.8951762523191094 0.3538622129436326 0.03339517625231911 0.018789144050104387
3 0.9693877551020408 0.03679540709812109 0.03153988868274583 0.0151356993736952
3 0.9322820037105751 0.029749478079331943 0.03525046382189239 0.013569937369519834
11 0.5301484230055659 0.47025052192066813 0.062152133580705 0.0501043841336117
3 0.24628942486085342 0.3460334029227558 0.08256029684601113 0.02922755741127349
3 0.1461038961038961 0.3016701461377871 0.08256029684601113 0.03444676409185804
3 0.10528756957328385 0.16049060542797497 0.0398886827458256 0.023486430062630483
3 0.06493506493506493 0.1646659707724426 0.04081632653061224 0.023486430062630483
9 0.03478664192949907 0.14744258872651358 0.05658627087198515 0.018267223382045932