3 0.23 0.12607142857142858 0.08857142857142856 0.06928571428571428
3 0.7371428571428571 0.41214285714285714 0.15428571428571428 0.07142857142857142
3 0.4966666666666666 0.05892857142857143 0.07714285714285714 0.060714285714285714
3 0.8214285714285714 0.039285714285714285 0.11142857142857143 0.05714285714285714
7 0.8352380952380952 0.33964285714285714 0.02095238095238095 0.03357142857142857
7 0.8914285714285715 0.24428571428571427 0.019047619047619046 0.03
7 0.8161904761904761 0.2082142857142857 0.02476190476190476 0.030714285714285715
7 0.7980952380952381 0.27535714285714286 0.019047619047619046 0.03642857142857143
7 0.8457142857142858 0.2714285714285714 0.017142857142857144 0.032857142857142856
11 0.7842857142857143 0.12892857142857142 0.11523809523809522 0.05928571428571429
11 0.74 0.22142857142857142 0.10857142857142857 0.05714285714285714
3 0.7485714285714286 0.17857142857142858 0.13333333333333333 0.054285714285714284
7 0.8233333333333333 0.15821428571428572 0.01619047619047619 0.029285714285714286
5 0.769047619047619 0.2832142857142857 0.03333333333333333 0.03785714285714286
5 0.7223809523809523 0.2782142857142857 0.02952380952380952 0.04357142857142857
5 0.69 0.2732142857142857 0.027619047619047616 0.039285714285714285
5 0.6447619047619048 0.26535714285714285 0.03238095238095238 0.039285714285714285
5 0.608095238095238 0.2596428571428571 0.023809523809523805 0.04214285714285714
5 0.5771428571428572 0.24678571428571427 0.04 0.045
8 0.5271428571428571 0.21785714285714286 0.02 0.025714285714285714
8 0.5438095238095237 0.23 0.022857142857142857 0.027142857142857142
5 0.49761904761904757 0.22678571428571428 0.03142857142857143 0.035
5 0.519047619047619 0.2357142857142857 0.02476190476190476 0.03
5 0.5404761904761904 0.24071428571428571 0.03333333333333333 0.03571428571428571
8 0.8228571428571428 0.2725 0.022857142857142857 0.023571428571428573
7 0.8514285714285714 0.25214285714285717 0.02095238095238095 0.03142857142857143
7 0.8171428571428572 0.24821428571428572 0.02095238095238095 0.030714285714285715
7 0.8052380952380952 0.2557142857142857 0.02 0.03142857142857143
7 0.8357142857142857 0.25785714285714284 0.018095238095238095 0.03
5 0.5009523809523809 0.5542857142857143 0.06857142857142857 0.03428571428571429
8 0.4961904761904762 0.5482142857142858 0.03238095238095238 0.023571428571428573
5 0.13857142857142857 0.7221428571428572 0.0638095238095238 0.03857142857142857
5 0.19523809523809524 0.5942857142857143 0.03809523809523809 0.054285714285714284
5 0.24333333333333332 0.5957142857142858 0.052380952380952375 0.05142857142857143
5 0.36142857142857143 0.6128571428571429 0.035238095238095235 0.06142857142857143
7 0.3276190476190476 0.5782142857142857 0.03238095238095238 0.023571428571428573
7 0.3342857142857143 0.665 0.043809523809523805 0.022857142857142857
5 0.33 0.6121428571428571 0.039047619047619046 0.05714285714285714
5 0.2671428571428571 0.6021428571428571 0.04285714285714286 0.045714285714285714
5 0.29523809523809524 0.6078571428571429 0.030476190476190476 0.047142857142857146
7 0.3009523809523809 0.5889285714285715 0.02857142857142857 0.027857142857142858
8 0.15 0.6153571428571428 0.04285714285714286 0.020714285714285713
5 0.16428571428571428 0.6210714285714286 0.04476190476190476 0.03785714285714286
8 0.5814285714285714 0.010476190476190476 0.02 0.02095238095238095
1 0.5828571428571429 0.015714285714285715 0.017142857142857144 0.022857142857142857
3 0.2810714285714286 0.016666666666666666 0.07642857142857143 0.03333333333333333
3 0.026785714285714284 0.35333333333333333 0.05357142857142857 0.09238095238095238
3 0.6967857142857142 0.012857142857142857 0.10571428571428572 0.025714285714285714