3 0.9089285714285714 0.6776190476190476 0.18214285714285713 0.1438095238095238
8 0.1876190476190476 0.5557142857142857 0.04952380952380952 0.05285714285714286
8 0.45238095238095233 0.5921428571428572 0.05142857142857143 0.047142857142857146
8 0.3876190476190476 0.2675 0.02857142857142857 0.03357142857142857
8 0.7585714285714286 0.21464285714285714 0.018095238095238095 0.029285714285714286
8 0.40952380952380946 0.18642857142857142 0.02095238095238095 0.025714285714285714
1 0.20238095238095236 0.5664285714285714 0.09047619047619047 0.045714285714285714
1 0.3895238095238095 0.2760714285714286 0.043809523809523805 0.030714285714285715
1 0.7604761904761904 0.22357142857142856 0.03142857142857143 0.02142857142857143
1 0.9996428571428572 0.38952380952380955 0.0007142857142857143 0.037142857142857144
5 0.4504761904761905 0.5989285714285715 0.10095238095238093 0.06357142857142857
7 0.24095238095238095 0.15607142857142858 0.013333333333333332 0.02642857142857143
7 0.2476190476190476 0.165 0.019047619047619046 0.027142857142857142
7 0.2580952380952381 0.15714285714285714 0.015238095238095238 0.02857142857142857
7 0.27095238095238094 0.15678571428571428 0.02 0.030714285714285715
7 0.5657142857142857 0.1767857142857143 0.011428571428571429 0.030714285714285715
1 0.638095238095238 0.1717857142857143 0.022857142857142857 0.017857142857142856
7 0.69 0.21928571428571428 0.018095238095238095 0.03142857142857143
7 0.7342857142857143 0.23785714285714285 0.019047619047619046 0.02857142857142857
7 0.7252380952380952 0.2257142857142857 0.021904761904761903 0.03
7 0.718095238095238 0.18285714285714286 0.011428571428571429 0.022857142857142857
7 0.71 0.1825 0.01619047619047619 0.027857142857142858
3 0.7585714285714286 0.18428571428571427 0.07714285714285714 0.03857142857142857
9 0.4352380952380952 0.20357142857142857 0.04 0.02142857142857143
3 0.9271428571428572 0.16392857142857142 0.052380952380952375 0.030714285714285715
3 0.9033333333333332 0.21464285714285714 0.08095238095238094 0.047857142857142855
3 0.9547619047619047 0.18964285714285714 0.06 0.03785714285714286
3 0.9903571428571428 0.1580952380952381 0.019285714285714285 0.0380952380952381
3 0.9925 0.11428571428571428 0.015 0.025714285714285714