8 0.43476190476190474 0.7178571428571429 0.010476190476190476 0.012857142857142857
0 0.44142857142857145 0.715 0.023809523809523805 0.03142857142857143
5 0.4114285714285714 0.64 0.011428571428571429 0.018571428571428572
7 0.44142857142857145 0.5610714285714286 0.008571428571428572 0.010714285714285714
7 0.4585714285714286 0.5153571428571428 0.006666666666666666 0.010714285714285714
5 0.47285714285714286 0.53 0.02952380952380952 0.008571428571428572
5 0.47714285714285715 0.5182142857142857 0.02476190476190476 0.009285714285714286
5 0.4709523809523809 0.35928571428571426 0.025714285714285714 0.007142857142857143
5 0.478095238095238 0.3489285714285714 0.02095238095238095 0.007857142857142858
5 0.4852380952380952 0.3271428571428571 0.018095238095238095 0.014285714285714285
5 0.4504761904761905 0.4517857142857143 0.022857142857142857 0.005
5 0.45285714285714285 0.44642857142857145 0.02 0.005714285714285714
5 0.4533333333333333 0.4210714285714286 0.017142857142857144 0.0064285714285714285
5 0.9609523809523809 0.7275 0.026666666666666665 0.015
5 0.9461904761904761 0.7203571428571428 0.02 0.013571428571428571
5 0.9395238095238094 0.7057142857142857 0.023809523809523805 0.02142857142857143
5 0.9295238095238094 0.6925 0.019047619047619046 0.023571428571428573
7 0.9585714285714285 0.6832142857142857 0.010476190476190476 0.007857142857142858
0 0.8623809523809524 0.5721428571428572 0.018095238095238095 0.024285714285714285
8 0.836190476190476 0.4928571428571429 0.009523809523809523 0.008571428571428572
8 0.7576190476190475 0.5207142857142857 0.010476190476190476 0.008571428571428572
5 0.7561904761904761 0.5225 0.026666666666666665 0.010714285714285714
5 0.8352380952380952 0.4957142857142857 0.011428571428571429 0.02142857142857143
5 0.7904761904761903 0.4585714285714286 0.02476190476190476 0.008571428571428572
5 0.7766666666666666 0.41928571428571426 0.025714285714285714 0.01
5 0.7714285714285715 0.40035714285714286 0.022857142857142857 0.009285714285714286
5 0.7733333333333332 0.39321428571428574 0.019047619047619046 0.007857142857142858
5 0.7704761904761903 0.3825 0.02095238095238095 0.007857142857142858
5 0.7633333333333332 0.3707142857142857 0.02 0.008571428571428572
5 0.7961904761904761 0.3703571428571429 0.022857142857142857 0.009285714285714286
5 0.7614285714285715 0.35928571428571426 0.021904761904761903 0.007142857142857143
5 0.7623809523809524 0.3514285714285714 0.021904761904761903 0.007142857142857143
5 0.7552380952380952 0.32821428571428574 0.017142857142857144 0.007857142857142858
5 0.7423809523809524 0.27785714285714286 0.021904761904761903 0.008571428571428572
5 0.7447619047619046 0.28535714285714286 0.022857142857142857 0.007857142857142858
5 0.7261904761904762 0.17607142857142857 0.01619047619047619 0.009285714285714286
5 0.718095238095238 0.17 0.017142857142857144 0.007142857142857143
5 0.7152380952380952 0.15 0.017142857142857144 0.008571428571428572
5 0.7157142857142857 0.09964285714285714 0.014285714285714285 0.007857142857142858
5 0.7 0.08607142857142858 0.017142857142857144 0.0064285714285714285
5 0.6966666666666667 0.0725 0.01619047619047619 0.007857142857142858
5 0.6957142857142857 0.06785714285714285 0.01619047619047619 0.005714285714285714
5 0.6928571428571428 0.05178571428571429 0.014285714285714285 0.0064285714285714285
5 0.6628571428571428 0.1332142857142857 0.009523809523809523 0.012142857142857143
5 0.5695238095238094 0.023571428571428573 0.005714285714285714 0.011428571428571429
5 0.5047619047619047 0.16535714285714287 0.019047619047619046 0.007857142857142858
5 0.4633333333333333 0.14892857142857144 0.006666666666666666 0.009285714285714286
5 0.44380952380952376 0.15142857142857144 0.005714285714285714 0.011428571428571429
5 0.4357142857142857 0.15 0.008571428571428572 0.01
5 0.45190476190476186 0.15035714285714286 0.008571428571428572 0.013571428571428571
5 0.42809523809523803 0.15178571428571427 0.008571428571428572 0.012142857142857143
5 0.42047619047619045 0.15142857142857144 0.006666666666666666 0.011428571428571429
5 0.41333333333333333 0.15107142857142858 0.007619047619047619 0.012142857142857143
5 0.4476190476190476 0.21678571428571428 0.017142857142857144 0.015
5 0.6047619047619047 0.22714285714285715 0.007619047619047619 0.014285714285714285
5 0.6476190476190475 0.22785714285714287 0.005714285714285714 0.012857142857142857
5 0.5257142857142857 0.2889285714285714 0.013333333333333332 0.015
5 0.56 0.325 0.009523809523809523 0.017142857142857144
5 0.6204761904761904 0.38 0.010476190476190476 0.02
8 0.62 0.37714285714285717 0.007619047619047619 0.008571428571428572
8 0.6204761904761904 0.37464285714285717 0.006666666666666666 0.007857142857142858
8 0.5609523809523809 0.32392857142857145 0.007619047619047619 0.007857142857142858
8 0.5252380952380952 0.2857142857142857 0.006666666666666666 0.008571428571428572
8 0.6052380952380951 0.22607142857142856 0.0047619047619047615 0.005
8 0.6471428571428571 0.22607142857142856 0.006666666666666666 0.005
8 0.4476190476190476 0.215 0.009523809523809523 0.007142857142857143
8 0.5047619047619047 0.16392857142857142 0.009523809523809523 0.0064285714285714285
8 0.6633333333333333 0.13 0.006666666666666666 0.007142857142857143
8 0.5695238095238094 0.02 0.005714285714285714 0.007142857142857143
7 0.7457142857142857 0.11285714285714285 0.007619047619047619 0.014285714285714285
7 0.5276190476190475 0.13392857142857142 0.005714285714285714 0.010714285714285714
7 0.479047619047619 0.12785714285714286 0.005714285714285714 0.01
3 0.5846428571428571 0.006190476190476191 0.013571428571428571 0.012380952380952381
0 0.5538095238095238 0.027142857142857142 0.01238095238095238 0.02142857142857143
11 0.5785714285714286 0.04607142857142857 0.01619047619047619 0.020714285714285713
11 0.5795238095238094 0.08785714285714286 0.018095238095238095 0.02142857142857143
7 0.770952380952381 0.32571428571428573 0.006666666666666666 0.01
0 0.836190476190476 0.36178571428571427 0.015238095238095238 0.025
0 0.729047619047619 0.3167857142857143 0.01619047619047619 0.02214285714285714
0 0.7447619047619046 0.41678571428571426 0.013333333333333332 0.023571428571428573
7 0.7666666666666666 0.43857142857142856 0.007619047619047619 0.007142857142857143
3 0.7342857142857143 0.3742857142857143 0.026666666666666665 0.037142857142857144