3 0.9600253807106599 0.3482142857142857 0.0317258883248731 0.03214285714285715
3 0.9092639593908629 0.32035714285714284 0.0317258883248731 0.027857142857142858
3 0.8013959390862944 0.2517857142857143 0.021573604060913708 0.019285714285714285
3 0.8166243654822335 0.16142857142857142 0.019035532994923856 0.014285714285714285
3 0.9352791878172588 0.1367857142857143 0.02030456852791878 0.017857142857142856
3 0.9657360406091371 0.1282142857142857 0.017766497461928935 0.017857142857142856
3 0.9365482233502538 0.08321428571428571 0.017766497461928935 0.013571428571428571
3 0.8483502538071066 0.013928571428571429 0.008883248730964468 0.0064285714285714285
3 0.9885786802030457 0.25392857142857145 0.02284263959390863 0.019285714285714285
3 0.7766497461928934 0.4228571428571428 0.030456852791878174 0.030000000000000002
11 0.8401015228426396 0.29214285714285715 0.027918781725888325 0.025714285714285714
11 0.9758883248730964 0.42464285714285716 0.03553299492385787 0.043571428571428567
11 0.9536802030456853 0.25607142857142856 0.024111675126903553 0.027857142857142858
11 0.9416243654822335 0.1910714285714286 0.02538071065989848 0.020714285714285713
11 0.8464467005076142 0.18928571428571428 0.02538071065989848 0.02
11 0.934010152284264 0.10464285714285715 0.017766497461928935 0.017857142857142856
3 0.8870558375634517 0.08607142857142856 0.017766497461928935 0.012142857142857141
3 0.924492385786802 0.017499999999999998 0.011421319796954314 0.0064285714285714285
3 0.8965736040609137 0.01107142857142857 0.011421319796954314 0.010714285714285714
3 0.8204314720812182 0.04642857142857142 0.011421319796954314 0.01
11 0.9219543147208121 0.042142857142857135 0.01649746192893401 0.012857142857142857
11 0.8934010152284264 0.054285714285714284 0.017766497461928935 0.015714285714285715
11 0.8908629441624365 0.07428571428571429 0.017766497461928935 0.018571428571428572
11 0.9118020304568527 0.07392857142857143 0.013959390862944163 0.017857142857142856
3 0.9078571428571428 0.0038071065989847717 0.016428571428571428 0.007614213197969543
3 0.8667857142857143 0.0031725888324873096 0.017857142857142856 0.006345177664974619
10 0.8280456852791879 0.07678571428571428 0.024111675126903553 0.023571428571428573