3 0.6733333333333333 0.6703571428571429 0.08761904761904761 0.09642857142857143
3 0.6928571428571428 0.3775 0.08857142857142856 0.03214285714285714
3 0.7757142857142857 0.3464285714285714 0.07333333333333332 0.02857142857142857
3 0.9810714285714286 0.40095238095238095 0.03785714285714286 0.03238095238095238
3 0.5442857142857143 0.3335714285714286 0.07333333333333332 0.03142857142857143
3 0.369047619047619 0.3267857142857143 0.06952380952380952 0.02642857142857143
3 0.24714285714285714 0.3382142857142857 0.06952380952380952 0.03214285714285714
3 0.24285714285714285 0.2882142857142857 0.06476190476190476 0.02214285714285714
3 0.11571428571428571 0.26785714285714285 0.0619047619047619 0.022857142857142857
3 0.17333333333333334 0.2592857142857143 0.05523809523809523 0.02
3 0.23047619047619045 0.39964285714285713 0.08 0.03785714285714286
3 0.5228571428571429 0.25 0.04952380952380952 0.018571428571428572
3 0.6938095238095238 0.235 0.02952380952380952 0.017142857142857144
3 0.7414285714285714 0.22607142857142856 0.025714285714285714 0.019285714285714285
3 0.7676190476190475 0.20464285714285715 0.02095238095238095 0.016428571428571428
3 0.8033333333333332 0.1767857142857143 0.02 0.010714285714285714
3 0.8957142857142857 0.15178571428571427 0.014285714285714285 0.013571428571428571
3 0.85 0.1425 0.014285714285714285 0.009285714285714286
3 0.9161904761904761 0.12642857142857142 0.011428571428571429 0.008571428571428572
3 0.8904761904761904 0.12035714285714286 0.011428571428571429 0.007857142857142858
3 0.8895238095238095 0.11178571428571428 0.011428571428571429 0.007857142857142858
3 0.9314285714285714 0.11071428571428571 0.011428571428571429 0.007142857142857143
3 0.9228571428571428 0.10357142857142858 0.009523809523809523 0.007142857142857143
3 0.93 0.09892857142857144 0.008571428571428572 0.0064285714285714285
3 0.9557142857142857 0.24571428571428572 0.021904761904761903 0.015714285714285715
3 0.9595238095238094 0.2307142857142857 0.018095238095238095 0.012857142857142857
3 0.9619047619047618 0.21928571428571428 0.017142857142857144 0.014285714285714285
3 0.9709523809523809 0.1632142857142857 0.014285714285714285 0.010714285714285714
3 0.8376190476190475 0.15285714285714286 0.014285714285714285 0.011428571428571429
3 0.7238095238095238 0.2067857142857143 0.02476190476190476 0.016428571428571428
3 0.7361904761904761 0.19607142857142856 0.022857142857142857 0.013571428571428571
3 0.7466666666666666 0.1875 0.02095238095238095 0.013571428571428571
3 0.7604761904761904 0.18071428571428572 0.018095238095238095 0.012857142857142857
3 0.7761904761904761 0.17142857142857143 0.019047619047619046 0.012857142857142857
3 0.7895238095238095 0.16428571428571428 0.017142857142857144 0.011428571428571429
3 0.7957142857142857 0.15857142857142856 0.018095238095238095 0.01
3 0.7171428571428572 0.18035714285714285 0.022857142857142857 0.013571428571428571
3 0.6928571428571428 0.1925 0.023809523809523805 0.013571428571428571
3 0.6385714285714286 0.2075 0.04285714285714286 0.015
11 0.8442857142857143 0.2075 0.02 0.017857142857142856
11 0.968095238095238 0.1957142857142857 0.014285714285714285 0.014285714285714285
3 0.9709523809523809 0.18428571428571427 0.014285714285714285 0.01
11 0.9685714285714285 0.19142857142857142 0.017142857142857144 0.012857142857142857
10 0.8257142857142857 0.16142857142857142 0.019047619047619046 0.02
3 0.859047619047619 0.13535714285714287 0.013333333333333332 0.009285714285714286
3 0.8709523809523809 0.12785714285714286 0.010476190476190476 0.008571428571428572
3 0.879047619047619 0.12142857142857143 0.009523809523809523 0.008571428571428572
3 0.8738095238095237 0.12392857142857143 0.010476190476190476 0.009285714285714286
3 0.8947619047619046 0.10642857142857143 0.008571428571428572 0.008571428571428572
10 0.9 0.10142857142857142 0.011428571428571429 0.011428571428571429
4 0.9247619047619047 0.08535714285714285 0.013333333333333332 0.013571428571428571
3 0.9533333333333333 0.08392857142857142 0.007619047619047619 0.005
3 0.9576190476190475 0.07892857142857143 0.006666666666666666 0.005
3 0.9404761904761904 0.08107142857142857 0.006666666666666666 0.005
3 0.9533333333333333 0.07607142857142857 0.005714285714285714 0.005
3 0.9733333333333333 0.08892857142857143 0.005714285714285714 0.005
4 0.9876190476190475 0.12464285714285714 0.009523809523809523 0.03214285714285714
4 0.9876190476190475 0.0575 0.007619047619047619 0.03642857142857143
4 0.968095238095238 0.055714285714285716 0.008571428571428572 0.01
4 0.9985714285714286 0.0419047619047619 0.002857142857142857 0.010476190476190476
4 0.9785714285714285 0.05035714285714286 0.0047619047619047615 0.009285714285714286
4 0.9989285714285714 0.06380952380952382 0.002142857142857143 0.010476190476190476
3 0.9742857142857143 0.06821428571428571 0.005714285714285714 0.0035714285714285713
3 0.9566666666666667 0.07035714285714285 0.0047619047619047615 0.0035714285714285713
4 0.9123809523809523 0.09571428571428571 0.009523809523809523 0.008571428571428572
7 0.9709523809523809 0.13392857142857142 0.0047619047619047615 0.007857142857142858
7 0.9885714285714285 0.2810714285714286 0.011428571428571429 0.016428571428571428
7 0.9166666666666666 0.25607142857142856 0.008571428571428572 0.015
7 0.9347619047619047 0.24428571428571427 0.006666666666666666 0.014285714285714285
7 0.9085714285714286 0.25035714285714283 0.007619047619047619 0.013571428571428571
5 0.9223809523809523 0.25035714285714283 0.010476190476190476 0.015
7 0.5814285714285714 0.24142857142857144 0.006666666666666666 0.015714285714285715
8 0.8980952380952381 0.22428571428571428 0.007619047619047619 0.011428571428571429
1 0.8976190476190475 0.2275 0.008571428571428572 0.012142857142857143
1 0.900952380952381 0.4742857142857143 0.04 0.02
8 0.899047619047619 0.46785714285714286 0.017142857142857144 0.024285714285714285
7 0.28523809523809524 0.41928571428571426 0.014285714285714285 0.024285714285714285
3 0.18666666666666665 0.3921428571428571 0.06857142857142857 0.037142857142857144
3 0.15619047619047619 0.3842857142857143 0.08571428571428572 0.04285714285714286
3 0.12 0.3742857142857143 0.07619047619047618 0.03571428571428571
3 0.10904761904761905 0.5164285714285715 0.09238095238095237 0.06285714285714286
3 0.04178571428571429 0.36952380952380953 0.08357142857142857 0.0419047619047619
3 0.022857142857142857 0.3580952380952381 0.045714285714285714 0.03619047619047619
8 0.40952380952380946 0.5817857142857142 0.02857142857142857 0.02642857142857143
5 0.41333333333333333 0.5807142857142857 0.05904761904761904 0.04285714285714286
3 0.33714285714285713 0.2225 0.043809523809523805 0.019285714285714285
8 0.09190476190476189 0.1975 0.010476190476190476 0.012142857142857143
1 0.09238095238095237 0.20142857142857143 0.017142857142857144 0.008571428571428572
11 0.48857142857142855 0.29285714285714287 0.06095238095238095 0.027142857142857142