7 0.015357142857142857 0.6842857142857143 0.030714285714285715 0.021904761904761906
7 0.13238095238095238 0.6671428571428571 0.03428571428571429 0.024285714285714285
8 0.2752380952380952 0.5992857142857143 0.02857142857142857 0.027142857142857142
1 0.27904761904761904 0.6017857142857143 0.05142857142857143 0.029285714285714286
3 0.32857142857142857 0.48714285714285716 0.10476190476190475 0.04428571428571428
7 0.4147619047619047 0.4667857142857143 0.01619047619047619 0.023571428571428573
7 0.43476190476190474 0.4667857142857143 0.018095238095238095 0.025
11 0.4042857142857143 0.4203571428571429 0.07523809523809523 0.03785714285714286
3 0.44857142857142857 0.3782142857142857 0.07238095238095238 0.04214285714285714
3 0.488095238095238 0.3482142857142857 0.08476190476190476 0.03357142857142857
3 0.5042857142857143 0.3275 0.07904761904761905 0.03357142857142857
3 0.5252380952380952 0.3082142857142857 0.06571428571428571 0.023571428571428573
7 0.5542857142857143 0.5067857142857143 0.013333333333333332 0.025
7 0.5647619047619047 0.5107142857142857 0.013333333333333332 0.027142857142857142
7 0.5895238095238095 0.455 0.015238095238095238 0.024285714285714285
7 0.6023809523809524 0.45714285714285713 0.01619047619047619 0.022857142857142857
7 0.62 0.3964285714285714 0.011428571428571429 0.022857142857142857
7 0.6361904761904762 0.39964285714285713 0.013333333333333332 0.025
7 0.69 0.40214285714285714 0.01238095238095238 0.02142857142857143
7 0.72 0.3339285714285714 0.007619047619047619 0.019285714285714285
7 0.7347619047619046 0.3325 0.010476190476190476 0.016428571428571428
8 0.6090476190476191 0.38 0.014285714285714285 0.011428571428571429
8 0.6104761904761904 0.3767857142857143 0.013333333333333332 0.010714285714285714
8 0.6128571428571429 0.37464285714285717 0.010476190476190476 0.013571428571428571
5 0.6119047619047618 0.38285714285714284 0.02 0.02142857142857143
7 0.5685714285714286 0.3507142857142857 0.009523809523809523 0.02142857142857143
7 0.5571428571428572 0.34785714285714286 0.011428571428571429 0.024285714285714285
7 0.5895238095238095 0.3439285714285714 0.011428571428571429 0.023571428571428573
7 0.6004761904761905 0.3457142857142857 0.01238095238095238 0.02
7 0.6104761904761904 0.34535714285714286 0.011428571428571429 0.020714285714285713
7 0.6185714285714285 0.35 0.01238095238095238 0.022857142857142857
7 0.6047619047619047 0.32821428571428574 0.013333333333333332 0.019285714285714285
7 0.5652380952380952 0.33321428571428574 0.010476190476190476 0.019285714285714285
7 0.56 0.3225 0.009523809523809523 0.016428571428571428
7 0.5671428571428572 0.2710714285714286 0.010476190476190476 0.012142857142857143
7 0.5452380952380952 0.27535714285714286 0.01238095238095238 0.015
3 0.5909523809523809 0.25821428571428573 0.05809523809523809 0.02214285714285714
3 0.6333333333333333 0.21821428571428572 0.05523809523809523 0.020714285714285713
3 0.6442857142857142 0.20857142857142857 0.04095238095238095 0.017142857142857144
3 0.6571428571428571 0.19785714285714287 0.045714285714285714 0.018571428571428572
7 0.6871428571428572 0.20214285714285715 0.008571428571428572 0.017142857142857144
7 0.7042857142857143 0.18178571428571427 0.008571428571428572 0.015
3 0.6719047619047619 0.18892857142857142 0.03333333333333333 0.016428571428571428
3 0.6766666666666666 0.17964285714285713 0.035238095238095235 0.015
3 0.6861904761904761 0.17392857142857143 0.02952380952380952 0.016428571428571428
3 0.7 0.16714285714285715 0.026666666666666665 0.012857142857142857
7 0.72 0.16857142857142857 0.005714285714285714 0.014285714285714285
7 0.7228571428571429 0.16357142857142856 0.007619047619047619 0.014285714285714285
3 0.7061904761904761 0.16071428571428573 0.02952380952380952 0.014285714285714285
7 0.7176190476190476 0.1392857142857143 0.006666666666666666 0.012857142857142857
3 0.7338095238095238 0.12428571428571429 0.037142857142857144 0.014285714285714285
7 0.7814285714285715 0.2257142857142857 0.008571428571428572 0.017142857142857144
7 0.7885714285714286 0.22714285714285715 0.007619047619047619 0.017142857142857144
7 0.889047619047619 0.22964285714285715 0.010476190476190476 0.015
7 0.9157142857142857 0.23 0.010476190476190476 0.012857142857142857
7 0.7885714285714286 0.19392857142857142 0.007619047619047619 0.016428571428571428
7 0.7866666666666666 0.18964285714285714 0.005714285714285714 0.015
7 0.7814285714285715 0.18785714285714286 0.008571428571428572 0.015714285714285715
7 0.8195238095238094 0.1407142857142857 0.006666666666666666 0.011428571428571429
7 0.8195238095238094 0.1382142857142857 0.0047619047619047615 0.012142857142857143
7 0.8371428571428572 0.13357142857142856 0.005714285714285714 0.012857142857142857
7 0.8423809523809523 0.1332142857142857 0.006666666666666666 0.012142857142857143
7 0.8466666666666666 0.13392857142857142 0.007619047619047619 0.010714285714285714
7 0.8857142857142857 0.12357142857142857 0.009523809523809523 0.011428571428571429
7 0.8947619047619046 0.12357142857142857 0.008571428571428572 0.012857142857142857
7 0.9147619047619047 0.12714285714285714 0.006666666666666666 0.012857142857142857
7 0.9085714285714286 0.12571428571428572 0.007619047619047619 0.012857142857142857
7 0.9047619047619047 0.11964285714285715 0.005714285714285714 0.012142857142857143
7 0.9080952380952381 0.12 0.006666666666666666 0.012857142857142857
7 0.9357142857142857 0.22714285714285715 0.010476190476190476 0.015714285714285715
7 0.9509523809523809 0.23214285714285715 0.01238095238095238 0.014285714285714285
7 0.9585714285714285 0.2357142857142857 0.01238095238095238 0.017142857142857144
7 0.9819047619047618 0.24071428571428571 0.011428571428571429 0.017142857142857144
7 0.9928571428571429 0.23964285714285713 0.010476190476190476 0.016428571428571428
7 0.9276190476190476 0.09857142857142857 0.005714285714285714 0.01
7 0.9314285714285714 0.09928571428571428 0.0038095238095238095 0.01
7 0.9347619047619047 0.09964285714285714 0.006666666666666666 0.009285714285714286
7 0.9519047619047618 0.11392857142857143 0.006666666666666666 0.012142857142857143
7 0.9461904761904761 0.11357142857142857 0.008571428571428572 0.012857142857142857
7 0.9409523809523809 0.10785714285714286 0.005714285714285714 0.011428571428571429
7 0.9471428571428572 0.10821428571428572 0.006666666666666666 0.010714285714285714
7 0.9590476190476189 0.10821428571428572 0.005714285714285714 0.012142857142857143
7 0.9633333333333333 0.10678571428571429 0.0047619047619047615 0.010714285714285714
7 0.9695238095238095 0.10357142857142858 0.005714285714285714 0.01
7 0.966190476190476 0.10321428571428572 0.006666666666666666 0.009285714285714286
7 0.9766666666666666 0.09571428571428571 0.006666666666666666 0.011428571428571429
7 0.9847619047619046 0.09285714285714286 0.0038095238095238095 0.008571428571428572
7 0.988095238095238 0.09392857142857143 0.0047619047619047615 0.010714285714285714
7 0.9923809523809524 0.09535714285714286 0.005714285714285714 0.010714285714285714
1 0.1438095238095238 0.6139285714285714 0.03619047619047619 0.019285714285714285