11 0.6873840445269017 0.47912317327766185 0.1280148423005566 0.03549060542797495
11 0.6952690166975881 0.44519832985386226 0.10482374768089053 0.03549060542797495
3 0.7810760667903525 0.4005741127348643 0.11873840445269015 0.03183716075156577
11 0.796382189239332 0.3721294363256785 0.08812615955473098 0.03131524008350731
3 0.7926716141001855 0.3489039665970773 0.09925788497217068 0.0255741127348643
3 0.8191094619666047 0.3243736951983299 0.09276437847866419 0.020354906054279753
3 0.9577922077922076 0.26383089770354906 0.0398886827458256 0.03183716075156577
3 0.8803339517625232 0.21320459290187893 0.07235621521335805 0.021398747390396662
11 0.8974953617810759 0.19519832985386223 0.06029684601113172 0.016701461377870565
11 0.9021335807050093 0.17145093945720252 0.062152133580705 0.01722338204592902
11 0.9267161410018552 0.1430062630480167 0.04267161410018552 0.013569937369519834
3 0.9271799628942485 0.10568893528183718 0.02133580705009276 0.01304801670146138
11 0.9332096474953617 0.08168058455114824 0.03710575139146567 0.01304801670146138
3 0.9438775510204082 0.13308977035490607 0.04730983302411874 0.015657620041753657
5 0.9870129870129869 0.32124217118997916 0.012987012987012986 0.014091858037578288
8 0.9851576994434137 0.31289144050104384 0.01484230055658627 0.009916492693110648
5 0.6066790352504637 0.3776096033402923 0.027829313543599257 0.01304801670146138
5 0.45686456400742115 0.5185281837160752 0.04916512059369202 0.0151356993736952
5 0.5329313543599258 0.45276617954070986 0.04359925788497217 0.018267223382045932
5 0.6660482374768089 0.3178496868475992 0.03525046382189239 0.012526096033402925
1 0.725417439703154 0.2677453027139875 0.02411873840445269 0.013569937369519834
7 0.9656771799628941 0.194937369519833 0.009276437847866418 0.012004175365344469
7 0.9791280148423005 0.18841336116910232 0.006493506493506493 0.011482254697286014
7 0.974025974025974 0.18371607515657623 0.007421150278293135 0.013569937369519834
5 0.8576066790352503 0.13308977035490607 0.017625231910946195 0.008350730688935283