3 0.48047619047619045 0.46964285714285714 0.1876190476190476 0.135
3 0.9217857142857143 0.6880952380952381 0.15642857142857142 0.1219047619047619
3 0.7409523809523809 0.07285714285714286 0.11428571428571428 0.06
3 0.879047619047619 0.026785714285714284 0.10095238095238093 0.05071428571428571
3 0.94 0.21904761904761905 0.12 0.07333333333333333
7 0.7461904761904761 0.6682142857142858 0.037142857142857144 0.03785714285714286
7 0.7047619047619047 0.6882142857142857 0.0419047619047619 0.02642857142857143
7 0.5347619047619048 0.6475 0.05809523809523809 0.035
5 0.5442857142857143 0.6446428571428572 0.09047619047619047 0.056428571428571425
7 0.5652380952380952 0.22464285714285714 0.023809523809523805 0.03785714285714286
7 0.5009523809523809 0.20642857142857143 0.02476190476190476 0.041428571428571426
7 0.47952380952380946 0.21392857142857144 0.027619047619047616 0.04071428571428572
7 0.47333333333333333 0.16535714285714287 0.02857142857142857 0.04642857142857143
7 0.45285714285714285 0.1717857142857143 0.03142857142857143 0.04071428571428572
7 0.36238095238095236 0.19357142857142856 0.023809523809523805 0.037142857142857144
7 0.32476190476190475 0.17785714285714285 0.030476190476190476 0.041428571428571426
7 0.3333333333333333 0.14892857142857144 0.02857142857142857 0.03785714285714286
7 0.30952380952380953 0.14714285714285713 0.03238095238095238 0.04
7 0.3395238095238095 0.12785714285714286 0.03333333333333333 0.045714285714285714
7 0.39190476190476187 0.15285714285714286 0.02952380952380952 0.04285714285714286
7 0.4066666666666666 0.13428571428571429 0.02857142857142857 0.041428571428571426
7 0.42761904761904757 0.12642857142857142 0.02476190476190476 0.04
7 0.37476190476190474 0.12107142857142857 0.03333333333333333 0.04928571428571429
8 0.5304761904761904 0.06571428571428571 0.022857142857142857 0.027142857142857142
1 0.5333333333333333 0.08107142857142857 0.022857142857142857 0.035