7 0.759 0.021 0.0245 0.042
7 0.7413333333333333 0.06575 0.025333333333333333 0.0595
7 0.7346666666666666 0.15475 0.025333333333333333 0.0505
7 0.466 0.2845 0.04533333333333333 0.053
7 0.8056666666666666 0.35125 0.038 0.0515
7 0.762 0.47425 0.04 0.0385
7 0.789 0.46 0.02733333333333333 0.027
7 0.848 0.4925 0.042666666666666665 0.036
7 0.8326666666666667 0.4475 0.03733333333333333 0.034
7 0.8973333333333332 0.359 0.042666666666666665 0.046
7 0.9113333333333332 0.411 0.049333333333333326 0.045
7 0.97425 0.44366666666666665 0.0515 0.03933333333333333
8 0.6016666666666667 0.391 0.04466666666666667 0.044
8 0.6126666666666666 0.23475 0.04 0.0465
8 0.578 0.089 0.033333333333333326 0.039
8 0.5883333333333333 0.07925 0.024666666666666663 0.0295
8 0.5393333333333332 0.29725 0.03733333333333333 0.0375
5 0.5433333333333332 0.3025 0.04 0.071
5 0.6206666666666666 0.253 0.026666666666666665 0.057
5 0.6053333333333333 0.40425 0.033333333333333326 0.0675
5 0.8223333333333332 0.40875 0.054 0.0705
5 0.5806666666666667 0.107 0.026666666666666665 0.066
7 0.8343333333333333 0.10125 0.03133333333333333 0.0635
7 0.836 0.08725 0.042666666666666665 0.0585
8 0.8273333333333333 0.044 0.04666666666666666 0.039
8 0.8266666666666667 0.02775 0.049333333333333326 0.0405
7 0.93 0.112 0.029333333333333333 0.063
7 0.9373333333333332 0.12825 0.029333333333333333 0.0465
7 0.974 0.1275 0.026666666666666665 0.046
8 0.871 0.33 0.038 0.043
8 0.9576666666666667 0.607 0.07133333333333333 0.034
8 0.7336666666666666 0.653 0.026 0.021
8 0.774 0.54825 0.048 0.0425
7 0.728 0.6445 0.04533333333333333 0.049
7 0.9283333333333332 0.66725 0.046 0.0305
7 0.9503333333333333 0.70975 0.05933333333333333 0.0315
5 0.779 0.554 0.062 0.082
7 0.4543333333333333 0.62325 0.058 0.0345
8 0.5563333333333332 0.647 0.05266666666666667 0.046
5 0.551 0.64275 0.034 0.0955
1 0.3943333333333333 0.724 0.094 0.044
0 0.41133333333333333 0.28675 0.07333333333333333 0.1115
9 0.2003333333333333 0.29625 0.118 0.0845
9 0.181 0.177 0.134 0.052
5 0.30666666666666664 0.1785 0.08133333333333333 0.034
5 0.08766666666666666 0.29075 0.09133333333333332 0.0395