11 0.6110406091370558 0.3853571428571429 0.13324873096446702 0.062142857142857146
11 0.7519035532994923 0.4321428571428571 0.1383248730964467 0.06142857142857142
11 0.8921319796954316 0.47678571428571426 0.1548223350253807 0.07928571428571428
11 0.47652284263959394 0.34249999999999997 0.13071065989847716 0.05499999999999999
11 0.3610406091370558 0.30107142857142855 0.12309644670050761 0.05928571428571428
3 0.2601522842639594 0.27214285714285713 0.116751269035533 0.047142857142857146
11 0.9542857142857143 0.12309644670050761 0.09142857142857143 0.06218274111675127
11 0.9903571428571428 0.08946700507614214 0.019285714285714285 0.04187817258883249
11 0.9814285714285714 0.0266497461928934 0.037142857142857144 0.03680203045685279
11 0.9359137055837563 0.1857142857142857 0.10279187817258882 0.060000000000000005
11 0.07106598984771574 0.20785714285714282 0.10913705583756346 0.05142857142857143
11 0.1598984771573604 0.23535714285714285 0.10913705583756346 0.047857142857142855
11 0.015714285714285715 0.19416243654822335 0.03142857142857143 0.031725888324873094
7 0.23223350253807107 0.22428571428571428 0.027918781725888325 0.02
7 0.25444162436548223 0.22249999999999998 0.02918781725888325 0.019285714285714285
7 0.10088832487309646 0.14714285714285713 0.026649746192893398 0.02142857142857143
7 0.8978426395939085 0.3989285714285714 0.02918781725888325 0.020714285714285713
5 0.9867857142857143 0.5190355329949239 0.02642857142857143 0.03553299492385787
7 0.31345177664974616 0.5189285714285714 0.030456852791878174 0.019285714285714285