3 0.5545685279187818 0.008928571428571428 0.017766497461928935 0.012142857142857141
3 0.6065989847715736 0.040357142857142855 0.043147208121827416 0.012142857142857141
3 0.8445431472081218 0.07392857142857143 0.044416243654822336 0.012142857142857141
11 0.7677664974619288 0.05071428571428571 0.04568527918781726 0.015714285714285715
10 0.6878172588832487 0.03321428571428572 0.06852791878172589 0.017857142857142856
3 0.9079949238578681 0.09071428571428572 0.044416243654822336 0.012857142857142857
11 0.5761421319796954 0.12571428571428572 0.02030456852791878 0.018571428571428572
2 0.559010152284264 0.1732142857142857 0.0317258883248731 0.03357142857142857
11 0.6878172588832487 0.22714285714285712 0.017766497461928935 0.02857142857142857
11 0.6560913705583756 0.4657142857142857 0.02538071065989848 0.03571428571428571
7 0.8832487309644669 0.49857142857142855 0.007614213197969543 0.007142857142857143
7 0.8972081218274113 0.3696428571428571 0.005076142131979695 0.0064285714285714285
3 0.7741116751269036 0.4096428571428571 0.015228426395939087 0.019285714285714285
7 0.9118020304568527 0.3803571428571428 0.00634517766497462 0.0035714285714285713
7 0.8984771573604061 0.44035714285714284 0.005076142131979695 0.0064285714285714285