4 0.8115482233502538 0.05071428571428571 0.06979695431472081 0.09142857142857143
3 0.79251269035533 0.10107142857142858 0.008883248730964468 0.0035714285714285713
3 0.809010152284264 0.10714285714285715 0.00634517766497462 0.004285714285714286
3 0.8178934010152283 0.1307142857142857 0.008883248730964468 0.004285714285714286
3 0.625 0.25357142857142856 0.021573604060913708 0.007142857142857143
3 0.6560913705583756 0.25321428571428567 0.02030456852791878 0.0064285714285714285
2 0.6770304568527918 0.2546428571428571 0.03426395939086294 0.009285714285714286
3 0.66751269035533 0.26 0.02538071065989848 0.005714285714285714
3 0.6954314720812182 0.2621428571428571 0.02284263959390863 0.007142857142857143
3 0.7049492385786802 0.2592857142857143 0.024111675126903553 0.005714285714285714
3 0.6973350253807107 0.25392857142857145 0.026649746192893398 0.0064285714285714285
3 0.7322335025380712 0.26107142857142857 0.02538071065989848 0.005
3 0.7347715736040609 0.25857142857142856 0.02284263959390863 0.004285714285714286
3 0.7328680203045684 0.25607142857142856 0.024111675126903553 0.0064285714285714285
3 0.7373096446700507 0.25285714285714284 0.02538071065989848 0.005714285714285714
3 0.9543147208121827 0.2714285714285714 0.02538071065989848 0.007142857142857143
3 0.9854060913705583 0.2710714285714286 0.024111675126903553 0.0064285714285714285
2 0.9714285714285714 0.2626903553299492 0.05714285714285714 0.013959390862944163
2 0.9885714285714285 0.258248730964467 0.022857142857142857 0.013959390862944163
10 0.9467005076142133 0.26035714285714284 0.03807106598984771 0.012142857142857141
3 0.7785532994923858 0.295 0.011421319796954314 0.008571428571428572
3 0.7956852791878173 0.29428571428571426 0.01269035532994924 0.01
3 0.8102791878172588 0.28928571428571426 0.011421319796954314 0.008571428571428572
5 0.8267766497461928 0.2914285714285714 0.00634517766497462 0.005714285714285714
3 0.8115482233502538 0.3 0.013959390862944163 0.008571428571428572
3 0.8286802030456853 0.3057142857142857 0.01269035532994924 0.008571428571428572
3 0.7779187817258884 0.3075 0.01269035532994924 0.009285714285714286
3 0.7944162436548223 0.3167857142857143 0.01269035532994924 0.010714285714285714
3 0.8121827411167514 0.31035714285714283 0.01269035532994924 0.009285714285714286
3 0.8121827411167514 0.32 0.01269035532994924 0.011428571428571429
3 0.8134517766497462 0.3310714285714285 0.01269035532994924 0.010714285714285714
3 0.8280456852791879 0.31785714285714284 0.013959390862944163 0.01
3 0.8470812182741116 0.3189285714285714 0.013959390862944163 0.010714285714285714
3 0.8312182741116751 0.33071428571428574 0.01269035532994924 0.011428571428571429
11 0.8305837563451777 0.34428571428571425 0.013959390862944163 0.011428571428571429
5 0.8166243654822335 0.3385714285714286 0.008883248730964468 0.007142857142857143
11 0.8147208121827412 0.3696428571428571 0.015228426395939087 0.013571428571428571
3 0.8331218274111676 0.36214285714285716 0.013959390862944163 0.011428571428571429
3 0.8362944162436547 0.3853571428571429 0.015228426395939087 0.012142857142857141
3 0.8204314720812182 0.4185714285714286 0.019035532994923856 0.012857142857142857
3 0.8692893401015228 0.2864285714285714 0.015228426395939087 0.011428571428571429
3 0.8921319796954316 0.28857142857142853 0.015228426395939087 0.012857142857142857
3 0.8946700507614214 0.31392857142857145 0.017766497461928935 0.012142857142857141
3 0.8794416243654822 0.32785714285714285 0.015228426395939087 0.014285714285714285
10 0.8826142131979696 0.35857142857142854 0.019035532994923856 0.02142857142857143
3 0.9048223350253807 0.3603571428571428 0.015228426395939087 0.012142857142857141
3 0.891497461928934 0.39642857142857146 0.01649746192893401 0.014285714285714285
3 0.9111675126903553 0.3892857142857143 0.017766497461928935 0.017142857142857144
2 0.9346446700507615 0.3885714285714285 0.02918781725888325 0.03428571428571429
3 0.924492385786802 0.4467857142857143 0.019035532994923856 0.016428571428571428
3 0.8426395939086295 0.4717857142857143 0.017766497461928935 0.016428571428571428
10 0.8242385786802031 0.535 0.026649746192893398 0.03571428571428571
3 0.9149746192893401 0.5235714285714286 0.02030456852791878 0.02
3 0.9428934010152283 0.5164285714285713 0.02030456852791878 0.02
7 0.9803299492385786 0.42214285714285715 0.00634517766497462 0.008571428571428572
7 0.9638324873096447 0.40857142857142853 0.00634517766497462 0.007142857142857143
7 0.9625634517766498 0.3907142857142857 0.00634517766497462 0.007142857142857143