11 0.5157142857142857 0.6810714285714285 0.0619047619047619 0.06357142857142857
11 0.5757142857142857 0.6135714285714285 0.06 0.05857142857142857
11 0.8785714285714286 0.26107142857142857 0.052380952380952375 0.047857142857142855
11 0.9280952380952381 0.20357142857142857 0.050476190476190466 0.05142857142857143
11 0.34095238095238095 0.17107142857142857 0.06095238095238095 0.045
11 0.4757142857142857 0.18642857142857142 0.06952380952380952 0.041428571428571426
3 0.6271428571428571 0.5464285714285714 0.052380952380952375 0.04857142857142857
3 0.5 0.505 0.05333333333333333 0.05285714285714286
3 0.669047619047619 0.4967857142857143 0.050476190476190466 0.047857142857142855
3 0.5476190476190476 0.4475 0.05333333333333333 0.05357142857142857
3 0.5876190476190476 0.3939285714285714 0.05142857142857143 0.05357142857142857
3 0.7161904761904762 0.4539285714285714 0.05142857142857143 0.05071428571428571
3 0.828095238095238 0.3157142857142857 0.050476190476190466 0.05
3 0.7076190476190476 0.28785714285714287 0.06666666666666667 0.041428571428571426
3 0.8414285714285714 0.24785714285714286 0.04857142857142857 0.04857142857142857
3 0.5261904761904762 0.245 0.0676190476190476 0.041428571428571426
3 0.42047619047619045 0.24892857142857142 0.0619047619047619 0.03642857142857143
3 0.4252380952380952 0.21714285714285714 0.0676190476190476 0.045714285714285714
3 0.32476190476190475 0.20464285714285715 0.06476190476190476 0.03785714285714286
3 0.2676190476190476 0.08964285714285715 0.06857142857142857 0.04214285714285714
3 0.05714285714285714 0.06571428571428571 0.07809523809523809 0.04428571428571428
3 0.19238095238095237 0.052142857142857144 0.07238095238095238 0.04285714285714286
3 0.13333333333333333 0.023214285714285715 0.06476190476190476 0.039285714285714285
3 0.013214285714285715 0.039523809523809524 0.02642857142857143 0.03238095238095238
10 0.2542857142857143 0.1442857142857143 0.0838095238095238 0.04857142857142857
10 0.5471428571428572 0.30964285714285716 0.07333333333333332 0.045
10 0.7771428571428571 0.38035714285714284 0.06285714285714286 0.05785714285714286
9 0.7476190476190475 0.35464285714285715 0.03238095238095238 0.03214285714285714
9 0.47952380952380946 0.2814285714285714 0.04285714285714286 0.024285714285714285
9 0.7095238095238094 0.24821428571428572 0.043809523809523805 0.035
5 0.17047619047619048 0.13178571428571428 0.02857142857142857 0.013571428571428571
5 0.2257142857142857 0.15928571428571428 0.02095238095238095 0.02
5 0.2438095238095238 0.10357142857142858 0.02857142857142857 0.015714285714285715
5 0.37476190476190474 0.2117857142857143 0.03142857142857143 0.017857142857142856
5 0.5804761904761905 0.23857142857142857 0.02 0.017142857142857144
5 0.5642857142857143 0.2292857142857143 0.023809523809523805 0.017142857142857144
5 0.5471428571428572 0.21928571428571428 0.010476190476190476 0.02142857142857143
5 0.5323809523809523 0.21428571428571427 0.022857142857142857 0.02142857142857143
5 0.38857142857142857 0.17357142857142857 0.02476190476190476 0.017142857142857144
5 0.42857142857142855 0.1957142857142857 0.02476190476190476 0.014285714285714285
5 0.4833333333333333 0.21571428571428572 0.01619047619047619 0.015714285714285715
5 0.51 0.2596428571428571 0.027619047619047616 0.015
5 0.7719047619047618 0.26357142857142857 0.021904761904761903 0.022857142857142857
5 0.7647619047619046 0.19 0.015238095238095238 0.02142857142857143
5 0.7757142857142857 0.22035714285714286 0.02 0.02214285714285714
5 0.838095238095238 0.1975 0.02095238095238095 0.025
5 0.8285714285714286 0.165 0.02095238095238095 0.02
5 0.7795238095238095 0.17392857142857143 0.03142857142857143 0.010714285714285714
5 0.8566666666666666 0.15892857142857142 0.021904761904761903 0.025
5 0.9385714285714286 0.048214285714285716 0.025714285714285714 0.02642857142857143
5 0.9190476190476189 0.09071428571428572 0.026666666666666665 0.024285714285714285
5 0.8333333333333333 0.11785714285714285 0.02476190476190476 0.025714285714285714
5 0.7933333333333332 0.15428571428571428 0.026666666666666665 0.011428571428571429
5 0.4676190476190476 0.3292857142857143 0.013333333333333332 0.024285714285714285
4 0.3342857142857143 0.12071428571428572 0.05714285714285714 0.03857142857142857
4 0.409047619047619 0.14857142857142858 0.054285714285714284 0.03
5 0.4233333333333333 0.17892857142857144 0.023809523809523805 0.017857142857142856
5 0.13428571428571429 0.06642857142857143 0.030476190476190476 0.018571428571428572
4 0.1276190476190476 0.10392857142857143 0.05333333333333333 0.03785714285714286
7 0.19952380952380952 0.10535714285714286 0.021904761904761903 0.013571428571428571
7 0.3171428571428571 0.06857142857142857 0.019047619047619046 0.014285714285714285
7 0.2676190476190476 0.22035714285714286 0.019047619047619046 0.012142857142857143
7 0.5123809523809524 0.4278571428571429 0.011428571428571429 0.011428571428571429
5 0.5847619047619047 0.46214285714285713 0.017142857142857144 0.02
5 0.16238095238095238 0.1792857142857143 0.023809523809523805 0.024285714285714285
5 0.23238095238095235 0.18928571428571428 0.03428571428571429 0.02142857142857143
5 0.2557142857142857 0.18321428571428572 0.035238095238095235 0.023571428571428573
5 0.26666666666666666 0.17392857142857143 0.04 0.020714285714285713