3 0.02855329949238579 0.14607142857142857 0.04695431472081218 0.016428571428571428
3 0.14022842639593908 0.16392857142857142 0.05456852791878173 0.020714285714285713
11 0.037436548223350255 0.16642857142857143 0.06218274111675127 0.027142857142857142
2 0.15926395939086294 0.21107142857142858 0.08248730964467005 0.03214285714285715
7 0.291243654822335 0.17214285714285713 0.008883248730964468 0.007142857142857143
11 0.42258883248730966 0.2714285714285714 0.053299492385786795 0.02142857142857143
3 0.45241116751269034 0.3175 0.05964467005076142 0.026428571428571426
10 0.02538071065989848 0.28214285714285714 0.048223350253807105 0.02142857142857143
3 0.7100253807106599 0.36678571428571427 0.05964467005076142 0.024999999999999998
7 0.7474619289340101 0.05035714285714286 0.007614213197969543 0.0064285714285714285
7 0.7442893401015228 0.05607142857142857 0.00634517766497462 0.007857142857142858
7 0.9689086294416244 0.042142857142857135 0.00634517766497462 0.008571428571428572
7 0.9631979695431473 0.047142857142857146 0.005076142131979695 0.005714285714285714
3 0.9238578680203046 0.12392857142857143 0.043147208121827416 0.017857142857142856
7 0.9923857868020304 0.005357142857142857 0.005076142131979695 0.007857142857142858
3 0.9982142857142857 0.45114213197969544 0.0035714285714285713 0.0266497461928934
3 0.9860714285714286 0.4016497461928934 0.027857142857142858 0.021573604060913704