3 0.6382189239332096 0.06967640918580377 0.022263450834879406 0.0255741127348643
3 0.6711502782931354 0.06993736951983298 0.023191094619666047 0.02505219206680585
3 0.6572356215213357 0.1127348643006263 0.06029684601113172 0.017745302713987474
3 0.6600185528756957 0.13961377870563674 0.05844155844155843 0.018267223382045932
3 0.36456400742115025 0.1985908141962422 0.06307977736549165 0.02244258872651357
3 0.6099257884972171 0.27713987473903967 0.07142857142857142 0.019832985386221295
3 0.5899814471243042 0.3361169102296451 0.07606679035250463 0.017745302713987474
11 0.5756029684601113 0.39692066805845516 0.06957328385899814 0.01931106471816284
11 0.0909090909090909 0.4608559498956159 0.09647495361781076 0.02296450939457203
5 0.3585343228200371 0.4720772442588727 0.013914656771799629 0.01096033402922756
3 0.8297773654916513 0.29384133611691027 0.03061224489795918 0.03444676409185804
7 0.8794063079777364 0.10151356993736953 0.009276437847866418 0.01096033402922756