3 0.7690166975881261 0.15448851774530273 0.10018552875695733 0.028183716075156576
3 0.760204081632653 0.12734864300626308 0.10111317254174397 0.027139874739039668
3 0.7472170686456401 0.10334029227557412 0.09925788497217068 0.02922755741127349
11 0.7309833024118737 0.0767223382045929 0.08534322820037105 0.02609603340292276
3 0.7342300556586271 0.057150313152400836 0.0974025974025974 0.02244258872651357
3 0.7203153988868274 0.015657620041753657 0.08998144712430427 0.020876826722338204
5 0.9012059369202226 0.012526096033402925 0.034322820037105746 0.011482254697286014
3 0.8937847866419294 0.06393528183716075 0.04730983302411874 0.044363256784968684
3 0.7926716141001855 0.17901878914405012 0.0974025974025974 0.0302713987473904
3 0.9369202226345084 0.15083507306889354 0.05380333951762523 0.048016701461377875
11 0.8033395176252318 0.23068893528183718 0.0909090909090909 0.0302713987473904
3 0.9772964509394572 0.24489795918367346 0.04540709812108559 0.055658627087198514
3 0.8223562152133581 0.29879958246346555 0.11224489795918366 0.03496868475991649
3 0.8464749536178108 0.33820459290187893 0.1196660482374768 0.036534446764091864
3 0.8636363636363635 0.3721294363256785 0.1131725417439703 0.03757828810020877
3 0.9989561586638831 0.3515769944341373 0.0020876826722338203 0.061224489795918366
11 0.8622448979591837 0.42406054279749483 0.10111317254174397 0.036012526096033406
3 0.8891465677179962 0.46450939457202506 0.10667903525046382 0.036534446764091864
3 0.8984230055658627 0.502348643006263 0.14192949907235622 0.03914405010438414
3 0.9132653061224488 0.5443632567849688 0.14007421150278293 0.03444676409185804
10 0.9749478079331941 0.05658627087198516 0.05010438413361169 0.055658627087198514
3 0.7337662337662337 0.03757828810020877 0.09276437847866419 0.02609603340292276