3 0.07333333333333332 0.41785714285714287 0.017142857142857144 0.008571428571428572
3 0.08619047619047618 0.4125 0.010476190476190476 0.0064285714285714285
3 0.06142857142857143 0.4075 0.01238095238095238 0.0064285714285714285
3 0.056666666666666664 0.4007142857142857 0.008571428571428572 0.005714285714285714
7 0.16047619047619047 0.40964285714285714 0.0047619047619047615 0.007857142857142858
10 0.13428571428571429 0.39464285714285713 0.026666666666666665 0.007857142857142858
3 0.016666666666666666 0.3896428571428571 0.0047619047619047615 0.002142857142857143
3 0.015238095238095238 0.3925 0.005714285714285714 0.0035714285714285713
3 0.009047619047619047 0.39357142857142857 0.006666666666666666 0.002857142857142857
3 0.0017857142857142857 0.39666666666666667 0.0035714285714285713 0.004761904761904762
3 0.25285714285714284 0.5678571428571428 0.15714285714285714 0.05
3 0.3628571428571429 0.53 0.10857142857142857 0.037142857142857144
3 0.5009523809523809 0.6328571428571429 0.07619047619047618 0.06285714285714286
3 0.4614285714285714 0.5753571428571429 0.10761904761904761 0.047857142857142855
3 0.48428571428571426 0.5260714285714285 0.1019047619047619 0.035
3 0.7014285714285714 0.5228571428571429 0.09619047619047619 0.03142857142857143
3 0.6328571428571429 0.5075 0.08476190476190476 0.027857142857142858
3 0.7961904761904761 0.4857142857142857 0.06666666666666667 0.022857142857142857
3 0.8647619047619046 0.4714285714285714 0.05333333333333333 0.024285714285714285
8 0.9423809523809523 0.45107142857142857 0.006666666666666666 0.010714285714285714
3 0.9685714285714285 0.47714285714285715 0.05904761904761904 0.024285714285714285
3 0.9728571428571429 0.4617857142857143 0.054285714285714284 0.017857142857142856
3 0.9085714285714286 0.41464285714285715 0.026666666666666665 0.007857142857142858
3 0.9914285714285714 0.4180952380952381 0.017142857142857144 0.009523809523809525
4 0.8980952380952381 0.5203571428571429 0.11047619047619046 0.03785714285714286
4 0.9817857142857143 0.5071428571428571 0.03642857142857143 0.024761904761904763