4 0.7053333333333333 0.42425 0.008 0.0295
4 0.7333333333333333 0.4225 0.018666666666666665 0.022
3 0.714 0.4175 0.008 0.005
11 0.7366666666666666 0.442 0.012 0.007
3 0.741 0.44525 0.011333333333333332 0.0075
3 0.7403333333333333 0.44975 0.014 0.0095
3 0.745 0.47075 0.014 0.0105
3 0.726 0.484 0.017333333333333333 0.013
3 0.7333333333333333 0.5225 0.024 0.019
3 0.6506666666666666 0.4705 0.014666666666666666 0.009
3 0.77 0.5105 0.021333333333333333 0.016
3 0.7633333333333333 0.47625 0.016 0.0115
7 0.768 0.516 0.006666666666666666 0.016
3 0.7876666666666666 0.537 0.028666666666666663 0.02
3 0.796 0.55225 0.030666666666666665 0.0195
3 0.8056666666666666 0.57125 0.034 0.0265
3 0.813 0.60425 0.04333333333333333 0.0305
3 0.7633333333333333 0.627 0.044 0.045
3 0.6393333333333333 0.63975 0.041333333333333326 0.0365
7 0.415 0.65825 0.020666666666666663 0.0295
3 0.4526666666666666 0.609 0.09066666666666666 0.025
3 0.4663333333333333 0.5965 0.086 0.023
3 0.48033333333333333 0.586 0.082 0.023
3 0.5756666666666667 0.50025 0.03666666666666667 0.0135
3 0.92 0.52275 0.036 0.0175
3 0.864 0.48775 0.026666666666666665 0.0135
8 0.8293333333333333 0.47475 0.006666666666666666 0.0105
1 0.8296666666666667 0.477 0.006 0.006
7 0.7183333333333333 0.46475 0.006 0.0095
7 0.721 0.43275 0.003333333333333333 0.0075
3 0.6973333333333332 0.54225 0.028 0.0225