7 0.06 0.31025 0.04533333333333333 0.0455
7 0.06 0.286 0.044 0.045
8 0.17666666666666667 0.319 0.033333333333333326 0.024
8 0.17766666666666667 0.3075 0.018 0.02
8 0.2053333333333333 0.3065 0.032 0.021
8 0.1 0.27575 0.050666666666666665 0.0445
5 0.10266666666666666 0.28225 0.04 0.0405
11 0.08566666666666665 0.1555 0.074 0.058
7 0.10333333333333333 0.228 0.04533333333333333 0.045
7 0.07533333333333334 0.23075 0.044 0.0425
5 0.3846666666666666 0.56675 0.07733333333333332 0.0655
7 0.37 0.447 0.05466666666666666 0.048
7 0.43566666666666665 0.46275 0.03533333333333333 0.0425
7 0.5356666666666666 0.595 0.03666666666666667 0.049
7 0.5376666666666666 0.559 0.034 0.033
7 0.432 0.44575 0.049333333333333326 0.0505
7 0.529 0.35325 0.03266666666666666 0.0565
7 0.55 0.344 0.028 0.046
7 0.5883333333333333 0.34175 0.028666666666666663 0.0465
1 0.599 0.35425 0.024666666666666663 0.0485
8 0.6056666666666666 0.36575 0.028666666666666663 0.0275
5 0.6916666666666667 0.3715 0.06866666666666665 0.037
7 0.7356666666666666 0.34775 0.022 0.0415
7 0.809 0.36075 0.03266666666666666 0.0425
7 0.8033333333333332 0.33875 0.028 0.0445
5 0.8016666666666666 0.33275 0.05933333333333333 0.0435
5 0.8216666666666667 0.311 0.03533333333333333 0.047
8 0.98025 0.532 0.0395 0.05
5 0.96925 0.5413333333333333 0.0615 0.06333333333333334
9 0.9226666666666666 0.273 0.08133333333333333 0.058
3 0.92475 0.37766666666666665 0.1505 0.128