3 0.4709523809523809 0.37714285714285717 0.035238095238095235 0.015714285714285715
3 0.4823809523809523 0.3821428571428571 0.035238095238095235 0.015714285714285715
3 0.49380952380952375 0.3871428571428571 0.035238095238095235 0.018571428571428572
3 0.5028571428571429 0.395 0.03619047619047619 0.017142857142857144
3 0.5119047619047619 0.40214285714285714 0.037142857142857144 0.018571428571428572
3 0.5247619047619048 0.4085714285714286 0.03619047619047619 0.018571428571428572
3 0.5395238095238095 0.415 0.037142857142857144 0.02
3 0.5471428571428572 0.4225 0.03333333333333333 0.017857142857142856
3 0.5633333333333334 0.42928571428571427 0.03333333333333333 0.018571428571428572
3 0.579047619047619 0.43785714285714283 0.03428571428571429 0.02142857142857143
3 0.5923809523809523 0.4471428571428571 0.03619047619047619 0.024285714285714285
3 0.6538095238095237 0.45607142857142857 0.037142857142857144 0.023571428571428573
3 0.499047619047619 0.3578571428571429 0.03428571428571429 0.015714285714285715
3 0.5695238095238094 0.3628571428571429 0.03428571428571429 0.017142857142857144
3 0.5995238095238095 0.35535714285714287 0.023809523809523805 0.017857142857142856
3 0.6319047619047619 0.34464285714285714 0.035238095238095235 0.015
3 0.5752380952380952 0.5014285714285714 0.030476190476190476 0.02
3 0.7504761904761904 0.3389285714285714 0.02857142857142857 0.012142857142857143
3 0.7661904761904761 0.3360714285714286 0.027619047619047616 0.012142857142857143
3 0.7785714285714286 0.3314285714285714 0.027619047619047616 0.011428571428571429
3 0.7885714285714286 0.3275 0.026666666666666665 0.012142857142857143
3 0.7990476190476189 0.32357142857142857 0.026666666666666665 0.012857142857142857
3 0.7852380952380952 0.3507142857142857 0.02952380952380952 0.015714285714285715
3 0.8214285714285714 0.3389285714285714 0.03142857142857143 0.013571428571428571
3 0.8609523809523809 0.3075 0.026666666666666665 0.009285714285714286
3 0.8728571428571429 0.3125 0.023809523809523805 0.010714285714285714
11 0.8957142857142857 0.3196428571428571 0.023809523809523805 0.010714285714285714
10 0.9076190476190475 0.32285714285714284 0.026666666666666665 0.018571428571428572
3 0.9395238095238094 0.33714285714285713 0.023809523809523805 0.011428571428571429
10 0.5752380952380952 0.5582142857142857 0.0838095238095238 0.05785714285714286