3 0.7585714285714286 0.43892857142857145 0.04476190476190476 0.045
3 0.5104761904761904 0.5775 0.04761904761904761 0.07785714285714286
3 0.7066666666666667 0.35892857142857143 0.045714285714285714 0.047857142857142855
3 0.7980952380952381 0.365 0.03428571428571429 0.03571428571428571
3 0.6423809523809523 0.7185714285714285 0.07333333333333332 0.06142857142857143
7 0.47 0.22892857142857143 0.0047619047619047615 0.010714285714285714
5 0.24476190476190474 0.46035714285714285 0.02857142857142857 0.020714285714285713
5 0.30857142857142855 0.45321428571428574 0.03238095238095238 0.019285714285714285
7 0.1419047619047619 0.45285714285714285 0.019047619047619046 0.018571428571428572
7 0.17666666666666667 0.4860714285714286 0.01619047619047619 0.020714285714285713
5 0.4933333333333333 0.4203571428571429 0.022857142857142857 0.030714285714285715
5 0.508095238095238 0.4492857142857143 0.023809523809523805 0.03
5 0.6733333333333333 0.2367857142857143 0.011428571428571429 0.015
5 0.6528571428571428 0.24571428571428572 0.008571428571428572 0.014285714285714285
5 0.6314285714285715 0.2567857142857143 0.009523809523809523 0.015
5 0.6 0.24928571428571428 0.013333333333333332 0.015714285714285715
5 0.5733333333333334 0.22178571428571428 0.011428571428571429 0.016428571428571428
11 0.7776190476190475 0.21428571428571427 0.025714285714285714 0.02857142857142857
11 0.8171428571428572 0.21321428571428572 0.02476190476190476 0.029285714285714286
3 0.8019047619047618 0.24464285714285713 0.026666666666666665 0.025
3 0.8547619047619046 0.21892857142857142 0.027619047619047616 0.02642857142857143
7 0.7019047619047619 0.06535714285714286 0.005714285714285714 0.012142857142857143
3 0.8542857142857143 0.07142857142857142 0.022857142857142857 0.015714285714285715
7 0.7728571428571429 0.025714285714285714 0.0047619047619047615 0.007142857142857143
7 0.8738095238095237 0.0375 0.0047619047619047615 0.007857142857142858
5 0.9528571428571428 0.22892857142857143 0.006666666666666666 0.015
5 0.9433333333333332 0.3475 0.010476190476190476 0.020714285714285713
5 0.9028571428571428 0.44535714285714284 0.013333333333333332 0.020714285714285713
8 0.9528571428571428 0.22535714285714287 0.006666666666666666 0.007857142857142858
8 0.6723809523809523 0.23464285714285715 0.007619047619047619 0.009285714285714286
8 0.5733333333333334 0.21964285714285714 0.009523809523809523 0.009285714285714286
8 0.5985714285714285 0.24642857142857144 0.010476190476190476 0.01
8 0.6304761904761904 0.25535714285714284 0.009523809523809523 0.009285714285714286
8 0.6533333333333333 0.24464285714285713 0.007619047619047619 0.009285714285714286
8 0.9423809523809523 0.345 0.010476190476190476 0.014285714285714285
8 0.9038095238095237 0.4417857142857143 0.009523809523809523 0.012142857142857143
8 0.2480952380952381 0.45785714285714285 0.01619047619047619 0.012857142857142857
8 0.30857142857142855 0.45 0.02095238095238095 0.011428571428571429
8 0.5138095238095237 0.44357142857142856 0.014285714285714285 0.017142857142857144
8 0.4961904761904762 0.41464285714285715 0.017142857142857144 0.019285714285714285