8 0.3181818181818182 0.2460855949895616 0.01484230055658627 0.0151356993736952
5 0.37291280148423 0.2867954070981211 0.025974025974025972 0.008872651356993737
5 0.436456400742115 0.27374739039665974 0.026901669758812616 0.007828810020876828
9 0.2935992578849722 0.30036534446764096 0.03617810760667903 0.021398747390396662
7 0.31261595547309834 0.3115866388308977 0.01484230055658627 0.014613778705636744
8 0.24443413729128013 0.2800104384133612 0.015769944341372914 0.006784968684759917
8 0.19619666048237477 0.2776617954070982 0.012059369202226345 0.007306889352818372
8 0.11363636363636363 0.2753131524008351 0.013914656771799629 0.006784968684759917
9 0.05380333951762523 0.25965553235908145 0.03525046382189239 0.01931106471816284
7 0.62569573283859 0.4444154488517746 0.017625231910946195 0.020354906054279753
0 0.7778293135435993 0.4125782881002088 0.032467532467532464 0.04018789144050105
0 0.8112244897959183 0.4412839248434239 0.07699443413729128 0.057933194154488526
5 0.7866419294990723 0.38021920668058456 0.02040816326530612 0.01931106471816284
3 0.8886827458256029 0.31837160751565763 0.03153988868274583 0.02922755741127349
8 0.833951762523191 0.3170668058455115 0.012987012987012986 0.01304801670146138
9 0.8348794063079776 0.31993736951983304 0.018552875695732836 0.017745302713987474
5 0.5885899814471243 0.26931106471816285 0.034322820037105746 0.013569937369519834
1 0.5394248608534322 0.2713987473903967 0.03061224489795918 0.011482254697286014
5 0.6525974025974025 0.2667014613778706 0.032467532467532464 0.013569937369519834
3 0.8951762523191094 0.18110647181628395 0.03339517625231911 0.02505219206680585
0 0.8622448979591837 0.1675365344467641 0.01948051948051948 0.016701461377870565
0 0.848330241187384 0.10516701461377871 0.017625231910946195 0.012004175365344469
2 0.8826530612244897 0.09733820459290188 0.026901669758812616 0.02244258872651357
5 0.8316326530612245 0.07933194154488518 0.013914656771799629 0.007306889352818372
3 0.8529684601113172 0.06941544885177454 0.017625231910946195 0.012526096033402925
3 0.8896103896103895 0.0709812108559499 0.018552875695732836 0.012526096033402925
11 0.8891465677179962 0.05375782881002088 0.015769944341372914 0.011482254697286014
3 0.9058441558441559 0.052713987473903975 0.015769944341372914 0.011482254697286014
3 0.8279220779220778 0.051409185803757834 0.03061224489795918 0.007828810020876828
8 0.7935992578849722 0.06263048016701463 0.006493506493506493 0.005219206680584551
8 0.8701298701298701 0.06941544885177454 0.007421150278293135 0.005219206680584551
9 0.8701298701298701 0.07150313152400835 0.009276437847866418 0.005219206680584551
8 0.8673469387755101 0.045668058455114825 0.0037105751391465673 0.004697286012526097
8 0.8738404452690166 0.04488517745302714 0.0037105751391465673 0.004175365344467641
5 0.8668831168831168 0.046972860125260966 0.006493506493506493 0.004175365344467641
5 0.8738404452690166 0.046972860125260966 0.0055658627087198514 0.004175365344467641
5 0.8576066790352503 0.03836116910229645 0.006493506493506493 0.005741127348643007
5 0.5728200371057514 0.1069937369519833 0.008348794063079777 0.008350730688935283
3 0.5783858998144712 0.12343423799582465 0.01948051948051948 0.0151356993736952
1 0.7393320964749536 0.12891440501043844 0.018552875695732836 0.007306889352818372
7 0.6924860853432281 0.13674321503131526 0.012059369202226345 0.013569937369519834
8 0.6818181818181818 0.1388308977035491 0.012987012987012986 0.008350730688935283
5 0.8423005565862708 0.03757828810020877 0.007421150278293135 0.004175365344467641
1 0.8511131725417439 0.031054279749478084 0.006493506493506493 0.003653444676409186
7 0.8464749536178108 0.029749478079331943 0.004638218923933209 0.005219206680584551
0 0.8631725417439703 0.029749478079331943 0.008348794063079777 0.0062630480167014625
5 0.8738404452690166 0.030010438413361172 0.0055658627087198514 0.004697286012526097
8 0.8719851576994434 0.028705636743215034 0.0037105751391465673 0.004175365344467641
3 0.9243970315398886 0.049060542797494784 0.013914656771799629 0.009394572025052193
11 0.9262523191094619 0.05975991649269312 0.015769944341372914 0.012004175365344469
0 0.9225417439703154 0.03888308977035491 0.01020408163265306 0.006784968684759917
3 0.9197588126159554 0.03522964509394572 0.012059369202226345 0.007828810020876828
10 0.9369202226345084 0.10542797494780795 0.02040816326530612 0.016701461377870565
3 0.9642857142857142 0.20172233820459293 0.03061224489795918 0.018267223382045932
8 0.9387755102040816 0.2165970772442589 0.009276437847866418 0.009394572025052193
5 0.9387755102040816 0.2186847599164927 0.011131725417439703 0.010438413361169102
0 0.9828385899814471 0.24295407098121088 0.02504638218923933 0.01722338204592902
5 0.9945198329853863 0.28014842300556586 0.010960334029227558 0.014842300556586271
11 0.9903444676409185 0.349721706864564 0.019311064718162838 0.036178107606679034
8 0.9615027829313543 0.41962421711899794 0.02133580705009276 0.014613778705636744
8 0.961038961038961 0.42510438413361173 0.018552875695732836 0.01304801670146138
8 0.9601113172541744 0.5153966597077245 0.018552875695732836 0.016179540709812108
8 0.9916492693110647 0.5241187384044527 0.016701461377870562 0.01855287569573284
5 0.9906054279749478 0.5255102040816326 0.018789144050104383 0.0287569573283859
5 0.9587198515769945 0.5187891440501045 0.01948051948051948 0.024008350730688938
0 0.8622448979591837 0.010177453027139877 0.008348794063079777 0.005741127348643007
7 0.6614100185528756 0.013569937369519834 0.0055658627087198514 0.007306889352818372