10 0.9789285714285715 0.1138095238095238 0.04214285714285714 0.12
10 0.07285714285714286 0.42523809523809525 0.1457142857142857 0.0380952380952381
3 0.11904761904761904 0.3460714285714286 0.0838095238095238 0.02642857142857143
5 0.6242857142857143 0.47214285714285714 0.03333333333333333 0.011428571428571429
5 0.8195238095238094 0.55 0.02952380952380952 0.018571428571428572
7 0.37476190476190474 0.2832142857142857 0.02 0.009285714285714286
7 0.5257142857142857 0.16178571428571428 0.015238095238095238 0.013571428571428571
1 0.5910714285714286 0.010952380952380953 0.016428571428571428 0.021904761904761906
8 0.5917857142857142 0.006190476190476191 0.010714285714285714 0.012380952380952381
8 0.6285714285714286 0.4725 0.013333333333333332 0.007857142857142858
8 0.8238095238095238 0.5510714285714285 0.017142857142857144 0.010714285714285714
7 0.6695238095238095 0.5128571428571429 0.019047619047619046 0.014285714285714285