3 0.5976190476190476 0.6996428571428571 0.20666666666666667 0.08642857142857142
3 0.6395238095238095 0.33214285714285713 0.06952380952380952 0.041428571428571426
3 0.589047619047619 0.2639285714285714 0.04095238095238095 0.03357142857142857
3 0.9867857142857143 0.33666666666666667 0.02642857142857143 0.039047619047619046
3 0.9233333333333332 0.2960714285714286 0.037142857142857144 0.030714285714285715
3 0.2033333333333333 0.3532142857142857 0.1 0.030714285714285715
3 0.3338095238095238 0.2789285714285714 0.05809523809523809 0.03214285714285714
3 0.4152380952380952 0.2392857142857143 0.04761904761904761 0.03
3 0.28 0.3192857142857143 0.08571428571428572 0.03142857142857143
3 0.28 0.29928571428571427 0.0838095238095238 0.027142857142857142
3 0.2676190476190476 0.26142857142857145 0.05523809523809523 0.03
3 0.3138095238095238 0.24214285714285713 0.052380952380952375 0.024285714285714285
3 0.35238095238095235 0.2257142857142857 0.0419047619047619 0.018571428571428572
3 0.35619047619047617 0.24785714285714286 0.045714285714285714 0.027142857142857142
3 0.38904761904761903 0.22964285714285715 0.04476190476190476 0.023571428571428573
3 0.42714285714285716 0.21035714285714285 0.04095238095238095 0.023571428571428573
3 0.3823809523809523 0.20785714285714285 0.035238095238095235 0.018571428571428572
3 0.21047619047619046 0.24357142857142858 0.05714285714285714 0.02142857142857143
3 0.2233333333333333 0.23035714285714284 0.06571428571428571 0.02214285714285714
3 0.2480952380952381 0.22178571428571428 0.0619047619047619 0.019285714285714285
3 0.29095238095238096 0.2067857142857143 0.0619047619047619 0.016428571428571428
3 0.30761904761904757 0.2007142857142857 0.05333333333333333 0.017142857142857144
3 0.34 0.18642857142857142 0.05714285714285714 0.015714285714285715
3 0.35714285714285715 0.18035714285714285 0.05333333333333333 0.015
3 0.3695238095238095 0.175 0.043809523809523805 0.017142857142857144
3 0.4766666666666666 0.18714285714285714 0.025714285714285714 0.017142857142857144
3 0.4109523809523809 0.1957142857142857 0.03333333333333333 0.017142857142857144
3 0.4533333333333333 0.1992857142857143 0.03238095238095238 0.02
9 0.3733333333333333 0.2817857142857143 0.03428571428571429 0.020714285714285713
9 0.19904761904761903 0.30607142857142855 0.045714285714285714 0.015
7 0.17333333333333334 0.30392857142857144 0.015238095238095238 0.02214285714285714
7 0.13 0.35035714285714287 0.01619047619047619 0.025
7 0.1261904761904762 0.33071428571428574 0.014285714285714285 0.022857142857142857
7 0.06238095238095238 0.34785714285714286 0.02 0.025714285714285714
7 0.032857142857142856 0.3078571428571429 0.01619047619047619 0.022857142857142857
7 0.13666666666666666 0.4032142857142857 0.03142857142857143 0.029285714285714286
7 0.046190476190476185 0.3960714285714286 0.025714285714285714 0.029285714285714286
7 0.1280952380952381 0.4546428571428571 0.02 0.029285714285714286
7 0.5333333333333333 0.38357142857142856 0.015238095238095238 0.02857142857142857
7 0.1357142857142857 0.45035714285714284 0.01619047619047619 0.023571428571428573
5 0.13428571428571429 0.37285714285714283 0.0419047619047619 0.02
1 0.07095238095238095 0.30428571428571427 0.027619047619047616 0.017142857142857144
1 0.27619047619047615 0.2357142857142857 0.02095238095238095 0.011428571428571429
7 0.12428571428571429 0.2892857142857143 0.01619047619047619 0.022857142857142857
8 0.06476190476190476 0.3 0.02095238095238095 0.022857142857142857
8 0.2752380952380952 0.2307142857142857 0.015238095238095238 0.017142857142857144
7 0.008571428571428572 0.29642857142857143 0.013333333333333332 0.02142857142857143
7 0.7052380952380952 0.38285714285714284 0.02 0.025714285714285714
7 0.9967857142857143 0.20714285714285716 0.0064285714285714285 0.01904761904761905
7 0.9180952380952381 0.425 0.015238095238095238 0.03
7 0.9728571428571429 0.42142857142857143 0.01619047619047619 0.03
1 0.879047619047619 0.28464285714285714 0.013333333333333332 0.016428571428571428
8 0.88 0.2767857142857143 0.011428571428571429 0.015
8 0.7776190476190475 0.13535714285714287 0.006666666666666666 0.0064285714285714285
5 0.7780952380952381 0.13964285714285715 0.007619047619047619 0.010714285714285714
5 0.9923809523809524 0.1732142857142857 0.009523809523809523 0.012142857142857143
5 0.9728571428571429 0.15321428571428572 0.006666666666666666 0.010714285714285714
1 0.9642857142857143 0.14964285714285713 0.008571428571428572 0.009285714285714286
3 0.9504761904761904 0.13535714285714287 0.017142857142857144 0.016428571428571428
3 0.9428571428571428 0.12857142857142856 0.015238095238095238 0.012857142857142857
3 0.9147619047619047 0.2667857142857143 0.037142857142857144 0.02642857142857143
3 0.9071428571428571 0.24464285714285713 0.03142857142857143 0.025
3 0.900952380952381 0.22607142857142856 0.02476190476190476 0.019285714285714285
3 0.8885714285714286 0.17642857142857143 0.02857142857142857 0.022857142857142857
3 0.9114285714285715 0.15 0.02095238095238095 0.015714285714285715
3 0.6219047619047618 0.14607142857142857 0.02095238095238095 0.013571428571428571
3 0.6376190476190476 0.13642857142857143 0.01619047619047619 0.011428571428571429
3 0.6571428571428571 0.12142857142857143 0.017142857142857144 0.012857142857142857
3 0.6633333333333333 0.11642857142857142 0.01619047619047619 0.012857142857142857
3 0.6733333333333333 0.10964285714285714 0.015238095238095238 0.009285714285714286
3 0.6947619047619047 0.09321428571428571 0.01238095238095238 0.009285714285714286
4 0.7885714285714286 0.033928571428571426 0.030476190476190476 0.017857142857142856
4 0.7509523809523809 0.054642857142857146 0.02 0.016428571428571428
3 0.7309523809523809 0.08 0.010476190476190476 0.007142857142857143
3 0.7780952380952381 0.075 0.009523809523809523 0.007142857142857143
3 0.7880952380952381 0.06642857142857143 0.008571428571428572 0.005714285714285714
3 0.7947619047619047 0.05392857142857143 0.008571428571428572 0.005
3 0.7414285714285714 0.07035714285714285 0.008571428571428572 0.0064285714285714285
10 0.7276190476190476 0.06785714285714285 0.009523809523809523 0.01
3 0.7352380952380951 0.06678571428571428 0.007619047619047619 0.005
11 0.7166666666666666 0.0725 0.014285714285714285 0.007857142857142858
3 0.7138095238095238 0.08142857142857143 0.018095238095238095 0.005714285714285714
3 0.7133333333333333 0.085 0.015238095238095238 0.007142857142857143
3 0.7061904761904761 0.08785714285714286 0.01238095238095238 0.007142857142857143
3 0.6919047619047619 0.08535714285714285 0.010476190476190476 0.007857142857142858
1 0.6576190476190475 0.135 0.006666666666666666 0.007142857142857143
8 0.6566666666666666 0.13178571428571428 0.006666666666666666 0.0064285714285714285
3 0.9853571428571428 0.30238095238095236 0.029285714285714286 0.03333333333333333
3 0.9789285714285715 0.2695238095238095 0.04214285714285714 0.03619047619047619