3 0.8267766497461928 0.3867857142857143 0.03426395939086294 0.03785714285714285
3 0.6300761421319797 0.415 0.044416243654822336 0.037142857142857144
3 0.5799492385786802 0.5 0.07868020304568528 0.03571428571428571
3 0.8673857868020304 0.49821428571428567 0.04187817258883249 0.047857142857142855
3 0.8692893401015228 0.4342857142857143 0.03299492385786802 0.04
3 0.8356598984771574 0.2739285714285714 0.024111675126903553 0.029285714285714286
3 0.8407360406091371 0.23107142857142854 0.021573604060913708 0.026428571428571426
3 0.8445431472081218 0.19964285714285715 0.021573604060913708 0.023571428571428573
3 0.8813451776649746 0.19464285714285715 0.021573604060913708 0.023571428571428573
3 0.8794416243654822 0.29428571428571426 0.02284263959390863 0.022857142857142857
3 0.8673857868020304 0.3803571428571428 0.0317258883248731 0.03357142857142857
3 0.7766497461928934 0.10214285714285713 0.02030456852791878 0.015714285714285715
3 0.7975888324873097 0.028214285714285713 0.019035532994923856 0.012142857142857141
3 0.7601522842639594 0.05321428571428571 0.017766497461928935 0.015000000000000001
3 0.7322335025380712 0.1357142857142857 0.02284263959390863 0.015714285714285715
3 0.7017766497461929 0.4185714285714286 0.03553299492385787 0.03142857142857143
3 0.9149746192893401 0.14892857142857144 0.02030456852791878 0.020714285714285713
3 0.8762690355329948 0.22749999999999998 0.024111675126903553 0.026428571428571426
3 0.9168781725888324 0.20285714285714285 0.024111675126903553 0.022857142857142857
3 0.9238578680203046 0.3557142857142857 0.02538071065989848 0.032857142857142856
3 0.8807106598984772 0.3332142857142857 0.030456852791878174 0.034999999999999996
3 0.8807106598984772 0.2542857142857143 0.02538071065989848 0.027142857142857142
3 0.8445431472081218 0.16964285714285712 0.024111675126903553 0.024999999999999998
4 0.9846428571428572 0.015228426395939087 0.030714285714285715 0.030456852791878174
11 0.7607868020304568 0.37107142857142855 0.02918781725888325 0.03357142857142857
11 0.7404822335025381 0.4492857142857143 0.03934010152284264 0.03857142857142857
11 0.8166243654822335 0.44999999999999996 0.0317258883248731 0.04428571428571428
11 0.83248730964467 0.33928571428571425 0.027918781725888325 0.032857142857142856
11 0.8356598984771574 0.3075 0.024111675126903553 0.027857142857142858
11 0.8489847715736041 0.12964285714285714 0.02030456852791878 0.020714285714285713
11 0.8851522842639594 0.10357142857142856 0.019035532994923856 0.022857142857142857
11 0.8185279187817259 0.04178571428571428 0.017766497461928935 0.015000000000000001
11 0.8661167512690355 0.008571428571428572 0.01649746192893401 0.015714285714285715
2 0.8902284263959391 0.03642857142857143 0.02918781725888325 0.04
11 0.8826142131979696 0.15178571428571427 0.021573604060913708 0.020714285714285713
11 0.9238578680203046 0.40142857142857147 0.03299492385786802 0.04
11 0.9225888324873097 0.4514285714285714 0.03299492385786802 0.048571428571428564
11 0.5145939086294417 0.5485714285714286 0.09517766497461928 0.024285714285714282