3 0.12285714285714286 0.3417857142857143 0.05333333333333333 0.07642857142857143
3 0.1580952380952381 0.4592857142857143 0.07238095238095238 0.07428571428571429
3 0.21 0.5967857142857143 0.07333333333333332 0.095
3 0.05095238095238095 0.6189285714285714 0.09047619047619047 0.11357142857142857
3 0.03535714285714286 0.5052380952380953 0.07071428571428572 0.1
5 0.3 0.13178571428571428 0.04 0.04928571428571429
3 0.6542857142857142 0.019523809523809523 0.09714285714285714 0.039047619047619046
3 0.6633333333333333 0.04428571428571428 0.09619047619047619 0.04285714285714286
3 0.6866666666666666 0.08071428571428571 0.09714285714285714 0.03857142857142857
3 0.588095238095238 0.12464285714285714 0.1019047619047619 0.052142857142857144
11 0.7128571428571429 0.11 0.07714285714285714 0.03857142857142857
3 0.739047619047619 0.1432142857142857 0.10285714285714286 0.04642857142857143
3 0.7609523809523809 0.1792857142857143 0.10095238095238093 0.05142857142857143
3 0.8042857142857143 0.2546428571428571 0.11142857142857143 0.05357142857142857
3 0.8314285714285714 0.28964285714285715 0.10666666666666666 0.05357142857142857
11 0.8514285714285714 0.32821428571428574 0.10095238095238093 0.047857142857142855
3 0.8828571428571429 0.36607142857142855 0.11047619047619046 0.05071428571428571
10 0.9128571428571428 0.4225 0.16666666666666666 0.07357142857142857
3 0.8876190476190475 0.03642857142857143 0.08952380952380952 0.05285714285714286
7 0.8080952380952381 0.03321428571428572 0.018095238095238095 0.029285714285714286
7 0.8785714285714286 0.11714285714285715 0.01619047619047619 0.024285714285714285
7 0.8323809523809523 0.20857142857142857 0.013333333333333332 0.025714285714285714
7 0.976190476190476 0.0975 0.02095238095238095 0.023571428571428573
7 0.9161904761904761 0.2507142857142857 0.019047619047619046 0.025714285714285714
7 0.9404761904761904 0.24464285714285713 0.027619047619047616 0.023571428571428573
7 1 0.43476190476190474 0 0.01619047619047619