7 0.04187817258883249 0.5164285714285713 0.02284263959390863 0.025714285714285714
7 0.0717005076142132 0.5117857142857143 0.019035532994923856 0.026428571428571426
7 0.07423857868020305 0.5121428571428571 0.019035532994923856 0.024285714285714282
7 0.08502538071065989 0.5510714285714285 0.02030456852791878 0.020714285714285713
7 0.10977157360406092 0.5478571428571428 0.021573604060913708 0.024285714285714282
7 0.09961928934010152 0.5496428571428571 0.021573604060913708 0.02214285714285714
7 0.09898477157360405 0.5264285714285714 0.02030456852791878 0.022857142857142857
7 0.11294416243654823 0.5075 0.02030456852791878 0.020714285714285713
7 0.12309644670050761 0.5053571428571428 0.02284263959390863 0.024999999999999998
7 0.1383248730964467 0.5328571428571428 0.02284263959390863 0.024285714285714282
7 0.15609137055837563 0.5382142857142858 0.02284263959390863 0.02214285714285714
7 0.15418781725888325 0.5242857142857142 0.0317258883248731 0.022857142857142857
7 0.27855329949238583 0.5221428571428571 0.026649746192893398 0.027142857142857142
7 0.2760152284263959 0.52 0.019035532994923856 0.022857142857142857
7 0.3565989847715736 0.5314285714285715 0.015228426395939087 0.017142857142857144
7 0.31789340101522845 0.5035714285714286 0.024111675126903553 0.027142857142857142
7 0.3451776649746193 0.49392857142857144 0.017766497461928935 0.020714285714285713
7 0.3680203045685279 0.5014285714285713 0.015228426395939087 0.024285714285714282
7 0.3756345177664974 0.5071428571428571 0.01015228426395939 0.017142857142857144
7 0.40926395939086296 0.5207142857142857 0.01649746192893401 0.024285714285714282
6 0.4149746192893401 0.5167857142857143 0.017766497461928935 0.013571428571428571
5 0.5850253807106599 0.525 0.027918781725888325 0.032857142857142856
8 0.5862944162436549 0.49178571428571427 0.02284263959390863 0.02214285714285714
7 0.3991116751269036 0.4892857142857142 0.019035532994923856 0.027142857142857142
7 0.4130710659898477 0.43964285714285717 0.021573604060913708 0.029285714285714286
7 0.39657360406091374 0.4178571428571428 0.01649746192893401 0.02
7 0.4359137055837563 0.3692857142857142 0.013959390862944163 0.022857142857142857
7 0.4568527918781726 0.33964285714285714 0.015228426395939087 0.017857142857142856
7 0.45431472081218277 0.37 0.017766497461928935 0.024285714285714282
7 0.4593908629441624 0.3578571428571429 0.015228426395939087 0.02142857142857143
7 0.467005076142132 0.3564285714285714 0.015228426395939087 0.018571428571428572
7 0.48350253807106597 0.3514285714285714 0.01015228426395939 0.017142857142857144
7 0.48921319796954316 0.34 0.011421319796954314 0.018571428571428572
7 0.5 0.34 0.01269035532994924 0.02
7 0.4720812182741117 0.32928571428571424 0.015228426395939087 0.018571428571428572
7 0.4282994923857868 0.34 0.013959390862944163 0.02142857142857143
7 0.49873096446700504 0.33071428571428574 0.015228426395939087 0.017142857142857144
7 0.5184010152284264 0.33535714285714285 0.013959390862944163 0.019285714285714285
7 0.5241116751269036 0.3335714285714286 0.01269035532994924 0.02142857142857143
7 0.5387055837563451 0.3171428571428571 0.011421319796954314 0.017142857142857144
7 0.5044416243654822 0.3221428571428571 0.013959390862944163 0.015714285714285715
7 0.5139593908629442 0.315 0.01269035532994924 0.018571428571428572
7 0.501269035532995 0.31607142857142856 0.015228426395939087 0.019285714285714285
7 0.47017766497461927 0.295 0.011421319796954314 0.02
7 0.4593908629441624 0.29892857142857143 0.01015228426395939 0.020714285714285713
7 0.5241116751269036 0.3025 0.015228426395939087 0.016428571428571428
7 0.5203045685279188 0.2978571428571429 0.01269035532994924 0.017142857142857144
7 0.5717005076142132 0.14285714285714285 0.008883248730964468 0.011428571428571429
7 0.5285532994923858 0.14178571428571426 0.008883248730964468 0.010714285714285714
7 0.5228426395939086 0.1514285714285714 0.007614213197969543 0.012857142857142857
7 0.4530456852791878 0.1732142857142857 0.01015228426395939 0.010714285714285714
7 0.4168781725888325 0.17428571428571427 0.008883248730964468 0.011428571428571429
7 0.5723350253807107 0.15392857142857141 0.01015228426395939 0.010714285714285714
7 0.4847715736040609 0.17500000000000002 0.01269035532994924 0.011428571428571429
7 0.5101522842639593 0.17964285714285713 0.01269035532994924 0.012142857142857141
7 0.5203045685279188 0.17250000000000001 0.007614213197969543 0.010714285714285714
7 0.5266497461928934 0.17357142857142854 0.007614213197969543 0.008571428571428572
7 0.5368020304568528 0.17678571428571427 0.015228426395939087 0.013571428571428571
7 0.5532994923857868 0.1782142857142857 0.01269035532994924 0.012142857142857141
7 0.5545685279187818 0.17535714285714285 0.01015228426395939 0.012142857142857141
7 0.567258883248731 0.17464285714285713 0.01015228426395939 0.013571428571428571
7 0.4961928934010152 0.1632142857142857 0.007614213197969543 0.013571428571428571
7 0.5031725888324873 0.16249999999999998 0.008883248730964468 0.013571428571428571
7 0.5469543147208121 0.16464285714285712 0.007614213197969543 0.013571428571428571
7 0.5564720812182741 0.16214285714285714 0.008883248730964468 0.011428571428571429
7 0.5843908629441624 0.17285714285714285 0.011421319796954314 0.011428571428571429
7 0.58248730964467 0.16785714285714287 0.007614213197969543 0.012857142857142857
7 0.5831218274111675 0.1392857142857143 0.00634517766497462 0.012857142857142857
7 0.5951776649746192 0.155 0.007614213197969543 0.012857142857142857
7 0.5901015228426396 0.13964285714285715 0.007614213197969543 0.010714285714285714
7 0.6059644670050761 0.17714285714285713 0.008883248730964468 0.011428571428571429
7 0.5920050761421319 0.16499999999999998 0.00634517766497462 0.012857142857142857
7 0.6021573604060914 0.16642857142857143 0.00634517766497462 0.011428571428571429
7 0.6021573604060914 0.15821428571428572 0.008883248730964468 0.015000000000000001
7 0.6091370558375634 0.16035714285714284 0.007614213197969543 0.013571428571428571
7 0.6116751269035533 0.16178571428571428 0.01015228426395939 0.012142857142857141
7 0.6173857868020304 0.1757142857142857 0.008883248730964468 0.011428571428571429
7 0.6256345177664975 0.18035714285714285 0.007614213197969543 0.012142857142857141
7 0.6218274111675127 0.17607142857142855 0.007614213197969543 0.012142857142857141
7 0.6224619289340101 0.16785714285714287 0.008883248730964468 0.012857142857142857
7 0.623730964467005 0.16214285714285714 0.008883248730964468 0.014285714285714285
7 0.6275380710659899 0.15964285714285714 0.008883248730964468 0.015000000000000001
7 0.631979695431472 0.1657142857142857 0.007614213197969543 0.012857142857142857
7 0.6364213197969543 0.16107142857142856 0.011421319796954314 0.015000000000000001
7 0.6357868020304569 0.16285714285714287 0.01269035532994924 0.012857142857142857
7 0.6484771573604061 0.17214285714285713 0.01015228426395939 0.012857142857142857
7 0.6529187817258884 0.17392857142857143 0.00634517766497462 0.007857142857142858
7 0.6440355329949239 0.16249999999999998 0.008883248730964468 0.010714285714285714
7 0.6554568527918782 0.16535714285714287 0.011421319796954314 0.013571428571428571
7 0.6637055837563451 0.16964285714285712 0.01015228426395939 0.013571428571428571
7 0.6890862944162437 0.16035714285714284 0.007614213197969543 0.015000000000000001
7 0.7017766497461929 0.1607142857142857 0.007614213197969543 0.011428571428571429
7 0.7208121827411168 0.15928571428571428 0.01015228426395939 0.012857142857142857
7 0.7455583756345178 0.1667857142857143 0.011421319796954314 0.010714285714285714
7 0.7455583756345178 0.1657142857142857 0.008883248730964468 0.011428571428571429
7 0.9581218274111676 0.03428571428571429 0.005076142131979695 0.005714285714285714
2 0.9137055837563453 0.019285714285714285 0.07868020304568528 0.015714285714285715
11 0.881979695431472 0.009642857142857142 0.01269035532994924 0.007857142857142858
3 0.899746192893401 0.008928571428571428 0.01015228426395939 0.0064285714285714285
3 0.891497461928934 0.0060714285714285705 0.008883248730964468 0.005
3 0.8889593908629442 0.003928571428571429 0.011421319796954314 0.0064285714285714285
3 0.99 0.1516497461928934 0.02 0.01649746192893401
3 0.7671319796954316 0.20035714285714284 0.06725888324873097 0.015000000000000001
11 0.8096446700507615 0.18857142857142858 0.0634517766497462 0.017142857142857144
7 0.8597715736040609 0.16892857142857143 0.008883248730964468 0.010714285714285714
7 0.8648477157360406 0.1667857142857143 0.011421319796954314 0.010714285714285714
7 0.8718274111675126 0.1657142857142857 0.01015228426395939 0.008571428571428572
7 0.8775380710659899 0.16428571428571428 0.01649746192893401 0.011428571428571429
7 0.6535532994923858 0.18035714285714285 0.005076142131979695 0.009285714285714286
7 0.6541878172588832 0.20357142857142857 0.008883248730964468 0.011428571428571429
3 0.5793147208121827 0.19857142857142857 0.07233502538071065 0.015714285714285715
3 0.5767766497461929 0.1907142857142857 0.06725888324873097 0.015714285714285715
3 0.7842639593908629 0.29892857142857143 0.03807106598984771 0.026428571428571426
3 0.8470812182741116 0.33285714285714285 0.04187817258883249 0.03142857142857143
11 0.8439086294416244 0.2978571428571429 0.03807106598984771 0.025714285714285714
7 0.9975 0.24555837563451777 0.005 0.013959390862944163
7 0.9168781725888324 0.2471428571428571 0.013959390862944163 0.012857142857142857
7 0.9060913705583756 0.2646428571428571 0.01269035532994924 0.015000000000000001
7 0.8578680203045684 0.25571428571428567 0.007614213197969543 0.012857142857142857
7 0.8940355329949239 0.25107142857142856 0.008883248730964468 0.015000000000000001
7 0.7112944162436549 0.24857142857142858 0.008883248730964468 0.014285714285714285
7 0.7043147208121827 0.25392857142857145 0.01015228426395939 0.015000000000000001
8 0.6821065989847717 0.2689285714285714 0.013959390862944163 0.010714285714285714
7 0.6173857868020304 0.2803571428571428 0.008883248730964468 0.019285714285714285
7 0.6313451776649747 0.26857142857142857 0.013959390862944163 0.017142857142857144
7 0.5628172588832487 0.2953571428571429 0.011421319796954314 0.016428571428571428
7 0.5380710659898478 0.29 0.01269035532994924 0.018571428571428572
7 0.5120558375634517 0.27071428571428574 0.008883248730964468 0.014285714285714285
7 0.5253807106598984 0.27178571428571424 0.01015228426395939 0.016428571428571428
7 0.5355329949238579 0.27071428571428574 0.007614213197969543 0.017142857142857144
7 0.5342639593908629 0.2664285714285714 0.01269035532994924 0.018571428571428572
7 0.5513959390862944 0.28357142857142853 0.008883248730964468 0.014285714285714285
7 0.5602791878172589 0.2842857142857143 0.013959390862944163 0.015714285714285715
7 0.541243654822335 0.2767857142857143 0.011421319796954314 0.015000000000000001
7 0.5532994923857868 0.27785714285714286 0.01015228426395939 0.017142857142857144
7 0.5704314720812182 0.28535714285714286 0.008883248730964468 0.015000000000000001
7 0.5786802030456852 0.27749999999999997 0.01015228426395939 0.016428571428571428
7 0.5437817258883249 0.24142857142857144 0.008883248730964468 0.011428571428571429
7 0.5488578680203046 0.24035714285714285 0.013959390862944163 0.015000000000000001
7 0.5596446700507614 0.26571428571428574 0.01015228426395939 0.015714285714285715
7 0.567258883248731 0.26678571428571424 0.01015228426395939 0.016428571428571428
7 0.583756345177665 0.26571428571428574 0.007614213197969543 0.014285714285714285
7 0.5736040609137056 0.26107142857142857 0.01015228426395939 0.015000000000000001
7 0.565989847715736 0.2592857142857143 0.01269035532994924 0.017142857142857144
7 0.5647208121827411 0.25571428571428567 0.01269035532994924 0.015714285714285715
7 0.5831218274111675 0.2567857142857143 0.008883248730964468 0.017857142857142856
7 0.5926395939086294 0.2457142857142857 0.01015228426395939 0.014285714285714285
7 0.5767766497461929 0.2342857142857143 0.011421319796954314 0.014285714285714285
6 0.5691624365482233 0.2357142857142857 0.013959390862944163 0.01
7 0.5488578680203046 0.23642857142857143 0.011421319796954314 0.015714285714285715
7 0.5374365482233502 0.23285714285714285 0.008883248730964468 0.015714285714285715
7 0.5488578680203046 0.2317857142857143 0.011421319796954314 0.015000000000000001
7 0.5482233502538071 0.22857142857142856 0.01269035532994924 0.017142857142857144
7 0.58248730964467 0.22607142857142856 0.01015228426395939 0.015000000000000001
7 0.5920050761421319 0.23750000000000002 0.011421319796954314 0.016428571428571428
7 0.6008883248730964 0.23750000000000002 0.011421319796954314 0.015000000000000001
7 0.6161167512690355 0.23499999999999996 0.008883248730964468 0.012857142857142857
7 0.6046954314720812 0.23357142857142854 0.008883248730964468 0.015714285714285715
7 0.5894670050761421 0.2282142857142857 0.008883248730964468 0.016428571428571428
7 0.6567258883248731 0.2617857142857143 0.008883248730964468 0.017857142857142856
8 0.6579949238578681 0.24107142857142855 0.008883248730964468 0.010714285714285714
7 0.6776649746192893 0.2475 0.01015228426395939 0.016428571428571428
7 0.6878172588832487 0.25392857142857145 0.01015228426395939 0.013571428571428571
7 0.6668781725888324 0.25357142857142856 0.011421319796954314 0.015714285714285715
7 0.6579949238578681 0.2517857142857143 0.011421319796954314 0.013571428571428571