4 0.14974619289340102 0.0060714285714285705 0.01015228426395939 0.007857142857142858
7 0.1802030456852792 0.029285714285714286 0.007614213197969543 0.011428571428571429
8 0.2798223350253807 0.005357142857142857 0.008883248730964468 0.009285714285714286
7 0.29314720812182743 0.005714285714285714 0.007614213197969543 0.008571428571428572
11 0.19923857868020303 0.06107142857142857 0.030456852791878174 0.023571428571428573
5 0.2480964467005076 0.07035714285714285 0.011421319796954314 0.012142857142857141
5 0.25951776649746194 0.06857142857142857 0.011421319796954314 0.012857142857142857
4 0.3267766497461929 0.06035714285714286 0.026649746192893398 0.0064285714285714285
11 0.32423857868020306 0.0725 0.06218274111675127 0.019285714285714285
11 0.3343908629441624 0.07857142857142857 0.06218274111675127 0.018571428571428572
3 0.3369289340101523 0.08607142857142856 0.05456852791878173 0.016428571428571428
3 0.3280456852791878 0.10178571428571428 0.0317258883248731 0.016428571428571428
11 0.34263959390862947 0.11749999999999998 0.030456852791878174 0.019285714285714285
3 0.22588832487309646 0.12071428571428572 0.05583756345177665 0.012857142857142857
3 0.31091370558375636 0.1575 0.04568527918781726 0.024999999999999998
5 0.22588832487309646 0.19357142857142856 0.03807106598984771 0.014285714285714285
5 0.22779187817258884 0.18642857142857142 0.03934010152284264 0.012857142857142857
5 0.22208121827411167 0.18107142857142858 0.04060913705583756 0.012142857142857141
5 0.21954314720812185 0.17285714285714285 0.043147208121827416 0.015714285714285715
5 0.217005076142132 0.21464285714285714 0.02030456852791878 0.016428571428571428
5 0.20304568527918784 0.22249999999999998 0.017766497461928935 0.020714285714285713
5 0.1871827411167513 0.2257142857142857 0.019035532994923856 0.017142857142857144
5 0.16751269035532995 0.22607142857142856 0.017766497461928935 0.017857142857142856
5 0.14657360406091371 0.23035714285714287 0.019035532994923856 0.019285714285714285
11 0.05071428571428571 0.25317258883248733 0.10142857142857142 0.04314720812182741
3 0.016428571428571428 0.3052030456852792 0.032857142857142856 0.030456852791878174
3 0.013928571428571429 0.3401015228426396 0.027857142857142858 0.03934010152284264
3 0.06725888324873097 0.29642857142857143 0.048223350253807105 0.03428571428571429
3 0.11802030456852793 0.2975 0.04568527918781726 0.03357142857142857
11 0.06852791878172589 0.33035714285714285 0.053299492385786795 0.042142857142857135
7 0.3356598984771574 0.3314285714285714 0.01649746192893401 0.018571428571428572
7 0.34708121827411165 0.3332142857142857 0.019035532994923856 0.017857142857142856
2 0.616751269035533 0.5407142857142857 0.23857868020304568 0.041428571428571426
2 0.9053571428571429 0.48984771573604063 0.18928571428571428 0.10786802030456853
10 0.8673857868020304 0.32928571428571424 0.052030456852791875 0.0642857142857143
7 0.4980964467005076 0.3907142857142857 0.013959390862944163 0.014285714285714285
7 0.5177664974619289 0.4057142857142857 0.01269035532994924 0.012857142857142857
7 0.5266497461928934 0.4039285714285714 0.015228426395939087 0.012142857142857141
7 0.5336294416243654 0.3857142857142857 0.008883248730964468 0.012857142857142857
7 0.5463197969543148 0.33535714285714285 0.013959390862944163 0.015000000000000001
7 0.5437817258883249 0.32999999999999996 0.008883248730964468 0.012857142857142857
7 0.5647208121827411 0.27249999999999996 0.01015228426395939 0.016428571428571428
7 0.58248730964467 0.2457142857142857 0.01269035532994924 0.014285714285714285
7 0.5666243654822335 0.2407142857142857 0.011421319796954314 0.011428571428571429
7 0.567258883248731 0.11428571428571428 0.007614213197969543 0.01
7 0.49365482233502533 0.03071428571428571 0.005076142131979695 0.01
7 0.4968274111675127 0.060714285714285714 0.008883248730964468 0.01
7 0.48540609137055835 0.0425 0.00634517766497462 0.007857142857142858
7 0.5184010152284264 0.053571428571428575 0.008883248730964468 0.011428571428571429
7 0.5076142131979696 0.06392857142857142 0.007614213197969543 0.009285714285714286
11 0.5977157360406091 0.05178571428571428 0.02538071065989848 0.015000000000000001
11 0.7652284263959391 0.04964285714285714 0.027918781725888325 0.020714285714285713
10 0.7779187817258884 0.024999999999999998 0.043147208121827416 0.02
10 0.8083756345177665 0.04392857142857143 0.03807106598984771 0.024999999999999998
11 0.8388324873096447 0.06321428571428571 0.05076142131979696 0.016428571428571428
3 0.881979695431472 0.10071428571428571 0.03553299492385787 0.018571428571428572
11 0.9130710659898478 0.11964285714285713 0.0317258883248731 0.024999999999999998
11 0.9289340101522843 0.1457142857142857 0.02538071065989848 0.02857142857142857
11 0.8274111675126903 0.20142857142857143 0.027918781725888325 0.025714285714285714
11 0.9295685279187818 0.17964285714285713 0.026649746192893398 0.026428571428571426
11 0.9302030456852792 0.2075 0.030456852791878174 0.026428571428571426
7 0.9390862944162437 0.09821428571428571 0.007614213197969543 0.012142857142857141
7 0.9447969543147208 0.09892857142857142 0.00634517766497462 0.009285714285714286