11 0.674492385786802 0.5153571428571428 0.06472081218274112 0.07214285714285713
11 0.7887055837563453 0.4771428571428571 0.05710659898477158 0.054285714285714284
3 0.75 0.3457142857142857 0.04568527918781726 0.03857142857142857
3 0.8312182741116751 0.3267857142857143 0.043147208121827416 0.03785714285714285
3 0.7017766497461929 0.27785714285714286 0.03807106598984771 0.024285714285714282
3 0.6243654822335025 0.29428571428571426 0.04568527918781726 0.027142857142857142
5 0.09263959390862944 0.5260714285714285 0.05583756345177665 0.020714285714285713
3 0.06979695431472081 0.48178571428571426 0.048223350253807105 0.03357142857142857
3 0.056472081218274114 0.4475 0.052030456852791875 0.027857142857142858
11 0.02855329949238579 0.4196428571428571 0.05456852791878173 0.03357142857142857
11 0.09073604060913705 0.14678571428571427 0.04695431472081218 0.010714285714285714
11 0.2265228426395939 0.13 0.03680203045685279 0.01
11 0.17385786802030456 0.1382142857142857 0.04060913705583756 0.010714285714285714
2 0.7296954314720812 0.16785714285714287 0.0634517766497462 0.05142857142857143
2 0.8953045685279187 0.16249999999999998 0.049492385786802026 0.052142857142857144
3 0.8508883248730964 0.17964285714285713 0.02918781725888325 0.017857142857142856
11 0.791243654822335 0.16785714285714287 0.026649746192893398 0.017142857142857144
11 0.9263959390862944 0.11178571428571428 0.02284263959390863 0.015000000000000001
10 0.8927664974619288 0.105 0.03426395939086294 0.025714285714285714
10 0.8350253807106599 0.07821428571428571 0.030456852791878174 0.02214285714285714
3 0.7100253807106599 0.12035714285714284 0.019035532994923856 0.010714285714285714
3 0.7195431472081218 0.08964285714285714 0.017766497461928935 0.010714285714285714
3 0.7296954314720812 0.06142857142857142 0.017766497461928935 0.01
4 0.5628172588832487 0.048571428571428564 0.06218274111675127 0.014285714285714285
3 0.9111675126903553 0.08571428571428572 0.017766497461928935 0.011428571428571429
11 0.9352791878172588 0.09 0.02030456852791878 0.014285714285714285
3 0.9194162436548223 0.06821428571428571 0.013959390862944163 0.009285714285714286
5 0.8832487309644669 0.05464285714285714 0.01015228426395939 0.007857142857142858
3 0.8826142131979696 0.03857142857142857 0.01649746192893401 0.01
3 0.9041878172588833 0.04 0.013959390862944163 0.01
10 0.7582487309644669 0.033928571428571426 0.026649746192893398 0.013571428571428571
11 0.8331218274111676 0.009285714285714286 0.021573604060913708 0.008571428571428572
10 0.9384517766497462 0.42142857142857143 0.10025380710659898 0.08857142857142856
3 0.516497461928934 0.31821428571428567 0.03299492385786802 0.020714285714285713
7 0.2626903553299492 0.17250000000000001 0.01269035532994924 0.009285714285714286
3 0.8775380710659899 0.13607142857142857 0.021573604060913708 0.013571428571428571
2 0.6148477157360407 0.049999999999999996 0.0317258883248731 0.018571428571428572
3 0.6281725888324873 0.06178571428571428 0.01269035532994924 0.0064285714285714285
3 0.6586294416243654 0.06321428571428571 0.017766497461928935 0.007857142857142858
3 0.5958121827411168 0.07214285714285713 0.021573604060913708 0.007142857142857143
5 0.7385786802030457 0.04928571428571429 0.007614213197969543 0.007142857142857143
5 0.9041878172588833 0.017499999999999998 0.013959390862944163 0.009285714285714286
3 0.9251269035532995 0.05499999999999999 0.015228426395939087 0.01
3 0.9378172588832486 0.04107142857142857 0.01015228426395939 0.009285714285714286
3 0.9416243654822335 0.03071428571428571 0.01269035532994924 0.005714285714285714
3 0.9644670050761421 0.02964285714285714 0.01269035532994924 0.0064285714285714285
3 0.9619289340101522 0.033928571428571426 0.015228426395939087 0.0064285714285714285
10 0.9549492385786802 0.047142857142857146 0.024111675126903553 0.02142857142857143
3 0.9727157360406092 0.02142857142857143 0.011421319796954314 0.008571428571428572
3 0.9486040609137056 0.021785714285714283 0.013959390862944163 0.010714285714285714
11 0.9777918781725887 0.009285714285714286 0.011421319796954314 0.007142857142857143
11 0.9555837563451777 0.014285714285714285 0.01269035532994924 0.008571428571428572
11 0.9617857142857142 0.0025380710659898475 0.01 0.005076142131979695
11 0.9314720812182741 0.008214285714285714 0.01015228426395939 0.007857142857142858
11 0.809010152284264 0.08214285714285714 0.024111675126903553 0.015714285714285715
3 0.8610406091370558 0.08785714285714286 0.021573604060913708 0.011428571428571429