8 0.2954545454545454 0.33533402922755745 0.07513914656771799 0.03392484342379959
5 0.2945269016697588 0.34107515657620047 0.0640074211502783 0.038100208768267224
7 0.5222634508348794 0.5190501043841337 0.04267161410018552 0.038100208768267224
5 0.5287569573283859 0.45067849686847605 0.10389610389610389 0.06837160751565763
9 0.5338589981447124 0.36951983298538627 0.12894248608534323 0.0605427974947808
7 0.7040816326530612 0.3522964509394572 0.03525046382189239 0.036534446764091864
7 0.6985157699443413 0.33272442588726514 0.025974025974025972 0.0255741127348643
9 0.6743970315398886 0.3173277661795407 0.08534322820037105 0.05636743215031315
9 0.6317254174397031 0.25391440501043844 0.05380333951762523 0.04749478079331942
8 0.6674397031539888 0.24556367432150317 0.038033395176252316 0.027661795407098125
8 0.724025974025974 0.25 0.02133580705009276 0.017745302713987474
7 0.7397959183673469 0.26487473903966596 0.02133580705009276 0.0255741127348643
7 0.7323747680890538 0.255741127348643 0.02504638218923933 0.03757828810020877
8 0.7750463821892393 0.21320459290187893 0.028756957328385898 0.027661795407098125
5 0.7750463821892393 0.21998956158663885 0.03061224489795918 0.03392484342379959
5 0.648886827458256 0.21972860125260962 0.034322820037105746 0.024008350730688938
8 0.7161410018552876 0.18528183716075158 0.03339517625231911 0.028183716075156576
8 0.7384044526901669 0.17901878914405012 0.025974025974025972 0.017745302713987474
0 0.6739332096474954 0.1881524008350731 0.0732838589981447 0.04853862212943633
8 0.8951762523191094 0.22807933194154492 0.02411873840445269 0.020876826722338204
5 0.8961038961038961 0.2346033402922756 0.025974025974025972 0.03496868475991649
11 0.8135435992578849 0.4094467640918581 0.11688311688311687 0.10073068893528184
0 0.9963465553235908 0.5055658627087198 0.007306889352818371 0.09925788497217068
5 0.9832985386221295 0.39285714285714285 0.033402922755741124 0.04916512059369202
0 0.9332096474953617 0.37265135699373697 0.08163265306122448 0.07828810020876828
8 0.9308905380333952 0.3246346555323591 0.032467532467532464 0.03549060542797495
5 0.9308905380333952 0.33272442588726514 0.07142857142857142 0.03183716075156577
9 0.9945198329853863 0.14888682745825602 0.010960334029227558 0.03896103896103896
8 0.9907235621521335 0.07593945720250522 0.018552875695732836 0.018267223382045932
5 0.9874768089053803 0.07698329853862214 0.01948051948051948 0.0255741127348643
5 0.8464749536178108 0.14248434237995827 0.02504638218923933 0.02505219206680585
8 0.8450834879406308 0.1323068893528184 0.02411873840445269 0.02244258872651357
7 0.7792207792207791 0.12395615866388311 0.02411873840445269 0.029749478079331943
7 0.7578849721706864 0.11873695198329855 0.016697588126159554 0.028705636743215034
8 0.8075139146567718 0.11717118997912318 0.028756957328385898 0.020354906054279753
9 0.8158627087198516 0.11951983298538624 0.041743970315398886 0.032359081419624215
3 0.8603896103896104 0.06106471816283925 0.06771799628942485 0.03862212943632568
7 0.9780793319415448 0.011131725417439703 0.015657620041753653 0.022263450834879406
7 0.9346011131725417 0.013569937369519834 0.013914656771799629 0.020876826722338204