3 0.4514285714285714 0.6078571428571429 0.07428571428571429 0.11571428571428571
3 0.2633333333333333 0.5035714285714286 0.07142857142857142 0.08428571428571428
3 0.17047619047619048 0.5467857142857143 0.0819047619047619 0.09357142857142857
3 0.6952380952380952 0.3967857142857143 0.07428571428571429 0.04928571428571429
3 0.7571428571428571 0.3964285714285714 0.07238095238095238 0.05285714285714286
3 0.8438095238095238 0.4007142857142857 0.07809523809523809 0.06
3 0.6966666666666667 0.3464285714285714 0.06571428571428571 0.045714285714285714
3 0.6090476190476191 0.34214285714285714 0.08285714285714285 0.03857142857142857
3 0.589047619047619 0.3057142857142857 0.05809523809523809 0.037142857142857144
3 0.98 0.6080952380952381 0.04 0.09619047619047619
3 0.22238095238095237 0.38285714285714284 0.052380952380952375 0.054285714285714284
3 0.30428571428571427 0.16214285714285714 0.03333333333333333 0.027142857142857142
3 0.2695238095238095 0.05357142857142857 0.022857142857142857 0.012857142857142857
3 0.18857142857142858 0.056428571428571425 0.019047619047619046 0.014285714285714285
3 0.17238095238095236 0.019642857142857142 0.017142857142857144 0.012142857142857143
3 0.34047619047619043 0.08821428571428572 0.023809523809523805 0.015
3 0.419047619047619 0.17214285714285715 0.03619047619047619 0.022857142857142857
11 0.023928571428571428 0.2966666666666667 0.047857142857142855 0.04476190476190476
11 0.5328571428571428 0.5028571428571429 0.09619047619047619 0.10285714285714286
11 0.8585714285714285 0.6053571428571428 0.1 0.08357142857142857
3 0.9442857142857143 0.38321428571428573 0.056190476190476187 0.05357142857142857
3 0.9996428571428572 0.4166666666666667 0.0007142857142857143 0.054285714285714284
11 0.6033333333333333 0.2667857142857143 0.08857142857142856 0.03642857142857143
10 0.6442857142857142 0.29928571428571427 0.07142857142857142 0.047142857142857146
10 0.5833333333333333 0.2392857142857143 0.0638095238095238 0.04428571428571428
10 0.48666666666666664 0.17035714285714285 0.09142857142857143 0.045
10 0.44476190476190475 0.13642857142857143 0.06857142857142857 0.03428571428571429
3 0.2180952380952381 0.33464285714285713 0.0419047619047619 0.04642857142857143
3 0.21428571428571427 0.2960714285714286 0.04761904761904761 0.04071428571428572
3 0.20095238095238094 0.2671428571428571 0.0419047619047619 0.04
3 0.18904761904761902 0.1657142857142857 0.02952380952380952 0.024285714285714285
3 0.1757142857142857 0.15071428571428572 0.025714285714285714 0.02142857142857143
7 0.25190476190476185 0.19892857142857143 0.01238095238095238 0.019285714285714285
7 0.24142857142857144 0.19964285714285715 0.01619047619047619 0.020714285714285713
7 0.2357142857142857 0.22321428571428573 0.01619047619047619 0.017857142857142856
7 0.6680952380952381 0.23285714285714285 0.014285714285714285 0.02142857142857143
7 0.5452380952380952 0.18642857142857142 0.018095238095238095 0.024285714285714285
7 0.10095238095238093 0.06785714285714285 0.009523809523809523 0.011428571428571429
7 0.10666666666666666 0.04321428571428571 0.007619047619047619 0.012142857142857143
7 0.09333333333333332 0.10821428571428572 0.011428571428571429 0.015
3 0.09964285714285714 0.0033333333333333335 0.014285714285714285 0.006666666666666667
3 0.09666666666666665 0.0067857142857142855 0.01238095238095238 0.009285714285714286
3 0.09523809523809522 0.009642857142857142 0.013333333333333332 0.010714285714285714
3 0.09238095238095237 0.014642857142857143 0.013333333333333332 0.009285714285714286
3 0.09333333333333332 0.019642857142857142 0.015238095238095238 0.009285714285714286
3 0.09095238095238095 0.024642857142857143 0.014285714285714285 0.009285714285714286
3 0.09095238095238095 0.02857142857142857 0.01619047619047619 0.011428571428571429
3 0.08952380952380952 0.03535714285714286 0.015238095238095238 0.009285714285714286
3 0.08571428571428572 0.039285714285714285 0.017142857142857144 0.01
3 0.08714285714285715 0.04642857142857143 0.01619047619047619 0.01
3 0.08714285714285715 0.0525 0.01619047619047619 0.010714285714285714
3 0.08142857142857143 0.06035714285714286 0.018095238095238095 0.013571428571428571
3 0.08047619047619047 0.06607142857142857 0.018095238095238095 0.012142857142857143
3 0.07761904761904762 0.07357142857142857 0.02 0.014285714285714285
3 0.07809523809523809 0.08035714285714286 0.022857142857142857 0.013571428571428571
3 0.07428571428571429 0.09 0.022857142857142857 0.015714285714285715
3 0.07285714285714286 0.10285714285714286 0.023809523809523805 0.017142857142857144
3 0.07047619047619047 0.1125 0.022857142857142857 0.020714285714285713
3 0.06666666666666667 0.12785714285714286 0.02476190476190476 0.017142857142857144
3 0.06428571428571428 0.13714285714285715 0.02952380952380952 0.02142857142857143
11 0.056190476190476187 0.14785714285714285 0.03238095238095238 0.025714285714285714
3 0.054761904761904755 0.16535714285714287 0.03142857142857143 0.02214285714285714
11 0.046190476190476185 0.185 0.037142857142857144 0.02857142857142857
3 0.045714285714285714 0.21357142857142858 0.03428571428571429 0.022857142857142857
11 0.03333333333333333 0.235 0.04 0.03428571428571429
3 0.03142857142857143 0.26571428571428574 0.043809523809523805 0.02857142857142857
3 0.0225 0.3404761904761905 0.045 0.03619047619047619
3 0.016785714285714286 0.38095238095238093 0.03357142857142857 0.05047619047619047
3 0.015357142857142857 0.4380952380952381 0.030714285714285715 0.06
3 0.15571428571428572 0.4739285714285714 0.11142857142857143 0.07357142857142857
3 0.14476190476190476 0.42892857142857144 0.09714285714285714 0.062142857142857146
3 0.13190476190476189 0.385 0.054285714285714284 0.047142857142857146
3 0.13666666666666666 0.3107142857142857 0.050476190476190466 0.04285714285714286
3 0.13428571428571429 0.2714285714285714 0.045714285714285714 0.04
3 0.12666666666666665 0.2275 0.04761904761904761 0.04642857142857143
3 0.13904761904761903 0.11857142857142858 0.0419047619047619 0.024285714285714285
3 0.1352380952380952 0.10321428571428572 0.04 0.015
4 0.13857142857142857 0.06321428571428571 0.01619047619047619 0.060714285714285714
4 0.1361904761904762 0.0175 0.011428571428571429 0.02214285714285714
3 0.18142857142857144 0.13357142857142856 0.025714285714285714 0.018571428571428572
3 0.17857142857142858 0.12178571428571429 0.023809523809523805 0.016428571428571428
3 0.17285714285714285 0.11142857142857143 0.025714285714285714 0.018571428571428572
3 0.1719047619047619 0.10035714285714285 0.02 0.016428571428571428
3 0.17238095238095236 0.09071428571428572 0.022857142857142857 0.015714285714285715
11 0.17095238095238094 0.08 0.018095238095238095 0.015714285714285715
3 0.1657142857142857 0.07285714285714286 0.017142857142857144 0.014285714285714285
3 0.1657142857142857 0.065 0.019047619047619046 0.012857142857142857
3 0.16285714285714287 0.05785714285714286 0.017142857142857144 0.012857142857142857
3 0.16238095238095238 0.0525 0.01619047619047619 0.013571428571428571
3 0.1576190476190476 0.04535714285714286 0.01619047619047619 0.012142857142857143
3 0.16047619047619047 0.04 0.01619047619047619 0.011428571428571429
3 0.1576190476190476 0.03535714285714286 0.01619047619047619 0.009285714285714286
3 0.15476190476190477 0.030357142857142857 0.014285714285714285 0.010714285714285714
3 0.15380952380952378 0.02642857142857143 0.014285714285714285 0.011428571428571429
3 0.15142857142857144 0.021785714285714287 0.015238095238095238 0.010714285714285714
3 0.1519047619047619 0.018214285714285714 0.01238095238095238 0.010714285714285714
3 0.15047619047619046 0.011785714285714287 0.013333333333333332 0.010714285714285714
3 0.1519047619047619 0.0067857142857142855 0.01238095238095238 0.009285714285714286
3 0.1525 0.004285714285714286 0.013571428571428571 0.008571428571428572
3 0.36238095238095236 0.07821428571428571 0.02 0.012142857142857143
3 0.35333333333333333 0.06964285714285715 0.017142857142857144 0.012142857142857143
3 0.3442857142857143 0.06321428571428571 0.01619047619047619 0.012142857142857143
3 0.33904761904761904 0.056428571428571425 0.015238095238095238 0.01
3 0.33190476190476187 0.05035714285714286 0.01619047619047619 0.010714285714285714
3 0.35714285714285715 0.04928571428571429 0.019047619047619046 0.012857142857142857
3 0.3433333333333333 0.04071428571428572 0.018095238095238095 0.011428571428571429
3 0.32285714285714284 0.04392857142857143 0.017142857142857144 0.012142857142857143
3 0.3161904761904762 0.038214285714285715 0.013333333333333332 0.009285714285714286
3 0.31047619047619046 0.03464285714285714 0.013333333333333332 0.010714285714285714
3 0.3028571428571429 0.030714285714285715 0.013333333333333332 0.01
3 0.29714285714285715 0.024642857142857143 0.013333333333333332 0.009285714285714286
3 0.2933333333333333 0.02142857142857143 0.013333333333333332 0.01
3 0.28714285714285714 0.017142857142857144 0.01238095238095238 0.01
3 0.28 0.010357142857142856 0.011428571428571429 0.010714285714285714
3 0.2847619047619047 0.015 0.013333333333333332 0.01
3 0.27714285714285714 0.006071428571428571 0.013333333333333332 0.007857142857142858
3 0.27535714285714286 0.004761904761904762 0.011428571428571429 0.009523809523809525
7 0.2757142857142857 0.020714285714285713 0.006666666666666666 0.011428571428571429
7 0.28523809523809524 0.021785714285714287 0.006666666666666666 0.012142857142857143
7 0.3833333333333333 0.09214285714285714 0.006666666666666666 0.012857142857142857
7 0.5157142857142857 0.0975 0.008571428571428572 0.013571428571428571
7 0.45619047619047615 0.09892857142857144 0.007619047619047619 0.013571428571428571
7 0.4052380952380952 0.09142857142857143 0.008571428571428572 0.012857142857142857
7 0.3609523809523809 0.08464285714285714 0.005714285714285714 0.013571428571428571
7 0.36857142857142855 0.08535714285714285 0.007619047619047619 0.013571428571428571
4 0.39476190476190476 0.07571428571428572 0.023809523809523805 0.014285714285714285
4 0.3766666666666666 0.06428571428571428 0.01238095238095238 0.008571428571428572
3 0.40619047619047616 0.052142857142857144 0.02 0.012857142857142857
3 0.3976190476190476 0.04607142857142857 0.014285714285714285 0.012142857142857143
4 0.38047619047619047 0.03464285714285714 0.01619047619047619 0.013571428571428571
4 0.36476190476190473 0.008928571428571428 0.03238095238095238 0.016428571428571428
11 0.33190476190476187 0.02892857142857143 0.02 0.013571428571428571
3 0.32047619047619047 0.025 0.018095238095238095 0.01
3 0.3157142857142857 0.021785714285714287 0.018095238095238095 0.009285714285714286
3 0.3133333333333333 0.018214285714285714 0.017142857142857144 0.010714285714285714
3 0.30666666666666664 0.014642857142857143 0.017142857142857144 0.009285714285714286
3 0.3061904761904762 0.011785714285714287 0.018095238095238095 0.010714285714285714
3 0.3009523809523809 0.009285714285714286 0.017142857142857144 0.01
3 0.2995238095238095 0.0067857142857142855 0.014285714285714285 0.009285714285714286
3 0.3795238095238095 0.14 0.025714285714285714 0.018571428571428572
3 0.3766666666666666 0.12857142857142856 0.025714285714285714 0.015714285714285715
3 0.3633333333333333 0.11785714285714285 0.025714285714285714 0.018571428571428572
7 0.3752380952380952 0.14714285714285713 0.009523809523809523 0.015714285714285715
7 0.40238095238095234 0.1367857142857143 0.008571428571428572 0.015
7 0.4009523809523809 0.14642857142857144 0.009523809523809523 0.014285714285714285
7 0.39476190476190476 0.14892857142857144 0.006666666666666666 0.013571428571428571
8 0.4861904761904762 0.1417857142857143 0.010476190476190476 0.010714285714285714
8 0.4676190476190476 0.2357142857142857 0.011428571428571429 0.012857142857142857
8 0.5138095238095237 0.24392857142857144 0.01238095238095238 0.019285714285714285
7 0.5961904761904762 0.2082142857142857 0.011428571428571429 0.020714285714285713
5 0.4685714285714286 0.2392857142857143 0.013333333333333332 0.018571428571428572
5 0.5852380952380952 0.21571428571428572 0.023809523809523805 0.012857142857142857
5 0.5938095238095238 0.22357142857142856 0.027619047619047616 0.011428571428571429
5 0.5957142857142858 0.2282142857142857 0.02952380952380952 0.013571428571428571
5 0.6023809523809524 0.2317857142857143 0.027619047619047616 0.013571428571428571
1 0.5747619047619047 0.2067857142857143 0.021904761904761903 0.013571428571428571
1 0.5142857142857142 0.24892857142857142 0.017142857142857144 0.017857142857142856
3 0.8871428571428571 0.3867857142857143 0.07142857142857142 0.060714285714285714
3 0.23619047619047617 0.4432142857142857 0.05523809523809523 0.04642857142857143