10 0.8102791878172588 0.5289285714285714 0.08756345177664974 0.065
3 0.9771428571428571 0.467005076142132 0.045714285714285714 0.04314720812182741
10 0.9821428571428571 0.41814720812182743 0.03571428571428571 0.04568527918781726
3 0.9885714285714285 0.350253807106599 0.022857142857142857 0.02284263959390863
3 0.9543147208121827 0.3510714285714286 0.030456852791878174 0.023571428571428573
3 0.9219543147208121 0.3521428571428571 0.0317258883248731 0.024285714285714282
3 0.9384517766497462 0.32785714285714285 0.0317258883248731 0.024285714285714282
3 0.9079949238578681 0.32857142857142857 0.03426395939086294 0.024285714285714282
3 0.9257614213197969 0.3075 0.0317258883248731 0.020714285714285713
3 0.9143401015228426 0.29107142857142854 0.02918781725888325 0.020714285714285713
3 0.9029187817258884 0.2710714285714286 0.026649746192893398 0.019285714285714285
10 0.8769035532994923 0.2382142857142857 0.03299492385786802 0.020714285714285713
10 0.8718274111675126 0.2782142857142857 0.0634517766497462 0.05928571428571428
10 0.7982233502538072 0.22642857142857142 0.043147208121827416 0.03857142857142857
4 0.6046954314720812 0.3003571428571429 0.10786802030456853 0.1407142857142857
3 0.7182741116751269 0.27321428571428574 0.030456852791878174 0.019285714285714285
11 0.7011421319796954 0.24285714285714285 0.02918781725888325 0.02
11 0.8432741116751268 0.20857142857142857 0.024111675126903553 0.02142857142857143
11 0.8096446700507615 0.2082142857142857 0.03299492385786802 0.026428571428571426
3 0.8115482233502538 0.1821428571428571 0.021573604060913708 0.014285714285714285
3 0.7975888324873097 0.1667857142857143 0.026649746192893398 0.016428571428571428
3 0.7703045685279187 0.19749999999999998 0.030456852791878174 0.020714285714285713
3 0.7474619289340101 0.17392857142857143 0.02284263959390863 0.015000000000000001
3 0.7309644670050761 0.155 0.02284263959390863 0.015714285714285715
2 0.7182741116751269 0.13642857142857143 0.027918781725888325 0.017142857142857144
10 0.7563451776649746 0.1225 0.03299492385786802 0.02214285714285714
10 0.6554568527918782 0.18178571428571427 0.026649746192893398 0.019285714285714285
2 0.6548223350253808 0.11107142857142857 0.015228426395939087 0.010714285714285714
11 0.6472081218274112 0.1707142857142857 0.02030456852791878 0.012857142857142857
11 0.6408629441624366 0.1632142857142857 0.02030456852791878 0.013571428571428571
10 0.6338832487309645 0.14642857142857144 0.024111675126903553 0.017142857142857144
10 0.6269035532994923 0.1367857142857143 0.02538071065989848 0.019285714285714285
2 0.616751269035533 0.11428571428571428 0.03299492385786802 0.024285714285714282
2 0.58248730964467 0.21714285714285714 0.06598984771573604 0.024285714285714282
3 0.5869289340101522 0.07142857142857142 0.019035532994923856 0.01
11 0.6687817258883249 0.0775 0.02030456852791878 0.012142857142857141
3 0.6541878172588832 0.0642857142857143 0.01649746192893401 0.01
3 0.5989847715736041 0.05714285714285714 0.015228426395939087 0.01
3 0.6078680203045685 0.04428571428571428 0.01269035532994924 0.008571428571428572
4 0.5723350253807107 0.03321428571428572 0.03299492385786802 0.056428571428571425
2 0.5989847715736041 0.026785714285714288 0.017766497461928935 0.016428571428571428
3 0.6154822335025381 0.02142857142857143 0.01269035532994924 0.008571428571428572
3 0.6326142131979696 0.040357142857142855 0.013959390862944163 0.0064285714285714285
3 0.649746192893401 0.04928571428571429 0.017766497461928935 0.01
4 0.649746192893401 0.02 0.05076142131979696 0.037142857142857144
10 0.682741116751269 0.05392857142857143 0.02030456852791878 0.015000000000000001
7 0.7043147208121827 0.06178571428571428 0.01015228426395939 0.009285714285714286
5 0.7125634517766498 0.06892857142857142 0.013959390862944163 0.007857142857142858
7 0.7944162436548223 0.15107142857142855 0.007614213197969543 0.009285714285714286
7 0.7772842639593908 0.15178571428571427 0.008883248730964468 0.007857142857142858
7 0.9860406091370558 0.3075 0.01015228426395939 0.013571428571428571
3 0.7709390862944162 0.39285714285714285 0.04695431472081218 0.04285714285714286