5 0.22714285714285715 0.5882142857142857 0.08095238095238094 0.029285714285714286
5 0.2238095238095238 0.5660714285714286 0.06666666666666667 0.025
5 0.22428571428571428 0.5446428571428571 0.0638095238095238 0.023571428571428573
7 0.30428571428571427 0.5685714285714286 0.037142857142857144 0.032857142857142856
7 0.3419047619047619 0.5925 0.03428571428571429 0.03357142857142857
5 0.24142857142857144 0.5021428571428571 0.06952380952380952 0.027142857142857142
5 0.10238095238095236 0.5907142857142857 0.07333333333333332 0.027142857142857142
3 0.9114285714285715 0.5332142857142858 0.09714285714285714 0.12214285714285714
3 0.59 0.39785714285714285 0.06952380952380952 0.09714285714285714
3 0.5814285714285714 0.7210714285714286 0.08857142857142856 0.056428571428571425
3 0.3519047619047619 0.48892857142857143 0.1457142857142857 0.11785714285714285
9 0.1419047619047619 0.47464285714285714 0.045714285714285714 0.05357142857142857
7 0.23619047619047617 0.3657142857142857 0.03619047619047619 0.032857142857142856
7 0.24190476190476187 0.34714285714285714 0.03238095238095238 0.032857142857142856
6 0.29285714285714287 0.3067857142857143 0.035238095238095235 0.029285714285714286
6 0.2885714285714286 0.32821428571428574 0.0419047619047619 0.02642857142857143
6 0.23857142857142857 0.325 0.04857142857142857 0.03142857142857143
6 0.2495238095238095 0.30392857142857144 0.05142857142857143 0.027857142857142858
3 0.45238095238095233 0.36892857142857144 0.07428571428571429 0.10642857142857143
3 0.39619047619047615 0.1675 0.13333333333333333 0.04214285714285714
3 0.38380952380952377 0.20892857142857144 0.14285714285714285 0.047857142857142855
7 0.4476190476190476 0.27714285714285714 0.022857142857142857 0.03428571428571429
7 0.45571428571428574 0.25392857142857145 0.025714285714285714 0.030714285714285715
7 0.4342857142857143 0.25392857142857145 0.019047619047619046 0.035
7 0.4309523809523809 0.22964285714285715 0.021904761904761903 0.03357142857142857
7 0.4757142857142857 0.23107142857142857 0.02 0.03214285714285714
7 0.4857142857142857 0.23392857142857143 0.02095238095238095 0.030714285714285715
7 0.46952380952380945 0.18928571428571428 0.02095238095238095 0.03428571428571429
7 0.48380952380952374 0.1732142857142857 0.02095238095238095 0.03214285714285714
7 0.4961904761904762 0.17821428571428571 0.015238095238095238 0.03214285714285714
7 0.5104761904761904 0.18285714285714286 0.017142857142857144 0.03571428571428571
7 0.508095238095238 0.16642857142857143 0.01619047619047619 0.02857142857142857
3 0.4142857142857143 0.05964285714285714 0.11428571428571428 0.039285714285714285
3 0.4157142857142857 0.038214285714285715 0.1 0.035
3 0.4228571428571429 0.02035714285714286 0.10095238095238093 0.035
3 0.589047619047619 0.053214285714285714 0.052380952380952375 0.05928571428571429
11 0.6210714285714286 0.019523809523809523 0.05142857142857143 0.039047619047619046
3 0.7723809523809523 0.03964285714285714 0.04761904761904761 0.045
3 0.7723809523809523 0.08464285714285714 0.04952380952380952 0.05357142857142857
3 0.8009523809523809 0.14857142857142858 0.05904761904761904 0.055714285714285716
3 0.8219047619047618 0.21678571428571428 0.06476190476190476 0.07785714285714286
3 0.8438095238095238 0.2982142857142857 0.07428571428571429 0.08642857142857142
1 0.9871428571428571 0.4219047619047619 0.025714285714285714 0.04476190476190476
5 0.47 0.6421428571428571 0.06 0.06