3 0.7246666666666667 0.494 0.12533333333333332 0.092
3 0.6836666666666666 0.347 0.048666666666666664 0.029
3 0.6173333333333333 0.32625 0.057333333333333326 0.0195
3 0.5926666666666667 0.317 0.032 0.02
3 0.5863333333333333 0.30625 0.022 0.0125
3 0.5836666666666667 0.298 0.016666666666666663 0.01
3 0.4706666666666666 0.3465 0.04533333333333333 0.027
3 0.4483333333333333 0.3755 0.06333333333333332 0.039
3 0.392 0.41275 0.09333333333333332 0.0495
3 0.332 0.46375 0.14266666666666666 0.0805
3 0.221 0.56375 0.2553333333333333 0.1365
1 0.41 0.353 0.014666666666666666 0.016
3 0.202 0.404 0.12533333333333332 0.058