4 0.7156666666666667 0.28525 0.054 0.0205
11 0.10166666666666666 0.3665 0.04066666666666666 0.015
10 0.14166666666666666 0.35075 0.05133333333333333 0.0145
10 0.18366666666666664 0.34325 0.04066666666666666 0.0155
10 0.22333333333333333 0.343 0.036 0.02
3 0.755 0.329 0.011333333333333332 0.006
3 0.755 0.33925 0.016666666666666663 0.0105
3 0.7516666666666666 0.36125 0.020666666666666663 0.0125
3 0.7983333333333332 0.33175 0.011333333333333332 0.0115
3 0.8043333333333332 0.34325 0.015333333333333332 0.0135
3 0.8076666666666666 0.35075 0.014 0.0125
3 0.8086666666666666 0.36025 0.012 0.0085
3 0.7433333333333333 0.39725 0.024 0.0155
3 0.7426666666666666 0.41075 0.025333333333333333 0.0195
3 0.7406666666666666 0.428 0.024 0.023
3 0.744 0.452 0.03866666666666666 0.029
3 0.7393333333333333 0.47475 0.034666666666666665 0.0355
3 0.8143333333333332 0.37125 0.015333333333333332 0.0135
3 0.817 0.39 0.02333333333333333 0.022
11 0.826 0.3995 0.022666666666666665 0.026
11 0.7333333333333333 0.49825 0.032 0.0365
11 0.725 0.53625 0.05133333333333333 0.0455
3 0.8343333333333333 0.42275 0.024666666666666663 0.0165
3 0.8406666666666667 0.441 0.029333333333333333 0.022
3 0.88 0.443 0.028 0.022
3 0.8803333333333333 0.51075 0.04733333333333333 0.0445
3 0.7223333333333333 0.59925 0.05133333333333333 0.0675
3 0.7066666666666667 0.68275 0.06133333333333333 0.0945
3 0.901 0.62325 0.06333333333333332 0.0655
3 0.8336666666666667 0.62325 0.056666666666666664 0.0675
3 0.944 0.71225 0.092 0.0745
7 0.042666666666666665 0.39825 0.005333333333333333 0.0115
7 0.31966666666666665 0.39225 0.007333333333333333 0.0115
7 0.328 0.39375 0.009333333333333332 0.0145
7 0.3876666666666666 0.40175 0.007333333333333333 0.0145
7 0.35233333333333333 0.39375 0.003333333333333333 0.0105
7 0.335 0.39425 0.007333333333333333 0.0115
7 0.456 0.41125 0.006666666666666666 0.0145
7 0.61 0.40925 0.009333333333333332 0.0125
7 0.6306666666666666 0.38625 0.004 0.0165
7 0.5553333333333332 0.4155 0.005333333333333333 0.015
7 0.5633333333333332 0.41725 0.005333333333333333 0.0115
7 0.8803333333333333 0.48475 0.011333333333333332 0.0175
7 0.7583333333333333 0.63675 0.018 0.0305
7 0.7656666666666666 0.63525 0.01 0.0145
7 0.698 0.431 0.005333333333333333 0.019
7 0.17466666666666666 0.37025 0.008 0.0135
10 0.05566666666666666 0.35025 0.046 0.0175
11 0.10366666666666666 0.34375 0.03666666666666667 0.0105
11 0.06066666666666667 0.35825 0.028 0.0085
11 0.09666666666666665 0.35675 0.033333333333333326 0.0115
11 0.2646666666666666 0.33225 0.028 0.0085
11 0.31 0.33025 0.03733333333333333 0.0105
11 0.3323333333333333 0.32625 0.02333333333333333 0.0095
11 0.3893333333333333 0.30775 0.034666666666666665 0.0115
3 0.421 0.315 0.012666666666666666 0.009
3 0.451 0.30975 0.022 0.0055
3 0.4323333333333333 0.3045 0.012666666666666666 0.005
3 0.48 0.303 0.025333333333333333 0.008
3 0.4536666666666666 0.30125 0.014 0.0095
3 0.41633333333333333 0.3025 0.014 0.007
3 0.7563333333333333 0.31875 0.011333333333333332 0.0125
3 0.796 0.31775 0.009333333333333332 0.0105
3 0.792 0.306 0.009333333333333332 0.004
3 0.76 0.3035 0.009333333333333332 0.011
3 0.7613333333333333 0.2905 0.012 0.006
7 0.327 0.34175 0.007333333333333333 0.0095
7 0.34933333333333333 0.3345 0.009333333333333332 0.008
4 0.505 0.31325 0.011333333333333332 0.0075
4 0.7873333333333332 0.27525 0.07066666666666666 0.0195
4 0.791 0.294 0.04733333333333333 0.017
7 0.582 0.435 0.010666666666666666 0.018
7 0.6546666666666666 0.40825 0.009333333333333332 0.0125
8 0.702 0.4115 0.013333333333333332 0.01