9 0.09879406307977735 0.28888308977035493 0.06957328385899814 0.0255741127348643
7 0.7778293135435993 0.48251565762004184 0.05844155844155843 0.1059498956158664
7 0.6971243042671613 0.35360125260960334 0.034322820037105746 0.06837160751565763
7 0.6266233766233766 0.3679540709812109 0.032467532467532464 0.06576200417536535
7 0.6628014842300556 0.32541753653444677 0.06957328385899814 0.04853862212943633
7 0.7217068645640073 0.343945720250522 0.04452690166975881 0.059498956158663886
7 0.9160482374768089 0.2943632567849687 0.04730983302411874 0.04592901878914406
7 0.8882189239332096 0.2875782881002088 0.023191094619666047 0.04488517745302714
7 0.8205009276437847 0.22912317327766182 0.026901669758812616 0.03131524008350731
7 0.7949907235621521 0.23016701461377875 0.025974025974025972 0.02922755741127349
7 0.6873840445269017 0.25 0.018552875695732836 0.02922755741127349
7 0.699443413729128 0.2356471816283925 0.02040816326530612 0.03288100208768267
7 0.9856215213358069 0.18867432150313154 0.004638218923933209 0.007828810020876828
7 0.9819109461966604 0.18789144050104387 0.004638218923933209 0.008350730688935283
7 0.3344155844155844 0.1704070981210856 0.006493506493506493 0.01096033402922756
7 0.33858998144712427 0.1711899791231733 0.0055658627087198514 0.011482254697286014