3 0.041243654822335024 0.3575 0.05456852791878173 0.012142857142857141
3 0.11040609137055836 0.3310714285714285 0.04060913705583756 0.010714285714285714
3 0.37944162436548223 0.38285714285714284 0.048223350253807105 0.017142857142857144
3 0.4302030456852792 0.3664285714285714 0.03299492385786802 0.015714285714285715
3 0.36548223350253806 0.36 0.03553299492385787 0.014285714285714285
3 0.4282994923857868 0.49749999999999994 0.049492385786802026 0.029285714285714286
10 0.28426395939086296 0.2875 0.0583756345177665 0.02214285714285714
10 0.3147208121827411 0.3421428571428571 0.043147208121827416 0.02142857142857143
10 0.28426395939086296 0.35178571428571426 0.07360406091370558 0.034999999999999996
3 0.4022842639593909 0.3696428571428571 0.04568527918781726 0.020714285714285713
3 0.4530456852791878 0.35928571428571426 0.043147208121827416 0.02
3 0.4067258883248731 0.36 0.03680203045685279 0.015714285714285715
3 0.3946700507614213 0.3439285714285714 0.05076142131979696 0.019285714285714285
3 0.4289340101522842 0.34 0.043147208121827416 0.015714285714285715
3 0.475253807106599 0.3414285714285714 0.044416243654822336 0.018571428571428572
3 0.48159898477157365 0.33071428571428574 0.044416243654822336 0.01
3 0.40926395939086296 0.3267857142857143 0.03680203045685279 0.010714285714285714
3 0.6154822335025381 0.3382142857142857 0.05076142131979696 0.010714285714285714
3 0.6351522842639593 0.3414285714285714 0.04695431472081218 0.011428571428571429
3 0.626269035532995 0.35500000000000004 0.044416243654822336 0.011428571428571429
3 0.4581218274111675 0.3242857142857143 0.03553299492385787 0.008571428571428572
3 0.4682741116751269 0.32785714285714285 0.048223350253807105 0.014285714285714285
3 0.4993654822335026 0.48857142857142855 0.08502538071065989 0.015714285714285715
3 0.5126903553299492 0.4764285714285714 0.06852791878172589 0.014285714285714285
3 0.5190355329949239 0.4667857142857143 0.07106598984771574 0.016428571428571428
3 0.5209390862944162 0.45714285714285713 0.06979695431472081 0.015714285714285715
3 0.5317258883248731 0.44535714285714284 0.06598984771573604 0.016428571428571428
3 0.5120558375634517 0.44035714285714284 0.05964467005076142 0.013571428571428571
3 0.5184010152284264 0.43107142857142855 0.05964467005076142 0.013571428571428571
3 0.3908629441624366 0.5360714285714285 0.053299492385786795 0.03642857142857143
3 0.052664974619289345 0.3364285714285714 0.02918781725888325 0.011428571428571429
3 0.0317258883248731 0.3417857142857143 0.030456852791878174 0.013571428571428571
3 0.07868020304568528 0.33535714285714285 0.03299492385786802 0.012142857142857141
3 0.04631979695431472 0.34964285714285714 0.0317258883248731 0.012142857142857141
3 0.06725888324873097 0.3457142857142857 0.027918781725888325 0.011428571428571429
3 0.0075 0.3534263959390863 0.015 0.01649746192893401
3 0.009642857142857142 0.342005076142132 0.019285714285714285 0.01649746192893401
2 0.25444162436548223 0.16285714285714287 0.03934010152284264 0.014285714285714285
3 0.13451776649746194 0.14857142857142858 0.015228426395939087 0.007142857142857143
3 0.0799492385786802 0.13607142857142857 0.01015228426395939 0.005
10 0.9925 0.48921319796954316 0.015 0.06091370558375635
10 0.9942857142857143 0.17576142131979697 0.011428571428571429 0.012690355329949238
3 0.9828680203045684 0.195 0.019035532994923856 0.007142857142857143
3 0.9549492385786802 0.1782142857142857 0.01649746192893401 0.0064285714285714285
3 0.9435279187817259 0.16428571428571428 0.021573604060913708 0.008571428571428572
3 0.9098984771573604 0.17214285714285713 0.015228426395939087 0.005714285714285714
3 0.8039340101522843 0.1607142857142857 0.01649746192893401 0.005714285714285714
3 0.8445431472081218 0.15535714285714286 0.013959390862944163 0.0064285714285714285
3 0.8261421319796954 0.15678571428571428 0.01269035532994924 0.005
5 0.9302030456852792 0.17642857142857143 0.007614213197969543 0.005714285714285714
5 0.9397208121827412 0.1846428571428571 0.008883248730964468 0.0064285714285714285
3 0.7544416243654822 0.14892857142857144 0.013959390862944163 0.005
3 0.7144670050761421 0.1457142857142857 0.015228426395939087 0.004285714285714286
3 0.766497461928934 0.14678571428571427 0.01269035532994924 0.005
3 0.7081218274111675 0.1414285714285714 0.015228426395939087 0.004285714285714286
10 0.8756345177664975 0.16392857142857142 0.027918781725888325 0.010714285714285714
2 1 0.1935279187817259 0 0.021573604060913704
11 0.5805837563451777 0.2125 0.021573604060913708 0.009285714285714286
5 0.7182741116751269 0.13999999999999999 0.015228426395939087 0.005714285714285714
3 0.674492385786802 0.1414285714285714 0.011421319796954314 0.004285714285714286
3 0.6960659898477157 0.14714285714285713 0.013959390862944163 0.004285714285714286
3 0.6218274111675127 0.1392857142857143 0.01269035532994924 0.004285714285714286
3 0.6192893401015228 0.13642857142857143 0.01269035532994924 0.004285714285714286
3 0.6357868020304569 0.13535714285714287 0.015228426395939087 0.005
3 0.5558375634517767 0.13357142857142856 0.01269035532994924 0.004285714285714286
10 0.5799492385786802 0.13214285714285712 0.02284263959390863 0.008571428571428572
10 0.5190355329949239 0.1275 0.02030456852791878 0.0064285714285714285
10 0.48350253807106597 0.12178571428571427 0.017766497461928935 0.0064285714285714285
11 0.5368020304568528 0.12892857142857142 0.01269035532994924 0.005
3 0.501269035532995 0.12428571428571429 0.01015228426395939 0.004285714285714286
4 0.4841370558375634 0.10821428571428571 0.05710659898477158 0.019285714285714285
4 0.9510714285714286 0.09137055837563451 0.09785714285714285 0.050761421319796954