3 0.07233502538071065 0.023571428571428573 0.02538071065989848 0.018571428571428572
3 0.06598984771573604 0.06357142857142857 0.027918781725888325 0.018571428571428572
3 0.1935279187817259 0.17964285714285713 0.02918781725888325 0.024999999999999998
3 0.1300761421319797 0.27714285714285714 0.0317258883248731 0.02857142857142857
3 0.07614213197969542 0.315 0.03299492385786802 0.02857142857142857
3 0.20748730964467005 0.4096428571428571 0.0317258883248731 0.03357142857142857
3 0.09581218274111675 0.39749999999999996 0.04695431472081218 0.03214285714285715
3 0.13324873096446702 0.16249999999999998 0.027918781725888325 0.019285714285714285
2 0.08692893401015228 0.16428571428571428 0.05710659898477158 0.0642857142857143
3 0.3045685279187817 0.48357142857142854 0.03553299492385787 0.04
3 0.45431472081218277 0.3242857142857143 0.027918781725888325 0.027142857142857142
3 0.28045685279187815 0.3642857142857142 0.03299492385786802 0.03428571428571429
3 0.4879441624365482 0.2292857142857143 0.03680203045685279 0.02
3 0.7017766497461929 0.2407142857142857 0.043147208121827416 0.022857142857142857
3 0.32614213197969544 0.13178571428571428 0.03299492385786802 0.020714285714285713
3 0.9124365482233502 0.33892857142857147 0.05076142131979696 0.023571428571428573
3 0.2836294416243655 0.3 0.03680203045685279 0.030000000000000002
11 0.28489847715736044 0.3296428571428571 0.03426395939086294 0.029285714285714286
11 0.9903571428571428 0.4498730964467005 0.019285714285714285 0.02918781725888325
5 0.9098984771573604 0.4567857142857143 0.02538071065989848 0.013571428571428571
10 0.26586294416243655 0.4032142857142857 0.03680203045685279 0.04928571428571429
3 0.24238578680203046 0.4514285714285714 0.05076142131979696 0.03857142857142857