3 0.06266666666666666 0.269 0.068 0.022
3 0.1413333333333333 0.28225 0.072 0.0185
3 0.2503333333333333 0.26025 0.05933333333333333 0.0225
3 0.6 0.47525 0.09866666666666665 0.0405
3 0.986 0.3953333333333333 0.028 0.03266666666666666
3 0.385 0.2305 0.054 0.022
3 0.4363333333333333 0.218 0.05133333333333333 0.022
3 0.49766666666666665 0.21075 0.054 0.0175
3 0.833 0.21825 0.05 0.0155
11 0.8843333333333333 0.2255 0.058 0.022
3 0.98525 0.254 0.0295 0.019333333333333334
3 0.42133333333333334 0.591 0.09866666666666665 0.064
11 0.2503333333333333 0.52025 0.09533333333333333 0.0675
5 0.485 0.67525 0.018 0.0425
7 0.8836666666666666 0.5015 0.015333333333333332 0.03
3 0.5643333333333332 0.16325 0.018 0.0145
3 0.5753333333333333 0.153 0.021333333333333333 0.015
3 0.096 0.4005 0.06 0.074
3 0.722 0.081 0.024 0.02