3 0.8489847715736041 0.1882142857142857 0.043147208121827416 0.062142857142857146
3 0.8515228426395939 0.2767857142857143 0.043147208121827416 0.06357142857142857
3 0.7658629441624365 0.2710714285714286 0.04695431472081218 0.060714285714285714
3 0.924492385786802 0.29107142857142854 0.044416243654822336 0.065
3 0.7373096446700507 0.4517857142857143 0.05583756345177665 0.056428571428571425
3 0.9878571428571429 0.19289340101522842 0.024285714285714285 0.05583756345177665
3 0.9238578680203046 0.1910714285714286 0.05076142131979696 0.06357142857142857
3 0.7715736040609137 0.1882142857142857 0.04568527918781726 0.05499999999999999
11 0.8299492385786802 0.45999999999999996 0.053299492385786795 0.06999999999999999
11 0.7271573604060914 0.5389285714285714 0.053299492385786795 0.043571428571428567
7 0.2455583756345178 0.5003571428571428 0.026649746192893398 0.010714285714285714
7 0.2817258883248731 0.4946428571428571 0.02538071065989848 0.010714285714285714
7 0.3889593908629442 0.4375 0.019035532994923856 0.007857142857142858
7 0.3718274111675127 0.36857142857142855 0.02284263959390863 0.01
7 0.3248730964467005 0.37714285714285717 0.02538071065989848 0.007142857142857143
7 0.23921319796954313 0.44999999999999996 0.021573604060913708 0.012857142857142857
7 0.1878172588832487 0.4421428571428571 0.02284263959390863 0.007142857142857143
7 0.1637055837563452 0.4914285714285714 0.02538071065989848 0.007142857142857143
7 0.11421319796954316 0.5153571428571428 0.027918781725888325 0.009285714285714286
7 0.11611675126903553 0.5321428571428571 0.0317258883248731 0.008571428571428572
7 0.16053299492385786 0.3896428571428571 0.021573604060913708 0.0064285714285714285
7 0.20114213197969544 0.37785714285714284 0.02918781725888325 0.007142857142857143
7 0.5336294416243654 0.25857142857142856 0.021573604060913708 0.007142857142857143
7 0.5304568527918782 0.3225 0.02030456852791878 0.007857142857142858
7 0.5114213197969543 0.42142857142857143 0.017766497461928935 0.012857142857142857
7 0.6072335025380711 0.2735714285714286 0.019035532994923856 0.01
7 0.6567258883248731 0.3646428571428571 0.01649746192893401 0.012142857142857141
11 0.7563451776649746 0.3625 0.05076142131979696 0.06785714285714285
7 0.6376903553299492 0.15107142857142855 0.019035532994923856 0.013571428571428571
7 0.6243654822335025 0.15035714285714286 0.017766497461928935 0.010714285714285714