7 0.1676190476190476 0.21321428571428572 0.02857142857142857 0.03785714285714286
3 0.22666666666666666 0.20392857142857143 0.07809523809523809 0.06357142857142857
3 0.15095238095238095 0.35535714285714287 0.1361904761904762 0.10642857142857143
5 0.16952380952380952 0.10214285714285715 0.03428571428571429 0.027142857142857142
5 0.10523809523809523 0.1325 0.04666666666666666 0.025
5 0.03 0.18214285714285713 0.054285714285714284 0.022857142857142857
6 0.0519047619047619 0.1717857142857143 0.056190476190476187 0.02214285714285714
6 0.11714285714285715 0.10964285714285714 0.0419047619047619 0.030714285714285715
5 0.21476190476190474 0.02214285714285714 0.025714285714285714 0.025714285714285714
5 0.26321428571428573 0.006666666666666667 0.017857142857142856 0.013333333333333334
3 0.32190476190476186 0.09285714285714286 0.04761904761904761 0.05142857142857143
11 0.41380952380952374 0.19392857142857142 0.07904761904761905 0.08928571428571429
5 0.4676190476190476 0.031071428571428573 0.015238095238095238 0.02214285714285714
7 0.48142857142857143 0.07964285714285714 0.014285714285714285 0.025
1 0.4809523809523809 0.08607142857142858 0.013333333333333332 0.029285714285714286
3 0.42380952380952375 0.0675 0.05523809523809523 0.04928571428571429
3 0.4333333333333333 0.040357142857142855 0.045714285714285714 0.035
1 0.7547619047619046 0.7264285714285714 0.09809523809523808 0.041428571428571426
3 0.7328571428571429 0.6085714285714285 0.10571428571428572 0.16142857142857142
3 0.71 0.4282142857142857 0.09047619047619047 0.11357142857142857
3 0.6895238095238094 0.2975 0.06476190476190476 0.07357142857142857
7 0.618095238095238 0.2671428571428571 0.022857142857142857 0.04
11 0.6190476190476191 0.22714285714285715 0.05714285714285714 0.06714285714285714
3 0.6804761904761905 0.21392857142857144 0.052380952380952375 0.062142857142857146
3 0.6657142857142857 0.1525 0.05523809523809523 0.062142857142857146
3 0.6071428571428571 0.0925 0.04666666666666666 0.039285714285714285
3 0.6604761904761904 0.10678571428571429 0.04857142857142857 0.045
3 0.6614285714285715 0.06642857142857143 0.039047619047619046 0.03857142857142857
11 0.6576190476190475 0.02892857142857143 0.037142857142857144 0.03785714285714286
7 0.6125 0.008095238095238095 0.013571428571428571 0.01619047619047619
3 0.7742857142857142 0.01380952380952381 0.04 0.02761904761904762
5 0.8109523809523809 0.038214285714285715 0.01619047619047619 0.023571428571428573
5 0.8471428571428572 0.14214285714285715 0.02952380952380952 0.03
5 0.8642857142857143 0.17357142857142857 0.03333333333333333 0.032857142857142856
7 0.8795238095238095 0.05392857142857143 0.014285714285714285 0.027857142857142858
7 0.8904761904761904 0.07571428571428572 0.015238095238095238 0.02857142857142857
11 0.8161904761904761 0.105 0.05333333333333333 0.05857142857142857
7 0.8509523809523809 0.315 0.027619047619047616 0.041428571428571426
7 0.8314285714285714 0.3117857142857143 0.02095238095238095 0.039285714285714285
11 0.8861904761904761 0.2417857142857143 0.07523809523809523 0.085
3 0.9342857142857143 0.3442857142857143 0.10666666666666666 0.09285714285714286
5 0.9696428571428571 0.43238095238095237 0.060714285714285714 0.037142857142857144
5 0.8909523809523809 0.42392857142857143 0.04476190476190476 0.04642857142857143
5 0.9728571428571429 0.559047619047619 0.054285714285714284 0.03619047619047619
5 0.9853571428571428 0.5976190476190476 0.029285714285714286 0.030476190476190476
3 0.96 0.6780952380952381 0.08 0.1419047619047619