7 0.755278310940499 0.5971922246220303 0.036468330134357005 0.04967602591792657
7 0.7936660268714011 0.6087113030957524 0.02687140115163148 0.04679625629949604
7 0.6684261036468331 0.586033117350612 0.04510556621880998 0.04175665946724262
7 0.7682341650671786 0.5338372930165588 0.016314779270633396 0.03959683225341973
7 0.7543186180422266 0.4809215262778978 0.02687140115163148 0.03311735061195105
7 0.812380038387716 0.47984161267098635 0.022072936660268716 0.032397408207343416
7 0.8546065259117084 0.5032397408207344 0.02015355086372361 0.03311735061195105
7 0.9419385796545106 0.5187185025197985 0.03934740882917467 0.05111591072714183
7 0.9452975047984645 0.5298776097912168 0.028790786948176585 0.028797696184305256
7 0.9107485604606526 0.5017998560115191 0.024952015355086374 0.028797696184305256
7 0.9385796545105567 0.48308135349172066 0.019193857965451054 0.03023758099352052
7 0.9640115163147792 0.49496040316774664 0.03358925143953935 0.022318214542836577
7 0.8291746641074856 0.4604031677465803 0.05566218809980806 0.028077753779697626
7 0.8382917466410749 0.4499640028797696 0.016314779270633396 0.02015838732901368
7 0.8416506717850288 0.4352051835853132 0.01727447216890595 0.023758099352051837
7 0.9016314779270634 0.4283657307415407 0.016314779270633396 0.04031677465802736
7 0.9232245681381958 0.4179265658747301 0.03071017274472169 0.029517638588912886
7 0.9054702495201535 0.4103671706263499 0.016314779270633396 0.028797696184305256
7 0.8881957773512476 0.4038876889848812 0.018234165067178502 0.027357811375089993
7 0.8546065259117084 0.3956083513318935 0.016314779270633396 0.023758099352051837
7 0.8728406909788867 0.3938084953203744 0.022072936660268716 0.025917926565874733
7 0.8531669865642995 0.3617710583153348 0.01727447216890595 0.02663786897048236
7 0.9644913627639156 0.40676745860331176 0.024952015355086374 0.03311735061195105
7 0.9025911708253359 0.367170626349892 0.014395393474088292 0.025917926565874733
7 0.9112284069097888 0.36501079913606915 0.012476007677543187 0.03023758099352052
7 0.8464491362763915 0.33585313174946 0.015355086372360846 0.017998560115190784
7 0.8613243761996161 0.3282937365010799 0.014395393474088292 0.01583873290136789
7 0.8857965451055663 0.34629229661627076 0.028790786948176585 0.014398848092152628
7 0.8881957773512476 0.34305255579553634 0.022072936660268716 0.030957523398128153
7 0.8781190019193859 0.34233261339092874 0.01343570057581574 0.025197984161267103
7 0.9059500959692899 0.34701223902087835 0.01343570057581574 0.02447804175665947
7 0.6113243761996161 0.5611951043916487 0.03838771593090211 0.025197984161267103
7 0.6713051823416507 0.5716342692584594 0.04318618042226487 0.04031677465802736
7 0.5 0.5615550755939526 0.03262955854126679 0.0388768898488121
7 0.5263915547024952 0.5658747300215983 0.029750479846449136 0.04319654427645789
7 0.531190019193858 0.5493160547156227 0.018234165067178502 0.046076313894888414
7 0.6070057581573897 0.5197984161267099 0.02399232245681382 0.04175665946724262
7 0.534548944337812 0.4762419006479482 0.028790786948176585 0.029517638588912886
7 0.4683301343570058 0.4838012958963283 0.019193857965451054 0.03167746580273578
7 0.44385796545105566 0.44780417566594677 0.02399232245681382 0.028797696184305256
7 0.5441458733205374 0.4596832253419727 0.023032629558541268 0.030957523398128153
7 0.4256238003838772 0.4197264218862491 0.03550863723608445 0.02447804175665947
7 0.3440499040307102 0.4704823614110872 0.022072936660268716 0.03383729301655868
7 0.3478886756238004 0.45896328293736505 0.04510556621880998 0.012239020878329735
7 0.30230326295585414 0.4596832253419727 0.03071017274472169 0.028077753779697626
7 0.3886756238003839 0.39740820734341253 0.03262955854126679 0.027357811375089993
7 0.34884836852207296 0.39092872570194387 0.02015355086372361 0.023038156947444207
7 0.3166986564299424 0.367170626349892 0.0345489443378119 0.028797696184305256
7 0.33637236084452976 0.3560115190784737 0.01055662188099808 0.025197984161267103
7 0.32341650671785027 0.3527717782577394 0.009596928982725527 0.027357811375089993
7 0.404510556621881 0.3250539956803456 0.04126679462571977 0.01511879049676026
7 0.34740882917466415 0.2991360691144709 0.03262955854126679 0.010799136069114472
7 0.2802303262955854 0.3142548596112311 0.0345489443378119 0.017998560115190784
7 0.47072936660268716 0.3196544276457884 0.025911708253358926 0.017278617710583154
7 0.5206333973128598 0.33981281497480204 0.012476007677543187 0.025917926565874733
7 0.3977927063339732 0.29481641468682507 0.012476007677543187 0.022318214542836577
7 0.4678502879078695 0.296976241900648 0.014395393474088292 0.017998560115190784
7 0.503358925143954 0.2926565874730022 0.01055662188099808 0.022318214542836577
7 0.5547024952015355 0.30777537796976245 0.028790786948176585 0.013678905687544997
7 0.5441458733205374 0.3048956083513319 0.03071017274472169 0.009359251259899209
7 0.6098848368522073 0.3160547156227502 0.014395393474088292 0.02447804175665947
7 0.6463531669865643 0.3329733621310295 0.018234165067178502 0.02087832973362131
7 0.7044145873320538 0.3117350611951044 0.01343570057581574 0.023038156947444207
7 0.744721689059501 0.298776097912167 0.01343570057581574 0.021598272138228944
7 0.7672744721689059 0.26169906407487403 0.014395393474088292 0.022318214542836577
7 0.739443378119002 0.2598992080633549 0.008637236084452975 0.02015838732901368
7 0.730806142034549 0.2595392368610511 0.008637236084452975 0.01511879049676026
7 0.72552783109405 0.25629949604031677 0.009596928982725527 0.012958963282937367
7 0.713531669865643 0.2494600431965443 0.008637236084452975 0.01943844492440605
7 0.7072936660268714 0.25089992800575955 0.007677543186180423 0.012239020878329735
7 0.6415547024952015 0.2624190064794817 0.008637236084452975 0.01943844492440605
7 0.6223608445297505 0.2638588912886969 0.025911708253358926 0.01943844492440605
7 0.6257197696737045 0.2782577393808496 0.009596928982725527 0.016558675305975525
7 0.6559500959692899 0.3178545716342693 0.012476007677543187 0.016558675305975525
7 0.6655470249520155 0.3221742260619151 0.014395393474088292 0.023758099352051837
8 0.7240882917466411 0.34701223902087835 0.022072936660268716 0.02015838732901368
8 0.7610364683301343 0.4056875449964003 0.04030710172744722 0.01943844492440605
8 0.5508637236084454 0.39416846652267823 0.04030710172744722 0.01511879049676026
8 0.6401151631477927 0.44564434845212386 0.04414587332053743 0.018718502519798418
8 0.527831094049904 0.375089992800576 0.03838771593090211 0.02015838732901368
8 0.5182341650671786 0.6958243340532758 0.05950095969289827 0.03815694744420446
7 0.4894433781190019 0.705183585313175 0.036468330134357005 0.04967602591792657
7 0.41746641074856045 0.7278617710583154 0.046065259117082535 0.04319654427645789
7 0.43522072936660267 0.2570194384449244 0.014395393474088292 0.02015838732901368
7 0.5916506717850288 0.3354931605471562 0.016314779270633396 0.02447804175665947
8 0.581573896353167 0.3347732181425486 0.0345489443378119 0.017278617710583154
7 0.6290786948176583 0.4028077753779698 0.02015355086372361 0.028077753779697626
7 0.6732245681381958 0.4085673146148308 0.018234165067178502 0.023758099352051837
7 0.6612284069097889 0.4179265658747301 0.024952015355086374 0.02663786897048236
7 0.6530710172744721 0.4323254139668827 0.016314779270633396 0.02087832973362131
7 0.6108445297504799 0.4553635709143269 0.02015355086372361 0.029517638588912886
7 0.6852207293666027 0.4524838012958964 0.019193857965451054 0.025197984161267103
7 0.6372360844529751 0.4794816414686825 0.02687140115163148 0.027357811375089993
7 0.6535508637236085 0.4762419006479482 0.01343570057581574 0.029517638588912886
8 0.6722648752399233 0.4992800575953924 0.04126679462571977 0.032397408207343416
7 0.6880998080614203 0.49568034557235424 0.023032629558541268 0.03383729301655868
7 0.5834932821497121 0.4110871130309575 0.015355086372360846 0.021598272138228944
7 0.572936660268714 0.4071274298056156 0.01343570057581574 0.02087832973362131
8 0.6026871401151631 0.3912886969042477 0.023032629558541268 0.009359251259899209
8 0.6166026871401152 0.39740820734341253 0.014395393474088292 0.021598272138228944
7 0.6439539347408829 0.3765298776097913 0.01343570057581574 0.02447804175665947
7 0.6516314779270633 0.3714902807775378 0.009596928982725527 0.02447804175665947
7 0.553742802303263 0.35889128869690423 0.01343570057581574 0.025197984161267103
7 0.5451055662188099 0.3624910007199424 0.028790786948176585 0.01943844492440605
7 0.5350287907869482 0.35853131749460043 0.012476007677543187 0.017278617710583154
7 0.40834932821497116 0.21130309575233983 0.016314779270633396 0.029517638588912886
7 0.46209213051823417 0.19618430525557956 0.01055662188099808 0.02663786897048236
7 0.47120921305182345 0.18826493880489564 0.01343570057581574 0.022318214542836577
8 0.44817658349328215 0.18178545716342695 0.01727447216890595 0.017998560115190784
8 0.4971209213051824 0.17566594672426206 0.007677543186180423 0.01583873290136789
8 0.46976967370441464 0.17962562994960404 0.014395393474088292 0.017998560115190784
7 0.6458733205374281 0.10187185025197984 0.009596928982725527 0.017998560115190784
7 0.17610364683301344 0.22390208783297338 0.014395393474088292 0.03167746580273578
7 0.1852207293666027 0.2311015118790497 0.009596928982725527 0.02447804175665947
7 0.21928982725527832 0.21526277897768178 0.012476007677543187 0.02447804175665947
7 0.3608445297504798 0.21202303815694745 0.015355086372360846 0.028077753779697626
7 0.34069097888675626 0.20770338372930167 0.01343570057581574 0.023758099352051837
7 0.3493282149712092 0.20338372930165588 0.01343570057581574 0.023758099352051837
8 0.4040307101727447 0.17602591792656588 0.011516314779270634 0.016558675305975525
7 0.30038387715930903 0.15190784737221025 0.011516314779270634 0.023038156947444207
7 0.28982725527831094 0.14794816414686826 0.011516314779270634 0.023758099352051837
7 0.263915547024952 0.15910727141828654 0.009596928982725527 0.02447804175665947
7 0.2595969289827255 0.2059035277177826 0.01055662188099808 0.021598272138228944
8 0.2634357005758157 0.22642188624910006 0.018234165067178502 0.022318214542836577
7 0.07389635316698656 0.20878329733621312 0.015355086372360846 0.027357811375089993
7 0.01871401151631478 0.22390208783297338 0.02015355086372361 0.027357811375089993
7 0.01871401151631478 0.2080633549316055 0.01055662188099808 0.02015838732901368
7 0.030230326295585412 0.24406047516198706 0.016314779270633396 0.021598272138228944
7 0.016314779270633396 0.20446364290856733 0.009596928982725527 0.023038156947444207
7 0.7226487523992323 0.3902087832973362 0.01727447216890595 0.027357811375089993
7 0.8507677543186181 0.30165586753059753 0.018234165067178502 0.021598272138228944
7 0.8181381957773513 0.27681785457163427 0.014395393474088292 0.028077753779697626
8 0.9928005759539237 0.5211132437619962 0.014398848092152628 0.028790786948176585
7 0.980806142034549 0.32613390928725705 0.015355086372360846 0.03023758099352052
8 0.9823614110871131 0.3699616122840691 0.035277177825773935 0.022072936660268713
8 0.9938804895608351 0.42994241842610365 0.012239020878329733 0.022072936660268713
7 0.9982001439884809 0.2547984644913628 0.003599712023038157 0.023032629558541268
7 0.9654510556621881 0.2501799856011519 0.011516314779270634 0.023758099352051837
7 0.9553742802303262 0.24802015838732902 0.01055662188099808 0.02087832973362131
7 0.9078694817658349 0.2570194384449244 0.019193857965451054 0.02015838732901368
7 0.9261036468330134 0.28761699064074875 0.011516314779270634 0.02663786897048236
7 0.9112284069097888 0.28941684665226786 0.012476007677543187 0.02447804175665947
7 0.9078694817658349 0.1396688264938805 0.007677543186180423 0.02015838732901368
7 0.9021113243761996 0.13750899928005758 0.007677543186180423 0.02015838732901368
7 0.8790786948176583 0.13174946004319654 0.009596928982725527 0.023038156947444207
7 0.8709213051823417 0.12994960403167746 0.008637236084452975 0.01943844492440605
7 0.8550863723608445 0.1371490280777538 0.015355086372360846 0.02087832973362131
7 0.8594049904030711 0.13102951763858892 0.00671785028790787 0.021598272138228944
8 0.9577735124760076 0.16378689704823615 0.02111324376199616 0.012239020878329735
8 0.9534548944337812 0.1627069834413247 0.012476007677543187 0.011519078473722104
8 0.9318618042226487 0.1648668106551476 0.019193857965451054 0.012958963282937367
8 0.9155470249520155 0.16126709863210945 0.01343570057581574 0.01007919366450684
8 0.9073896353166987 0.15298776097912167 0.022072936660268716 0.010799136069114472
8 0.916506717850288 0.15622750179985603 0.023032629558541268 0.008639308855291577
7 0.9227447216890594 0.1213102951763859 0.008637236084452975 0.017998560115190784
7 0.8152591170825336 0.10475161987041037 0.014395393474088292 0.016558675305975525
7 0.800383877159309 0.10403167746580275 0.011516314779270634 0.017998560115190784
7 0.7706333973128598 0.09143268538516919 0.009596928982725527 0.014398848092152628
7 0.7845489443378119 0.08963282937365011 0.00671785028790787 0.01511879049676026
7 0.8368522072936662 0.09503239740820735 0.007677543186180423 0.017278617710583154
7 0.8579654510556621 0.10907127429805616 0.007677543186180423 0.01511879049676026
8 0.9726487523992322 0.18430525557955366 0.01055662188099808 0.011519078473722104
8 0.9428982725527832 0.18466522678185746 0.00671785028790787 0.007919366450683946
7 0.93426103646833 0.22750179985601154 0.012476007677543187 0.02447804175665947
7 0.8766794625719769 0.1947444204463643 0.014395393474088292 0.02087832973362131
7 0.7936660268714011 0.19582433405327576 0.01343570057581574 0.018718502519798418
7 0.7850287907869482 0.18862491000719941 0.009596928982725527 0.018718502519798418
7 0.7773512476007678 0.24334053275737944 0.019193857965451054 0.02015838732901368
7 0.8234165067178503 0.20482361411087116 0.005758157389635317 0.010799136069114472
7 0.9539347408829175 0.29229661627069836 0.01343570057581574 0.021598272138228944
7 0.9707293666026872 0.298776097912167 0.014395393474088292 0.027357811375089993
7 0.980806142034549 0.26745860331173504 0.01343570057581574 0.02087832973362131
7 0.9899232245681383 0.26169906407487403 0.014395393474088292 0.023758099352051837
7 0.9664107485604607 0.34881209503239746 0.015355086372360846 0.01943844492440605
7 0.937619961612284 0.31029517638588916 0.015355086372360846 0.02015838732901368
4 0.9859611231101512 0.14923224568138196 0.028077753779697623 0.02783109404990403
8 0.9069097888675625 0.20302375809935208 0.01343570057581574 0.011519078473722104
7 0.9491362763915546 0.19582433405327576 0.011516314779270634 0.011519078473722104
7 0.7063339731285989 0.19762419006479484 0.009596928982725527 0.016558675305975525
7 0.7116122840690979 0.18682505399568033 0.012476007677543187 0.01511879049676026
7 0.7428023032629559 0.18250539956803458 0.007677543186180423 0.01511879049676026
7 0.7063339731285989 0.22318214542836573 0.007677543186180423 0.017278617710583154
7 0.6957773512476008 0.22570194384449246 0.009596928982725527 0.017998560115190784
7 0.718809980806142 0.27141828653707706 0.011516314779270634 0.017278617710583154
7 0.694337811900192 0.29517638588912887 0.012476007677543187 0.023038156947444207
7 0.6324376199616123 0.2976961843052556 0.019193857965451054 0.01511879049676026
7 0.6665067178502879 0.28905687544996406 0.01055662188099808 0.02087832973362131
7 0.6060460652591171 0.12023038156947445 0.008637236084452975 0.017278617710583154
4 0.6425143953934741 0.05579553635709143 0.10076775431861805 0.01511879049676026
8 0.8752399232245682 0.5550755939524838 0.0671785028790787 0.028797696184305256
8 0.8498080614203455 0.5673146148308136 0.054702495201535514 0.0388768898488121
8 0.7936660268714011 0.5669546436285098 0.028790786948176585 0.02663786897048236
7 0.8018234165067177 0.5633549316054717 0.02399232245681382 0.04103671706263499
7 0.7346449136276392 0.6706263498920086 0.03742802303262956 0.042476601871850254
4 0.9697696737044146 0.21238300935925128 0.02783109404990403 0.02015838732901368
7 0.996040316774658 0.46833013435700577 0.007919366450683946 0.03550863723608445
4 0.5095969289827256 0.24190064794816415 0.04798464491362764 0.018718502519798418
7 0.5499040307101727 0.25089992800575955 0.015355086372360846 0.01943844492440605
7 0.4524952015355086 0.26205903527717783 0.018234165067178502 0.01583873290136789
7 0.468809980806142 0.2778977681785458 0.014395393474088292 0.02015838732901368
7 0.7850287907869482 0.16198704103671707 0.009596928982725527 0.01583873290136789