11 0.8876190476190475 0.4807142857142857 0.06095238095238095 0.08857142857142856
3 0.7485714285714286 0.26857142857142857 0.05333333333333333 0.07428571428571429
3 0.4638095238095238 0.5760714285714286 0.07047619047619047 0.12642857142857142
3 0.46619047619047616 0.4567857142857143 0.0638095238095238 0.10357142857142858
3 0.47952380952380946 0.31892857142857145 0.0619047619047619 0.07785714285714286
3 0.49761904761904757 0.2057142857142857 0.06 0.07857142857142857
3 0.5009523809523809 0.13607142857142857 0.043809523809523805 0.065
3 0.49809523809523804 0.06607142857142857 0.05142857142857143 0.062142857142857146
3 0.49392857142857144 0.009523809523809525 0.03142857142857143 0.01904761904761905
8 0.8128571428571428 0.03464285714285714 0.010476190476190476 0.017857142857142856
8 0.5509523809523809 0.14107142857142857 0.01238095238095238 0.017857142857142856
1 0.8128571428571428 0.041428571428571426 0.01238095238095238 0.02
1 0.5533333333333333 0.15107142857142858 0.015238095238095238 0.023571428571428573
7 0.9128571428571428 0.19035714285714286 0.010476190476190476 0.025
8 0.9552380952380952 0.30107142857142855 0.02095238095238095 0.016428571428571428
1 0.9533333333333333 0.3075 0.017142857142857144 0.023571428571428573
11 0.9796428571428571 0.03380952380952381 0.04071428571428572 0.03619047619047619
11 0.9742857142857143 0.011904761904761904 0.05142857142857143 0.023809523809523808