7 0.241 0.01425 0.016666666666666663 0.0165
7 0.259 0.011 0.02333333333333333 0.017
7 0.277 0.027 0.024666666666666663 0.014
3 0.4766666666666666 0.142 0.042666666666666665 0.061
11 0.54425 0.009 0.0755 0.018
11 0.5533333333333332 0.03025 0.06933333333333333 0.0345
11 0.5606666666666666 0.06175 0.06533333333333333 0.0315
10 0.5566666666666666 0.08725 0.084 0.0425
7 0.6343333333333333 0.09 0.01 0.016
3 0.6136666666666666 0.06175 0.03533333333333333 0.0635
11 0.562 0.13775 0.07066666666666666 0.0315
11 0.7323333333333333 0.09075 0.03666666666666667 0.0605
11 0.7336666666666666 0.158 0.058 0.058
3 0.5643333333333332 0.1825 0.07666666666666666 0.034
3 0.574 0.22575 0.07466666666666666 0.0285
3 0.7306666666666666 0.21525 0.058666666666666666 0.0565
7 0.6966666666666667 0.2585 0.009333333333333332 0.013
7 0.7036666666666667 0.25925 0.007333333333333333 0.0075
11 0.734 0.29825 0.036 0.0565
11 0.7683333333333333 0.30275 0.04333333333333333 0.0545
7 0.636 0.34375 0.009333333333333332 0.0065
11 0.5956666666666667 0.334 0.08733333333333333 0.028
7 0.6066666666666666 0.371 0.013333333333333332 0.008
11 0.56 0.437 0.06933333333333333 0.023
7 0.5216666666666666 0.45925 0.012666666666666666 0.0075
7 0.6626666666666666 0.41025 0.006666666666666666 0.0075
7 0.6996666666666667 0.3495 0.012666666666666666 0.008
3 0.717 0.015333333333333332 0.038 0.030666666666666665
10 0.8353333333333333 0.125 0.09333333333333332 0.044
7 0.9203333333333332 0.317 0.015333333333333332 0.007
7 0.9193333333333332 0.3235 0.014666666666666666 0.006
7 0.9466666666666667 0.3095 0.008 0.01
7 0.974 0.2845 0.025333333333333333 0.01
7 0.99725 0.30866666666666664 0.0055 0.009333333333333334
1 0.99825 0.33866666666666667 0.0035 0.016
7 0.9556666666666667 0.3265 0.015333333333333332 0.006
7 0.939 0.331 0.015333333333333332 0.006
1 0.9066666666666666 0.3365 0.02 0.01
11 0.8106666666666666 0.39675 0.06933333333333333 0.0215
11 0.7766666666666666 0.42925 0.07333333333333333 0.0265
7 0.825 0.45025 0.014 0.0085
7 0.867 0.44675 0.014 0.0085
7 0.9703333333333333 0.44925 0.018 0.0085
11 0.877 0.4275 0.07266666666666666 0.025
11 0.9193333333333332 0.46175 0.07733333333333332 0.0255
11 0.98025 0.432 0.0395 0.023333333333333334
11 0.981 0.491 0.038 0.027333333333333334
11 0.97975 0.5203333333333333 0.0405 0.024666666666666667
11 0.943 0.521 0.042 0.062
5 0.9833333333333333 0.57025 0.014666666666666666 0.0225
5 0.877 0.498 0.01933333333333333 0.008
9 0.8833333333333333 0.519 0.024 0.032
11 0.8693333333333333 0.56025 0.07066666666666666 0.0285
11 0.8716666666666666 0.6495 0.054 0.057
11 0.9316666666666666 0.65 0.04066666666666666 0.059
7 0.9013333333333332 0.6445 0.008 0.006
10 0.977 0.647 0.03666666666666667 0.072
7 0.634 0.42175 0.006666666666666666 0.0065
7 0.638 0.401 0.006666666666666666 0.008
1 0.6873333333333332 0.527 0.010666666666666666 0.023
8 0.687 0.53025 0.012666666666666666 0.0105
10 0.6733333333333332 0.62275 0.016 0.0345
7 0.749 0.663 0.01 0.017
7 0.795 0.69875 0.01 0.0125
7 0.7113333333333333 0.70175 0.010666666666666666 0.0175
7 0.6853333333333332 0.70275 0.012 0.0095
11 0.639 0.6995 0.08733333333333333 0.032
11 0.5563333333333332 0.70175 0.074 0.0345
9 0.5193333333333332 0.6725 0.050666666666666665 0.02
10 0.503 0.717 0.04466666666666667 0.065
11 0.468 0.724 0.03866666666666666 0.051
5 0.5286666666666666 0.6105 0.012 0.025
5 0.513 0.619 0.015333333333333332 0.026
5 0.48466666666666663 0.60925 0.010666666666666666 0.0215
5 0.4676666666666666 0.615 0.011333333333333332 0.021
5 0.4543333333333333 0.6145 0.012666666666666666 0.023
5 0.438 0.612 0.012 0.029
5 0.4283333333333333 0.61225 0.014 0.0265
5 0.412 0.6195 0.008 0.021
5 0.4066666666666666 0.57475 0.016 0.0235
5 0.3883333333333333 0.58925 0.008666666666666666 0.0195
5 0.3713333333333333 0.58825 0.018666666666666665 0.0185
9 0.42533333333333334 0.572 0.026666666666666665 0.039
1 0.396 0.632 0.017333333333333333 0.021
5 0.37466666666666665 0.63975 0.024 0.0145
9 0.37566666666666665 0.57025 0.04066666666666666 0.0165
5 0.3266666666666666 0.6035 0.025333333333333333 0.01
5 0.34 0.59 0.014666666666666666 0.013
9 0.3423333333333333 0.57375 0.04333333333333333 0.0205
7 0.287 0.6345 0.008666666666666666 0.007
9 0.3253333333333333 0.636 0.044 0.033
4 0.264 0.57675 0.07866666666666666 0.0305
7 0.42 0.70775 0.014666666666666666 0.0185
7 0.412 0.71725 0.017333333333333333 0.0205
7 0.4096666666666666 0.7385 0.02333333333333333 0.018