5 0.5161904761904762 0.6810714285714285 0.04952380952380952 0.013571428571428571
3 0.629047619047619 0.6796428571428571 0.050476190476190466 0.08785714285714286
1 0.6947619047619047 0.6717857142857143 0.02 0.03642857142857143
8 0.6947619047619047 0.6667857142857143 0.01619047619047619 0.020714285714285713
7 0.6257142857142857 0.5928571428571429 0.009523809523809523 0.01
7 0.6347619047619047 0.5992857142857143 0.010476190476190476 0.017142857142857144
3 0.5723809523809523 0.6164285714285714 0.04952380952380952 0.08428571428571428
3 0.48 0.5235714285714286 0.09142857142857143 0.037142857142857144
3 0.4933333333333333 0.445 0.09333333333333332 0.032857142857142856
5 0.5461904761904761 0.4228571428571429 0.03142857142857143 0.015714285714285715
7 0.5271428571428571 0.41285714285714287 0.01238095238095238 0.015714285714285715
7 0.569047619047619 0.4225 0.01238095238095238 0.013571428571428571
7 0.589047619047619 0.44357142857142856 0.014285714285714285 0.011428571428571429
3 0.549047619047619 0.38285714285714284 0.037142857142857144 0.05714285714285714
5 0.7023809523809523 0.3767857142857143 0.014285714285714285 0.02642857142857143
9 0.6133333333333333 0.3414285714285714 0.03428571428571429 0.03857142857142857
3 0.5442857142857143 0.3267857142857143 0.035238095238095235 0.047857142857142855
3 0.549047619047619 0.2625 0.04666666666666666 0.05071428571428571
3 0.5385714285714286 0.21464285714285714 0.03333333333333333 0.047857142857142855
3 0.5819047619047619 0.20035714285714284 0.03428571428571429 0.04928571428571429
5 0.5323809523809523 0.16392857142857142 0.026666666666666665 0.016428571428571428
5 0.5004761904761904 0.22214285714285714 0.02 0.027142857142857142
11 0.5323809523809523 0.10607142857142857 0.030476190476190476 0.04642857142857143
10 0.529047619047619 0.06821428571428571 0.025714285714285714 0.030714285714285715
7 0.5495238095238094 0.08285714285714285 0.007619047619047619 0.017142857142857144
5 0.9504761904761904 0.5685714285714286 0.022857142857142857 0.03142857142857143
8 0.95 0.5657142857142857 0.02 0.02142857142857143
5 0.9657142857142857 0.6939285714285715 0.03428571428571429 0.04214285714285714
8 0.9657142857142857 0.6914285714285714 0.02476190476190476 0.024285714285714285
10 0.9957142857142857 0.5966666666666667 0.008571428571428572 0.09142857142857143
10 0.9932142857142857 0.4938095238095238 0.013571428571428571 0.07714285714285714
3 0.9728571428571429 0.4066666666666667 0.054285714285714284 0.06380952380952382
3 0.8909523809523809 0.3525 0.04666666666666666 0.05785714285714286
3 0.9490476190476189 0.3360714285714286 0.05809523809523809 0.05785714285714286
3 0.8885714285714286 0.2739285714285714 0.05142857142857143 0.052142857142857144
3 0.9104761904761903 0.23642857142857143 0.04761904761904761 0.04857142857142857
5 0.8885714285714286 0.20857142857142857 0.026666666666666665 0.017142857142857144
5 0.8895238095238095 0.19071428571428573 0.02857142857142857 0.015714285714285715
5 0.828095238095238 0.20785714285714285 0.018095238095238095 0.018571428571428572
8 0.8285714285714286 0.20357142857142857 0.009523809523809523 0.011428571428571429
5 0.8071428571428572 0.23642857142857143 0.01619047619047619 0.027142857142857142
8 0.8080952380952381 0.2332142857142857 0.014285714285714285 0.013571428571428571
3 0.8323809523809523 0.17464285714285716 0.043809523809523805 0.04357142857142857
5 0.7571428571428571 0.15 0.015238095238095238 0.02142857142857143
8 0.7576190476190475 0.14392857142857143 0.01238095238095238 0.013571428571428571
3 0.7604761904761904 0.047142857142857146 0.04476190476190476 0.03142857142857143
3 0.8104761904761904 0.026785714285714284 0.030476190476190476 0.029285714285714286
3 0.7753571428571429 0.008095238095238095 0.02857142857142857 0.01619047619047619
1 0.6366666666666666 0.055714285714285716 0.01238095238095238 0.018571428571428572
8 0.6361904761904762 0.05107142857142857 0.011428571428571429 0.010714285714285714
7 0.5809523809523809 0.010714285714285714 0.009523809523809523 0.018571428571428572