11 0.018095238095238095 0.2275 0.017142857142857144 0.016428571428571428
3 0.16095238095238093 0.2625 0.03428571428571429 0.010714285714285714
3 0.1795238095238095 0.24785714285714286 0.023809523809523805 0.008571428571428572
3 0.4566666666666666 0.2625 0.027619047619047616 0.010714285714285714
7 0.3871428571428571 0.25392857142857145 0.002857142857142857 0.005
7 0.38047619047619047 0.25392857142857145 0.002857142857142857 0.005
7 0.4819047619047619 0.25535714285714284 0.0019047619047619048 0.0064285714285714285
7 0.46809523809523806 0.25607142857142856 0.002857142857142857 0.005
7 0.24190476190476187 0.2642857142857143 0.0038095238095238095 0.004285714285714286
2 0.1661904761904762 0.235 0.05809523809523809 0.018571428571428572
3 0.38380952380952377 0.3342857142857143 0.015238095238095238 0.018571428571428572
7 0.4157142857142857 0.33464285714285713 0.006666666666666666 0.012142857142857143
7 0.549047619047619 0.2807142857142857 0.002857142857142857 0.005714285714285714
7 0.5352380952380952 0.6989285714285715 0.0038095238095238095 0.0064285714285714285
3 0.6895238095238094 0.5371428571428571 0.013333333333333332 0.027142857142857142
3 0.639047619047619 0.3821428571428571 0.015238095238095238 0.024285714285714285
3 0.7009523809523809 0.3782142857142857 0.011428571428571429 0.019285714285714285
3 0.6795238095238094 0.4042857142857143 0.01238095238095238 0.02142857142857143
3 0.6714285714285714 0.24571428571428572 0.011428571428571429 0.02
3 0.7228571428571429 0.07535714285714286 0.007619047619047619 0.010714285714285714
3 0.6752380952380952 0.1075 0.011428571428571429 0.015
3 0.7257142857142858 0.008214285714285714 0.009523809523809523 0.007857142857142858
7 0.838095238095238 0.016428571428571428 0.0019047619047619048 0.004285714285714286
3 0.8157142857142857 0.0425 0.01619047619047619 0.007857142857142858
7 0.8504761904761904 0.10571428571428572 0.0038095238095238095 0.008571428571428572
3 0.8623809523809524 0.12535714285714286 0.02 0.007857142857142858
7 0.8414285714285714 0.15142857142857144 0.0047619047619047615 0.007142857142857143
3 0.8633333333333332 0.15964285714285714 0.021904761904761903 0.012142857142857143
3 0.8657142857142858 0.18178571428571427 0.022857142857142857 0.010714285714285714
3 0.87 0.20142857142857143 0.021904761904761903 0.01
3 0.8776190476190475 0.22321428571428573 0.021904761904761903 0.009285714285714286
3 0.8757142857142857 0.2332142857142857 0.021904761904761903 0.009285714285714286
7 0.8695238095238095 0.25035714285714283 0.0038095238095238095 0.009285714285714286
3 0.8371428571428572 0.5357142857142857 0.043809523809523805 0.017142857142857144
3 0.8328571428571429 0.4789285714285714 0.035238095238095235 0.012142857142857143
7 0.9414285714285714 0.4446428571428571 0.014285714285714285 0.017857142857142856
7 0.9180952380952381 0.28285714285714286 0.005714285714285714 0.005714285714285714
3 0.9171428571428571 0.3628571428571429 0.026666666666666665 0.012857142857142857
10 0.9896428571428572 0.36238095238095236 0.020714285714285713 0.013333333333333334
7 0.9942857142857143 0.3464285714285714 0.0038095238095238095 0.005714285714285714