11 0.06321428571428571 0.2280952380952381 0.12642857142857142 0.07714285714285714
11 0.289047619047619 0.245 0.18571428571428572 0.07571428571428572
0 0.4919047619047619 0.2667857142857143 0.16476190476190475 0.05928571428571429
1 0.3314285714285714 0.3217857142857143 0.07238095238095238 0.030714285714285715
5 0.5914285714285714 0.22 0.06285714285714286 0.03
8 0.5895238095238095 0.21392857142857144 0.02857142857142857 0.03785714285714286
7 0.45619047619047615 0.22178571428571428 0.02095238095238095 0.039285714285714285
0 0.8728571428571429 0.3225 0.04666666666666666 0.06642857142857143
0 0.9282142857142858 0.4095238095238095 0.14357142857142857 0.15428571428571428
0 0.9314285714285714 0.6695238095238095 0.13714285714285715 0.15904761904761905
8 0.7285714285714285 0.5060714285714286 0.03809523809523809 0.039285714285714285
7 0.9166666666666666 0.5353571428571429 0.037142857142857144 0.04357142857142857
7 0.7095238095238094 0.3603571428571429 0.02095238095238095 0.03785714285714286
7 0.7309523809523809 0.35285714285714287 0.021904761904761903 0.03857142857142857
10 0.6476190476190475 0.3921428571428571 0.10666666666666666 0.1957142857142857
7 0.9804761904761904 0.3610714285714286 0.02952380952380952 0.030714285714285715
0 0.9575 0.2938095238095238 0.085 0.0761904761904762
11 0.9080952380952381 0.22535714285714287 0.1419047619047619 0.06785714285714285
7 0.30428571428571427 0.6010714285714286 0.06 0.047857142857142855
7 0.3352380952380952 0.6896428571428571 0.04761904761904761 0.039285714285714285