3 0.1376190476190476 0.24928571428571428 0.0638095238095238 0.018571428571428572
3 0.12476190476190475 0.21142857142857144 0.05523809523809523 0.012857142857142857
3 0.15380952380952378 0.2307142857142857 0.06952380952380952 0.017142857142857144
3 0.22523809523809524 0.25035714285714283 0.0638095238095238 0.012142857142857143
3 0.22523809523809524 0.2417857142857143 0.0619047619047619 0.013571428571428571
3 0.41047619047619044 0.6867857142857143 0.07047619047619047 0.10928571428571429
11 0.06 0.245 0.06285714285714286 0.02142857142857143
5 0.08333333333333333 0.28285714285714286 0.03142857142857143 0.01
5 0.08285714285714285 0.2767857142857143 0.02857142857142857 0.007857142857142858
5 0.12428571428571429 0.27785714285714286 0.02952380952380952 0.012857142857142857
5 0.1880952380952381 0.2839285714285714 0.023809523809523805 0.009285714285714286
5 0.15142857142857144 0.2789285714285714 0.02476190476190476 0.010714285714285714
0 0.2919047619047619 0.2910714285714286 0.052380952380952375 0.013571428571428571
0 0.24238095238095236 0.2825 0.052380952380952375 0.015
8 0.0819047619047619 0.27285714285714285 0.011428571428571429 0.014285714285714285
8 0.12142857142857143 0.27285714285714285 0.010476190476190476 0.011428571428571429
8 0.15380952380952378 0.2714285714285714 0.010476190476190476 0.012857142857142857
8 0.18571428571428572 0.2717857142857143 0.013333333333333332 0.019285714285714285
8 0.2980952380952381 0.2835714285714286 0.011428571428571429 0.012857142857142857
8 0.2319047619047619 0.275 0.01619047619047619 0.015714285714285715
7 0.3133333333333333 0.31607142857142856 0.007619047619047619 0.019285714285714285
7 0.22476190476190475 0.3742857142857143 0.011428571428571429 0.02857142857142857
7 0.21095238095238095 0.37214285714285716 0.010476190476190476 0.025714285714285714
5 0.7114285714285714 0.6332142857142857 0.045714285714285714 0.023571428571428573
8 0.7057142857142857 0.6228571428571429 0.026666666666666665 0.03142857142857143
3 0.6995238095238094 0.41 0.039047619047619046 0.041428571428571426
3 0.69 0.3610714285714286 0.035238095238095235 0.03214285714285714
3 0.7309523809523809 0.24785714285714286 0.054285714285714284 0.02142857142857143
3 0.5571428571428572 0.12178571428571429 0.017142857142857144 0.009285714285714286
3 0.5661904761904761 0.1025 0.010476190476190476 0.007857142857142858
3 0.5542857142857143 0.09321428571428571 0.011428571428571429 0.007857142857142858
3 0.5728571428571428 0.19428571428571428 0.01619047619047619 0.012857142857142857
3 0.530952380952381 0.12285714285714286 0.018095238095238095 0.011428571428571429
3 0.5633333333333334 0.07357142857142857 0.010476190476190476 0.007142857142857143
3 0.568095238095238 0.055714285714285716 0.008571428571428572 0.005714285714285714
3 0.5728571428571428 0.06464285714285714 0.008571428571428572 0.005
3 0.5766666666666667 0.055357142857142855 0.0047619047619047615 0.0064285714285714285
3 0.5738095238095238 0.04857142857142857 0.006666666666666666 0.004285714285714286
11 0.5761904761904761 0.18035714285714285 0.019047619047619046 0.015
11 0.5738095238095238 0.2075 0.023809523809523805 0.020714285714285713
3 0.5480952380952381 0.16964285714285715 0.01619047619047619 0.012142857142857143
3 0.6004761904761905 0.22214285714285714 0.039047619047619046 0.017142857142857144
3 0.5471428571428572 0.18178571428571427 0.018095238095238095 0.012142857142857143
3 0.5314285714285715 0.1332142857142857 0.017142857142857144 0.010714285714285714
3 0.5633333333333334 0.08071428571428571 0.014285714285714285 0.008571428571428572
3 0.5728571428571428 0.06964285714285715 0.008571428571428572 0.005
3 0.5661904761904761 0.06107142857142857 0.008571428571428572 0.005
11 0.6676190476190476 0.23214285714285715 0.04761904761904761 0.022857142857142857
3 0.9760714285714286 0.23952380952380953 0.047857142857142855 0.01619047619047619
3 0.8866666666666666 0.25607142857142856 0.06095238095238095 0.020714285714285713
3 0.9285714285714286 0.24678571428571427 0.05714285714285714 0.015
3 0.9109523809523808 0.2382142857142857 0.052380952380952375 0.015
4 0.5761904761904761 0.041428571428571426 0.013333333333333332 0.008571428571428572
4 0.5776190476190476 0.03142857142857143 0.008571428571428572 0.008571428571428572
3 0.5609523809523809 0.048928571428571425 0.005714285714285714 0.0035714285714285713
3 0.5523809523809523 0.061785714285714284 0.007619047619047619 0.005
3 0.5557142857142857 0.055357142857142855 0.008571428571428572 0.005
3 0.5628571428571428 0.04428571428571428 0.007619047619047619 0.002857142857142857
4 0.5823809523809523 0.02107142857142857 0.008571428571428572 0.010714285714285714
7 0.5095238095238095 0.13035714285714287 0.005714285714285714 0.010714285714285714
3 0.608095238095238 0.045714285714285714 0.006666666666666666 0.002857142857142857
3 0.6128571428571429 0.037142857142857144 0.0047619047619047615 0.002857142857142857
3 0.6061904761904762 0.03964285714285714 0.0047619047619047615 0.002142857142857143
3 0.608095238095238 0.04285714285714286 0.0047619047619047615 0.002857142857142857
3 0.6052380952380951 0.036071428571428574 0.006666666666666666 0.0035714285714285713
3 0.6076190476190476 0.030357142857142857 0.0038095238095238095 0.0035714285714285713
3 0.6019047619047618 0.02857142857142857 0.0038095238095238095 0.002857142857142857
3 0.6090476190476191 0.03428571428571429 0.0047619047619047615 0.002857142857142857
3 0.6066666666666666 0.026785714285714284 0.0038095238095238095 0.002142857142857143
3 0.6028571428571429 0.025 0.0038095238095238095 0.002857142857142857
3 0.6052380952380951 0.023928571428571428 0.0047619047619047615 0.002142857142857143
3 0.6019047619047618 0.02142857142857143 0.005714285714285714 0.002857142857142857
3 0.6028571428571429 0.018214285714285714 0.0038095238095238095 0.002142857142857143
4 0.6009523809523809 0.011785714285714287 0.0038095238095238095 0.010714285714285714
4 0.5828571428571429 0.0125 0.007619047619047619 0.0035714285714285713
3 0.6138095238095238 0.04214285714285714 0.0047619047619047615 0.004285714285714286
3 0.6076190476190476 0.04285714285714286 0.005714285714285714 0.002857142857142857
5 0.7661904761904761 0.3292857142857143 0.014285714285714285 0.017142857142857144
5 0.7885714285714286 0.32571428571428573 0.011428571428571429 0.018571428571428572
8 0.7685714285714286 0.3264285714285714 0.009523809523809523 0.01
8 0.7895238095238095 0.32107142857142856 0.007619047619047619 0.007857142857142858
5 0.9975 0.2833333333333333 0.005 0.01904761904761905