7 0.8490476190476189 0.4425 0.014285714285714285 0.029285714285714286
1 0.7619047619047618 0.42928571428571427 0.022857142857142857 0.02
8 0.7638095238095237 0.41928571428571426 0.015238095238095238 0.02142857142857143
7 0.10809523809523808 0.2639285714285714 0.01619047619047619 0.020714285714285713
7 0.05809523809523809 0.2642857142857143 0.02095238095238095 0.02
7 0.08666666666666667 0.27035714285714285 0.015238095238095238 0.019285714285714285
8 0.047142857142857146 0.31785714285714284 0.01619047619047619 0.017142857142857144
1 0.25047619047619046 0.2710714285714286 0.02095238095238095 0.013571428571428571
1 0.3176190476190476 0.28 0.02 0.012857142857142857
5 0.2866666666666667 0.2775 0.019047619047619046 0.015
8 0.6352380952380952 0.3507142857142857 0.019047619047619046 0.018571428571428572
1 0.5638095238095238 0.41285714285714287 0.030476190476190476 0.015714285714285715
8 0.5633333333333334 0.4025 0.02 0.020714285714285713
8 0.7804761904761903 0.32107142857142856 0.01238095238095238 0.015
1 0.83 0.3578571428571429 0.018095238095238095 0.014285714285714285
5 0.948095238095238 0.38 0.023809523809523805 0.017142857142857144
5 0.9652380952380952 0.3339285714285714 0.018095238095238095 0.016428571428571428
1 0.889047619047619 0.3175 0.02 0.015
8 0.8904761904761904 0.3117857142857143 0.013333333333333332 0.017857142857142856
8 0.9647619047619046 0.3275 0.011428571428571429 0.020714285714285713
8 0.95 0.37392857142857144 0.014285714285714285 0.020714285714285713
8 0.8323809523809523 0.3492857142857143 0.013333333333333332 0.022857142857142857
8 0.9576190476190475 0.37285714285714283 0.01238095238095238 0.02142857142857143
8 0.7890476190476189 0.2814285714285714 0.010476190476190476 0.012857142857142857
7 0.8433333333333333 0.27785714285714286 0.008571428571428572 0.018571428571428572
7 0.8547619047619046 0.2757142857142857 0.008571428571428572 0.018571428571428572
7 0.8961904761904761 0.2546428571428571 0.009523809523809523 0.016428571428571428
7 0.9709523809523809 0.27285714285714285 0.010476190476190476 0.02142857142857143
7 0.9771428571428571 0.2596428571428571 0.009523809523809523 0.016428571428571428
5 0.838095238095238 0.2557142857142857 0.022857142857142857 0.014285714285714285
1 0.8585714285714285 0.2567857142857143 0.02 0.009285714285714286
4 0.9142857142857143 0.24 0.022857142857142857 0.022857142857142857
11 0.9438095238095238 0.2592857142857143 0.05523809523809523 0.03571428571428571
10 0.9971428571428571 0.2519047619047619 0.005714285714285714 0.05238095238095238
3 0.9803571428571428 0.23666666666666666 0.039285714285714285 0.02761904761904762
3 0.9975 0.2280952380952381 0.005 0.021904761904761906
3 0.9914285714285714 0.21285714285714286 0.017142857142857144 0.017142857142857144
11 0.9628571428571429 0.21321428571428572 0.043809523809523805 0.03357142857142857
3 0.9238095238095237 0.19428571428571428 0.02857142857142857 0.012857142857142857