3 0.478095238095238 0.4632142857142857 0.1219047619047619 0.039285714285714285
3 0.5238095238095237 0.39071428571428574 0.11428571428571428 0.03
3 0.25142857142857145 0.4035714285714286 0.10666666666666666 0.03142857142857143
3 0.1038095238095238 0.3896428571428571 0.11428571428571428 0.035
3 0.7738095238095237 0.38785714285714284 0.1 0.03428571428571429
3 0.94 0.4419047619047619 0.12 0.0380952380952381
11 0.9889285714285714 0.26761904761904765 0.02214285714285714 0.029523809523809525
5 0.2538095238095238 0.5760714285714286 0.054285714285714284 0.019285714285714285
8 0.24238095238095236 0.5692857142857143 0.027619047619047616 0.022857142857142857
3 0.7204761904761905 0.27464285714285713 0.039047619047619046 0.02642857142857143
3 0.6561904761904762 0.26035714285714284 0.026666666666666665 0.02214285714285714
3 0.6952380952380952 0.25214285714285717 0.03238095238095238 0.024285714285714285
3 0.6423809523809523 0.24821428571428572 0.027619047619047616 0.02214285714285714
3 0.6295238095238095 0.2325 0.026666666666666665 0.020714285714285713
3 0.6147619047619047 0.21892857142857142 0.027619047619047616 0.020714285714285713
11 0.6704761904761904 0.2307142857142857 0.03428571428571429 0.02857142857142857
3 0.6533333333333333 0.22071428571428572 0.022857142857142857 0.02
2 0.6371428571428571 0.1992857142857143 0.04 0.03857142857142857
3 0.5961904761904762 0.1975 0.026666666666666665 0.017857142857142856
7 0.6309523809523809 0.6546428571428572 0.027619047619047616 0.03357142857142857
7 0.1719047619047619 0.7364285714285714 0.04476190476190476 0.025714285714285714
7 0.44476190476190475 0.3082142857142857 0.015238095238095238 0.017857142857142856
4 0.5266666666666666 0.28785714285714287 0.06285714285714286 0.047142857142857146
4 0.5909523809523809 0.29392857142857143 0.04095238095238095 0.020714285714285713