5 0.6655844155844156 0.4512004175365345 0.038033395176252316 0.012004175365344469
9 0.7764378478664192 0.48825678496868485 0.022263450834879406 0.024530271398747392
8 0.8515769944341371 0.48773486430062635 0.012987012987012986 0.016179540709812108
5 0.8520408163265305 0.4937369519832986 0.012059369202226345 0.020876826722338204
3 0.6521335807050093 0.5057411273486431 0.057513914656771796 0.02609603340292276
5 0.6572356215213357 0.477035490605428 0.04359925788497217 0.018789144050104387
7 0.6915584415584415 0.3948329853862213 0.012059369202226345 0.014091858037578288
7 0.6859925788497218 0.38752609603340293 0.01020408163265306 0.018267223382045932
3 0.8557513914656771 0.29253653444676414 0.034322820037105746 0.020354906054279753
11 0.9035250463821891 0.3139352818371608 0.025974025974025972 0.024530271398747392
10 0.7722634508348794 0.2831419624217119 0.0640074211502783 0.0151356993736952
7 0.8102968460111317 0.2090292275574113 0.006493506493506493 0.007828810020876828
3 0.8089053803339518 0.22442588726513574 0.04823747680890538 0.009394572025052193
8 0.881725417439703 0.22964509394572027 0.006493506493506493 0.008350730688935283
5 0.8821892393320964 0.23251565762004178 0.0055658627087198514 0.008872651356993737
3 0.919294990723562 0.20120041753653445 0.018552875695732836 0.01096033402922756
11 0.9508348794063078 0.22259916492693113 0.02411873840445269 0.020354906054279753
11 0.9822546972860126 0.23654916512059368 0.03549060542797495 0.012987012987012988
3 0.9971294363256785 0.29545454545454547 0.005741127348643006 0.014842300556586271
3 0.9777365491651205 0.35751565762004184 0.03525046382189239 0.02922755741127349
3 0.9968684759916493 0.44109461966604824 0.006263048016701462 0.032467532467532464
8 0.9591836734693877 0.45459290187891443 0.01484230055658627 0.012526096033402925
5 0.9596474953617811 0.4579853862212944 0.01020408163265306 0.018267223382045932
0 0.8905380333951762 0.15553235908141963 0.007421150278293135 0.008350730688935283
0 0.8900742115027829 0.12473903966597077 0.004638218923933209 0.007306889352818372
11 0.9137291280148423 0.11221294363256787 0.0055658627087198514 0.005219206680584551
4 0.910482374768089 0.07750521920668059 0.04730983302411874 0.06210855949895617
11 0.7708719851576994 0.305062630480167 0.07050092764378478 0.018267223382045932
3 0.09601113172541743 0.3217640918580376 0.05844155844155843 0.026617954070981213
0 0.9721706864564007 0.221294363256785 0.02040816326530612 0.012526096033402925
11 0.8464749536178108 0.1218684759916493 0.02133580705009276 0.007828810020876828
11 0.936456400742115 0.1278705636743215 0.013914656771799629 0.009394572025052193
0 0.8738404452690166 0.14248434237995827 0.011131725417439703 0.007306889352818372
3 0.8775510204081632 0.13909185803757831 0.012987012987012986 0.007828810020876828
3 0.8747680890538032 0.1343945720250522 0.01484230055658627 0.008872651356993737
9 0.9225417439703154 0.13804801670146138 0.006493506493506493 0.005741127348643007
8 0.9225417439703154 0.13622129436325678 0.006493506493506493 0.005219206680584551