3 0.38904761904761903 0.7364285714285714 0.04857142857142857 0.025714285714285714
3 0.33714285714285713 0.7267857142857143 0.09333333333333332 0.045
3 0.4423809523809523 0.6953571428571429 0.07904761904761905 0.065
3 0.40619047619047616 0.6760714285714285 0.08857142857142856 0.07214285714285715
3 0.3723809523809523 0.6546428571428572 0.0838095238095238 0.07357142857142857
3 0.34238095238095234 0.6260714285714286 0.07904761904761905 0.065
3 0.3052380952380952 0.6046428571428571 0.09047619047619047 0.06357142857142857
3 0.28238095238095234 0.585 0.08285714285714285 0.055714285714285716
3 0.25 0.5660714285714286 0.09047619047619047 0.062142857142857146
3 0.22 0.5475 0.0819047619047619 0.056428571428571425
3 0.19428571428571428 0.5264285714285715 0.0819047619047619 0.05714285714285714
3 0.16190476190476188 0.5096428571428572 0.08571428571428572 0.060714285714285714
3 0.13476190476190475 0.4928571428571429 0.09619047619047619 0.06
3 0.29619047619047617 0.7167857142857142 0.07428571428571429 0.062142857142857146
3 0.2733333333333333 0.6889285714285714 0.09142857142857143 0.06928571428571428
3 0.23619047619047617 0.6703571428571429 0.09714285714285714 0.07214285714285715
3 0.20476190476190473 0.6414285714285715 0.08571428571428572 0.06428571428571428
3 0.17047619047619048 0.625 0.0838095238095238 0.06142857142857143
3 0.14238095238095236 0.6025 0.08476190476190476 0.06357142857142857
3 0.10857142857142857 0.5814285714285714 0.08761904761904761 0.05714285714285714
3 0.07619047619047618 0.5664285714285714 0.08952380952380952 0.05857142857142857
3 0.037142857142857144 0.5404761904761904 0.07428571428571429 0.06380952380952382
4 0.05285714285714286 0.42952380952380953 0.10571428571428572 0.12
3 0.38476190476190475 0.3939285714285714 0.09523809523809522 0.05785714285714286
3 0.5452380952380952 0.5475 0.12666666666666665 0.08642857142857142
3 0.49714285714285716 0.5975 0.09714285714285714 0.06928571428571428
5 0.9180952380952381 0.4539285714285714 0.03809523809523809 0.023571428571428573
8 0.9147619047619047 0.45285714285714285 0.01619047619047619 0.012857142857142857
8 0.28285714285714286 0.23392857142857143 0.05523809523809523 0.030714285714285715
5 0.37380952380952376 0.2025 0.014285714285714285 0.017857142857142856
10 0.15619047619047619 0.15964285714285714 0.06095238095238095 0.039285714285714285
11 0.18904761904761902 0.13785714285714284 0.04476190476190476 0.03142857142857143
10 0.2695238095238095 0.14392857142857143 0.10476190476190475 0.06357142857142857
3 0.09619047619047619 0.12892857142857142 0.05333333333333333 0.029285714285714286
7 0.05523809523809523 0.04428571428571428 0.015238095238095238 0.015714285714285715
7 0.15333333333333332 0.0625 0.011428571428571429 0.012142857142857143
8 0.17666666666666667 0.06357142857142857 0.006666666666666666 0.012857142857142857
5 0.17761904761904762 0.06821428571428571 0.01238095238095238 0.012142857142857143
3 0.16952380952380952 0.038214285714285715 0.05523809523809523 0.019285714285714285
4 0.2476190476190476 0.04857142857142857 0.07809523809523809 0.04
7 0.4342857142857143 0.16857142857142857 0.007619047619047619 0.012857142857142857
3 0.5285714285714286 0.2332142857142857 0.04761904761904761 0.039285714285714285
3 0.5666666666666667 0.24142857142857144 0.04 0.03857142857142857
3 0.5966666666666666 0.26071428571428573 0.050476190476190466 0.03857142857142857
3 0.6971428571428572 0.30178571428571427 0.04952380952380952 0.04071428571428572
9 0.749047619047619 0.31214285714285717 0.01619047619047619 0.032857142857142856
9 0.769047619047619 0.32321428571428573 0.018095238095238095 0.02642857142857143
3 0.7976190476190476 0.3467857142857143 0.03333333333333333 0.045
5 0.6385714285714286 0.2842857142857143 0.02 0.02