3 0.07925 0.5493333333333333 0.1585 0.12533333333333332
3 0.95725 0.336 0.0855 0.064
3 0.8416666666666667 0.3105 0.12733333333333333 0.064
3 0.7176666666666667 0.28875 0.09 0.0585
3 0.7246666666666667 0.23325 0.09466666666666666 0.0555
7 0.6206666666666666 0.3875 0.026666666666666665 0.048
5 0.9246666666666666 0.237 0.030666666666666665 0.03
3 0.453 0.21625 0.11266666666666665 0.0495
3 0.639 0.20525 0.094 0.0515
11 0.5976666666666667 0.16225 0.07133333333333333 0.0565
11 0.544 0.158 0.084 0.056
3 0.5063333333333333 0.14975 0.078 0.0355
11 0.456 0.14125 0.08933333333333333 0.0525
11 0.4116666666666666 0.1365 0.07933333333333333 0.047
10 0.363 0.1305 0.08333333333333333 0.043
10 0.284 0.11625 0.09466666666666666 0.0405
3 0.218 0.10725 0.096 0.0295
3 0.17566666666666667 0.09975 0.07933333333333333 0.0325
3 0.15066666666666667 0.0935 0.084 0.031
11 0.126 0.085 0.08933333333333333 0.04
11 0.07366666666666666 0.08075 0.09133333333333332 0.0255
11 0.033 0.071 0.066 0.034
11 0.032 0.06166666666666667 0.064 0.034
3 0.2596666666666666 0.17925 0.06066666666666667 0.0395
3 0.17766666666666667 0.157 0.09 0.035
11 0.113 0.13725 0.08333333333333333 0.0405
3 0.035 0.131 0.05533333333333333 0.036
8 0.287 0.21175 0.02333333333333333 0.0245
5 0.29133333333333333 0.21825 0.03733333333333333 0.0265
5 0.6946666666666667 0.1605 0.024 0.016
10 0.741 0.1285 0.08466666666666665 0.042
5 0.6696666666666666 0.1085 0.022 0.019
5 0.625 0.11375 0.02333333333333333 0.0195
5 0.557 0.1095 0.03533333333333333 0.022
5 0.528 0.1005 0.026666666666666665 0.018
5 0.5726666666666667 0.09325 0.010666666666666666 0.0185
3 0.42866666666666664 0.0895 0.07466666666666666 0.031
3 0.3906666666666666 0.08 0.068 0.036
11 0.3273333333333333 0.0685 0.09333333333333332 0.037
5 0.5276666666666666 0.0835 0.016666666666666663 0.022
10 0.22066666666666665 0.05125 0.07466666666666666 0.0295
11 0.19866666666666666 0.04575 0.058666666666666666 0.0315
7 0.08933333333333333 0.02575 0.017333333333333333 0.0175
8 0.086 0.0155 0.013333333333333332 0.015
1 0.088 0.0195 0.025333333333333333 0.013