7 0.5909523809523809 0.7389285714285714 0.018095238095238095 0.020714285714285713
7 0.6128571428571429 0.7385714285714285 0.014285714285714285 0.02142857142857143
7 0.9457142857142857 0.7096428571428571 0.02095238095238095 0.035
7 0.9385714285714286 0.6896428571428571 0.01619047619047619 0.03214285714285714
3 0.7009523809523809 0.7275 0.08571428571428572 0.04357142857142857
3 0.8085714285714286 0.7339285714285714 0.06666666666666667 0.030714285714285715
3 0.519047619047619 0.5310714285714285 0.005714285714285714 0.015
7 0.5714285714285714 0.5046428571428572 0.007619047619047619 0.012142857142857143
7 0.9819047619047618 0.4785714285714286 0.005714285714285714 0.011428571428571429
7 0.9952380952380951 0.47 0.005714285714285714 0.011428571428571429
7 0.7861904761904761 0.4328571428571429 0.0047619047619047615 0.007142857142857143
7 0.9342857142857143 0.43214285714285716 0.005714285714285714 0.008571428571428572
3 0.31476190476190474 0.6182142857142857 0.07523809523809523 0.03642857142857143
3 0.24666666666666665 0.6028571428571429 0.07428571428571429 0.02857142857142857
3 0.21333333333333332 0.5975 0.07619047619047618 0.027857142857142858