7 0.24904761904761902 0.7071428571428572 0.06 0.06
7 0.8795238095238095 0.4903571428571429 0.04095238095238095 0.04071428571428572
7 0.2957142857142857 0.54 0.06952380952380952 0.047142857142857146
3 0.6123809523809524 0.5557142857142857 0.25142857142857145 0.10571428571428572
3 0.1652380952380952 0.4807142857142857 0.1038095238095238 0.13714285714285715
3 0.37 0.41785714285714287 0.09809523809523808 0.10285714285714286
3 0.9957142857142857 0.5376190476190477 0.008571428571428572 0.1019047619047619
11 0.97 0.20047619047619047 0.06 0.09523809523809523
11 0.65 0.425 0.22 0.08857142857142856
11 0.5919047619047618 0.2757142857142857 0.16666666666666666 0.08142857142857143
11 0.5280952380952381 0.23714285714285716 0.14761904761904762 0.09142857142857143
11 0.35285714285714287 0.29428571428571426 0.09809523809523808 0.12428571428571429
7 0.7747619047619047 0.33214285714285713 0.021904761904761903 0.041428571428571426
7 0.7028571428571428 0.20714285714285716 0.02095238095238095 0.04428571428571428
7 0.6495238095238095 0.17142857142857143 0.013333333333333332 0.04
7 0.6719047619047619 0.16392857142857142 0.01619047619047619 0.03785714285714286
7 0.9204761904761903 0.11607142857142858 0.02 0.03785714285714286
3 0.7214285714285714 0.1275 0.10952380952380951 0.07357142857142857
3 0.6623809523809523 0.11964285714285715 0.11142857142857143 0.07071428571428572
3 0.6219047619047618 0.09892857142857144 0.11047619047619046 0.055
3 0.2704761904761904 0.13 0.0819047619047619 0.055714285714285716
11 0.3909523809523809 0.1475 0.07714285714285714 0.08214285714285714
3 0.40952380952380946 0.09321428571428571 0.05904761904761904 0.047857142857142855
3 0.42428571428571427 0.03142857142857143 0.050476190476190466 0.047142857142857146
3 0.07333333333333332 0.18571428571428572 0.11047619047619046 0.08
3 0.13857142857142857 0.11821428571428572 0.08285714285714285 0.062142857142857146
3 0.18142857142857144 0.062142857142857146 0.07333333333333332 0.055714285714285716
3 0.4442857142857143 0.009523809523809525 0.04071428571428572 0.01904761904761905
7 0.3038095238095238 0.17642857142857143 0.013333333333333332 0.025714285714285714
7 0.31047619047619046 0.18928571428571428 0.009523809523809523 0.027142857142857142