7 0.3443333333333333 0.59575 0.034 0.0505
3 0.604 0.702 0.22666666666666666 0.095
3 0.6286666666666666 0.64075 0.20666666666666667 0.0865
3 0.6853333333333332 0.5215 0.14666666666666667 0.067
5 0.37366666666666665 0.37225 0.03666666666666667 0.0205
5 0.37866666666666665 0.3635 0.030666666666666665 0.023
1 0.42433333333333334 0.3515 0.03266666666666666 0.022
1 0.4506666666666666 0.34325 0.026666666666666665 0.0225
5 0.4766666666666666 0.335 0.024 0.02
3 0.579 0.3195 0.08333333333333333 0.032
3 0.81 0.341 0.10533333333333333 0.035
3 0.685 0.28375 0.066 0.0255
11 0.8526666666666667 0.2995 0.06533333333333333 0.057
3 0.7623333333333333 0.2095 0.03 0.017
3 0.8613333333333333 0.23675 0.048 0.0175
3 0.8673333333333333 0.23025 0.058666666666666666 0.0175
3 0.7533333333333333 0.18875 0.033333333333333326 0.0135
3 0.7753333333333332 0.18825 0.033333333333333326 0.0135
3 0.793 0.18625 0.038 0.0135
3 0.8043333333333332 0.182 0.042 0.012
3 0.8703333333333333 0.21575 0.056666666666666664 0.0165
3 0.8833333333333333 0.21175 0.064 0.0145
11 0.884 0.19875 0.057333333333333326 0.0165
11 0.8913333333333333 0.18275 0.048 0.0145
3 0.894 0.18 0.041333333333333326 0.011
3 0.9016666666666666 0.17175 0.04066666666666666 0.0125
11 0.898 0.167 0.03733333333333333 0.009
5 0.843 0.16025 0.007333333333333333 0.0065
9 0.822 0.162 0.021333333333333333 0.008
4 0.9166666666666666 0.132 0.056 0.058
11 0.8823333333333333 0.123 0.01 0.008
11 0.8786666666666666 0.136 0.012 0.008
3 0.8653333333333333 0.13625 0.010666666666666666 0.0075
3 0.873 0.13375 0.018 0.0075
4 0.99075 0.09766666666666667 0.0185 0.043333333333333335