3 0.9814285714285714 0.47779187817258884 0.037142857142857144 0.048223350253807105
3 0.6656091370558376 0.5128571428571428 0.044416243654822336 0.047142857142857146
3 0.6649746192893401 0.4032142857142857 0.03807106598984771 0.039285714285714285
11 0.7626903553299493 0.40285714285714286 0.04060913705583756 0.05142857142857143
3 0.75 0.26821428571428574 0.03807106598984771 0.047857142857142855
3 0.6434010152284264 0.19392857142857142 0.04060913705583756 0.042142857142857135
3 0.6890862944162437 0.20142857142857143 0.03807106598984771 0.047142857142857146
3 0.7442893401015228 0.19464285714285715 0.03934010152284264 0.04642857142857142
10 0.7963197969543147 0.20142857142857143 0.04187817258883249 0.05285714285714285
2 0.875 0.10892857142857143 0.05964467005076142 0.1307142857142857
3 0.3730964467005076 0.08464285714285714 0.08375634517766498 0.020714285714285713
3 0.03428571428571429 0.05583756345177665 0.06857142857142857 0.02030456852791878