3 0.944 0.458 0.08266666666666665 0.073
3 0.86 0.43375 0.068 0.0605
3 0.7663333333333333 0.421 0.08866666666666666 0.06
8 0.651 0.28475 0.011333333333333332 0.0115
11 0.697 0.39125 0.08733333333333333 0.0715
1 0.5433333333333332 0.39525 0.034666666666666665 0.0185
5 0.454 0.23125 0.028 0.0215
3 0.4126666666666666 0.23925 0.08266666666666665 0.0335
3 0.347 0.3085 0.09533333333333333 0.042
3 0.311 0.19175 0.04466666666666667 0.0285
3 0.29966666666666664 0.30125 0.08066666666666665 0.0385
3 0.2776666666666666 0.2825 0.08866666666666666 0.039
3 0.237 0.155 0.06066666666666667 0.029
3 0.183 0.1355 0.066 0.022
5 0.1963333333333333 0.11375 0.024666666666666663 0.0145
7 0.14566666666666667 0.09425 0.008666666666666666 0.0155
5 0.15433333333333332 0.09675 0.016666666666666663 0.0135
3 0.08933333333333333 0.15775 0.036 0.0255
10 0.048333333333333325 0.132 0.078 0.031
3 0.03475 0.21666666666666667 0.0695 0.03266666666666666
3 0.024 0.044333333333333336 0.048 0.014666666666666666