4 0.6886666666666666 0.0805 0.018666666666666665 0.013
4 0.5116666666666666 0.114 0.004666666666666666 0.004
7 0.527 0.11425 0.003333333333333333 0.0085
7 0.5236666666666666 0.11675 0.002 0.0075
5 0.5946666666666667 0.1255 0.010666666666666666 0.005
8 0.5943333333333333 0.12325 0.004666666666666666 0.0075
3 0.467 0.73875 0.086 0.0215
3 0.5806666666666667 0.60325 0.08666666666666666 0.0415
3 0.592 0.56175 0.08 0.0365
3 0.634 0.48425 0.07333333333333333 0.0325
3 0.661 0.44225 0.06333333333333332 0.0305
7 0.482 0.39325 0.010666666666666666 0.0145
7 0.5046666666666666 0.38075 0.006666666666666666 0.0145
7 0.5613333333333332 0.41 0.009333333333333332 0.016
3 0.4766666666666666 0.45975 0.068 0.0275
3 0.5203333333333332 0.404 0.06333333333333332 0.027
3 0.48566666666666664 0.35675 0.05133333333333333 0.0255
3 0.476 0.34 0.05333333333333333 0.026
5 0.42966666666666664 0.3365 0.01933333333333333 0.008
5 0.43 0.33275 0.017333333333333333 0.0085
3 0.5783333333333333 0.26825 0.048666666666666664 0.0185
11 0.4576666666666666 0.3055 0.046 0.022
3 0.4393333333333333 0.29875 0.050666666666666665 0.0195
3 0.427 0.287 0.04066666666666666 0.019
3 0.4373333333333333 0.26975 0.042666666666666665 0.0225
3 0.4066666666666666 0.266 0.04666666666666666 0.019
3 0.3923333333333333 0.24125 0.03666666666666667 0.0175
7 0.49066666666666664 0.25 0.006666666666666666 0.012
7 0.48633333333333334 0.24825 0.006 0.0115
7 0.5393333333333332 0.16625 0.004 0.0095
7 0.5373333333333332 0.16425 0.005333333333333333 0.0105
7 0.5316666666666666 0.16325 0.004666666666666666 0.0095
7 0.5323333333333332 0.1625 0.003333333333333333 0.01
7 0.675 0.15675 0.003333333333333333 0.0115
8 0.682 0.16175 0.004 0.0055
7 0.702 0.1355 0.005333333333333333 0.008
7 0.6836666666666666 0.13075 0.003333333333333333 0.0085
0 0.661 0.1325 0.01 0.013
10 0.6213333333333333 0.1175 0.10533333333333333 0.019
8 0.705 0.187 0.004666666666666666 0.007
7 0.6953333333333332 0.186 0.005333333333333333 0.011
8 0.6973333333333332 0.1885 0.004 0.006
7 0.9936666666666666 0.45125 0.012666666666666666 0.0145
3 0.803 0.3785 0.05933333333333333 0.025
3 0.8646666666666666 0.30775 0.048 0.0185
7 0.807 0.21075 0.006 0.0125
7 0.8393333333333333 0.22675 0.006666666666666666 0.0125
7 0.8936666666666666 0.262 0.006 0.013
3 0.7663333333333333 0.13125 0.024666666666666663 0.0115
7 0.804 0.14175 0.004 0.0095
7 0.808 0.14025 0.005333333333333333 0.0095
1 0.8433333333333333 0.11725 0.012 0.0065
8 0.844 0.11475 0.005333333333333333 0.0075
7 0.8733333333333333 0.1275 0.005333333333333333 0.009
7 0.8636666666666666 0.1275 0.004666666666666666 0.009
3 0.99025 0.2796666666666667 0.0195 0.024666666666666667
3 0.99075 0.25666666666666665 0.0185 0.021333333333333333
3 0.991 0.23566666666666666 0.018 0.018
3 0.99175 0.21566666666666667 0.0165 0.020666666666666667
3 0.9946666666666666 0.06425 0.010666666666666666 0.0105
3 0.9906666666666666 0.0415 0.010666666666666666 0.007
3 0.9873333333333333 0.00675 0.008 0.0055
11 0.9883333333333333 0.013 0.01 0.012
4 0.9913333333333333 0.03 0.009333333333333332 0.006