7 0.2576190476190476 0.095 0.02 0.018571428571428572
7 0.3171428571428571 0.11178571428571428 0.02095238095238095 0.017857142857142856
7 0.42666666666666664 0.13107142857142856 0.019047619047619046 0.019285714285714285
7 0.37476190476190474 0.18607142857142858 0.018095238095238095 0.019285714285714285
7 0.37476190476190474 0.15107142857142858 0.014285714285714285 0.015
7 0.3666666666666666 0.14642857142857144 0.011428571428571429 0.012857142857142857
1 0.26190476190476186 0.27071428571428574 0.017142857142857144 0.025714285714285714
7 0.3871428571428571 0.4207142857142857 0.01619047619047619 0.008571428571428572
7 0.23285714285714285 0.48035714285714287 0.021904761904761903 0.013571428571428571
3 0.3138095238095238 0.6467857142857143 0.12095238095238094 0.03785714285714286
3 0.43809523809523804 0.5696428571428571 0.05523809523809523 0.09214285714285714
1 0.27095238095238094 0.5446428571428571 0.03142857142857143 0.02214285714285714
7 0.3171428571428571 0.5078571428571429 0.02095238095238095 0.011428571428571429
7 0.37809523809523804 0.5157142857142857 0.017142857142857144 0.01
7 0.36428571428571427 0.5117857142857143 0.01619047619047619 0.012142857142857143
7 0.30428571428571427 0.4760714285714286 0.027619047619047616 0.010714285714285714
1 0.30857142857142855 0.48035714285714287 0.02095238095238095 0.023571428571428573
5 0.26190476190476186 0.46785714285714286 0.030476190476190476 0.024285714285714285
3 0.568095238095238 0.7285714285714285 0.09238095238095237 0.04
3 0.748095238095238 0.7335714285714285 0.052380952380952375 0.03
11 0.7447619047619046 0.5792857142857143 0.0419047619047619 0.07
7 0.7209523809523809 0.5371428571428571 0.009523809523809523 0.01
7 0.7176190476190476 0.5232142857142857 0.010476190476190476 0.009285714285714286
3 0.6161904761904762 0.5578571428571428 0.05523809523809523 0.09142857142857143
3 0.728095238095238 0.45535714285714285 0.04857142857142857 0.08071428571428571
10 0.4942857142857143 0.51 0.06095238095238095 0.12
3 0.7371428571428571 0.35892857142857143 0.04952380952380952 0.07928571428571428
3 0.4119047619047619 0.34964285714285714 0.054285714285714284 0.07785714285714286
3 0.5095238095238095 0.29464285714285715 0.04952380952380952 0.08071428571428571
11 0.43380952380952376 0.2525 0.04857142857142857 0.07928571428571428
11 0.7214285714285714 0.2117857142857143 0.04285714285714286 0.06928571428571428
11 0.68 0.08892857142857143 0.04 0.065
3 0.519047619047619 0.2007142857142857 0.05142857142857143 0.08428571428571428
3 0.7319047619047618 0.11571428571428571 0.04285714285714286 0.07
7 0.6585714285714286 0.20285714285714285 0.010476190476190476 0.017142857142857144
7 0.6642857142857143 0.19607142857142856 0.006666666666666666 0.007857142857142858
7 0.6352380952380952 0.1717857142857143 0.02095238095238095 0.019285714285714285
0 0.4442857142857143 0.17821428571428571 0.037142857142857144 0.055
7 0.4252380952380952 0.17964285714285713 0.01619047619047619 0.016428571428571428
7 0.42380952380952375 0.16035714285714286 0.015238095238095238 0.016428571428571428
7 0.5085714285714286 0.11178571428571428 0.011428571428571429 0.017857142857142856
0 0.4609523809523809 0.10107142857142858 0.05714285714285714 0.02214285714285714
5 0.45571428571428574 0.07821428571428571 0.04476190476190476 0.016428571428571428