3 0.239047619047619 0.5532142857142858 0.07619047619047618 0.03357142857142857
3 0.5838095238095238 0.615 0.06857142857142857 0.03142857142857143
11 0.22238095238095237 0.41785714285714287 0.0619047619047619 0.02857142857142857
3 0.2933333333333333 0.4325 0.06666666666666667 0.029285714285714286
3 0.41333333333333333 0.44642857142857145 0.043809523809523805 0.04857142857142857
3 0.5647619047619047 0.4717857142857143 0.03809523809523809 0.04928571428571429
7 0.47333333333333333 0.4142857142857143 0.013333333333333332 0.008571428571428572
7 0.478095238095238 0.4032142857142857 0.011428571428571429 0.010714285714285714
8 0.039523809523809524 0.48392857142857143 0.014285714285714285 0.012142857142857143
1 0.04238095238095238 0.485 0.014285714285714285 0.017142857142857144
7 0.06952380952380952 0.48 0.02095238095238095 0.011428571428571429
9 0.07333333333333332 0.44357142857142856 0.03428571428571429 0.04
5 0.5442857142857143 0.6635714285714286 0.03142857142857143 0.012857142857142857
8 0.5457142857142857 0.6646428571428571 0.017142857142857144 0.010714285714285714
5 0.5214285714285715 0.6960714285714286 0.03142857142857143 0.012142857142857143
3 0.7938095238095237 0.6557142857142857 0.07714285714285714 0.032857142857142856
3 0.9633333333333333 0.5528571428571428 0.07142857142857142 0.03
3 0.8795238095238095 0.5407142857142857 0.0676190476190476 0.024285714285714285
3 0.8061904761904761 0.5235714285714286 0.0676190476190476 0.027142857142857142
11 0.9157142857142857 0.4467857142857143 0.03142857142857143 0.047857142857142855
3 0.899047619047619 0.4082142857142857 0.06285714285714286 0.02642857142857143
3 0.9946428571428572 0.45904761904761904 0.010714285714285714 0.04666666666666667
3 0.9953571428571428 0.3547619047619048 0.009285714285714286 0.04476190476190476
3 0.9180952380952381 0.3507142857142857 0.03238095238095238 0.047142857142857146
3 0.8866666666666666 0.3475 0.03238095238095238 0.04642857142857143
11 0.6847619047619047 0.40535714285714286 0.043809523809523805 0.04357142857142857
3 0.6457142857142857 0.39107142857142857 0.0419047619047619 0.04642857142857143
3 0.5733333333333334 0.37464285714285717 0.045714285714285714 0.045
5 0.6204761904761904 0.335 0.01238095238095238 0.017142857142857144
5 0.6028571428571429 0.3325 0.011428571428571429 0.019285714285714285
5 0.589047619047619 0.33107142857142857 0.014285714285714285 0.019285714285714285
5 0.53 0.32107142857142856 0.01619047619047619 0.016428571428571428
5 0.5114285714285715 0.31607142857142856 0.013333333333333332 0.016428571428571428
3 0.439047619047619 0.3582142857142857 0.03809523809523809 0.04642857142857143
3 0.36714285714285716 0.3425 0.04285714285714286 0.04642857142857143
11 0.33476190476190476 0.3385714285714286 0.04285714285714286 0.045714285714285714
3 0.2676190476190476 0.3289285714285714 0.043809523809523805 0.047857142857142855
3 0.22666666666666666 0.32392857142857145 0.045714285714285714 0.04642857142857143
3 0.19285714285714287 0.315 0.04476190476190476 0.04428571428571428
3 0.16333333333333333 0.31357142857142856 0.04285714285714286 0.041428571428571426
11 0.12476190476190475 0.31142857142857144 0.05333333333333333 0.04857142857142857
8 0.052380952380952375 0.2792857142857143 0.015238095238095238 0.011428571428571429
1 0.055714285714285716 0.2810714285714286 0.014285714285714285 0.017857142857142856
7 0.10238095238095236 0.265 0.02 0.014285714285714285
3 0.14904761904761904 0.24714285714285714 0.0638095238095238 0.03428571428571429
5 0.30714285714285716 0.2710714285714286 0.01619047619047619 0.017857142857142856
11 0.13904761904761903 0.21214285714285713 0.04952380952380952 0.027142857142857142
11 0.13238095238095238 0.19071428571428573 0.05904761904761904 0.02857142857142857