5 0.64 0.6110714285714286 0.03238095238095238 0.012142857142857143
11 0.44142857142857145 0.6189285714285714 0.26 0.12071428571428572
11 0.8061904761904761 0.5232142857142857 0.07714285714285714 0.027857142857142858
3 0.9395238095238094 0.5228571428571429 0.08476190476190476 0.03142857142857143
10 0.9214285714285714 0.5866666666666667 0.15714285714285714 0.06380952380952382
5 0.8595238095238095 0.4625 0.03333333333333333 0.012142857142857143
8 0.8609523809523809 0.4610714285714286 0.009523809523809523 0.013571428571428571
11 0.900952380952381 0.2664285714285714 0.043809523809523805 0.015714285714285715
11 0.858095238095238 0.235 0.03619047619047619 0.024285714285714285
11 0.8080952380952381 0.2125 0.04095238095238095 0.015
11 0.73 0.16714285714285715 0.023809523809523805 0.022857142857142857
3 0.7395238095238095 0.20642857142857143 0.018095238095238095 0.017142857142857144
3 0.7971428571428572 0.27285714285714285 0.02476190476190476 0.02142857142857143
5 0.8823809523809524 0.24607142857142858 0.014285714285714285 0.010714285714285714
5 0.8661904761904761 0.2596428571428571 0.01619047619047619 0.012142857142857143
5 0.7309523809523809 0.2907142857142857 0.010476190476190476 0.014285714285714285
1 0.7042857142857143 0.20357142857142857 0.0047619047619047615 0.008571428571428572
8 0.7319047619047618 0.28785714285714287 0.008571428571428572 0.01
8 0.7042857142857143 0.2007142857142857 0.0047619047619047615 0.007142857142857143
7 0.7823809523809523 0.24142857142857144 0.0047619047619047615 0.01
5 0.8947619047619046 0.24392857142857144 0.01619047619047619 0.010714285714285714
3 0.7676190476190475 0.18928571428571428 0.015238095238095238 0.015714285714285715
5 0.738095238095238 0.15035714285714286 0.009523809523809523 0.0064285714285714285
5 0.6476190476190475 0.19392857142857142 0.011428571428571429 0.009285714285714286
5 0.6780952380952381 0.16642857142857143 0.013333333333333332 0.01
5 0.66 0.17464285714285716 0.013333333333333332 0.007857142857142858
4 0.728095238095238 0.1457142857142857 0.008571428571428572 0.008571428571428572
7 0.7166666666666666 0.15321428571428572 0.0047619047619047615 0.007857142857142858
8 0.738095238095238 0.14821428571428572 0.005714285714285714 0.007857142857142858
8 0.7738095238095237 0.20964285714285713 0.002857142857142857 0.009285714285714286
7 0.8923809523809523 0.04321428571428571 0.0038095238095238095 0.005
3 0.7638095238095237 0.355 0.015238095238095238 0.014285714285714285
3 0.5333333333333333 0.23035714285714284 0.015238095238095238 0.009285714285714286
3 0.4876190476190476 0.26071428571428573 0.007619047619047619 0.01
3 0.5061904761904762 0.24107142857142858 0.006666666666666666 0.009285714285714286
3 0.5061904761904762 0.23142857142857143 0.014285714285714285 0.008571428571428572
8 0.7638095238095237 0.34714285714285714 0.009523809523809523 0.01
8 0.5071428571428571 0.22892857142857143 0.006666666666666666 0.009285714285714286
8 0.48666666666666664 0.2596428571428571 0.005714285714285714 0.007857142857142858
3 0.5509523809523809 0.3442857142857143 0.056190476190476187 0.017142857142857144
3 0.4076190476190476 0.3289285714285714 0.045714285714285714 0.030714285714285715
3 0.6009523809523809 0.21571428571428572 0.03238095238095238 0.017142857142857144
7 0.6161904761904762 0.19785714285714287 0.005714285714285714 0.008571428571428572
8 0.6223809523809524 0.1957142857142857 0.008571428571428572 0.007142857142857143
7 0.3547619047619047 0.32035714285714284 0.010476190476190476 0.012142857142857143
3 0.4766666666666666 0.27785714285714286 0.039047619047619046 0.024285714285714285
3 0.3695238095238095 0.30607142857142855 0.05523809523809523 0.020714285714285713
0 0.5061904761904762 0.2932142857142857 0.02 0.017857142857142856
7 0.5019047619047619 0.29964285714285716 0.007619047619047619 0.012142857142857143
5 0.4109523809523809 0.28964285714285715 0.008571428571428572 0.012142857142857143
11 0.520952380952381 0.26964285714285713 0.03238095238095238 0.023571428571428573
8 0.40380952380952373 0.25785714285714284 0.005714285714285714 0.008571428571428572
5 0.46047619047619043 0.2057142857142857 0.01238095238095238 0.007142857142857143
5 0.4652380952380952 0.20285714285714285 0.014285714285714285 0.008571428571428572
5 0.409047619047619 0.23714285714285716 0.02952380952380952 0.01
5 0.4495238095238095 0.22071428571428572 0.019047619047619046 0.002857142857142857
5 0.4538095238095238 0.23607142857142857 0.014285714285714285 0.010714285714285714
5 0.4952380952380952 0.21357142857142858 0.015238095238095238 0.008571428571428572
4 0.529047619047619 0.19428571428571428 0.025714285714285714 0.012857142857142857
5 0.5128571428571429 0.2057142857142857 0.01619047619047619 0.007142857142857143
5 0.509047619047619 0.20714285714285716 0.01238095238095238 0.005714285714285714
5 0.4876190476190476 0.24678571428571427 0.015238095238095238 0.009285714285714286
5 0.57 0.1982142857142857 0.014285714285714285 0.0064285714285714285
5 0.5728571428571428 0.185 0.010476190476190476 0.005714285714285714
5 0.5628571428571428 0.17214285714285715 0.013333333333333332 0.008571428571428572
5 0.5852380952380952 0.18 0.01619047619047619 0.01
5 0.5185714285714286 0.21428571428571427 0.010476190476190476 0.008571428571428572
5 0.5271428571428571 0.2125 0.014285714285714285 0.0064285714285714285
5 0.5504761904761905 0.2025 0.017142857142857144 0.007857142857142858
5 0.5 0.20964285714285713 0.013333333333333332 0.007857142857142858
5 0.47714285714285715 0.2532142857142857 0.013333333333333332 0.007857142857142858
5 0.46238095238095234 0.2596428571428571 0.01619047619047619 0.010714285714285714
5 0.46952380952380945 0.25535714285714284 0.011428571428571429 0.009285714285714286
5 0.47333333333333333 0.2282142857142857 0.011428571428571429 0.007857142857142858
5 0.4647619047619047 0.2307142857142857 0.015238095238095238 0.01
5 0.44285714285714284 0.24142857142857144 0.02095238095238095 0.007142857142857143
5 0.4476190476190476 0.2475 0.017142857142857144 0.007857142857142858
4 0.49 0.1992857142857143 0.04095238095238095 0.018571428571428572
7 0.42476190476190473 0.2057142857142857 0.007619047619047619 0.01
7 0.4342857142857143 0.20785714285714285 0.005714285714285714 0.011428571428571429
7 0.43857142857142856 0.20607142857142857 0.008571428571428572 0.010714285714285714
7 0.3233333333333333 0.26 0.010476190476190476 0.011428571428571429
7 0.32476190476190475 0.24785714285714286 0.007619047619047619 0.011428571428571429
5 0.41333333333333333 0.2325 0.02476190476190476 0.012142857142857143
5 0.4252380952380952 0.2257142857142857 0.02 0.01
5 0.43476190476190474 0.22035714285714286 0.021904761904761903 0.010714285714285714
0 0.4538095238095238 0.27214285714285713 0.02952380952380952 0.018571428571428572
5 0.45 0.26357142857142857 0.01619047619047619 0.008571428571428572
7 0.43142857142857144 0.2792857142857143 0.005714285714285714 0.011428571428571429
7 0.30142857142857143 0.31535714285714284 0.01238095238095238 0.015
3 0.31476190476190474 0.29285714285714287 0.039047619047619046 0.017142857142857144
7 0.2552380952380952 0.3475 0.007619047619047619 0.009285714285714286
4 0.22238095238095237 0.35892857142857143 0.01619047619047619 0.012142857142857143
7 0.03476190476190476 0.3475 0.01619047619047619 0.012142857142857143
3 0.16333333333333333 0.33535714285714285 0.052380952380952375 0.023571428571428573
3 0.18857142857142858 0.36857142857142855 0.030476190476190476 0.03
3 0.15 0.3757142857142857 0.035238095238095235 0.03
3 0.11380952380952379 0.4157142857142857 0.03333333333333333 0.03571428571428571
3 0.0319047619047619 0.3975 0.04095238095238095 0.03357142857142857
3 0.07238095238095238 0.4235714285714286 0.04 0.04428571428571428
3 0.02857142857142857 0.43357142857142855 0.0419047619047619 0.037142857142857144
3 0.11285714285714285 0.38285714285714284 0.02952380952380952 0.032857142857142856
3 0.07619047619047618 0.3889285714285714 0.03428571428571429 0.029285714285714286
3 0.16476190476190475 0.4064285714285714 0.05523809523809523 0.03857142857142857