11 0.9660714285714286 0.20476190476190476 0.06785714285714285 0.12666666666666668
7 0.738095238095238 0.2839285714285714 0.02857142857142857 0.05071428571428571
7 0.5433333333333333 0.3375 0.035238095238095235 0.045
7 0.18380952380952378 0.3292857142857143 0.05523809523809523 0.05
8 0.5928571428571429 0.4521428571428571 0.03333333333333333 0.04
8 0.488095238095238 0.14214285714285715 0.03333333333333333 0.02857142857142857
1 0.5942857142857143 0.4710714285714286 0.043809523809523805 0.047857142857142855
5 0.49142857142857144 0.16 0.03619047619047619 0.055714285714285716
9 0.698095238095238 0.25107142857142856 0.13714285714285715 0.14785714285714285
3 0.66 0.10928571428571429 0.09142857142857143 0.10285714285714286
3 0.5319047619047619 0.05821428571428571 0.07333333333333332 0.09071428571428572
3 0.32857142857142857 0.2025 0.21714285714285714 0.08214285714285714
3 0.35095238095238096 0.13142857142857142 0.19523809523809524 0.05857142857142857
3 0.33809523809523806 0.08571428571428572 0.18476190476190474 0.06285714285714286
3 0.33619047619047615 0.047142857142857146 0.19619047619047617 0.06142857142857143
3 0.24 0.5289285714285714 0.2933333333333333 0.15642857142857142
3 0.12476190476190475 0.4835714285714286 0.24 0.18
3 0.03535714285714286 0.21523809523809523 0.07071428571428572 0.08190476190476191
3 0.05392857142857143 0.44095238095238093 0.10785714285714286 0.12285714285714286