1 0.7926716141001855 0.35151356993736954 0.038033395176252316 0.01304801670146138
7 0.7425788497217068 0.28027139874739043 0.013914656771799629 0.018789144050104387
7 0.8450834879406308 0.28053235908141966 0.016697588126159554 0.012004175365344469
3 0.800556586270872 0.13596033402922758 0.06307977736549165 0.012004175365344469
3 0.9016697588126159 0.16727557411273486 0.02411873840445269 0.020354906054279753
0 0.8891465677179962 0.20589770354906056 0.01948051948051948 0.021398747390396662
9 0.9911273486430062 0.2588126159554731 0.017745302713987474 0.023191094619666047
5 0.783395176252319 0.20172233820459293 0.03617810760667903 0.007828810020876828
5 0.7843228200371056 0.19363256784968688 0.038033395176252316 0.008350730688935283
5 0.7898886827458256 0.2150313152400835 0.017625231910946195 0.012526096033402925
5 0.8028756957328386 0.22364300626304803 0.01948051948051948 0.01304801670146138
8 0.885899814471243 0.27609603340292277 0.007421150278293135 0.012526096033402925
5 0.8863636363636364 0.28053235908141966 0.015769944341372914 0.0151356993736952
8 0.8780148423005566 0.5289665970772444 0.015769944341372914 0.020354906054279753
9 0.8766233766233766 0.5305323590814196 0.02040816326530612 0.036012526096033406
0 0.9517625231910946 0.09342379958246348 0.01484230055658627 0.012526096033402925
7 0.8682745825602969 0.12447807933194156 0.0055658627087198514 0.01096033402922756
8 0.8678107606679035 0.09394572025052193 0.006493506493506493 0.010438413361169102
1 0.8682745825602969 0.09629436325678498 0.0055658627087198514 0.008872651356993737
0 0.9216141001855287 0.016179540709812108 0.008348794063079777 0.008350730688935283
11 0.9341372912801483 0.00861169102296451 0.01484230055658627 0.01096033402922756
3 0.8172541743970315 0.08298538622129437 0.051948051948051945 0.010438413361169102
9 0.9253246753246752 0.03549060542797495 0.008348794063079777 0.009394572025052193