3 0.7228571428571429 0.06035714285714286 0.022857142857142857 0.019285714285714285
7 0.7409523809523809 0.07821428571428571 0.009523809523809523 0.015
7 0.7371428571428571 0.08714285714285715 0.007619047619047619 0.018571428571428572
7 0.7333333333333332 0.09428571428571429 0.011428571428571429 0.02
7 0.7376190476190475 0.14 0.010476190476190476 0.02142857142857143
7 0.6895238095238094 0.14892857142857144 0.009523809523809523 0.020714285714285713
7 0.6357142857142857 0.17392857142857143 0.01238095238095238 0.025
7 0.6728571428571428 0.18892857142857142 0.01238095238095238 0.023571428571428573
7 0.7114285714285714 0.18464285714285714 0.009523809523809523 0.023571428571428573
7 0.7071428571428572 0.22785714285714287 0.01238095238095238 0.027142857142857142
7 0.6957142857142857 0.22607142857142856 0.01238095238095238 0.02642857142857143
7 0.6819047619047619 0.21428571428571427 0.015238095238095238 0.025714285714285714
7 0.6409523809523809 0.23392857142857143 0.013333333333333332 0.02642857142857143
7 0.6623809523809523 0.24357142857142858 0.01238095238095238 0.025714285714285714
7 0.6761904761904761 0.24142857142857144 0.011428571428571429 0.02857142857142857
7 0.6247619047619047 0.2792857142857143 0.013333333333333332 0.03142857142857143
7 0.6419047619047619 0.2857142857142857 0.015238095238095238 0.02857142857142857
7 0.6652380952380952 0.29285714285714287 0.014285714285714285 0.025714285714285714
7 0.6352380952380952 0.31464285714285717 0.017142857142857144 0.030714285714285715
7 0.71 0.14714285714285713 0.01238095238095238 0.022857142857142857
7 0.6952380952380952 0.19071428571428573 0.013333333333333332 0.022857142857142857
7 0.6985714285714286 0.2025 0.010476190476190476 0.02642857142857143
7 0.6609523809523808 0.2032142857142857 0.013333333333333332 0.023571428571428573
7 0.6614285714285715 0.22 0.014285714285714285 0.02142857142857143
7 0.6695238095238095 0.22642857142857142 0.013333333333333332 0.024285714285714285
7 0.6628571428571428 0.2832142857142857 0.013333333333333332 0.027857142857142858
7 0.5914285714285714 0.31035714285714283 0.017142857142857144 0.03214285714285714
7 0.6814285714285714 0.46 0.01619047619047619 0.032857142857142856
7 0.4585714285714286 0.3985714285714286 0.02 0.02857142857142857
7 0.4961904761904762 0.4228571428571429 0.026666666666666665 0.02857142857142857
7 0.3842857142857143 0.4132142857142857 0.02 0.03214285714285714
7 0.2895238095238095 0.5007142857142857 0.02095238095238095 0.03142857142857143
7 0.2576190476190476 0.5275 0.021904761904761903 0.03357142857142857
7 0.5066666666666666 0.5689285714285715 0.022857142857142857 0.03357142857142857
7 0.4685714285714286 0.6057142857142858 0.02857142857142857 0.03428571428571429
7 0.4619047619047619 0.5196428571428572 0.04 0.03357142857142857
7 0.5138095238095237 0.5114285714285715 0.02952380952380952 0.04285714285714286
7 0.5585714285714286 0.5128571428571429 0.018095238095238095 0.03
7 0.5338095238095237 0.4907142857142857 0.023809523809523805 0.03142857142857143
7 0.5585714285714286 0.42214285714285715 0.023809523809523805 0.03428571428571429
7 0.6109523809523809 0.4032142857142857 0.021904761904761903 0.030714285714285715
7 0.5728571428571428 0.3757142857142857 0.021904761904761903 0.037142857142857144
7 0.6061904761904762 0.35285714285714287 0.02 0.032857142857142856
7 0.6366666666666666 0.3439285714285714 0.018095238095238095 0.03357142857142857
7 0.6919047619047619 0.4739285714285714 0.01619047619047619 0.039285714285714285
2 0.5623809523809523 0.25357142857142856 0.11904761904761904 0.11285714285714285
2 0.28619047619047616 0.5810714285714286 0.38190476190476186 0.3364285714285714
7 0.4642857142857143 0.4082142857142857 0.021904761904761903 0.03357142857142857