3 0.7221706864564007 0.31445720250521925 0.07884972170686455 0.021398747390396662
3 0.8014842300556586 0.27479123173277664 0.06493506493506493 0.026617954070981213
3 0.8418367346938775 0.26722338204592905 0.05287569573283859 0.02609603340292276
3 0.988517745302714 0.2755102040816326 0.022964509394572025 0.027829313543599257
3 0.5282931354359925 0.07933194154488518 0.03617810760667903 0.009394572025052193
3 0.9387755102040816 0.3917014613778706 0.04823747680890538 0.0454070981210856
3 0.10528756957328385 0.02609603340292276 0.03617810760667903 0.008350730688935283
3 0.11363636363636363 0.020876826722338204 0.032467532467532464 0.008350730688935283
3 0.12105751391465677 0.018006263048016703 0.032467532467532464 0.007828810020876828
3 0.12894248608534323 0.013308977035490607 0.027829313543599257 0.006784968684759917
3 0.1414656771799629 0.008872651356993737 0.03061224489795918 0.007306889352818372
3 0.13589981447124305 0.01096033402922756 0.026901669758812616 0.008350730688935283
3 0.02458256029684601 0.09707724425887267 0.0398886827458256 0.009394572025052193
3 0.01722338204592902 0.10714285714285714 0.03444676409185804 0.011131725417439703