5 0.5919047619047618 0.4496428571428571 0.01238095238095238 0.019285714285714285
3 0.5538095238095238 0.4607142857142857 0.04285714285714286 0.05
11 0.59 0.3757142857142857 0.03142857142857143 0.05
3 0.76 0.16392857142857142 0.0419047619047619 0.04928571428571429
11 0.9423809523809523 0.21642857142857144 0.035238095238095235 0.04
3 0.9982142857142857 0.1180952380952381 0.0035714285714285713 0.03333333333333333
3 0.9928571428571429 0.09523809523809523 0.014285714285714285 0.030476190476190476
11 0.9846428571428572 0.07285714285714286 0.030714285714285715 0.03428571428571429
3 0.9789285714285715 0.05523809523809524 0.04214285714285714 0.025714285714285714
4 0.7980952380952381 0.38142857142857145 0.10476190476190475 0.14142857142857143
11 0.4828571428571429 0.17857142857142858 0.04952380952380952 0.04
3 0.6780952380952381 0.09857142857142857 0.04 0.054285714285714284
3 0.7142857142857143 0.03892857142857143 0.04 0.045