5 0.9960714285714286 0.4066666666666667 0.007857142857142858 0.018095238095238095
3 0.9314285714285714 0.40964285714285714 0.07047619047619047 0.039285714285714285
3 0.7647619047619046 0.34285714285714286 0.05333333333333333 0.037142857142857144
3 0.6819047619047619 0.2914285714285714 0.06285714285714286 0.03571428571428571
3 0.5014285714285714 0.23107142857142857 0.0638095238095238 0.035
2 0.28238095238095234 0.1442857142857143 0.17619047619047618 0.10285714285714286
3 0.4395238095238095 0.09785714285714285 0.06571428571428571 0.02
3 0.5014285714285714 0.10678571428571429 0.056190476190476187 0.035
3 0.5642857142857143 0.13357142857142856 0.054285714285714284 0.03142857142857143
3 0.6314285714285715 0.16035714285714286 0.05333333333333333 0.030714285714285715
3 0.7647619047619046 0.20642857142857143 0.06476190476190476 0.03428571428571429
3 0.7004761904761905 0.1792857142857143 0.056190476190476187 0.03142857142857143
3 0.9028571428571428 0.19357142857142856 0.06476190476190476 0.03428571428571429
3 0.8223809523809523 0.16642857142857143 0.0619047619047619 0.03428571428571429
3 0.6071428571428571 0.09357142857142857 0.0619047619047619 0.03142857142857143
3 0.5095238095238095 0.04642857142857143 0.05333333333333333 0.02857142857142857
5 0.5985714285714285 0.03464285714285714 0.01619047619047619 0.015
5 0.8804761904761904 0.13357142857142856 0.023809523809523805 0.012857142857142857
5 0.9052380952380952 0.1442857142857143 0.014285714285714285 0.018571428571428572