10 0.6376190476190476 0.15357142857142858 0.01238095238095238 0.018571428571428572
6 0.6357142857142857 0.2067857142857143 0.02 0.027857142857142858
4 0.6742857142857143 0.13857142857142857 0.009523809523809523 0.025714285714285714
4 0.6271428571428571 0.11535714285714285 0.01238095238095238 0.012142857142857143
4 0.7023809523809523 0.08678571428571429 0.018095238095238095 0.012142857142857143
10 0.7023809523809523 0.07535714285714286 0.008571428571428572 0.007857142857142858
3 0.6695238095238095 0.10035714285714285 0.005714285714285714 0.0035714285714285713
3 0.6785714285714286 0.09607142857142857 0.0047619047619047615 0.002142857142857143
3 0.6838095238095238 0.09285714285714286 0.0038095238095238095 0.002857142857142857
2 0.6476190476190475 0.10321428571428572 0.005714285714285714 0.005
4 0.5095238095238095 0.10678571428571429 0.022857142857142857 0.02642857142857143
3 0.5366666666666666 0.09392857142857143 0.008571428571428572 0.005
8 0.7485714285714286 0.44285714285714284 0.005714285714285714 0.01
5 0.7476190476190475 0.445 0.005714285714285714 0.014285714285714285
3 0.048095238095238094 0.4164285714285714 0.056190476190476187 0.027142857142857142
10 0.14761904761904762 0.355 0.07619047619047618 0.027142857142857142
11 0.42809523809523803 0.14214285714285715 0.010476190476190476 0.008571428571428572
10 0.8061904761904761 0.1632142857142857 0.025714285714285714 0.010714285714285714
11 0.770952380952381 0.13071428571428573 0.01238095238095238 0.005714285714285714
11 0.8004761904761903 0.13464285714285715 0.006666666666666666 0.005
11 0.7923809523809523 0.12892857142857142 0.007619047619047619 0.005
3 0.7619047619047618 0.12285714285714286 0.009523809523809523 0.004285714285714286
3 0.7814285714285715 0.14357142857142857 0.01238095238095238 0.004285714285714286
3 0.779047619047619 0.14142857142857143 0.011428571428571429 0.004285714285714286
3 0.7771428571428571 0.13857142857142857 0.013333333333333332 0.004285714285714286
3 0.7661904761904761 0.1275 0.010476190476190476 0.002142857142857143
3 0.7614285714285715 0.12 0.010476190476190476 0.002857142857142857
3 0.7747619047619047 0.13428571428571429 0.01238095238095238 0.004285714285714286
3 0.8314285714285714 0.16714285714285715 0.017142857142857144 0.007142857142857143
4 0.6838095238095238 0.05678571428571429 0.04 0.010714285714285714
4 0.758095238095238 0.056428571428571425 0.013333333333333332 0.011428571428571429
10 0.479047619047619 0.13428571428571429 0.02095238095238095 0.008571428571428572