3 0.804 0.69575 0.08666666666666666 0.1075
11 0.7723333333333332 0.5775 0.08466666666666665 0.098
11 0.5596666666666666 0.56 0.056666666666666664 0.079
11 0.544 0.6905 0.07066666666666666 0.114
3 0.742 0.49825 0.068 0.0745
3 0.5776666666666667 0.48525 0.07933333333333333 0.0685
3 0.5676666666666667 0.417 0.04466666666666667 0.046
3 0.5683333333333332 0.368 0.03933333333333333 0.044
3 0.5753333333333333 0.33225 0.033333333333333326 0.0345
3 0.6183333333333333 0.36475 0.03933333333333333 0.0365
3 0.6566666666666666 0.4075 0.04533333333333333 0.045
3 0.6996666666666667 0.3805 0.04466666666666667 0.046
9 0.6963333333333332 0.43175 0.024666666666666663 0.0255
8 0.7013333333333333 0.422 0.016 0.019
8 0.9766666666666667 0.324 0.012 0.015
5 0.98525 0.2996666666666667 0.0295 0.015333333333333332
1 0.955 0.2975 0.02333333333333333 0.012
5 0.9496666666666667 0.30225 0.020666666666666663 0.0135
3 0.98275 0.25266666666666665 0.0345 0.02266666666666667
7 0.9776666666666667 0.2435 0.008666666666666666 0.015
9 0.97 0.25325 0.036 0.0215
11 0.7096666666666667 0.294 0.03666666666666667 0.029
3 0.6703333333333332 0.30025 0.034 0.0305
7 0.694 0.28125 0.012 0.0165
7 0.6683333333333332 0.283 0.01 0.013
7 0.675 0.28425 0.006 0.0135
8 0.6476666666666666 0.315 0.011333333333333332 0.017
1 0.648 0.3215 0.009333333333333332 0.016
3 0.607 0.29775 0.04066666666666666 0.0265
3 0.563 0.3005 0.03133333333333333 0.025
11 0.6356666666666666 0.276 0.04733333333333333 0.033
3 0.6536666666666666 0.2635 0.05266666666666667 0.019
11 0.6853333333333332 0.2505 0.026666666666666665 0.022
11 0.5846666666666667 0.272 0.056 0.023
7 0.608 0.26425 0.009333333333333332 0.0155
7 0.6203333333333333 0.2575 0.008666666666666666 0.016
7 0.5903333333333333 0.2575 0.008666666666666666 0.015
7 0.5546666666666666 0.2495 0.008 0.015
3 0.5953333333333333 0.23375 0.032 0.0175
3 0.5636666666666666 0.2435 0.022 0.018
3 0.5253333333333332 0.2665 0.044 0.026
3 0.4603333333333333 0.29675 0.06866666666666665 0.0255
3 0.4303333333333333 0.26625 0.05933333333333333 0.0185
3 0.4063333333333333 0.28 0.05933333333333333 0.023
11 0.464 0.255 0.05333333333333333 0.023
3 0.48733333333333334 0.24725 0.04666666666666666 0.0195
3 0.5173333333333333 0.23725 0.048 0.0185
11 0.5313333333333332 0.2275 0.04533333333333333 0.021
3 0.5686666666666667 0.225 0.02 0.015
11 0.5723333333333332 0.20875 0.018 0.0165
11 0.5376666666666666 0.2155 0.03533333333333333 0.016
11 0.4683333333333333 0.231 0.03 0.019
3 0.42033333333333334 0.2475 0.04733333333333333 0.018
11 0.3866666666666666 0.2545 0.04 0.02
3 0.4333333333333333 0.2265 0.04 0.018
9 0.4413333333333333 0.239 0.025333333333333333 0.014
8 0.44666666666666666 0.238 0.012 0.011
7 0.583 0.18325 0.006 0.0115
7 0.748 0.21025 0.006666666666666666 0.0135
7 0.7566666666666666 0.20925 0.006666666666666666 0.0135
11 0.7773333333333332 0.21475 0.024 0.0205
10 0.7976666666666666 0.21475 0.02733333333333333 0.0205
11 0.8316666666666667 0.21575 0.038 0.0195
4 0.7763333333333332 0.19 0.09933333333333333 0.018
4 0.808 0.20175 0.088 0.0035
7 0.895 0.267 0.006 0.014
7 0.8726666666666666 0.2445 0.006666666666666666 0.016
7 0.8696666666666666 0.24125 0.006 0.0165
7 0.8796666666666666 0.23925 0.008666666666666666 0.0145
7 0.8956666666666666 0.2415 0.007333333333333333 0.014
7 0.934 0.22975 0.008 0.0165
7 0.963 0.236 0.006 0.015
7 0.9543333333333333 0.217 0.004666666666666666 0.014
7 0.9126666666666666 0.2245 0.009333333333333332 0.011
7 0.905 0.2265 0.006 0.013
7 0.9243333333333332 0.22425 0.004666666666666666 0.0125
7 0.965 0.2 0.006 0.012
7 0.97 0.1935 0.005333333333333333 0.011
7 0.976 0.19275 0.005333333333333333 0.0105
7 0.986 0.18875 0.005333333333333333 0.0095
7 0.999 0.19266666666666668 0.002 0.011333333333333334
7 0.9963333333333333 0.194 0.004666666666666666 0.012
7 0.9546666666666667 0.189 0.004 0.011
7 0.9513333333333333 0.1885 0.005333333333333333 0.011
7 0.9503333333333333 0.18525 0.004666666666666666 0.0115
7 0.968 0.18875 0.005333333333333333 0.0105
7 0.9446666666666667 0.22075 0.009333333333333332 0.0145
7 0.9816666666666666 0.196 0.003333333333333333 0.007
7 0.9763333333333333 0.1975 0.006 0.011
7 0.9716666666666667 0.20325 0.004666666666666666 0.0125
7 0.967 0.2035 0.006 0.013
7 0.9913333333333333 0.19425 0.005333333333333333 0.0125
7 0.993 0.184 0.007333333333333333 0.014
7 0.999 0.18466666666666667 0.002 0.010666666666666666
7 0.962 0.1935 0.005333333333333333 0.012
7 0.99775 0.19833333333333333 0.0045 0.010666666666666666
11 0.9763333333333333 0.165 0.02733333333333333 0.011
11 0.957 0.18025 0.03933333333333333 0.0125
3 0.98975 0.153 0.0205 0.009333333333333334
3 0.9406666666666667 0.15 0.033333333333333326 0.01
3 0.9326666666666666 0.13575 0.024 0.0075
2 0.98575 0.14233333333333334 0.0285 0.018666666666666668
3 1 0.16366666666666665 0 0.011333333333333334
10 0.9806666666666666 0.16075 0.03733333333333333 0.0155
3 0.938 0.162 0.021333333333333333 0.012
9 0.8813333333333333 0.70625 0.057333333333333326 0.0735
4 0.5076666666666666 0.11075 0.022 0.0115
4 0.5423333333333332 0.108 0.015333333333333332 0.011
4 0.6366666666666666 0.1025 0.058666666666666666 0.005
3 0.8093333333333332 0.10875 0.017333333333333333 0.0065
7 0.9653333333333333 0.1425 0.005333333333333333 0.009
1 0.9643333333333333 0.144 0.008666666666666666 0.005
0 0.196 0.626 0.096 0.053
4 0.161 0.545 0.03133333333333333 0.019
4 0.086 0.568 0.09333333333333332 0.018