3 0.17857142857142858 0.31 0.12095238095238094 0.041428571428571426
3 0.18476190476190474 0.2675 0.09333333333333332 0.03785714285714286
3 0.22190476190476188 0.15571428571428572 0.11619047619047618 0.04
3 0.2095238095238095 0.19535714285714287 0.1219047619047619 0.04357142857142857
3 0.23809523809523808 0.11857142857142858 0.10666666666666666 0.04285714285714286
3 0.05904761904761904 0.12321428571428572 0.06857142857142857 0.075
3 0.25285714285714284 0.016666666666666666 0.10785714285714286 0.03333333333333333
3 0.5714285714285714 0.023809523809523808 0.04928571428571429 0.047619047619047616
3 0.02 0.310952380952381 0.04 0.07904761904761905
11 0.17476190476190476 0.3678571428571429 0.12285714285714286 0.041428571428571426
8 0.49047619047619045 0.13642857142857143 0.019047619047619046 0.022857142857142857
7 0.2995238095238095 0.08 0.023809523809523805 0.024285714285714285
5 0.4909523809523809 0.1407142857142857 0.02 0.03571428571428571
3 0.9457142857142857 0.03892857142857143 0.04952380952380952 0.07357142857142857
3 0.8932142857142857 0.025714285714285714 0.047857142857142855 0.05142857142857143
8 0.9903571428571428 0.22666666666666666 0.019285714285714285 0.01619047619047619
1 0.9839285714285714 0.23047619047619047 0.03214285714285714 0.02095238095238095
11 0.8247619047619047 0.5442857142857143 0.05904761904761904 0.10142857142857142
8 0.9385714285714286 0.6832142857142857 0.027619047619047616 0.017857142857142856
8 0.8942857142857142 0.7057142857142857 0.026666666666666665 0.022857142857142857
1 0.9366666666666666 0.6807142857142857 0.01619047619047619 0.04285714285714286
5 0.8942857142857142 0.7053571428571429 0.019047619047619046 0.05071428571428571
7 0.6661904761904761 0.5914285714285714 0.021904761904761903 0.015714285714285715
8 0.3342857142857143 0.5614285714285714 0.02476190476190476 0.015714285714285715
5 0.3376190476190476 0.5617857142857143 0.04285714285714286 0.016428571428571428
3 0.6166666666666666 0.7203571428571428 0.05809523809523809 0.05785714285714286
11 0.08761904761904761 0.5292857142857142 0.13142857142857142 0.04
11 0.6585714285714286 0.048928571428571425 0.04666666666666666 0.07785714285714286