3 0.21476190476190474 0.415 0.08666666666666667 0.12
3 0.608095238095238 0.26821428571428574 0.07523809523809523 0.12071428571428572
3 0.21857142857142858 0.27464285714285713 0.08285714285714285 0.11071428571428571
3 0.22428571428571428 0.14035714285714285 0.07714285714285714 0.11071428571428571
3 0.11809523809523809 0.3482142857142857 0.09333333333333332 0.13214285714285715
11 0.12333333333333332 0.22785714285714287 0.08476190476190476 0.09428571428571429
3 0.12464285714285714 0.049523809523809526 0.08785714285714286 0.09904761904761905
7 0.0680952380952381 0.2557142857142857 0.039047619047619046 0.027142857142857142
7 0.04095238095238095 0.2625 0.05333333333333333 0.027857142857142858
11 0.8657142857142858 0.06464285714285714 0.07238095238095238 0.11071428571428571
3 0.8871428571428571 0.19892857142857143 0.07714285714285714 0.10928571428571429
3 0.9019047619047618 0.33785714285714286 0.07428571428571429 0.11142857142857143
3 0.9280952380952381 0.4807142857142857 0.08476190476190476 0.11285714285714285
3 0.9504761904761904 0.6442857142857142 0.08571428571428572 0.13142857142857142
3 0.7495238095238095 0.5132142857142857 0.07619047619047618 0.12642857142857142
7 0.0838095238095238 0.49214285714285716 0.045714285714285714 0.018571428571428572