3 0.2766497461928934 0.5307142857142857 0.06852791878172589 0.06142857142857142
3 0.699238578680203 0.3335714285714286 0.043147208121827416 0.03857142857142857
3 0.2893401015228426 0.3371428571428571 0.0583756345177665 0.037142857142857144
3 0.366751269035533 0.33071428571428574 0.05076142131979696 0.03428571428571429
3 0.574238578680203 0.1732142857142857 0.03680203045685279 0.023571428571428573
3 0.3197969543147208 0.19607142857142856 0.048223350253807105 0.023571428571428573
3 0.7227157360406091 0.11892857142857143 0.024111675126903553 0.019285714285714285
3 0.6491116751269036 0.04392857142857143 0.024111675126903553 0.013571428571428571
3 0.6903553299492386 0.04392857142857143 0.02030456852791878 0.010714285714285714
3 0.6516497461928934 0.060714285714285714 0.024111675126903553 0.012857142857142857
3 0.7474619289340101 0.025714285714285714 0.02030456852791878 0.011428571428571429
3 0.7303299492385787 0.05499999999999999 0.024111675126903553 0.017142857142857144
11 0.6598984771573604 0.21857142857142856 0.04060913705583756 0.03428571428571429
11 0.4302030456852792 0.17714285714285713 0.043147208121827416 0.025714285714285714
11 0.44416243654822335 0.22964285714285712 0.048223350253807105 0.03071428571428571
11 0.5831218274111675 0.09964285714285713 0.02918781725888325 0.019285714285714285
11 0.44860406091370564 0.5289285714285714 0.06979695431472081 0.065
3 0.9560714285714286 0.5126903553299492 0.08785714285714286 0.03680203045685279
3 0.8889593908629442 0.47821428571428565 0.09771573604060915 0.03214285714285715
3 0.9814285714285714 0.4796954314720812 0.037142857142857144 0.02918781725888325
3 0.9928571428571429 0.4143401015228426 0.014285714285714285 0.030456852791878174
3 0.8439086294416244 0.31607142857142856 0.06598984771573604 0.023571428571428573
3 0.8426395939086295 0.27071428571428574 0.07106598984771574 0.017142857142857144
3 0.940989847715736 0.3960714285714286 0.08502538071065989 0.03071428571428571
10 0.4187817258883249 0.08321428571428571 0.08121827411167512 0.027857142857142858