3 0.8711928934010152 0.5446428571428571 0.024111675126903553 0.020714285714285713
3 0.7874365482233502 0.40678571428571425 0.021573604060913708 0.016428571428571428
3 0.7760152284263959 0.38785714285714284 0.024111675126903553 0.017142857142857144
11 0.8470812182741116 0.37607142857142856 0.026649746192893398 0.019285714285714285
3 0.766497461928934 0.3707142857142857 0.02284263959390863 0.015714285714285715
3 0.7779187817258884 0.35321428571428565 0.02030456852791878 0.015000000000000001
2 0.7436548223350254 0.33749999999999997 0.043147208121827416 0.04071428571428572
11 0.7645939086294417 0.33249999999999996 0.021573604060913708 0.015000000000000001
2 0.7963197969543147 0.3021428571428571 0.05456852791878173 0.037142857142857144
2 0.8895939086294417 0.28857142857142853 0.07614213197969542 0.02142857142857143
2 0.8781725888324874 0.2825 0.07614213197969542 0.02214285714285714
3 0.8451776649746193 0.2839285714285714 0.02030456852791878 0.007857142857142858
3 0.8540609137055838 0.2764285714285714 0.02538071065989848 0.008571428571428572
11 0.9543147208121827 0.2810714285714286 0.03553299492385787 0.012142857142857141
3 0.9815989847715736 0.27178571428571424 0.03426395939086294 0.012142857142857141
3 0.9878571428571429 0.2436548223350254 0.024285714285714285 0.008883248730964468
3 0.8762690355329948 0.25857142857142856 0.026649746192893398 0.008571428571428572
3 0.8039340101522843 0.26107142857142857 0.026649746192893398 0.007857142857142858
3 0.7385786802030457 0.2807142857142857 0.03553299492385787 0.01
3 0.6357868020304569 0.2907142857142857 0.03299492385786802 0.01
2 0.7030456852791879 0.2760714285714286 0.05076142131979696 0.013571428571428571
3 0.7277918781725888 0.26928571428571424 0.0317258883248731 0.007142857142857143
3 0.6256345177664975 0.2832142857142857 0.03807106598984771 0.010714285714285714
11 0.40164974619289334 0.29107142857142854 0.03426395939086294 0.010714285714285714
3 0.44543147208121825 0.305 0.03553299492385787 0.008571428571428572
3 0.5298223350253808 0.29214285714285715 0.03934010152284264 0.01
3 0.5063451776649747 0.28714285714285714 0.03807106598984771 0.011428571428571429
7 0.684010152284264 0.2564285714285714 0.007614213197969543 0.005714285714285714
3 0.7112944162436549 0.24428571428571427 0.01649746192893401 0.012857142857142857
10 0.725253807106599 0.2357142857142857 0.021573604060913708 0.02142857142857143
3 0.7468274111675126 0.2407142857142857 0.01649746192893401 0.011428571428571429
3 0.7379441624365483 0.2307142857142857 0.01649746192893401 0.01
3 0.7163705583756346 0.22285714285714286 0.013959390862944163 0.011428571428571429
3 0.7303299492385787 0.21964285714285714 0.01649746192893401 0.010714285714285714
3 0.725253807106599 0.21107142857142858 0.013959390862944163 0.010714285714285714
3 0.7112944162436549 0.21071428571428572 0.013959390862944163 0.012857142857142857
3 0.7062182741116751 0.20214285714285715 0.013959390862944163 0.01
3 0.7208121827411168 0.20142857142857143 0.017766497461928935 0.011428571428571429
10 0.7163705583756346 0.1882142857142857 0.01649746192893401 0.019285714285714285
3 0.6656091370558376 0.19 0.011421319796954314 0.01
2 0.2081218274111675 0.15571428571428572 0.03553299492385787 0.024285714285714282
2 0.17322335025380708 0.15857142857142856 0.03426395939086294 0.024285714285714282
3 0.25888324873096447 0.19535714285714284 0.017766497461928935 0.009285714285714286
3 0.22208121827411167 0.205 0.015228426395939087 0.008571428571428572
3 0.23096446700507614 0.19714285714285715 0.02030456852791878 0.01
3 0.2379441624365482 0.1907142857142857 0.01649746192893401 0.008571428571428572
3 0.2480964467005076 0.1832142857142857 0.01649746192893401 0.007857142857142858
3 0.25571065989847713 0.17607142857142855 0.01649746192893401 0.009285714285714286
3 0.26713197969543145 0.1875 0.013959390862944163 0.009285714285714286
3 0.27411167512690354 0.18142857142857144 0.017766497461928935 0.01
3 0.2836294416243655 0.17428571428571427 0.01649746192893401 0.008571428571428572
3 0.29251269035532995 0.16607142857142856 0.01649746192893401 0.009285714285714286
3 0.26586294416243655 0.16892857142857143 0.019035532994923856 0.009285714285714286
3 0.27411167512690354 0.16214285714285714 0.015228426395939087 0.008571428571428572
3 0.28109137055837563 0.15678571428571428 0.013959390862944163 0.007857142857142858
3 0.2868020304568528 0.15 0.015228426395939087 0.01
3 0.2956852791878173 0.14428571428571427 0.015228426395939087 0.008571428571428572
3 0.29949238578680204 0.16035714285714284 0.01269035532994924 0.007857142857142858
3 0.3045685279187817 0.15464285714285714 0.01269035532994924 0.007857142857142858
10 0.30710659898477155 0.17 0.02030456852791878 0.017142857142857144
3 0.15672588832487308 0.12964285714285714 0.02918781725888325 0.0064285714285714285