7 0.41733333333333333 0.48875 0.034666666666666665 0.0345
7 0.5246666666666666 0.40025 0.018666666666666665 0.0325
7 0.551 0.4015 0.015333333333333332 0.027
7 0.5263333333333332 0.3435 0.02333333333333333 0.031
7 0.5973333333333333 0.33375 0.02 0.0285
7 0.6046666666666666 0.32 0.022666666666666665 0.029
7 0.6793333333333332 0.62 0.028 0.02
8 0.7336666666666666 0.58 0.03266666666666666 0.03
7 0.7246666666666667 0.4755 0.026666666666666665 0.027
7 0.779 0.4845 0.01933333333333333 0.03
3 0.6946666666666667 0.39375 0.14533333333333331 0.0785
11 0.8036666666666666 0.649 0.10733333333333332 0.19
10 0.89125 0.512 0.2175 0.184
11 0.877 0.4135 0.13666666666666666 0.056
3 0.99075 0.39066666666666666 0.0185 0.06066666666666667
9 0.997 0.3526666666666667 0.006 0.037333333333333336
11 0.97325 0.2853333333333333 0.0535 0.05533333333333333
3 0.7876666666666666 0.3085 0.1353333333333333 0.047
3 0.6083333333333333 0.28 0.09533333333333333 0.06
3 0.334 0.389 0.07866666666666666 0.096
3 0.3653333333333333 0.288 0.06 0.069
7 0.357 0.18725 0.015333333333333332 0.0225
3 0.37766666666666665 0.201 0.05133333333333333 0.058
8 0.4656666666666666 0.1735 0.016666666666666663 0.025
1 0.4643333333333333 0.181 0.015333333333333332 0.025
7 0.415 0.15175 0.018 0.0265
1 0.41966666666666663 0.156 0.016666666666666663 0.025
5 0.5036666666666666 0.15625 0.01933333333333333 0.0255
7 0.535 0.14525 0.012666666666666666 0.0195
7 0.5253333333333332 0.1305 0.010666666666666666 0.024
1 0.5173333333333333 0.12075 0.013333333333333332 0.0245
7 0.4983333333333333 0.101 0.012666666666666666 0.029
11 0.3906666666666666 0.12175 0.049333333333333326 0.0475
8 0.397 0.0725 0.014 0.015
8 0.5053333333333333 0.0875 0.013333333333333332 0.024
7 0.49666666666666665 0.07675 0.009333333333333332 0.0225
7 0.5033333333333333 0.0665 0.009333333333333332 0.017
7 0.5113333333333333 0.06375 0.010666666666666666 0.0225
7 0.482 0.0595 0.012 0.025
7 0.52 0.0545 0.008 0.022
8 0.399 0.0295 0.012666666666666666 0.012
9 0.4023333333333333 0.0385 0.020666666666666663 0.021
7 0.4283333333333333 0.02225 0.011333333333333332 0.0225
7 0.48966666666666664 0.03475 0.012666666666666666 0.0235
7 0.5023333333333333 0.03825 0.011333333333333332 0.0235
7 0.44266666666666665 0.01475 0.010666666666666666 0.0235
7 0.4043333333333333 0.01 0.015333333333333332 0.015
1 0.43 0.019 0.010666666666666666 0.02
8 0.48166666666666663 0.01025 0.014 0.0195
5 0.48033333333333333 0.01325 0.011333333333333332 0.0175
5 0.505 0.0155 0.012666666666666666 0.018
3 0.9463333333333332 0.16275 0.098 0.0305
3 0.867 0.18625 0.10866666666666666 0.0405
11 0.854 0.24375 0.10266666666666666 0.0485
11 0.8253333333333333 0.14925 0.096 0.0505
3 0.6586666666666666 0.0925 0.044 0.044
0 0.6443333333333332 0.05375 0.034 0.0485
3 0.761 0.04425 0.078 0.0265
0 0.7586666666666666 0.03125 0.03866666666666666 0.0195
5 0.7933333333333332 0.0565 0.030666666666666665 0.02
1 0.8363333333333333 0.0495 0.028666666666666663 0.016
5 0.8513333333333333 0.052 0.024 0.018
9 0.852 0.06075 0.036 0.0185
9 0.848 0.08825 0.034666666666666665 0.0305
1 0.8983333333333332 0.0835 0.016666666666666663 0.023
1 0.9206666666666666 0.1035 0.02 0.025
9 0.634 0.01575 0.022666666666666665 0.0265