5 0.49536178107606677 0.5315762004175366 0.03339517625231911 0.037056367432150315
5 0.7319109461966605 0.17954070981210857 0.007421150278293135 0.010438413361169102
5 0.7532467532467532 0.1419624217118998 0.007421150278293135 0.009394572025052193
5 0.9893320964749536 0.14431106471816285 0.006493506493506493 0.007828810020876828
5 0.9981732776617954 0.08673469387755102 0.0036534446764091857 0.0055658627087198514
5 0.9930426716141001 0.04618997912317328 0.004638218923933209 0.003653444676409186
8 0.7551020408163265 0.13804801670146138 0.007421150278293135 0.008872651356993737
8 0.7319109461966605 0.1751043841336117 0.009276437847866418 0.008872651356993737
8 0.9897959183673469 0.13987473903966596 0.007421150278293135 0.007306889352818372
3 0.7968460111317254 0.26069937369519836 0.03710575139146567 0.028705636743215034
8 0.49397031539888675 0.528705636743215 0.023191094619666047 0.020876826722338204
3 0.8075139146567718 0.13100208768267224 0.023191094619666047 0.016701461377870565
8 0.9989561586638831 0.08302411873840446 0.0020876826722338203 0.0055658627087198514
8 0.9930426716141001 0.04358037578288101 0.004638218923933209 0.004697286012526097
3 0.9531539888682745 0.00652400835073069 0.01020408163265306 0.006784968684759917
3 0.8933209647495362 0.004175365344467641 0.011131725417439703 0.0062630480167014625
8 0.8515769944341371 0.0033924843423799585 0.0055658627087198514 0.0026096033402922755
3 0.8506493506493505 0.0062630480167014625 0.0037105751391465673 0.0031315240083507312
7 0.8228200371057514 0.019050104384133612 0.0055658627087198514 0.006784968684759917