3 0.3743333333333333 0.677 0.1313333333333333 0.096
3 0.5006666666666666 0.68875 0.12533333333333332 0.1145
3 0.5546666666666666 0.575 0.12266666666666666 0.08
3 0.7546666666666666 0.61625 0.11466666666666665 0.0945
3 0.6426666666666666 0.6985 0.14666666666666667 0.102
3 0.843 0.53875 0.08866666666666666 0.0695
3 0.9043333333333332 0.48175 0.082 0.0635
3 0.7943333333333332 0.4185 0.06866666666666665 0.051
3 0.98525 0.398 0.0295 0.043333333333333335
3 0.9523333333333333 0.31525 0.05 0.0335
9 0.844 0.37575 0.028 0.0205
1 0.916 0.3335 0.012 0.017
11 0.037 0.234 0.054 0.022
11 0.06166666666666666 0.21625 0.03 0.0195
11 0.10233333333333333 0.21925 0.026 0.0175
11 0.156 0.212 0.025333333333333333 0.016
10 0.08833333333333333 0.2135 0.024666666666666663 0.016
10 0.11166666666666666 0.21075 0.024666666666666663 0.0155
10 0.1313333333333333 0.21175 0.04666666666666666 0.0265
10 0.21033333333333332 0.20075 0.03933333333333333 0.0245
10 0.2563333333333333 0.19375 0.04066666666666666 0.0215
10 0.24533333333333332 0.20725 0.06133333333333333 0.0195
3 0.164 0.20275 0.025333333333333333 0.0135
3 0.193 0.1985 0.026 0.014
3 0.236 0.19125 0.025333333333333333 0.0135
11 0.281 0.19325 0.03266666666666666 0.0185
10 0.307 0.192 0.03 0.014
10 0.107 0.197 0.056666666666666664 0.015
9 0.045 0.185 0.022 0.012
1 0.06666666666666665 0.18525 0.009333333333333332 0.0095
3 0.14766666666666667 0.1855 0.03133333333333333 0.012
11 0.18466666666666665 0.185 0.03733333333333333 0.014
3 0.364 0.1795 0.021333333333333333 0.011
11 0.4066666666666666 0.184 0.042666666666666665 0.014
11 0.4486666666666666 0.17575 0.032 0.0125
11 0.517 0.1755 0.034 0.012
7 0.4423333333333333 0.1935 0.006 0.012
11 0.5803333333333333 0.15725 0.014 0.0165
11 0.6116666666666666 0.15875 0.020666666666666663 0.0125
10 0.598 0.1535 0.030666666666666665 0.011
7 0.6136666666666666 0.152 0.003333333333333333 0.008
3 0.6383333333333333 0.148 0.028666666666666663 0.009
3 0.6623333333333332 0.153 0.028666666666666663 0.01
7 0.669 0.154 0.004666666666666666 0.009
7 0.699 0.15425 0.003333333333333333 0.0095
7 0.7066666666666667 0.15225 0.004 0.0085
7 0.7136666666666667 0.1515 0.003333333333333333 0.008
7 0.7183333333333333 0.144 0.004666666666666666 0.008
7 0.7113333333333333 0.1395 0.004 0.008
7 0.725 0.14 0.003333333333333333 0.008
11 0.729 0.137 0.024666666666666663 0.009
3 0.715 0.133 0.020666666666666663 0.008
4 0.6346666666666666 0.1255 0.10666666666666666 0.033
4 0.673 0.14375 0.03133333333333333 0.0065
4 0.596 0.14325 0.04666666666666666 0.0055
7 0.15233333333333332 0.251 0.015333333333333332 0.014
7 0.655 0.264 0.012666666666666666 0.019
8 0.5366666666666666 0.32525 0.014666666666666666 0.0135
4 0.8296666666666667 0.09125 0.2513333333333333 0.0295