3 0.1119047619047619 0.22107142857142856 0.01238095238095238 0.007857142857142858
10 0.0938095238095238 0.23214285714285715 0.08666666666666667 0.045714285714285714
10 0.32476190476190475 0.3192857142857143 0.04 0.022857142857142857
10 0.3833333333333333 0.3492857142857143 0.054285714285714284 0.032857142857142856
10 0.4209523809523809 0.39357142857142857 0.03428571428571429 0.022857142857142857
10 0.5228571428571429 0.44571428571428573 0.02857142857142857 0.017142857142857144
10 0.5509523809523809 0.4617857142857143 0.02952380952380952 0.019285714285714285
10 0.5342857142857143 0.4928571428571429 0.03428571428571429 0.02142857142857143
10 0.9875 0.4014285714285714 0.025 0.022857142857142857
10 0.7338095238095238 0.3460714285714286 0.056190476190476187 0.02214285714285714
10 0.768095238095238 0.30857142857142855 0.04095238095238095 0.02142857142857143
10 0.5909523809523809 0.3028571428571429 0.025714285714285714 0.011428571428571429
10 0.5338095238095237 0.30428571428571427 0.01619047619047619 0.008571428571428572
10 0.5247619047619048 0.25142857142857145 0.017142857142857144 0.012857142857142857
10 0.4828571428571429 0.1225 0.019047619047619046 0.012142857142857143
10 0.5823809523809523 0.17107142857142857 0.01619047619047619 0.009285714285714286
10 0.5947619047619047 0.1692857142857143 0.037142857142857144 0.014285714285714285
10 0.6090476190476191 0.16607142857142856 0.039047619047619046 0.013571428571428571
10 0.6271428571428571 0.1657142857142857 0.03142857142857143 0.012857142857142857
10 0.6466666666666666 0.17107142857142857 0.019047619047619046 0.009285714285714286
3 0.5352380952380952 0.2885714285714286 0.015238095238095238 0.008571428571428572
3 0.529047619047619 0.25821428571428573 0.01619047619047619 0.007857142857142858
2 0.2833333333333333 0.31392857142857145 0.037142857142857144 0.017857142857142856
10 0.3057142857142857 0.24678571428571427 0.017142857142857144 0.010714285714285714
3 0.3657142857142857 0.3707142857142857 0.017142857142857144 0.01
3 0.3876190476190476 0.3817857142857143 0.017142857142857144 0.010714285714285714
11 0.4476190476190476 0.37892857142857145 0.015238095238095238 0.010714285714285714
3 0.30857142857142855 0.4203571428571429 0.019047619047619046 0.013571428571428571
3 0.3180952380952381 0.42178571428571426 0.017142857142857144 0.013571428571428571
3 0.3276190476190476 0.42392857142857143 0.017142857142857144 0.013571428571428571
3 0.34714285714285714 0.4328571428571429 0.02 0.012857142857142857
3 0.3595238095238095 0.4067857142857143 0.018095238095238095 0.015
3 0.3657142857142857 0.43857142857142856 0.019047619047619046 0.01
3 0.41619047619047617 0.4325 0.02095238095238095 0.010714285714285714
3 0.36857142857142855 0.4207142857142857 0.02476190476190476 0.014285714285714285
3 0.38 0.4232142857142857 0.019047619047619046 0.012142857142857143
3 0.44809523809523805 0.4767857142857143 0.023809523809523805 0.010714285714285714
3 0.4433333333333333 0.485 0.023809523809523805 0.01
3 0.4361904761904762 0.49357142857142855 0.022857142857142857 0.011428571428571429
3 0.4309523809523809 0.5021428571428571 0.023809523809523805 0.01
3 0.49809523809523804 0.5110714285714286 0.02095238095238095 0.010714285714285714
11 0.5 0.5 0.02476190476190476 0.01
3 0.5195238095238095 0.47285714285714286 0.02 0.012857142857142857
3 0.67 0.5189285714285714 0.023809523809523805 0.015
7 0.9590476190476189 0.6985714285714286 0.005714285714285714 0.005714285714285714
7 0.9647619047619046 0.6989285714285715 0.005714285714285714 0.007857142857142858
7 0.6428571428571429 0.535 0.005714285714285714 0.005714285714285714
7 0.36 0.44785714285714284 0.007619047619047619 0.005714285714285714
5 0.5661904761904761 0.44571428571428573 0.008571428571428572 0.005714285714285714
3 0.8204761904761904 0.2835714285714286 0.014285714285714285 0.007142857142857143
3 0.8276190476190475 0.2817857142857143 0.013333333333333332 0.007857142857142858
11 0.8342857142857143 0.2789285714285714 0.011428571428571429 0.007857142857142858
3 0.8909523809523809 0.2735714285714286 0.014285714285714285 0.007142857142857143
3 0.9 0.2789285714285714 0.013333333333333332 0.007857142857142858
3 0.9066666666666666 0.28214285714285714 0.013333333333333332 0.008571428571428572
3 0.9147619047619047 0.2839285714285714 0.010476190476190476 0.007857142857142858
3 0.9676190476190475 0.3003571428571429 0.013333333333333332 0.007857142857142858
3 0.9609523809523809 0.29678571428571426 0.013333333333333332 0.007857142857142858
3 0.9514285714285714 0.29285714285714287 0.011428571428571429 0.008571428571428572