3 0.9355287569573283 0.09290187891440502 0.015769944341372914 0.009394572025052193
3 0.8455473098330241 0.16414405010438415 0.01948051948051948 0.01304801670146138
3 0.9007421150278293 0.34525052192066813 0.02968460111317254 0.03288100208768267
3 0.848330241187384 0.36377870563674325 0.028756957328385898 0.03340292275574113
3 0.8993506493506493 0.40996868475991655 0.03617810760667903 0.036012526096033406
3 0.8385899814471243 0.407098121085595 0.03896103896103896 0.04175365344467641
3 0.8293135435992578 0.46477035490605434 0.03710575139146567 0.0454070981210856
3 0.8974953617810759 0.48903966597077253 0.0398886827458256 0.0511482254697286
3 0.8265306122448979 0.5394050104384134 0.055658627087198514 0.044363256784968684
2 0.858534322820037 0.25626304801670147 0.0398886827458256 0.05532359081419625
8 0.6266233766233766 0.46450939457202506 0.012059369202226345 0.008350730688935283
5 0.6252319109461967 0.4759916492693111 0.011131725417439703 0.010438413361169102
7 0.6298701298701298 0.3522964509394572 0.011131725417439703 0.013569937369519834
8 0.7513914656771798 0.183455114822547 0.007421150278293135 0.003653444676409186
8 0.7810760667903525 0.12839248434237996 0.009276437847866418 0.005219206680584551
7 0.8028756957328386 0.08977035490605428 0.006493506493506493 0.007306889352818372
5 0.7829313543599257 0.13204592901878917 0.009276437847866418 0.004175365344467641
5 0.7523191094619666 0.18945720250521922 0.007421150278293135 0.0062630480167014625
5 0.7912801484230054 0.17171189979123175 0.007421150278293135 0.005219206680584551
8 0.7903525046382188 0.16544885177453028 0.007421150278293135 0.0031315240083507312