3 0.6326666666666666 0.7365 0.034666666666666665 0.026
3 0.255 0.6565 0.074 0.025
7 0.13366666666666666 0.6405 0.016666666666666663 0.017
7 0.20933333333333332 0.59175 0.013333333333333332 0.0155
7 0.1943333333333333 0.6025 0.015333333333333332 0.015
7 0.18733333333333332 0.607 0.013333333333333332 0.015
7 0.1983333333333333 0.58725 0.011333333333333332 0.0145
7 0.18833333333333332 0.5845 0.015333333333333332 0.018
5 0.047 0.63675 0.03 0.0115
5 0.057666666666666665 0.622 0.03 0.012
7 0.1 0.50875 0.012 0.0145
5 0.114 0.44325 0.017333333333333333 0.0135
7 0.08833333333333333 0.44825 0.012666666666666666 0.0115
8 0.088 0.44625 0.006666666666666666 0.0075
7 0.10366666666666666 0.43275 0.012666666666666666 0.0115
3 0.8893333333333333 0.725 0.076 0.035
3 0.862 0.68375 0.07466666666666666 0.0355
3 0.863 0.65025 0.066 0.0335
3 0.866 0.616 0.06933333333333333 0.03
3 0.8406666666666667 0.59175 0.06533333333333333 0.0295
3 0.8453333333333333 0.55325 0.058666666666666666 0.0285
10 0.8326666666666667 0.5215 0.06933333333333333 0.031
11 0.7946666666666666 0.513 0.049333333333333326 0.029
3 0.7976666666666666 0.49425 0.058 0.0215
3 0.792 0.47425 0.048 0.0235
3 0.7433333333333333 0.48225 0.024 0.0295
3 0.617 0.50925 0.05533333333333333 0.0245
3 0.6343333333333333 0.49375 0.048666666666666664 0.0205
11 0.651 0.47675 0.046 0.0265
3 0.654 0.45975 0.048 0.0225
3 0.7656666666666666 0.44425 0.03666666666666667 0.0195
3 0.7543333333333333 0.42625 0.04066666666666666 0.0205
3 0.75 0.40625 0.03866666666666666 0.0205
11 0.652 0.4395 0.041333333333333326 0.02
3 0.652 0.42625 0.044 0.0195
3 0.6563333333333332 0.41475 0.042 0.0175
3 0.656 0.402 0.042666666666666665 0.017
3 0.657 0.389 0.042 0.016
3 0.6576666666666666 0.3745 0.038 0.017
3 0.657 0.3645 0.034 0.013
3 0.66 0.35625 0.04 0.0145
3 0.6593333333333332 0.3485 0.034666666666666665 0.016
3 0.665 0.339 0.034 0.012
3 0.6603333333333332 0.32925 0.03133333333333333 0.0115
3 0.6623333333333332 0.3215 0.03133333333333333 0.013
3 0.6603333333333332 0.31025 0.03133333333333333 0.0115
3 0.7546666666666666 0.37475 0.02 0.0185
3 0.7443333333333333 0.35375 0.022 0.0155
3 0.7423333333333333 0.33975 0.02733333333333333 0.0155
3 0.7363333333333333 0.32075 0.02333333333333333 0.0135
3 0.7326666666666666 0.29175 0.014666666666666666 0.0115
3 0.6576666666666666 0.29775 0.014 0.0145
11 0.665 0.2805 0.024666666666666663 0.01
7 0.687 0.371 0.007333333333333333 0.012
7 0.697 0.3755 0.006 0.012
3 0.7293333333333333 0.27975 0.021333333333333333 0.0105
3 0.725 0.27175 0.020666666666666663 0.0095
3 0.7236666666666667 0.264 0.020666666666666663 0.01
3 0.7243333333333333 0.24575 0.012666666666666666 0.0095
11 0.7206666666666667 0.23575 0.017333333333333333 0.0105
3 0.6646666666666666 0.2315 0.010666666666666666 0.011
3 0.7216666666666667 0.217 0.01 0.007
11 0.6666666666666666 0.21925 0.02 0.0095
3 0.6676666666666666 0.205 0.01 0.007
3 0.6863333333333332 0.17775 0.008666666666666666 0.0075
5 0.4006666666666666 0.38575 0.006666666666666666 0.0105
5 0.493 0.2795 0.011333333333333332 0.006
5 0.496 0.276 0.012 0.007