7 0.037619047619047614 0.26607142857142857 0.02 0.017857142857142856
7 0.18476190476190474 0.21821428571428572 0.02095238095238095 0.020714285714285713
7 0.24619047619047615 0.2975 0.023809523809523805 0.020714285714285713
7 0.27095238095238094 0.29464285714285715 0.018095238095238095 0.019285714285714285
1 0.048095238095238094 0.27071428571428574 0.01619047619047619 0.02142857142857143
1 0.39571428571428574 0.6489285714285714 0.03142857142857143 0.04214285714285714
7 0.25666666666666665 0.5157142857142857 0.027619047619047616 0.02142857142857143
7 0.49476190476190474 0.6353571428571428 0.03142857142857143 0.027857142857142858
7 0.489047619047619 0.6285714285714286 0.02 0.022857142857142857
7 0.509047619047619 0.6382142857142857 0.02952380952380952 0.017857142857142856
7 0.8342857142857143 0.28035714285714286 0.015238095238095238 0.020714285714285713
4 0.7847619047619047 0.2975 0.03619047619047619 0.030714285714285715
7 0.8895238095238095 0.32035714285714284 0.019047619047619046 0.019285714285714285
7 0.8904761904761904 0.3078571428571429 0.019047619047619046 0.02142857142857143
7 0.9542857142857143 0.25392857142857145 0.013333333333333332 0.020714285714285713
7 0.9471428571428572 0.25107142857142856 0.014285714285714285 0.017857142857142856
7 0.9466666666666667 0.23035714285714284 0.007619047619047619 0.010714285714285714