11 0.950507614213198 0.34249999999999997 0.043147208121827416 0.04642857142857142
11 0.9644670050761421 0.2857142857142857 0.03807106598984771 0.04
3 0.9714467005076142 0.24357142857142855 0.03426395939086294 0.030000000000000002
3 1 0.27347715736040606 0 0.031725888324873094
3 0.9777918781725887 0.2089285714285714 0.02918781725888325 0.026428571428571426
3 0.9828680203045684 0.1757142857142857 0.03426395939086294 0.024285714285714282
3 0.9289340101522843 0.05785714285714286 0.06091370558375635 0.02
3 0.9073604060913705 0.023571428571428573 0.027918781725888325 0.018571428571428572
3 0.8832142857142857 0.006979695431472081 0.030714285714285715 0.013959390862944163
11 0.995 0.024746192893401017 0.01 0.021573604060913704
3 0.9270304568527918 0.4582142857142857 0.04187817258883249 0.04928571428571429
11 0.9810714285714286 0.4682741116751269 0.03785714285714286 0.05456852791878172