7 0.1131725417439703 0.171972860125261 0.03525046382189239 0.03496868475991649
7 0.13358070500927643 0.1683194154488518 0.03525046382189239 0.036012526096033406
7 0.17717996289424862 0.18110647181628395 0.03525046382189239 0.03549060542797495
8 0.1975881261595547 0.19624217118997914 0.04452690166975881 0.024008350730688938
5 0.3636363636363636 0.17353862212943635 0.07421150278293134 0.0255741127348643
8 0.536178107606679 0.16544885177453028 0.03339517625231911 0.028183716075156576
8 0.3566790352504638 0.23877870563674325 0.032467532467532464 0.023486430062630483
9 0.21567717996289423 0.20772442588726517 0.10111317254174397 0.03549060542797495
9 0.3807977736549165 0.24399791231732776 0.11410018552875695 0.04123173277661796
8 0.7388682745825603 0.1503131524008351 0.02504638218923933 0.028183716075156576
5 0.7448979591836734 0.15657620041753656 0.051948051948051945 0.02296450939457203
8 0.9777365491651205 0.1002087682672234 0.02968460111317254 0.02192066805845512
9 0.9758812615955472 0.11012526096033404 0.04823747680890538 0.02609603340292276
0 0.7346938775510203 0.2025052192066806 0.14100185528756956 0.059498956158663886
3 0.7843228200371056 0.23408141962421714 0.1808905380333952 0.05688935281837161
3 0.8427643784786641 0.25469728601252617 0.19016697588126158 0.06889352818371608
3 0.9021398747390397 0.2815398886827458 0.19572025052192066 0.07792207792207792
3 0.9634655532359081 0.30658627087198514 0.07306889352818371 0.08534322820037106