3 0.6657142857142857 0.6192857142857143 0.08761904761904761 0.09428571428571429
3 0.41047619047619044 0.6782142857142858 0.10666666666666666 0.11071428571428571
11 0.3909523809523809 0.4392857142857143 0.11142857142857143 0.04857142857142857
3 0.39476190476190476 0.4082142857142857 0.09809523809523808 0.04214285714285714
3 0.39904761904761904 0.35428571428571426 0.10095238095238093 0.054285714285714284
3 0.45 0.3217857142857143 0.1 0.05785714285714286
3 0.4857142857142857 0.2757142857142857 0.09523809523809522 0.045714285714285714
3 0.5014285714285714 0.25 0.1 0.04857142857142857
3 0.5995238095238095 0.3385714285714286 0.07714285714285714 0.06285714285714286
11 0.6585714285714286 0.3414285714285714 0.07333333333333332 0.07571428571428572
3 0.5876190476190476 0.12964285714285714 0.06476190476190476 0.05071428571428571
3 0.6352380952380952 0.08821428571428572 0.05714285714285714 0.04214285714285714
4 0.6538095238095237 0.18428571428571427 0.11142857142857143 0.10571428571428572
3 0.82 0.33 0.07619047619047618 0.08142857142857143
3 0.2552380952380952 0.5614285714285714 0.13333333333333333 0.06428571428571428
3 0.2557142857142857 0.5046428571428572 0.12666666666666665 0.06785714285714285