3 0.5509523809523809 0.6596428571428572 0.11142857142857143 0.125
3 0.6119047619047618 0.5121428571428571 0.08285714285714285 0.10857142857142857
3 0.7342857142857143 0.5953571428571428 0.09333333333333332 0.12642857142857142
3 0.6404761904761904 0.4257142857142857 0.0619047619047619 0.07428571428571429
3 0.7357142857142858 0.24535714285714286 0.04666666666666666 0.039285714285714285
3 0.7433333333333332 0.28964285714285715 0.06571428571428571 0.04642857142857143
11 0.7957142857142857 0.19392857142857142 0.04476190476190476 0.03214285714285714
10 0.8509523809523809 0.25357142857142856 0.0676190476190476 0.07285714285714286
8 0.8176190476190475 0.30607142857142855 0.02 0.020714285714285713
1 0.8176190476190475 0.31464285714285717 0.02 0.015
3 0.8576190476190475 0.22607142857142856 0.04476190476190476 0.035
3 0.7457142857142857 0.17357142857142857 0.06095238095238095 0.024285714285714285
10 0.9860714285714286 0.11095238095238096 0.027857142857142858 0.039047619047619046
3 0.9571428571428572 0.10607142857142857 0.03428571428571429 0.023571428571428573
3 0.9180952380952381 0.10928571428571429 0.03238095238095238 0.015714285714285715
9 0.9138095238095237 0.12607142857142858 0.03142857142857143 0.020714285714285713
8 0.738095238095238 0.11892857142857143 0.009523809523809523 0.010714285714285714
5 0.7385714285714285 0.12285714285714286 0.01238095238095238 0.008571428571428572
2 0.8661904761904761 0.08464285714285714 0.12857142857142856 0.023571428571428573
3 0.10666666666666666 0.14821428571428572 0.05714285714285714 0.013571428571428571
3 0.15285714285714286 0.15321428571428572 0.056190476190476187 0.012142857142857143
3 0.13857142857142857 0.165 0.05809523809523809 0.015714285714285715
3 0.2076190476190476 0.14714285714285713 0.05714285714285714 0.014285714285714285
3 0.23666666666666666 0.15892857142857142 0.05809523809523809 0.016428571428571428
3 0.30428571428571427 0.15571428571428572 0.05809523809523809 0.015714285714285715
3 0.36523809523809525 0.13892857142857143 0.050476190476190466 0.016428571428571428
3 0.38904761904761903 0.15571428571428572 0.054285714285714284 0.017142857142857144
3 0.4714285714285714 0.15857142857142856 0.05523809523809523 0.02
11 0.5695238095238094 0.14785714285714285 0.05714285714285714 0.02
7 0.6538095238095237 0.32535714285714284 0.014285714285714285 0.02214285714285714
7 0.6 0.34285714285714286 0.02095238095238095 0.027142857142857142
7 0.7166666666666666 0.12285714285714286 0.006666666666666666 0.011428571428571429
7 0.7219047619047618 0.12071428571428572 0.007619047619047619 0.01
8 0.7795238095238095 0.08464285714285714 0.006666666666666666 0.007857142857142858
5 0.779047619047619 0.08785714285714286 0.005714285714285714 0.007142857142857143
1 0.10666666666666666 0.3582142857142857 0.03428571428571429 0.012142857142857143
1 0.09666666666666665 0.3475 0.035238095238095235 0.015
1 0.0819047619047619 0.3342857142857143 0.043809523809523805 0.014285714285714285
1 0.06095238095238095 0.32107142857142856 0.045714285714285714 0.019285714285714285
1 0.04285714285714286 0.29214285714285715 0.045714285714285714 0.018571428571428572
1 0.03476190476190476 0.2760714285714286 0.04095238095238095 0.016428571428571428
1 0.02952380952380952 0.26071428571428573 0.03428571428571429 0.012857142857142857
1 0.029047619047619044 0.2507142857142857 0.027619047619047616 0.01
1 0.028095238095238093 0.24035714285714285 0.025714285714285714 0.009285714285714286
4 0.03142857142857143 0.2117857142857143 0.026666666666666665 0.03642857142857143
11 0.05607142857142857 0.4614285714285714 0.11214285714285714 0.06
3 0.03809523809523809 0.43107142857142855 0.07428571428571429 0.035
3 0.026190476190476188 0.4060714285714286 0.04857142857142857 0.03357142857142857
7 0.21428571428571427 0.43607142857142855 0.026666666666666665 0.027857142857142858