11 0.43506493506493504 0.5117432150313153 0.1261595547309833 0.057933194154488526
3 0.6266233766233766 0.4412839248434239 0.10853432282003711 0.04958246346555324
7 0.49999999999999994 0.459812108559499 0.01484230055658627 0.018789144050104387
7 0.9165120593692022 0.3546450939457203 0.011131725417439703 0.006784968684759917
8 0.7230983302411873 0.3264613778705637 0.013914656771799629 0.007828810020876828
8 0.7156771799628941 0.32515657620041755 0.008348794063079777 0.0062630480167014625
5 0.7258812615955473 0.3332463465553236 0.028756957328385898 0.009916492693110648
5 0.9169758812615955 0.3632567849686848 0.03061224489795918 0.010438413361169102
5 0.7333024118738404 0.37682672233820463 0.03617810760667903 0.013569937369519834
5 0.7193877551020408 0.3624739039665971 0.03061224489795918 0.01722338204592902
7 0.5139146567717996 0.46503131524008356 0.011131725417439703 0.011482254697286014
5 0.5570500927643783 0.4378914405010439 0.03061224489795918 0.019832985386221295
5 0.6924860853432281 0.3896137787056368 0.028756957328385898 0.01722338204592902
5 0.6753246753246752 0.395615866388309 0.025974025974025972 0.016701461377870565
5 0.6451762523191094 0.4060542797494781 0.032467532467532464 0.020876826722338204
5 0.5769944341372912 0.4316283924843424 0.025974025974025972 0.020876826722338204
5 0.5923005565862708 0.4224947807933194 0.032467532467532464 0.014091858037578288
5 0.6043599257884972 0.41570981210855956 0.02504638218923933 0.01304801670146138
8 0.39053803339517623 0.4585073068893529 0.012987012987012986 0.009916492693110648
8 0.41512059369202226 0.4496346555323591 0.013914656771799629 0.007828810020876828
5 0.3951762523191094 0.465553235908142 0.02968460111317254 0.011482254697286014
5 0.4202226345083488 0.45746346555323597 0.02968460111317254 0.009916492693110648
7 0.4206864564007421 0.4913883089770355 0.02133580705009276 0.01096033402922756
1 0.3780148423005566 0.5060020876826723 0.03617810760667903 0.023486430062630483
7 0.16419294990723562 0.5532359081419624 0.018552875695732836 0.011482254697286014
5 0.7031539888682745 0.2951461377870564 0.03153988868274583 0.009916492693110648
5 0.920686456400742 0.2943632567849687 0.03061224489795918 0.008350730688935283
3 0.2987012987012987 0.2043319415448852 0.04823747680890538 0.018267223382045932
3 0.3807977736549165 0.2079853862212944 0.05102040816326531 0.01722338204592902