5 0.44476190476190475 0.5496428571428571 0.03238095238095238 0.06642857142857143
5 0.7338095238095238 0.48464285714285715 0.037142857142857144 0.05357142857142857
5 0.770952380952381 0.4764285714285714 0.039047619047619046 0.05714285714285714
7 0.7257142857142858 0.4328571428571429 0.02095238095238095 0.047142857142857146
7 0.7652380952380952 0.4278571428571429 0.021904761904761903 0.04285714285714286
7 0.5042857142857143 0.43464285714285716 0.03142857142857143 0.047857142857142855
7 0.5561904761904761 0.41714285714285715 0.02857142857142857 0.03857142857142857
7 0.5661904761904761 0.37464285714285717 0.018095238095238095 0.04214285714285714
7 0.439047619047619 0.39785714285714285 0.022857142857142857 0.04285714285714286
7 0.4685714285714286 0.395 0.02095238095238095 0.04
7 0.669047619047619 0.39321428571428574 0.01619047619047619 0.04071428571428572
7 0.6671428571428571 0.38 0.014285714285714285 0.03571428571428571
7 0.6409523809523809 0.2864285714285714 0.011428571428571429 0.03142857142857143
7 0.608095238095238 0.29 0.014285714285714285 0.03
7 0.5909523809523809 0.29035714285714287 0.01238095238095238 0.029285714285714286
7 0.6228571428571429 0.2832142857142857 0.017142857142857144 0.030714285714285715
7 0.58 0.28285714285714286 0.011428571428571429 0.03
7 0.5719047619047619 0.2785714285714286 0.010476190476190476 0.03
7 0.5538095238095238 0.27535714285714286 0.014285714285714285 0.027857142857142858
7 0.5214285714285715 0.275 0.010476190476190476 0.02857142857142857
7 0.5671428571428572 0.25642857142857145 0.014285714285714285 0.024285714285714285
7 0.6 0.28 0.009523809523809523 0.02857142857142857
7 0.6428571428571429 0.2557142857142857 0.011428571428571429 0.025714285714285714
7 0.6504761904761904 0.25392857142857145 0.009523809523809523 0.025
7 0.6695238095238095 0.24607142857142858 0.013333333333333332 0.023571428571428573
7 0.6638095238095237 0.23714285714285716 0.009523809523809523 0.024285714285714285
7 0.6842857142857143 0.22321428571428573 0.010476190476190476 0.023571428571428573
7 0.7014285714285714 0.21821428571428572 0.010476190476190476 0.019285714285714285
7 0.5842857142857143 0.2542857142857143 0.010476190476190476 0.025714285714285714
7 0.5938095238095238 0.2517857142857143 0.01238095238095238 0.020714285714285713
7 0.6019047619047618 0.25607142857142856 0.011428571428571429 0.027857142857142858
7 0.5976190476190476 0.24142857142857144 0.01238095238095238 0.02857142857142857
7 0.6190476190476191 0.24607142857142858 0.011428571428571429 0.025
7 0.6285714285714286 0.24071428571428571 0.009523809523809523 0.025714285714285714
7 0.6352380952380952 0.23714285714285716 0.007619047619047619 0.025714285714285714
7 0.58 0.22107142857142856 0.009523809523809523 0.02214285714285714
5 0.6142857142857143 0.21607142857142858 0.026666666666666665 0.016428571428571428
7 0.6266666666666666 0.22071428571428572 0.013333333333333332 0.022857142857142857
7 0.8404761904761904 0.38321428571428573 0.01619047619047619 0.03214285714285714
8 0.32571428571428573 0.26071428571428573 0.022857142857142857 0.024285714285714285