3 0.31666666666666665 0.6835714285714286 0.13428571428571429 0.09
5 0.4328571428571429 0.6692857142857143 0.04095238095238095 0.05857142857142857
5 0.28285714285714286 0.3217857142857143 0.04 0.04928571428571429
5 0.22095238095238093 0.3407142857142857 0.026666666666666665 0.032857142857142856
3 0.20238095238095236 0.4635714285714286 0.08285714285714285 0.10714285714285714
3 0.18 0.7267857142857143 0.10666666666666666 0.045
10 0.13190476190476189 0.6878571428571428 0.20285714285714285 0.11571428571428571
3 0.1038095238095238 0.6328571428571429 0.14857142857142858 0.08428571428571428
3 0.08714285714285715 0.5857142857142857 0.14 0.07571428571428572
11 0.06535714285714286 0.5333333333333333 0.13071428571428573 0.06666666666666667
3 0.05142857142857143 0.49 0.10095238095238093 0.054285714285714284
3 0.05761904761904761 0.44571428571428573 0.11333333333333333 0.06428571428571428
3 0.05892857142857143 0.3980952380952381 0.11785714285714285 0.06476190476190476
7 0.10142857142857142 0.18321428571428572 0.025714285714285714 0.027857142857142858
7 0.05333333333333333 0.1792857142857143 0.04761904761904761 0.03142857142857143
7 0.35047619047619044 0.13357142857142856 0.03428571428571429 0.027142857142857142
7 0.2752380952380952 0.09785714285714285 0.03619047619047619 0.03142857142857143
7 0.32047619047619047 0.08071428571428571 0.03333333333333333 0.03571428571428571
3 0.24428571428571427 0.03142857142857143 0.052380952380952375 0.05714285714285714
7 0.5480952380952381 0.11142857142857143 0.02 0.027142857142857142
7 0.5847619047619047 0.11535714285714285 0.022857142857142857 0.027857142857142858
3 0.6204761904761904 0.21142857142857144 0.09809523809523808 0.05142857142857143
3 0.6733333333333333 0.2617857142857143 0.10476190476190475 0.056428571428571425
3 0.7 0.2885714285714286 0.10857142857142857 0.055714285714285716
3 0.8038095238095238 0.4075 0.10285714285714286 0.060714285714285714
3 0.8247619047619047 0.44107142857142856 0.08952380952380952 0.055
3 0.859047619047619 0.48392857142857143 0.10285714285714286 0.065
3 0.8914285714285715 0.5242857142857142 0.10476190476190475 0.07428571428571429
3 0.9385714285714286 0.5603571428571429 0.11333333333333333 0.07357142857142857
3 0.9728571428571429 0.6009523809523809 0.054285714285714284 0.07904761904761905
3 0.9832142857142857 0.6466666666666666 0.03357142857142857 0.08952380952380952
3 0.9832142857142857 0.3680952380952381 0.03357142857142857 0.05047619047619047
5 0.966190476190476 0.31035714285714283 0.056190476190476187 0.027857142857142858
5 0.9342857142857143 0.30178571428571427 0.045714285714285714 0.023571428571428573
9 0.9085714285714286 0.2692857142857143 0.05714285714285714 0.022857142857142857
7 0.6976190476190476 0.17607142857142857 0.01619047619047619 0.020714285714285713
7 0.6747619047619048 0.1725 0.018095238095238095 0.02214285714285714
3 0.5995238095238095 0.18178571428571427 0.09428571428571429 0.047857142857142855
7 0.6595238095238095 0.12535714285714286 0.014285714285714285 0.025
7 0.6595238095238095 0.10607142857142857 0.010476190476190476 0.025
7 0.6428571428571429 0.11392857142857143 0.011428571428571429 0.025
3 0.6885714285714286 0.09071428571428572 0.08952380952380952 0.05285714285714286
3 0.7052380952380952 0.0425 0.07714285714285714 0.047857142857142855
3 0.7395238095238095 0.0625 0.0676190476190476 0.04642857142857143
3 0.6171428571428571 0.017619047619047618 0.065 0.035238095238095235
1 0.578095238095238 0.06142857142857143 0.03238095238095238 0.017142857142857144
7 0.5714285714285714 0.055 0.019047619047619046 0.022857142857142857
7 0.5504761904761905 0.0475 0.015238095238095238 0.023571428571428573
7 0.49809523809523804 0.05785714285714286 0.015238095238095238 0.02857142857142857
7 0.49142857142857144 0.038214285714285715 0.013333333333333332 0.02642857142857143
7 0.46904761904761905 0.032857142857142856 0.018095238095238095 0.027142857142857142
5 0.9547619047619047 0.48214285714285715 0.03333333333333333 0.032857142857142856
8 0.9576190476190475 0.47928571428571426 0.023809523809523805 0.025714285714285714
5 0.9085714285714286 0.43142857142857144 0.030476190476190476 0.02857142857142857
8 0.9109523809523808 0.42642857142857143 0.018095238095238095 0.02142857142857143