3 0.24873096446700507 0.5264285714285714 0.0634517766497462 0.037142857142857144
11 0.20558375634517764 0.4139285714285714 0.08375634517766498 0.026428571428571426
10 0.2563451776649746 0.37714285714285717 0.12944162436548223 0.024285714285714282
3 0.15228426395939085 0.3435714285714286 0.0634517766497462 0.02
7 0.053299492385786795 0.3171428571428571 0.02538071065989848 0.011428571428571429
3 0.0799492385786802 0.4128571428571428 0.07360406091370558 0.025714285714285714
3 0.7189086294416244 0.37785714285714284 0.06725888324873097 0.02
3 0.7151015228426396 0.35285714285714287 0.0799492385786802 0.02
3 0.7131979695431472 0.33035714285714285 0.07868020304568528 0.019285714285714285
3 0.725253807106599 0.30642857142857144 0.07233502538071065 0.02142857142857143
3 0.7303299492385787 0.2875 0.06979695431472081 0.017857142857142856
3 0.7360406091370558 0.26857142857142857 0.06852791878172589 0.018571428571428572
3 0.7411167512690355 0.23392857142857143 0.07360406091370558 0.020714285714285713
3 0.7366751269035533 0.215 0.07233502538071065 0.017142857142857144
3 0.7398477157360406 0.19749999999999998 0.07614213197969542 0.019285714285714285
11 0.7360406091370558 0.16499999999999998 0.07614213197969542 0.02142857142857143
3 0.7385786802030457 0.14821428571428572 0.07106598984771574 0.020714285714285713
3 0.743020304568528 0.13285714285714287 0.07233502538071065 0.018571428571428572
3 0.7480964467005077 0.11678571428571427 0.07233502538071065 0.020714285714285713
3 0.7519035532994923 0.08607142857142856 0.06472081218274112 0.019285714285714285
3 0.7525380710659899 0.0707142857142857 0.06852791878172589 0.02
3 0.7576142131979696 0.055714285714285716 0.06091370558375635 0.018571428571428572
7 0.7538071065989848 0.02142857142857143 0.01015228426395939 0.011428571428571429
3 0.7557106598984772 0.012499999999999999 0.07487309644670051 0.020714285714285713
3 0.8591370558375635 0.023928571428571428 0.027918781725888325 0.03071428571428571
11 0.8730964467005077 0.06714285714285714 0.030456852791878174 0.03428571428571429
3 0.9035532994923858 0.1414285714285714 0.06852791878172589 0.018571428571428572
3 0.9048223350253807 0.1732142857142857 0.06598984771573604 0.019285714285714285
3 0.8984771573604061 0.19035714285714284 0.07106598984771574 0.019285714285714285
3 0.8984771573604061 0.2092857142857143 0.07106598984771574 0.018571428571428572
3 0.8978426395939085 0.22749999999999998 0.06979695431472081 0.019285714285714285
11 0.9016497461928934 0.25142857142857145 0.0799492385786802 0.02142857142857143
3 0.9016497461928934 0.2742857142857143 0.06979695431472081 0.018571428571428572
3 0.9156091370558376 0.33964285714285714 0.05964467005076142 0.03071428571428571
3 0.9651015228426396 0.3717857142857143 0.044416243654822336 0.03642857142857143
11 0.934010152284264 0.4235714285714286 0.05076142131979696 0.04285714285714286
3 0.8838832487309645 0.4321428571428571 0.049492385786802026 0.03857142857142857