3 0.9739847715736041 0.4082142857142857 0.052030456852791875 0.04642857142857142
3 0.916243654822335 0.31535714285714284 0.05076142131979696 0.03785714285714285
3 1 0.2760152284263959 0 0.031725888324873094
11 0.9168781725888324 0.5060714285714286 0.06472081218274112 0.062142857142857146
11 0.366751269035533 0.31642857142857145 0.08883248730964467 0.03142857142857143
11 0.24746192893401014 0.23035714285714287 0.07360406091370558 0.02214285714285714
11 0.36421319796954316 0.43607142857142855 0.07614213197969542 0.053571428571428575
2 0.965 0.4936548223350254 0.07 0.13578680203045684
7 0.508248730964467 0.24357142857142855 0.011421319796954314 0.012857142857142857
7 0.46129441624365486 0.3092857142857143 0.011421319796954314 0.012857142857142857
7 0.4689086294416243 0.24178571428571427 0.008883248730964468 0.012142857142857141
7 0.7506345177664975 0.21214285714285713 0.008883248730964468 0.012857142857142857