3 0.7601522842639594 0.39321428571428574 0.11421319796954316 0.075
3 0.47715736040609136 0.32535714285714284 0.08883248730964467 0.056428571428571425
3 0.3902284263959391 0.17428571428571427 0.05456852791878173 0.03571428571428571
3 0.2963197969543147 0.4289285714285714 0.10786802030456853 0.043571428571428567
3 0.2201776649746193 0.04928571428571429 0.03934010152284264 0.02
3 0.5399746192893401 0.14392857142857143 0.06472081218274112 0.03785714285714285
3 0.4428934010152284 0.12428571428571429 0.05583756345177665 0.03142857142857143
3 0.3635786802030457 0.05142857142857143 0.04695431472081218 0.027142857142857142
3 0.3604060913705584 0.026785714285714288 0.03553299492385787 0.019285714285714285
3 0.690989847715736 0.16499999999999998 0.049492385786802026 0.025714285714285714
2 0.7950507614213198 0.15464285714285714 0.07233502538071065 0.06357142857142857
2 0.7315989847715736 0.1425 0.06725888324873097 0.04928571428571429
2 0.7233502538071066 0.10535714285714286 0.07614213197969542 0.05071428571428571
2 0.6725888324873097 0.10678571428571428 0.07106598984771574 0.04928571428571429
2 0.6687817258883249 0.0725 0.07360406091370558 0.03785714285714285
2 0.6218274111675127 0.0725 0.07106598984771574 0.045
2 0.5520304568527918 0.06107142857142857 0.05583756345177665 0.034999999999999996
2 0.5717005076142132 0.048928571428571425 0.06218274111675127 0.043571428571428567
2 0.5348984771573604 0.025714285714285714 0.04187817258883249 0.03142857142857143
2 0.4949238578680203 0.024999999999999998 0.04568527918781726 0.02857142857142857
3 0.16878172588832485 0.07464285714285714 0.02538071065989848 0.013571428571428571
3 0.17766497461928935 0.08821428571428572 0.027918781725888325 0.016428571428571428
3 0.1865482233502538 0.10285714285714286 0.027918781725888325 0.014285714285714285
3 0.1954314720812183 0.11857142857142856 0.02538071065989848 0.015714285714285715
3 0.20685279187817257 0.13499999999999998 0.027918781725888325 0.015714285714285715
3 0.22081218274111672 0.15357142857142855 0.030456852791878174 0.015714285714285715
7 0.18083756345177665 0.15607142857142856 0.019035532994923856 0.013571428571428571
7 0.19670050761421318 0.20178571428571426 0.017766497461928935 0.015000000000000001
4 0.1516497461928934 0.11749999999999998 0.04187817258883249 0.05928571428571428
7 0.19670050761421318 0.2471428571428571 0.017766497461928935 0.014285714285714285
7 0.23540609137055837 0.2546428571428571 0.011421319796954314 0.013571428571428571
7 0.22715736040609139 0.25392857142857145 0.01269035532994924 0.012142857142857141
7 0.2214467005076142 0.31107142857142855 0.019035532994923856 0.016428571428571428
7 0.20621827411167512 0.31357142857142856 0.024111675126903553 0.018571428571428572
7 0.23413705583756345 0.42607142857142855 0.024111675126903553 0.02214285714285714
11 0.47144670050761417 0.031785714285714285 0.049492385786802026 0.024999999999999998
3 0.5196700507614213 0.04428571428571428 0.02918781725888325 0.017142857142857144
3 0.6719543147208121 0.1839285714285714 0.04187817258883249 0.027857142857142858