7 0.13333333333333333 0.4667857142857143 0.022857142857142857 0.029285714285714286
7 0.1657142857142857 0.4639285714285714 0.02476190476190476 0.027857142857142858
7 0.15714285714285714 0.45571428571428574 0.015238095238095238 0.024285714285714285
7 0.21904761904761902 0.46285714285714286 0.02857142857142857 0.025714285714285714
7 0.209047619047619 0.4614285714285714 0.02952380952380952 0.025714285714285714
7 0.2180952380952381 0.44857142857142857 0.019047619047619046 0.02142857142857143
7 0.20666666666666667 0.4425 0.017142857142857144 0.02214285714285714
7 0.2938095238095238 0.44642857142857145 0.021904761904761903 0.027142857142857142
7 0.30047619047619045 0.4425 0.027619047619047616 0.025
7 0.3033333333333333 0.43607142857142855 0.023809523809523805 0.025
7 0.3619047619047619 0.45 0.02095238095238095 0.024285714285714285
7 0.3666666666666666 0.44392857142857145 0.017142857142857144 0.025
7 0.5904761904761905 0.4514285714285714 0.013333333333333332 0.027142857142857142
7 0.7714285714285715 0.45 0.02095238095238095 0.022857142857142857
7 0.749047619047619 0.4417857142857143 0.02 0.025
7 0.7928571428571428 0.44142857142857145 0.02 0.022857142857142857
7 0.8423809523809523 0.43142857142857144 0.018095238095238095 0.025714285714285714
7 0.8804761904761904 0.40785714285714286 0.01238095238095238 0.027142857142857142
7 0.9176190476190476 0.38357142857142856 0.014285714285714285 0.025714285714285714
7 0.8814285714285715 0.3892857142857143 0.014285714285714285 0.022857142857142857
7 0.8704761904761904 0.3407142857142857 0.011428571428571429 0.02142857142857143
7 0.8752380952380951 0.32392857142857145 0.007619047619047619 0.020714285714285713
7 0.8833333333333332 0.32392857142857145 0.008571428571428572 0.020714285714285713
7 0.8928571428571429 0.32857142857142857 0.010476190476190476 0.02142857142857143
7 0.9052380952380952 0.32607142857142857 0.008571428571428572 0.016428571428571428
7 0.9257142857142857 0.33 0.011428571428571429 0.018571428571428572
7 0.8914285714285715 0.2789285714285714 0.009523809523809523 0.017857142857142856
7 0.9038095238095237 0.2810714285714286 0.011428571428571429 0.019285714285714285
7 0.9171428571428571 0.2825 0.011428571428571429 0.019285714285714285
7 0.9738095238095238 0.31357142857142856 0.008571428571428572 0.017142857142857144
7 0.9833333333333332 0.31464285714285717 0.010476190476190476 0.019285714285714285
7 0.99 0.3132142857142857 0.008571428571428572 0.019285714285714285
7 0.8923809523809523 0.27 0.011428571428571429 0.014285714285714285
7 0.9014285714285715 0.27071428571428574 0.008571428571428572 0.012857142857142857
7 0.9080952380952381 0.27071428571428574 0.010476190476190476 0.014285714285714285
7 0.9204761904761903 0.26107142857142857 0.008571428571428572 0.016428571428571428
7 0.9061904761904761 0.2621428571428571 0.008571428571428572 0.015714285714285715
7 0.9095238095238095 0.2592857142857143 0.007619047619047619 0.015714285714285715
3 0.9080952380952381 0.24857142857142858 0.025714285714285714 0.015714285714285715
7 0.8728571428571429 0.23035714285714284 0.008571428571428572 0.013571428571428571
7 0.8671428571428571 0.23142857142857143 0.008571428571428572 0.012857142857142857
7 0.8623809523809524 0.22285714285714286 0.0047619047619047615 0.012857142857142857
7 0.868095238095238 0.22607142857142856 0.008571428571428572 0.015
7 0.8809523809523809 0.18178571428571427 0.007619047619047619 0.010714285714285714
7 0.9628571428571429 0.14392857142857143 0.005714285714285714 0.007857142857142858
5 0.7685714285714286 0.7246428571428571 0.07238095238095238 0.035
8 0.769047619047619 0.7196428571428571 0.02952380952380952 0.03214285714285714
7 0.8176190476190475 0.5928571428571429 0.023809523809523805 0.03142857142857143