10 0.18285714285714286 0.5421428571428571 0.23619047619047617 0.06
3 0.9104761904761903 0.3767857142857143 0.05904761904761904 0.025
3 0.868095238095238 0.3167857142857143 0.039047619047619046 0.030714285714285715
3 0.8109523809523809 0.32857142857142857 0.027619047619047616 0.024285714285714285
3 0.6214285714285714 0.3003571428571429 0.021904761904761903 0.02642857142857143
5 0.5114285714285715 0.36464285714285716 0.011428571428571429 0.017857142857142856
9 0.5323809523809523 0.21892857142857142 0.017142857142857144 0.020714285714285713
7 0.7033333333333333 0.27071428571428574 0.008571428571428572 0.014285714285714285
3 0.6095238095238095 0.11964285714285715 0.015238095238095238 0.012142857142857143
10 0.5909523809523809 0.05678571428571429 0.014285714285714285 0.017857142857142856
10 0.5866666666666666 0.023214285714285715 0.017142857142857144 0.027857142857142858
3 0.5895238095238095 0.040357142857142855 0.011428571428571429 0.009285714285714286
3 0.6038095238095238 0.03142857142857143 0.007619047619047619 0.011428571428571429
3 0.6019047619047618 0.018571428571428572 0.009523809523809523 0.008571428571428572
3 0.6533333333333333 0.018214285714285714 0.02095238095238095 0.009285714285714286
3 0.6623809523809523 0.03857142857142857 0.018095238095238095 0.007142857142857143
1 0.6166666666666666 0.08928571428571429 0.006666666666666666 0.01