11 0.06957328385899814 0.16388308977035493 0.0797773654916512 0.020876826722338204
3 0.2880333951762523 0.1419624217118998 0.08627087198515769 0.02192066805845512
8 0.5542671614100185 0.09394572025052193 0.012059369202226345 0.011482254697286014
5 0.5533395176252319 0.09472860125260961 0.012059369202226345 0.01096033402922756
7 0.887291280148423 0.4522442588726514 0.034322820037105746 0.016179540709812108
9 0.7949907235621521 0.4444154488517746 0.04267161410018552 0.04958246346555324
9 0.8617810760667903 0.4005741127348643 0.1131725417439703 0.030793319415448855
8 0.9929540709812108 0.38404452690166974 0.014091858037578288 0.01948051948051948
5 0.9926931106471816 0.38589981447124305 0.014613778705636743 0.029684601113172542
7 0.9299628942486086 0.21424843423799586 0.01020408163265306 0.0151356993736952
7 0.936456400742115 0.21216075156576203 0.013914656771799629 0.014091858037578288
8 0.9772727272727272 0.2118997912317328 0.02133580705009276 0.016701461377870565
5 0.9800556586270871 0.21268267223382048 0.013914656771799629 0.020354906054279753
8 0.9902597402597403 0.19624217118997914 0.01948051948051948 0.014613778705636744
1 0.9902597402597403 0.19728601252609607 0.013914656771799629 0.011482254697286014
3 0.9981732776617954 0.10714285714285714 0.0036534446764091857 0.01948051948051948
9 0.9926931106471816 0.1614100185528757 0.014613778705636743 0.022263450834879406
0 0.9707792207792207 0.16858037578288101 0.02504638218923933 0.02505219206680585
5 0.9452690166975881 0.09968684759916495 0.016697588126159554 0.013569937369519834
5 0.922077922077922 0.08872651356993737 0.02040816326530612 0.008350730688935283
0 1 0.09230055658627087 0 0.01855287569573284
8 0.997651356993737 0.08070500927643785 0.004697286012526096 0.011131725417439703
3 0.958256029684601 0.036012526096033406 0.04081632653061224 0.020876826722338204
11 0.9670686456400742 0.016962421711899794 0.04359925788497217 0.01722338204592902
11 0.9861691022964509 0.008812615955473098 0.027661795407098122 0.014842300556586271
9 0.9879406307977735 0.033663883089770356 0.02040816326530612 0.01096033402922756