3 0.5613333333333332 0.722 0.104 0.055
3 0.551 0.637 0.11266666666666665 0.083
3 0.555 0.5735 0.08333333333333333 0.071
3 0.557 0.51875 0.08066666666666665 0.0565
11 0.553 0.441 0.03666666666666667 0.048
3 0.5666666666666667 0.4045 0.07066666666666666 0.036
3 0.892 0.6585 0.08666666666666666 0.087
7 0.972 0.6605 0.024 0.029
7 0.9836666666666666 0.66925 0.016666666666666663 0.0225
7 0.9923333333333333 0.68325 0.01 0.0205
11 0.902 0.447 0.057333333333333326 0.047
11 0.8733333333333333 0.35125 0.058666666666666666 0.0245
1 0.95 0.33075 0.009333333333333332 0.0115
11 0.8666666666666666 0.2715 0.025333333333333333 0.017
3 0.7513333333333333 0.439 0.056 0.032
3 0.7256666666666667 0.392 0.05266666666666667 0.033
3 0.557 0.3555 0.028666666666666663 0.028
3 0.7086666666666667 0.36525 0.058666666666666666 0.0265
3 0.7073333333333333 0.35125 0.05466666666666666 0.0245
3 0.862 0.24825 0.024 0.0145
3 0.5566666666666666 0.32975 0.026666666666666665 0.0245
10 0.563 0.3105 0.03 0.025
11 0.7013333333333333 0.3305 0.025333333333333333 0.022
11 0.6836666666666666 0.29025 0.03533333333333333 0.0305
8 0.6483333333333332 0.3005 0.008666666666666666 0.01
8 0.6386666666666666 0.294 0.006666666666666666 0.009
8 0.637 0.27275 0.007333333333333333 0.0095
3 0.664 0.26475 0.02 0.0145
3 0.6583333333333332 0.25575 0.016666666666666663 0.0125
3 0.559 0.2645 0.016666666666666663 0.013
3 0.6513333333333332 0.23925 0.017333333333333333 0.0125
3 0.6133333333333333 0.21025 0.013333333333333332 0.0085
3 0.588 0.20375 0.012 0.0085
3 0.5606666666666666 0.23625 0.016 0.0115
3 0.5603333333333332 0.22925 0.014 0.0105
3 0.562 0.223 0.014666666666666666 0.01
3 0.563 0.20425 0.011333333333333332 0.0085
3 0.5633333333333332 0.199 0.012 0.009
3 0.563 0.19275 0.011333333333333332 0.0075
3 0.7106666666666667 0.24575 0.036 0.0115
10 0.7813333333333332 0.247 0.030666666666666665 0.026
3 0.7926666666666666 0.243 0.028 0.015
3 0.7733333333333332 0.237 0.034666666666666665 0.012
1 0.797 0.23225 0.014 0.0075
3 0.768 0.209 0.014666666666666666 0.009
3 0.6943333333333332 0.18175 0.01933333333333333 0.0075
3 0.718 0.17275 0.010666666666666666 0.0065
4 0.576 0.1225 0.14533333333333331 0.036
3 0.5866666666666667 0.16875 0.008 0.0055
8 0.5766666666666667 0.18925 0.004 0.0045
5 0.5776666666666667 0.1915 0.003333333333333333 0.004
8 0.5713333333333332 0.16725 0.0026666666666666666 0.0035
5 0.5713333333333332 0.16925 0.0026666666666666666 0.0035
3 0.5823333333333333 0.161 0.008666666666666666 0.006
3 0.5656666666666667 0.1665 0.008666666666666666 0.005