3 0.6186548223350253 0.09035714285714284 0.03680203045685279 0.024999999999999998
3 0.6928934010152283 0.07535714285714286 0.03299492385786802 0.03214285714285715
3 0.7043147208121827 0.0225 0.027918781725888325 0.029285714285714286
11 0.7322335025380712 0.2407142857142857 0.03807106598984771 0.049999999999999996
11 0.6453045685279188 0.4610714285714285 0.05456852791878173 0.065
11 0.5697969543147209 0.09785714285714285 0.03807106598984771 0.03428571428571429
11 0.6370558375634517 0.16392857142857142 0.0634517766497462 0.039285714285714285
7 0.37944162436548223 0.22749999999999998 0.01269035532994924 0.012142857142857141
7 0.3883248730964467 0.2282142857142857 0.01269035532994924 0.013571428571428571
7 0.45241116751269034 0.11749999999999998 0.011421319796954314 0.012142857142857141
7 0.45558375634517767 0.06928571428571428 0.01015228426395939 0.012857142857142857
7 0.8984771573604061 0.33749999999999997 0.01269035532994924 0.016428571428571428
7 0.8838832487309645 0.3385714285714286 0.011421319796954314 0.015714285714285715