3 0.0838095238095238 0.5182142857142857 0.0819047619047619 0.10785714285714286
3 0.48952380952380947 0.5521428571428572 0.05904761904761904 0.09285714285714286
3 0.5738095238095238 0.5439285714285714 0.050476190476190466 0.08928571428571429
3 0.6695238095238095 0.4685714285714286 0.06285714285714286 0.10142857142857142
3 0.728095238095238 0.5971428571428572 0.050476190476190466 0.10571428571428572
3 0.82 0.5846428571428571 0.06095238095238095 0.09785714285714285
3 0.7371428571428571 0.4521428571428571 0.05714285714285714 0.09571428571428571
3 0.5928571428571429 0.42 0.052380952380952375 0.08571428571428572
3 0.518095238095238 0.4182142857142857 0.06285714285714286 0.08928571428571429
3 0.7428571428571429 0.3132142857142857 0.045714285714285714 0.07928571428571428
3 0.8023809523809523 0.4446428571428571 0.054285714285714284 0.09785714285714285
3 0.6090476190476191 0.32035714285714284 0.054285714285714284 0.08214285714285714
3 0.5442857142857143 0.28285714285714286 0.04857142857142857 0.06857142857142857
3 0.62 0.19642857142857142 0.04 0.06142857142857143
3 0.6017857142857143 0.018095238095238095 0.03428571428571429 0.03619047619047619
3 0.6338095238095237 0.10428571428571429 0.035238095238095235 0.05714285714285714
3 0.5604761904761905 0.2 0.04285714285714286 0.06428571428571428
2 0.7566666666666666 0.0825 0.06 0.11214285714285714
11 0.6495238095238095 0.595 0.05142857142857143 0.09
10 0.8047619047619047 0.3117857142857143 0.05333333333333333 0.10071428571428571
3 0.23238095238095235 0.2925 0.04952380952380952 0.075
3 0.14142857142857143 0.20107142857142857 0.10761904761904761 0.035
3 0.06523809523809523 0.37392857142857144 0.11333333333333333 0.04214285714285714
3 0.21666666666666665 0.0875 0.09428571428571429 0.03214285714285714
3 0.22095238095238093 0.06107142857142857 0.08571428571428572 0.03214285714285714
3 0.1238095238095238 0.2417857142857143 0.11047619047619046 0.03214285714285714
3 0.1652380952380952 0.17142857142857143 0.08476190476190476 0.03857142857142857
3 0.17857142857142858 0.14821428571428572 0.09619047619047619 0.03642857142857143
3 0.23714285714285716 0.03892857142857143 0.08761904761904761 0.029285714285714286
3 0.02142857142857143 0.6576190476190477 0.04285714285714286 0.09047619047619047
7 0.15666666666666665 0.4303571428571429 0.021904761904761903 0.017857142857142856
7 0.16047619047619047 0.3842857142857143 0.03142857142857143 0.027142857142857142
7 0.43 0.07142857142857142 0.01619047619047619 0.02142857142857143
7 0.3904761904761905 0.1392857142857143 0.015238095238095238 0.024285714285714285
7 0.29714285714285715 0.23107142857142857 0.02095238095238095 0.017857142857142856
7 0.2895238095238095 0.22642857142857142 0.02095238095238095 0.02142857142857143
7 0.27285714285714285 0.0825 0.02 0.02214285714285714
1 0.16 0.2925 0.0419047619047619 0.010714285714285714
1 0.14476190476190476 0.2960714285714286 0.06285714285714286 0.017857142857142856
1 0.1738095238095238 0.33107142857142857 0.025714285714285714 0.027857142857142858
5 0.08619047619047618 0.2710714285714286 0.04476190476190476 0.012142857142857143
5 0.07809523809523809 0.2867857142857143 0.0419047619047619 0.019285714285714285
5 0.09857142857142857 0.25857142857142856 0.050476190476190466 0.018571428571428572
5 0.2714285714285714 0.24 0.017142857142857144 0.024285714285714285
1 0.1757142857142857 0.4760714285714286 0.018095238095238095 0.02642857142857143
8 0.16809523809523808 0.4764285714285714 0.025714285714285714 0.014285714285714285
8 0.26666666666666666 0.24285714285714285 0.013333333333333332 0.011428571428571429
8 0.26619047619047614 0.2342857142857143 0.02 0.01
7 0.6233333333333333 0.7396428571428572 0.025714285714285714 0.015
7 0.6242857142857143 0.7260714285714286 0.023809523809523805 0.015