3 0.2523191094619666 0.19180584551148228 0.03896103896103896 0.012004175365344469
3 0.12987012987012986 0.18919624217119 0.04081632653061224 0.009916492693110648
3 0.2764378478664193 0.15657620041753656 0.03525046382189239 0.009394572025052193
3 0.32792207792207795 0.11508350730688938 0.03061224489795918 0.01096033402922756
3 0.20779220779220778 0.18997912317327767 0.03525046382189239 0.010438413361169102
3 0.7796846011131725 0.25 0.028756957328385898 0.024008350730688938
3 0.8970315398886827 0.206419624217119 0.025974025974025972 0.01722338204592902
3 0.8877551020408162 0.16988517745302717 0.02040816326530612 0.01304801670146138
3 0.8163265306122449 0.16127348643006265 0.02040816326530612 0.014613778705636744
3 0.800556586270872 0.1182150313152401 0.018552875695732836 0.012004175365344469
3 0.8900742115027829 0.12082463465553238 0.017625231910946195 0.009916492693110648
3 0.8320964749536178 0.10855949895615867 0.016697588126159554 0.009394572025052193
3 0.8682745825602969 0.06680584551148226 0.012987012987012986 0.007306889352818372
3 0.8840445269016698 0.06263048016701463 0.012987012987012986 0.007306889352818372
3 0.8826530612244897 0.048016701461377875 0.012059369202226345 0.008350730688935283
11 0.8200371057513914 0.04775574112734864 0.011131725417439703 0.009916492693110648
2 0.7871057513914657 0.04488517745302714 0.01948051948051948 0.016701461377870565
3 0.9652133580705008 0.16388308977035493 0.032467532467532464 0.011482254697286014
3 0.8645640074211502 0.029749478079331943 0.009276437847866418 0.005219206680584551
3 0.8747680890538032 0.018006263048016703 0.009276437847866418 0.004697286012526097
3 0.8692022263450835 0.011743215031315242 0.009276437847866418 0.004697286012526097
3 0.8705936920222634 0.007045929018789144 0.008348794063079777 0.004697286012526097
11 0.972634508348794 0.07646137787056369 0.013914656771799629 0.008872651356993737
11 0.9911273486430062 0.07142857142857142 0.017745302713987474 0.0074211502782931356
2 0.933673469387755 0.19415448851774533 0.04730983302411874 0.03966597077244259
3 1 0.1280148423005566 0 0.008348794063079777
3 0.9499072356215212 0.03340292275574113 0.009276437847866418 0.0062630480167014625
3 0.9429499072356214 0.026617954070981213 0.012059369202226345 0.005219206680584551
3 0.936456400742115 0.01931106471816284 0.01020408163265306 0.004175365344467641
3 0.9197588126159554 0.016179540709812108 0.008348794063079777 0.005219206680584551
3 0.933673469387755 0.016701461377870565 0.012059369202226345 0.0031315240083507312
3 0.9341372912801483 0.014091858037578288 0.007421150278293135 0.004175365344467641
7 0.9271799628942485 0.04018789144050105 0.0027829313543599257 0.004175365344467641
7 0.9313543599257884 0.03679540709812109 0.0037105751391465673 0.004697286012526097
8 0.9285714285714286 0.08272442588726514 0.0037105751391465673 0.004697286012526097
8 0.9628942486085342 0.08350730688935282 0.0037105751391465673 0.004175365344467641
8 0.9819109461966604 0.1203027139874739 0.004638218923933209 0.004697286012526097
5 0.9281076066790351 0.0861169102296451 0.004638218923933209 0.0031315240083507312
5 0.962430426716141 0.08585594989561587 0.004638218923933209 0.003653444676409186
5 0.9823747680890538 0.12369519832985387 0.0037105751391465673 0.0031315240083507312
8 0.6600185528756957 0.1876304801670146 0.006493506493506493 0.005741127348643007
8 0.6841372912801483 0.1844989561586639 0.008348794063079777 0.005741127348643007
5 0.6836734693877551 0.18919624217119 0.007421150278293135 0.005741127348643007
1 0.6590909090909091 0.19154488517745305 0.006493506493506493 0.0062630480167014625
8 0.7393320964749536 0.08011482254697286 0.0055658627087198514 0.004697286012526097
5 0.7388682745825603 0.08272442588726514 0.006493506493506493 0.003653444676409186