7 0.4176190476190476 0.6917857142857143 0.19904761904761903 0.115
3 0.07904761904761905 0.4592857142857143 0.1276190476190476 0.05714285714285714
3 0.9180952380952381 0.38 0.04952380952380952 0.04
3 0.7471428571428571 0.39964285714285713 0.0638095238095238 0.055
3 0.8133333333333332 0.3414285714285714 0.04952380952380952 0.03571428571428571
3 0.7133333333333333 0.3475 0.05523809523809523 0.035
3 0.6604761904761904 0.33464285714285713 0.054285714285714284 0.03785714285714286
3 0.599047619047619 0.33464285714285713 0.05523809523809523 0.03785714285714286
3 0.6957142857142857 0.305 0.04666666666666666 0.03142857142857143
11 0.7209523809523809 0.28535714285714286 0.04 0.030714285714285715
3 0.7476190476190475 0.2692857142857143 0.03809523809523809 0.022857142857142857
3 0.7723809523809523 0.2532142857142857 0.03428571428571429 0.023571428571428573
3 0.8161904761904761 0.21464285714285714 0.02857142857142857 0.016428571428571428
3 0.8485714285714285 0.2571428571428571 0.026666666666666665 0.02142857142857143
3 0.9276190476190476 0.3489285714285714 0.04 0.035
3 0.9457142857142857 0.3078571428571429 0.03809523809523809 0.027142857142857142
3 0.9514285714285714 0.27214285714285713 0.02857142857142857 0.022857142857142857
3 0.9619047619047618 0.25607142857142856 0.02857142857142857 0.019285714285714285
3 0.9614285714285714 0.21714285714285714 0.025714285714285714 0.014285714285714285
3 0.9910714285714286 0.22 0.017857142857142856 0.01619047619047619
3 0.9666666666666666 0.23392857142857143 0.02857142857142857 0.023571428571428573
8 0.9961904761904761 0.23107142857142857 0.005714285714285714 0.012142857142857143
1 0.9957142857142857 0.2325 0.008571428571428572 0.009285714285714286
8 0.8714285714285714 0.56 0.03238095238095238 0.047142857142857146
8 0.9352380952380952 0.6296428571428572 0.045714285714285714 0.055
5 0.8733333333333332 0.5621428571428572 0.03428571428571429 0.047142857142857146
5 0.9385714285714286 0.6285714285714286 0.052380952380952375 0.06571428571428571
8 0.9838095238095238 0.20642857142857143 0.009523809523809523 0.01
5 0.9823809523809524 0.20857142857142857 0.006666666666666666 0.008571428571428572
7 1 0.19238095238095237 0 0.010476190476190476
3 0.9280952380952381 0.17107142857142857 0.01619047619047619 0.010714285714285714
3 0.9357142857142857 0.1632142857142857 0.01238095238095238 0.007857142857142858
8 0.6528571428571428 0.2975 0.014285714285714285 0.019285714285714285
8 0.6342857142857142 0.29464285714285715 0.011428571428571429 0.019285714285714285
1 0.6542857142857142 0.3025 0.015238095238095238 0.015
1 0.6352380952380952 0.29928571428571427 0.013333333333333332 0.015714285714285715
3 0.7371428571428571 0.20892857142857144 0.030476190476190476 0.016428571428571428
3 0.7719047619047618 0.195 0.021904761904761903 0.014285714285714285
3 0.7914285714285715 0.19035714285714286 0.022857142857142857 0.013571428571428571
3 0.8233333333333333 0.18357142857142858 0.025714285714285714 0.011428571428571429
7 0.846190476190476 0.18107142857142858 0.0047619047619047615 0.009285714285714286
7 0.8490476190476189 0.18035714285714285 0.0047619047619047615 0.007857142857142858
7 0.8519047619047618 0.17964285714285713 0.0047619047619047615 0.007857142857142858
7 0.8557142857142858 0.17964285714285713 0.0047619047619047615 0.009285714285714286
7 0.33476190476190476 0.4067857142857143 0.027619047619047616 0.03214285714285714
7 0.33619047619047615 0.41 0.05904761904761904 0.025714285714285714
3 0.35523809523809524 0.3653571428571429 0.08952380952380952 0.05071428571428571
3 0.3495238095238095 0.33714285714285713 0.08571428571428572 0.03857142857142857
3 0.4614285714285714 0.325 0.07142857142857142 0.03
1 0.4233333333333333 0.32785714285714285 0.023809523809523805 0.015714285714285715
11 0.46 0.30142857142857143 0.08 0.03
3 0.478095238095238 0.29214285714285715 0.06095238095238095 0.024285714285714285
3 0.5038095238095237 0.2860714285714286 0.05333333333333333 0.02214285714285714
3 0.4176190476190476 0.29 0.04857142857142857 0.024285714285714285
3 0.38476190476190475 0.29964285714285716 0.06095238095238095 0.023571428571428573
3 0.3757142857142857 0.30714285714285716 0.07333333333333332 0.02857142857142857
3 0.2795238095238095 0.32392857142857145 0.08857142857142856 0.03357142857142857
3 0.4642857142857143 0.2710714285714286 0.05809523809523809 0.02214285714285714
3 0.44619047619047614 0.26321428571428573 0.054285714285714284 0.020714285714285713