7 0.23476190476190473 0.30714285714285716 0.01238095238095238 0.018571428571428572
7 0.2342857142857143 0.30214285714285716 0.015238095238095238 0.018571428571428572
5 0.015714285714285715 0.2875 0.018095238095238095 0.020714285714285713
5 0.03619047619047619 0.2835714285714286 0.02095238095238095 0.022857142857142857
5 0.056190476190476187 0.2839285714285714 0.013333333333333332 0.020714285714285713
7 0.45285714285714285 0.2367857142857143 0.006666666666666666 0.013571428571428571
7 0.4666666666666666 0.23607142857142857 0.005714285714285714 0.013571428571428571
7 0.47952380952380946 0.235 0.0047619047619047615 0.012857142857142857
7 0.478095238095238 0.23214285714285715 0.0038095238095238095 0.012857142857142857
7 0.4176190476190476 0.23857142857142857 0.006666666666666666 0.01
8 0.3195238095238095 0.4782142857142857 0.018095238095238095 0.016428571428571428
8 0.33619047619047615 0.4853571428571429 0.019047619047619046 0.010714285714285714
7 0.5252380952380952 0.2825 0.014285714285714285 0.017857142857142856
7 0.7242857142857143 0.2375 0.010476190476190476 0.020714285714285713
7 0.7514285714285714 0.27535714285714286 0.007619047619047619 0.019285714285714285
7 0.7676190476190475 0.27714285714285714 0.009523809523809523 0.018571428571428572
8 0.5433333333333333 0.245 0.006666666666666666 0.008571428571428572
8 0.5614285714285714 0.23464285714285715 0.008571428571428572 0.015
8 0.6038095238095238 0.24285714285714285 0.007619047619047619 0.012857142857142857
8 0.6185714285714285 0.24357142857142858 0.008571428571428572 0.014285714285714285
8 0.6547619047619048 0.23285714285714285 0.006666666666666666 0.014285714285714285
7 0.7785714285714286 0.2007142857142857 0.006666666666666666 0.017142857142857144
7 0.7714285714285715 0.2007142857142857 0.005714285714285714 0.012857142857142857
5 0.7652380952380952 0.23642857142857143 0.021904761904761903 0.017142857142857144
5 0.7895238095238095 0.2175 0.02095238095238095 0.010714285714285714
5 0.8247619047619047 0.22035714285714286 0.02476190476190476 0.013571428571428571
5 0.8114285714285714 0.2057142857142857 0.02095238095238095 0.01
5 0.8209523809523809 0.2325 0.02095238095238095 0.012142857142857143
5 0.8428571428571429 0.21392857142857144 0.019047619047619046 0.010714285714285714
5 0.8523809523809524 0.1975 0.019047619047619046 0.009285714285714286
5 0.8576190476190475 0.20785714285714285 0.021904761904761903 0.011428571428571429
5 0.8509523809523809 0.18428571428571427 0.021904761904761903 0.011428571428571429
5 0.8547619047619046 0.18821428571428572 0.018095238095238095 0.010714285714285714
5 0.8095238095238094 0.20107142857142857 0.022857142857142857 0.010714285714285714
5 0.7833333333333332 0.2292857142857143 0.023809523809523805 0.012857142857142857
5 0.7719047619047618 0.23285714285714285 0.01619047619047619 0.014285714285714285
5 0.7761904761904761 0.21392857142857144 0.02095238095238095 0.012142857142857143
5 0.7552380952380952 0.1982142857142857 0.02095238095238095 0.010714285714285714
5 0.7642857142857142 0.20107142857142857 0.02 0.010714285714285714
5 0.7542857142857143 0.18892857142857142 0.02095238095238095 0.009285714285714286
7 0.9523809523809523 0.3560714285714286 0.011428571428571429 0.020714285714285713
3 0.9882142857142857 0.26761904761904765 0.023571428571428573 0.035238095238095235
5 0.8761904761904761 0.1682142857142857 0.02095238095238095 0.010714285714285714