2 0.5076190476190476 0.4089285714285714 0.16190476190476188 0.31214285714285717
3 0.9910714285714286 0.11238095238095239 0.017857142857142856 0.039047619047619046
1 0.909047619047619 0.09464285714285714 0.04476190476190476 0.017857142857142856
8 0.9223809523809523 0.08928571428571429 0.01238095238095238 0.017142857142857144
7 0.9571428571428572 0.07107142857142858 0.015238095238095238 0.02214285714285714
1 0.9266666666666666 0.07321428571428572 0.03238095238095238 0.023571428571428573
7 0.3280952380952381 0.07178571428571429 0.02 0.030714285714285715
5 0.63 0.5067857142857143 0.03142857142857143 0.047857142857142855
8 0.6309523809523809 0.5017857142857143 0.025714285714285714 0.019285714285714285
8 0.63 0.49642857142857144 0.01619047619047619 0.008571428571428572
5 0.6352380952380952 0.4014285714285714 0.03619047619047619 0.05714285714285714
5 0.6409523809523809 0.3435714285714286 0.03619047619047619 0.05
5 0.6447619047619048 0.2985714285714286 0.03428571428571429 0.03857142857142857
5 0.6704761904761904 0.27714285714285714 0.05904761904761904 0.045714285714285714
7 0.6033333333333333 0.2789285714285714 0.02 0.035
8 0.6542857142857142 0.2825 0.022857142857142857 0.02642857142857143