7 0.45285714285714285 0.08107142857142857 0.01619047619047619 0.029285714285714286
7 0.2847619047619047 0.2125 0.02476190476190476 0.029285714285714286
7 0.26285714285714284 0.22464285714285714 0.02476190476190476 0.023571428571428573
3 0.38904761904761903 0.15928571428571428 0.04666666666666666 0.06142857142857143
3 0.2733333333333333 0.06821428571428571 0.043809523809523805 0.05071428571428571
11 0.2561904761904762 0.10464285714285715 0.05523809523809523 0.052142857142857144
11 0.23238095238095235 0.1492857142857143 0.05523809523809523 0.05857142857142857
3 0.2038095238095238 0.22535714285714287 0.07047619047619047 0.06642857142857143
3 0.16428571428571428 0.295 0.08857142857142856 0.08142857142857143
11 0.11714285714285715 0.375 0.08952380952380952 0.09571428571428571
1 0.1595238095238095 0.4132142857142857 0.025714285714285714 0.03785714285714286
7 0.16666666666666666 0.3989285714285714 0.03428571428571429 0.02642857142857143
3 0.1419047619047619 0.5525 0.11619047619047618 0.12214285714285714
3 0.05857142857142857 0.4992857142857143 0.10571428571428572 0.11714285714285715
3 0.018214285714285714 0.659047619047619 0.03642857142857143 0.1019047619047619
3 0.5442857142857143 0.10214285714285715 0.037142857142857144 0.05285714285714286
3 0.6895238095238094 0.012857142857142857 0.08571428571428572 0.024285714285714285
3 0.7019047619047619 0.031071428571428573 0.08761904761904761 0.02642857142857143
3 0.7604761904761904 0.05035714285714286 0.06952380952380952 0.027857142857142858
5 0.7952380952380952 0.0075 0.03428571428571429 0.013571428571428571
11 0.6547619047619048 0.04535714285714286 0.09809523809523808 0.04214285714285714
11 0.7338095238095238 0.07142857142857142 0.1 0.03857142857142857
3 0.8157142857142857 0.09785714285714285 0.08666666666666667 0.032857142857142856
7 0.6042857142857143 0.054285714285714284 0.018095238095238095 0.025714285714285714
3 0.89 0.20892857142857144 0.10952380952380951 0.035
3 0.9295238095238094 0.25214285714285717 0.11619047619047618 0.05
3 0.779047619047619 0.2842857142857143 0.05714285714285714 0.06142857142857143
7 0.8133333333333332 0.25214285714285717 0.015238095238095238 0.03142857142857143
3 0.7147619047619047 0.29178571428571426 0.0638095238095238 0.06928571428571428
11 0.6876190476190476 0.22285714285714286 0.06476190476190476 0.06714285714285714
3 0.4942857142857143 0.27214285714285713 0.05714285714285714 0.08571428571428572
11 0.8295238095238094 0.6253571428571428 0.10666666666666666 0.13357142857142856
11 0.9233333333333332 0.6107142857142858 0.09619047619047619 0.12571428571428572
3 0.7128571428571429 0.7207142857142858 0.08095238095238094 0.054285714285714284
3 0.85 0.7271428571428571 0.09238095238095237 0.04285714285714286
11 0.9589285714285715 0.7209523809523809 0.08214285714285714 0.05333333333333334
5 0.9985714285714286 0.37523809523809526 0.002857142857142857 0.02
5 0.9971428571428571 0.3595238095238095 0.005714285714285714 0.024761904761904763
3 0.9989285714285714 0.43523809523809526 0.002142857142857143 0.05714285714285714
3 0.9975 0.6585714285714286 0.005 0.15619047619047619