3 0.23540609137055837 0.30428571428571427 0.08248730964467005 0.022857142857142857
3 0.15418781725888325 0.35178571428571426 0.11040609137055836 0.03785714285714285
3 0.54251269035533 0.27535714285714286 0.0799492385786802 0.03071428571428571
3 0.6421319796954315 0.27749999999999997 0.07106598984771574 0.023571428571428573
3 0.7131979695431472 0.22107142857142856 0.05583756345177665 0.015000000000000001
3 0.7766497461928934 0.22035714285714286 0.0634517766497462 0.016428571428571428
3 0.9219543147208121 0.23142857142857143 0.05964467005076142 0.017142857142857144
3 0.9757142857142858 0.2506345177664975 0.04857142857142857 0.017766497461928935
3 0.37753807106598986 0.53 0.08502538071065989 0.02857142857142857
3 0.47144670050761417 0.5425 0.09517766497461928 0.024999999999999998
3 0.6192893401015228 0.4089285714285714 0.07614213197969542 0.03071428571428571
3 0.6624365482233502 0.37749999999999995 0.07106598984771574 0.029285714285714286
2 0.6510152284263959 0.44571428571428573 0.22081218274111672 0.08714285714285713
7 0.3267766497461929 0.53 0.01649746192893401 0.015714285714285715
7 0.49555837563451777 0.5310714285714285 0.013959390862944163 0.013571428571428571
3 0.23667512690355333 0.2542857142857143 0.05710659898477158 0.014285714285714285
3 0.20748730964467005 0.24285714285714285 0.052030456852791875 0.012857142857142857
3 0.007142857142857143 0.24048223350253808 0.014285714285714285 0.013959390862944163
3 0.02982233502538071 0.23892857142857143 0.021573604060913708 0.013571428571428571
3 0.0583756345177665 0.2342857142857143 0.027918781725888325 0.014285714285714285
3 0.08819796954314721 0.22999999999999998 0.026649746192893398 0.015714285714285715
3 0.1148477157360406 0.22964285714285712 0.024111675126903553 0.016428571428571428
3 0.14022842639593908 0.22499999999999998 0.026649746192893398 0.014285714285714285
3 0.1637055837563452 0.22357142857142856 0.02538071065989848 0.015714285714285715
3 0.1865482233502538 0.21964285714285714 0.02538071065989848 0.016428571428571428
3 0.2265228426395939 0.19392857142857142 0.04187817258883249 0.015000000000000001
3 0.1218274111675127 0.20178571428571426 0.03553299492385787 0.012142857142857141
3 0.1383248730964467 0.19892857142857143 0.03553299492385787 0.012142857142857141
3 0.09961928934010152 0.19214285714285714 0.04187817258883249 0.015714285714285715
3 0.041243654822335024 0.14464285714285713 0.0317258883248731 0.016428571428571428
3 0.7455583756345178 0.19928571428571426 0.044416243654822336 0.011428571428571429