3 0.2819047619047619 0.7335714285714285 0.05714285714285714 0.03142857142857143
5 0.37142857142857144 0.5110714285714286 0.019047619047619046 0.019285714285714285
5 0.4776190476190476 0.35928571428571426 0.010476190476190476 0.017142857142857144
5 0.6014285714285714 0.18857142857142858 0.008571428571428572 0.01
5 0.6323809523809524 0.15785714285714286 0.005714285714285714 0.008571428571428572
5 0.6419047619047619 0.15678571428571428 0.007619047619047619 0.009285714285714286
5 0.6857142857142857 0.06571428571428571 0.0038095238095238095 0.005714285714285714
5 0.7014285714285714 0.04107142857142857 0.0047619047619047615 0.005
3 0.6709523809523809 0.09678571428571428 0.010476190476190476 0.009285714285714286
3 0.7961904761904761 0.20285714285714285 0.03238095238095238 0.01
3 0.7990476190476189 0.19678571428571429 0.030476190476190476 0.009285714285714286
3 0.7966666666666666 0.18892857142857142 0.035238095238095235 0.010714285714285714
3 0.7619047619047618 0.18214285714285713 0.022857142857142857 0.008571428571428572
3 0.7642857142857142 0.17821428571428571 0.02952380952380952 0.009285714285714286
11 0.7652380952380952 0.17357142857142857 0.025714285714285714 0.01
3 0.7657142857142857 0.16785714285714284 0.026666666666666665 0.008571428571428572
3 0.7671428571428571 0.16357142857142856 0.025714285714285714 0.01
3 0.7666666666666666 0.16107142857142856 0.02476190476190476 0.009285714285714286
3 0.8 0.1742857142857143 0.02857142857142857 0.01
3 0.7990476190476189 0.16642857142857143 0.022857142857142857 0.008571428571428572
3 0.8 0.16178571428571428 0.026666666666666665 0.007857142857142858
10 0.44 0.19464285714285715 0.026666666666666665 0.029285714285714286
10 0.49761904761904757 0.1457142857142857 0.050476190476190466 0.047142857142857146
10 0.6028571428571429 0.11285714285714285 0.043809523809523805 0.02
10 0.618095238095238 0.1025 0.03619047619047619 0.02642857142857143
10 0.6176190476190476 0.09464285714285714 0.04285714285714286 0.030714285714285715
10 0.6 0.08892857142857143 0.02095238095238095 0.02214285714285714
2 0.6285714285714286 0.13535714285714287 0.015238095238095238 0.019285714285714285
3 0.6966666666666667 0.17392857142857143 0.021904761904761903 0.009285714285714286
3 0.7014285714285714 0.16964285714285715 0.023809523809523805 0.009285714285714286
3 0.7023809523809523 0.1632142857142857 0.027619047619047616 0.007857142857142858
3 0.7038095238095238 0.15607142857142858 0.022857142857142857 0.010714285714285714
3 0.71 0.1492857142857143 0.025714285714285714 0.008571428571428572
1 0.4442857142857143 0.37392857142857144 0.008571428571428572 0.012142857142857143
9 0.568095238095238 0.3246428571428571 0.023809523809523805 0.016428571428571428
3 0.7219047619047618 0.022857142857142857 0.005714285714285714 0.005714285714285714
11 0.8295238095238094 0.007857142857142858 0.013333333333333332 0.005714285714285714
7 0.4085714285714286 0.2307142857142857 0.007619047619047619 0.01
7 0.6119047619047618 0.16535714285714287 0.0047619047619047615 0.009285714285714286
7 0.6161904761904762 0.16464285714285715 0.005714285714285714 0.007857142857142858
7 0.6119047619047618 0.15964285714285714 0.0047619047619047615 0.007857142857142858
8 0.6138095238095238 0.17857142857142858 0.0047619047619047615 0.005714285714285714
8 0.44380952380952376 0.3725 0.005714285714285714 0.009285714285714286
8 0.4776190476190476 0.35535714285714287 0.006666666666666666 0.007857142857142858
8 0.37 0.51 0.010476190476190476 0.012857142857142857