7 0.5066666666666666 0.6857142857142857 0.05142857142857143 0.09285714285714286
7 0.3619047619047619 0.4967857142857143 0.03238095238095238 0.05357142857142857
8 0.3719047619047619 0.48392857142857143 0.021904761904761903 0.030714285714285715
7 0.15619047619047619 0.3632142857142857 0.022857142857142857 0.035
7 0.6295238095238095 0.3792857142857143 0.019047619047619046 0.03
7 0.7376190476190475 0.3335714285714286 0.010476190476190476 0.018571428571428572
7 0.6009523809523809 0.43892857142857145 0.02095238095238095 0.04357142857142857
7 0.61 0.4357142857142857 0.01238095238095238 0.037142857142857144
7 0.568095238095238 0.4432142857142857 0.02 0.04071428571428572
7 0.55 0.4407142857142857 0.02 0.041428571428571426
7 0.5280952380952381 0.4392857142857143 0.02 0.041428571428571426
7 0.5157142857142857 0.4367857142857143 0.018095238095238095 0.04071428571428572
7 0.5142857142857142 0.4342857142857143 0.019047619047619046 0.041428571428571426
7 0.519047619047619 0.42928571428571427 0.019047619047619046 0.04428571428571428
7 0.54 0.41928571428571426 0.02095238095238095 0.03571428571428571
7 0.5914285714285714 0.42428571428571427 0.022857142857142857 0.041428571428571426
7 0.6071428571428571 0.4317857142857143 0.02 0.04071428571428572
8 0.5923809523809523 0.44142857142857145 0.017142857142857144 0.022857142857142857
8 0.5933333333333333 0.43642857142857144 0.02095238095238095 0.02857142857142857
8 0.5695238095238094 0.43107142857142855 0.02095238095238095 0.02642857142857143
8 0.5547619047619048 0.43 0.021904761904761903 0.03142857142857143
8 0.669047619047619 0.42678571428571427 0.037142857142857144 0.02642857142857143
8 0.669047619047619 0.41892857142857143 0.025714285714285714 0.02642857142857143
8 0.6828571428571428 0.4042857142857143 0.022857142857142857 0.03142857142857143
8 0.7304761904761905 0.4075 0.030476190476190476 0.02642857142857143
8 0.6676190476190476 0.4007142857142857 0.017142857142857144 0.02857142857142857
8 0.82 0.37535714285714283 0.017142857142857144 0.02214285714285714
8 0.8723809523809524 0.35428571428571426 0.009523809523809523 0.018571428571428572
8 0.8833333333333332 0.35678571428571426 0.014285714285714285 0.013571428571428571
8 0.9509523809523809 0.3435714285714286 0.01619047619047619 0.02
8 0.988095238095238 0.33785714285714286 0.01619047619047619 0.014285714285714285
7 0.9004761904761903 0.34785714285714286 0.01238095238095238 0.017142857142857144
7 0.8657142857142858 0.3703571428571429 0.015238095238095238 0.02214285714285714
5 0.9019047619047618 0.3525 0.022857142857142857 0.010714285714285714
5 0.7442857142857143 0.39571428571428574 0.04095238095238095 0.022857142857142857
1 0.6304761904761904 0.4307142857142857 0.04 0.024285714285714285
1 0.6271428571428571 0.4228571428571429 0.03333333333333333 0.024285714285714285
5 0.65 0.4110714285714286 0.04285714285714286 0.023571428571428573
1 0.4952380952380952 0.43714285714285717 0.022857142857142857 0.03
1 0.4928571428571429 0.4442857142857143 0.04857142857142857 0.024285714285714285
1 0.4942857142857143 0.45 0.043809523809523805 0.024285714285714285
5 0.45619047619047615 0.4467857142857143 0.04952380952380952 0.039285714285714285
5 0.4757142857142857 0.44 0.035238095238095235 0.03428571428571429
3 0.13952380952380952 0.31607142857142856 0.0676190476190476 0.02214285714285714
3 0.1442857142857143 0.31535714285714284 0.06571428571428571 0.019285714285714285
3 0.2552380952380952 0.31357142857142856 0.06666666666666667 0.02
3 0.2333333333333333 0.3125 0.06857142857142857 0.020714285714285713
3 0.2180952380952381 0.3067857142857143 0.06285714285714286 0.023571428571428573
3 0.4328571428571429 0.3082142857142857 0.06 0.015
3 0.4919047619047619 0.3175 0.07523809523809523 0.02642857142857143
3 0.41238095238095235 0.30392857142857144 0.05714285714285714 0.017857142857142856
4 0.5038095238095237 0.295 0.08761904761904761 0.02
8 0.8038095238095238 0.33714285714285713 0.026666666666666665 0.01
2 0.7009523809523809 0.3003571428571429 0.09333333333333332 0.029285714285714286