7 0.20037105751391465 0.44363256784968685 0.025974025974025972 0.02296450939457203
8 0.10899814471243043 0.459812108559499 0.026901669758812616 0.016701461377870565
9 0.1331168831168831 0.4671189979123174 0.08627087198515769 0.027139874739039668
8 0.3696660482374768 0.5070459290187892 0.02504638218923933 0.01931106471816284
8 0.3942486085343228 0.5169624217118998 0.025974025974025972 0.027661795407098125
8 0.41233766233766234 0.5117432150313153 0.023191094619666047 0.01722338204592902
5 0.3682745825602968 0.5122651356993737 0.03710575139146567 0.027661795407098125
5 0.398886827458256 0.5193110647181629 0.04823747680890538 0.02505219206680585
3 0.41883116883116883 0.3700417536534447 0.11410018552875695 0.04070981210855951
3 0.4397031539888682 0.3494258872651357 0.09833024118738404 0.027661795407098125
7 0.35482374768089053 0.2896659707724426 0.015769944341372914 0.017745302713987474
8 0.4327458256029684 0.29018789144050106 0.017625231910946195 0.011482254697286014
9 0.4276437847866419 0.30114822546972864 0.04823747680890538 0.02609603340292276
9 0.47263450834879406 0.29201461377870563 0.04545454545454545 0.01722338204592902
9 0.5612244897959183 0.30349686847599167 0.05380333951762523 0.028705636743215034
5 0.6391465677179962 0.255741127348643 0.018552875695732836 0.013569937369519834
7 0.6015769944341373 0.24269311064718163 0.013914656771799629 0.014613778705636744
7 0.6637291280148423 0.24478079331941546 0.01020408163265306 0.015657620041753657
8 0.6433209647495362 0.24034446764091863 0.013914656771799629 0.009916492693110648
8 0.6549165120593691 0.23930062630480167 0.012987012987012986 0.008872651356993737
5 0.6716141001855288 0.23251565762004178 0.02040816326530612 0.012004175365344469
5 0.6465677179962893 0.2335594989561587 0.016697588126159554 0.012004175365344469
5 0.6558441558441559 0.22651356993736954 0.02040816326530612 0.009394572025052193
5 0.6674397031539888 0.22364300626304803 0.02133580705009276 0.007828810020876828
5 0.6859925788497218 0.21737995824634657 0.026901669758812616 0.008872651356993737
9 0.686456400742115 0.2147703549060543 0.022263450834879406 0.007828810020876828
5 0.7156771799628941 0.19885177453027142 0.01948051948051948 0.009394572025052193
5 0.7592764378478664 0.21320459290187893 0.026901669758812616 0.01096033402922756
9 0.7713358070500927 0.20485386221294363 0.032467532467532464 0.009916492693110648
5 0.7745825602968459 0.22103340292275578 0.027829313543599257 0.012004175365344469
9 0.7323747680890538 0.23225469728601253 0.04359925788497217 0.013569937369519834
1 0.7096474953617811 0.23903966597077247 0.012987012987012986 0.012526096033402925
0 0.7968460111317254 0.1993736951983299 0.03710575139146567 0.016701461377870565
0 0.8056586270871985 0.1959812108559499 0.034322820037105746 0.016179540709812108
0 0.8135435992578849 0.1938935281837161 0.03339517625231911 0.014091858037578288
9 0.8246753246753247 0.19128392484342382 0.03525046382189239 0.01096033402922756
0 0.8256029684601113 0.18684759916492696 0.04638218923933209 0.014613778705636744
3 0.8687384044526901 0.18475991649269313 0.06029684601113172 0.013569937369519834
8 0.8432282003710574 0.17327766179540713 0.011131725417439703 0.008350730688935283
3 0.8358070500927643 0.17249478079331942 0.05936920222634508 0.01304801670146138
3 0.8571428571428571 0.16544885177453028 0.051948051948051945 0.012526096033402925
3 0.7193877551020408 0.17249478079331942 0.04359925788497217 0.0151356993736952
7 0.8288497217068644 0.1589248434237996 0.008348794063079777 0.009916492693110648
5 0.8167903525046382 0.15944676409185807 0.017625231910946195 0.007828810020876828
9 0.8747680890538032 0.1581419624217119 0.03525046382189239 0.012526096033402925
5 0.8947124304267161 0.14822546972860126 0.01948051948051948 0.008350730688935283
5 0.8274582560296845 0.14822546972860126 0.01484230055658627 0.007306889352818372
5 0.8979591836734693 0.13387265135699375 0.011131725417439703 0.005741127348643007
10 0.9308905380333952 0.14900835073068894 0.05844155844155843 0.014091858037578288
5 0.8641001855287569 0.1524008350730689 0.01948051948051948 0.009394572025052193
10 0.9828385899814471 0.1383089770354906 0.034322820037105746 0.017745302713987474
10 0.9926931106471816 0.12755102040816327 0.014613778705636743 0.013914656771799629
8 0.9123376623376622 0.19415448851774533 0.008348794063079777 0.010438413361169102
1 0.911873840445269 0.1967640918580376 0.009276437847866418 0.009394572025052193
3 0.9332096474953617 0.23016701461377875 0.03710575139146567 0.02296450939457203
9 0.9963465553235908 0.23794063079777367 0.007306889352818371 0.022263450834879406
3 0.910482374768089 0.2497390396659708 0.04359925788497217 0.023486430062630483
8 0.9772727272727272 0.2612212943632568 0.015769944341372914 0.009916492693110648
9 0.9744897959183674 0.2667014613778706 0.028756957328385898 0.02192066805845512
3 0.8826530612244897 0.2721816283924844 0.05102040816326531 0.027661795407098125
10 0.8135435992578849 0.2497390396659708 0.05009276437847866 0.03183716075156577
10 0.8265306122448979 0.31445720250521925 0.07050092764378478 0.05688935281837161
7 0.6442486085343228 0.47964509394572036 0.02133580705009276 0.024008350730688938
7 0.6999072356215212 0.4879958246346555 0.032467532467532464 0.027139874739039668
8 0.8803339517625232 0.49634655532359084 0.022263450834879406 0.02192066805845512
5 0.8798701298701298 0.497651356993737 0.026901669758812616 0.03183716075156577