3 0.7133333333333333 0.62 0.31047619047619046 0.12571428571428572
3 0.6904761904761905 0.35 0.15238095238095237 0.06
3 0.06142857142857143 0.5004761904761905 0.12285714285714286 0.09238095238095238
3 0.19476190476190475 0.3796428571428571 0.1876190476190476 0.06785714285714285
7 0.7061904761904761 0.3182142857142857 0.025714285714285714 0.029285714285714286
3 0.20047619047619045 0.25642857142857145 0.11142857142857143 0.041428571428571426
3 0.3514285714285714 0.27071428571428574 0.11619047619047618 0.04285714285714286
8 0.9823809523809524 0.2782142857142857 0.018095238095238095 0.029285714285714286
5 0.9753571428571428 0.2823809523809524 0.04928571428571429 0.02666666666666667
8 0.9957142857142857 0.22333333333333333 0.008571428571428572 0.01904761904761905
9 0.9932142857142857 0.2338095238095238 0.013571428571428571 0.02761904761904762
8 0.98 0.15107142857142858 0.009523809523809523 0.015
1 0.9790476190476189 0.15571428571428572 0.022857142857142857 0.011428571428571429
3 0.9442857142857143 0.12571428571428572 0.039047619047619046 0.03
3 0.9939285714285714 0.11619047619047619 0.012142857142857143 0.018095238095238095
3 0.98 0.11178571428571428 0.026666666666666665 0.016428571428571428
3 0.9590476190476189 0.10535714285714286 0.02857142857142857 0.016428571428571428
3 0.9685714285714285 0.08285714285714285 0.030476190476190476 0.014285714285714285
3 0.9247619047619047 0.09357142857142857 0.03428571428571429 0.02142857142857143
10 0.5219047619047619 0.2646428571428571 0.1676190476190476 0.07357142857142857