3 0.49873096446700504 0.5117857142857143 0.03553299492385787 0.05499999999999999
6 0.8236040609137056 0.3921428571428571 0.030456852791878174 0.04
6 0.8115482233502538 0.3382142857142857 0.02918781725888325 0.03357142857142857
11 0.9985714285714286 0.4796954314720812 0.002857142857142857 0.030456852791878174
3 0.9975 0.42576142131979694 0.005 0.0266497461928934
3 0.9785714285714285 0.4029187817258883 0.04285714285714286 0.02918781725888325
3 0.9607142857142857 0.35406091370558374 0.07857142857142857 0.02918781725888325
3 0.9352791878172588 0.30642857142857144 0.06852791878172589 0.027142857142857142
3 0.9492385786802031 0.33035714285714285 0.07614213197969542 0.027857142857142858
3 0.9689086294416244 0.24142857142857144 0.04695431472081218 0.037142857142857144
3 0.9073604060913705 0.15285714285714286 0.04568527918781726 0.037142857142857144
11 0.9810714285714286 0.1916243654822335 0.03785714285714286 0.03426395939086294
10 0.9289340101522843 0.11964285714285713 0.05076142131979696 0.04071428571428572
11 0.9925 0.08756345177664974 0.015 0.03553299492385787
10 0.8807106598984772 0.20857142857142857 0.07106598984771574 0.07428571428571429
10 0.8236040609137056 0.2092857142857143 0.06852791878172589 0.09
10 0.7557106598984772 0.19714285714285715 0.08248730964467005 0.10142857142857142
10 0.7855329949238579 0.1285714285714286 0.06852791878172589 0.07428571428571429
10 0.833756345177665 0.0707142857142857 0.09137055837563451 0.08857142857142856
11 0.8635786802030457 0.04642857142857142 0.049492385786802026 0.03571428571428571
3 0.7760152284263959 0.08321428571428571 0.0317258883248731 0.034999999999999996
3 0.7512690355329948 0.05071428571428571 0.05076142131979696 0.037142857142857144