7 0.6802030456852791 0.2789285714285714 0.02030456852791878 0.019285714285714285
7 0.6637055837563451 0.2789285714285714 0.015228426395939087 0.017857142857142856
7 0.7614213197969543 0.4875 0.02284263959390863 0.020714285714285713
8 0.8426395939086295 0.5114285714285713 0.015228426395939087 0.011428571428571429
7 0.9600253807106599 0.535 0.026649746192893398 0.012857142857142857
8 0.7684010152284264 0.38321428571428573 0.021573604060913708 0.013571428571428571
8 0.7690355329949239 0.37607142857142856 0.015228426395939087 0.010714285714285714
8 0.7671319796954316 0.37 0.019035532994923856 0.01
7 0.9168781725888324 0.5478571428571428 0.019035532994923856 0.011428571428571429
7 0.6973350253807107 0.030000000000000002 0.01649746192893401 0.018571428571428572
8 0.9130710659898478 0.3125 0.03426395939086294 0.010714285714285714
8 0.9910714285714286 0.43147208121827413 0.017857142857142856 0.017766497461928935