3 0.8451776649746193 0.5189285714285714 0.05076142131979696 0.04642857142857142
3 0.8534263959390863 0.4471428571428571 0.044416243654822336 0.04
3 0.6751269035532994 0.4271428571428571 0.03807106598984771 0.03142857142857143
3 0.9860714285714286 0.2918781725888325 0.027857142857142858 0.024111675126903553
3 0.9359137055837563 0.26999999999999996 0.0317258883248731 0.025714285714285714
3 0.8559644670050761 0.2446428571428571 0.024111675126903553 0.016428571428571428
3 0.9219543147208121 0.20964285714285713 0.026649746192893398 0.020714285714285713
3 0.8197969543147208 0.21285714285714283 0.02538071065989848 0.015714285714285715
3 0.5723350253807107 0.3264285714285714 0.030456852791878174 0.024285714285714282
3 0.6116751269035533 0.20249999999999999 0.03807106598984771 0.013571428571428571
3 0.7296954314720812 0.14892857142857144 0.02284263959390863 0.010714285714285714
3 0.7741116751269036 0.12071428571428572 0.017766497461928935 0.008571428571428572
3 0.1199238578680203 0.34464285714285714 0.04695431472081218 0.02214285714285714
3 0.13324873096446702 0.3675 0.05076142131979696 0.02214285714285714
3 0.09644670050761421 0.3939285714285714 0.06091370558375635 0.024999999999999998
3 0.10532994923857869 0.2914285714285714 0.03299492385786802 0.014285714285714285
3 0.1453045685279188 0.2857142857142857 0.03934010152284264 0.014285714285714285
3 0.1269035532994924 0.3021428571428571 0.027918781725888325 0.014285714285714285
3 0.15672588832487308 0.24607142857142858 0.02918781725888325 0.015000000000000001
3 0.1871827411167513 0.24535714285714286 0.03426395939086294 0.012142857142857141
3 0.309010152284264 0.16785714285714287 0.0317258883248731 0.01
3 0.14593908629441624 0.13285714285714287 0.030456852791878174 0.008571428571428572
3 0.06852791878172589 0.1607142857142857 0.03553299492385787 0.007142857142857143
3 0.09898477157360405 0.14821428571428572 0.030456852791878174 0.007857142857142858
11 0.3204314720812183 0.16142857142857142 0.0317258883248731 0.011428571428571429
3 0.34010152284263956 0.1607142857142857 0.02538071065989848 0.008571428571428572
11 0.35088832487309646 0.15642857142857142 0.02918781725888325 0.011428571428571429
11 0.3623096446700508 0.15 0.02918781725888325 0.011428571428571429
11 0.309010152284264 0.15 0.03426395939086294 0.01
11 0.3299492385786802 0.14892857142857144 0.030456852791878174 0.012142857142857141
3 0.02030456852791878 0.16249999999999998 0.027918781725888325 0.010714285714285714
3 0.03299492385786802 0.15892857142857142 0.030456852791878174 0.012142857142857141
3 0.08375634517766498 0.15607142857142856 0.02538071065989848 0.007857142857142858
11 0.019035532994923856 0.14928571428571427 0.03553299492385787 0.011428571428571429
3 0.048223350253807105 0.15428571428571428 0.02030456852791878 0.008571428571428572
3 0.0634517766497462 0.1525 0.02030456852791878 0.007857142857142858
3 0.08375634517766498 0.15535714285714286 0.02284263959390863 0.009285714285714286
3 0.06789340101522842 0.15678571428571428 0.019035532994923856 0.007857142857142858
3 0.07360406091370558 0.15035714285714286 0.02284263959390863 0.007857142857142858
3 0.35406091370558374 0.14392857142857143 0.02284263959390863 0.007857142857142858
3 0.3623096446700508 0.14607142857142857 0.024111675126903553 0.0064285714285714285
3 0.31218274111675126 0.14392857142857143 0.030456852791878174 0.007857142857142858
11 0.10215736040609136 0.14178571428571426 0.044416243654822336 0.012142857142857141
10 0.2480964467005076 0.12071428571428572 0.05710659898477158 0.015714285714285715
10 0.5253807106598984 0.16499999999999998 0.02538071065989848 0.027142857142857142
10 0.5697969543147209 0.21928571428571428 0.05583756345177665 0.027142857142857142
11 0.4961928934010152 0.2689285714285714 0.04568527918781726 0.02214285714285714
11 0.7595177664974619 0.2407142857142857 0.021573604060913708 0.017142857142857144
3 0.8312182741116751 0.16392857142857142 0.02030456852791878 0.010714285714285714
3 0.8629441624365483 0.14035714285714285 0.017766497461928935 0.010714285714285714
3 0.8356598984771574 0.12678571428571428 0.01649746192893401 0.010714285714285714
3 0.8559644670050761 0.11392857142857143 0.01649746192893401 0.012142857142857141
3 0.8826142131979696 0.09964285714285713 0.013959390862944163 0.007857142857142858
3 0.7868020304568527 0.11214285714285714 0.015228426395939087 0.008571428571428572
3 0.8350253807106599 0.09035714285714284 0.015228426395939087 0.007857142857142858
3 0.8166243654822335 0.08035714285714285 0.013959390862944163 0.0064285714285714285
3 0.7791878172588833 0.08464285714285714 0.015228426395939087 0.0064285714285714285
3 0.7817258883248732 0.06749999999999999 0.01269035532994924 0.007857142857142858
3 0.8229695431472082 0.07178571428571429 0.013959390862944163 0.0064285714285714285
3 0.7392131979695432 0.06678571428571428 0.013959390862944163 0.0064285714285714285
3 0.7277918781725888 0.060714285714285714 0.011421319796954314 0.007142857142857143
3 0.5253807106598984 0.03464285714285714 0.01269035532994924 0.005
3 0.565989847715736 0.03607142857142857 0.01269035532994924 0.005
3 0.5888324873096447 0.038214285714285715 0.01015228426395939 0.005
3 0.675761421319797 0.05035714285714286 0.013959390862944163 0.005
3 0.6852791878172589 0.048928571428571425 0.01269035532994924 0.005
3 0.549492385786802 0.03071428571428571 0.01269035532994924 0.004285714285714286
3 0.5329949238578681 0.03321428571428572 0.015228426395939087 0.005
10 0.7899746192893401 0.09964285714285713 0.019035532994923856 0.015000000000000001
10 0.8242385786802031 0.0975 0.019035532994923856 0.015000000000000001
2 0.8083756345177665 0.27285714285714285 0.03553299492385787 0.03428571428571429
2 0.6072335025380711 0.3435714285714286 0.052030456852791875 0.07142857142857142
11 0.8432741116751268 0.06999999999999999 0.01649746192893401 0.008571428571428572
10 0.6694162436548223 0.03892857142857143 0.024111675126903553 0.009285714285714286
10 0.6243654822335025 0.03428571428571429 0.02030456852791878 0.008571428571428572
3 0.6370558375634517 0.04 0.01015228426395939 0.005714285714285714
3 0.6833756345177665 0.04428571428571428 0.013959390862944163 0.005714285714285714
3 0.5 0.029285714285714286 0.01269035532994924 0.004285714285714286
2 0.04568527918781726 0.26999999999999996 0.08883248730964467 0.03571428571428571
2 0.14593908629441624 0.31642857142857145 0.04060913705583756 0.032857142857142856
2 0.031785714285714285 0.41878172588832485 0.06357142857142857 0.04060913705583756