4 0.6685714285714286 0.13 0.019047619047619046 0.018571428571428572
4 0.6680952380952381 0.17035714285714285 0.0047619047619047615 0.005
4 0.649047619047619 0.1457142857142857 0.010476190476190476 0.011428571428571429
4 0.62 0.13785714285714284 0.007619047619047619 0.01
4 0.6423809523809523 0.08964285714285715 0.021904761904761903 0.009285714285714286
4 0.6838095238095238 0.047857142857142855 0.03238095238095238 0.02
4 0.6514285714285715 0.05928571428571429 0.015238095238095238 0.011428571428571429
11 0.7933333333333332 0.4117857142857143 0.06285714285714286 0.027857142857142858
11 0.7209523809523809 0.425 0.05904761904761904 0.025714285714285714
11 0.9071428571428571 0.36642857142857144 0.04285714285714286 0.017142857142857144
11 0.68 0.5460714285714285 0.026666666666666665 0.03785714285714286
11 0.9957142857142857 0.6052380952380952 0.008571428571428572 0.05333333333333334
7 0.4257142857142857 0.315 0.005714285714285714 0.017142857142857144
10 0.5819047619047619 0.42214285714285715 0.06285714285714286 0.08285714285714285
6 0.409047619047619 0.3464285714285714 0.021904761904761903 0.027142857142857142
6 0.5452380952380952 0.22285714285714286 0.04095238095238095 0.017142857142857144
7 0.5723809523809523 0.2282142857142857 0.005714285714285714 0.009285714285714286
11 0.6876190476190476 0.38357142857142856 0.019047619047619046 0.017142857142857144
11 0.6923809523809523 0.3653571428571429 0.017142857142857144 0.019285714285714285
3 0.6919047619047619 0.2042857142857143 0.01238095238095238 0.008571428571428572
3 0.6952380952380952 0.22892857142857143 0.013333333333333332 0.009285714285714286
3 0.9142857142857143 0.3817857142857143 0.04761904761904761 0.017857142857142856
7 0.9261904761904761 0.3475 0.014285714285714285 0.012142857142857143
5 0.9595238095238094 0.37607142857142856 0.021904761904761903 0.013571428571428571
7 0.7538095238095237 0.31392857142857145 0.0047619047619047615 0.010714285714285714
7 0.7371428571428571 0.3067857142857143 0.0038095238095238095 0.010714285714285714
9 0.6552380952380952 0.2975 0.013333333333333332 0.013571428571428571
3 0.7133333333333333 0.5989285714285715 0.03428571428571429 0.05071428571428571
3 0.7152380952380952 0.5446428571428571 0.030476190476190476 0.04642857142857143
3 0.6809523809523809 0.47714285714285715 0.043809523809523805 0.03428571428571429
5 0.8504761904761904 0.5053571428571428 0.009523809523809523 0.013571428571428571
8 0.8504761904761904 0.5003571428571428 0.005714285714285714 0.013571428571428571
4 0.948095238095238 0.3578571428571429 0.01619047619047619 0.02
4 0.968095238095238 0.39107142857142857 0.023809523809523805 0.012142857142857143
4 0.6771428571428572 0.09464285714285714 0.015238095238095238 0.029285714285714286
4 0.6709523809523809 0.0675 0.027619047619047616 0.015
10 0.1833333333333333 0.21392857142857144 0.03142857142857143 0.012142857142857143
4 0.44476190476190475 0.2032142857142857 0.011428571428571429 0.0064285714285714285
7 0.16857142857142857 0.5275 0.015238095238095238 0.015
5 0.3433333333333333 0.43964285714285717 0.021904761904761903 0.015
10 0.6033333333333333 0.08535714285714285 0.010476190476190476 0.010714285714285714
10 0.5885714285714285 0.09535714285714286 0.009523809523809523 0.007857142857142858
3 0.5085714285714286 0.145 0.009523809523809523 0.007142857142857143