7 0.9266666666666666 0.7414285714285714 0.02476190476190476 0.015714285714285715
7 0.9171428571428571 0.6875 0.019047619047619046 0.025
7 0.9057142857142857 0.6892857142857143 0.02095238095238095 0.025714285714285714
7 0.9676190476190475 0.21392857142857144 0.011428571428571429 0.015
7 0.9714285714285714 0.20714285714285716 0.009523809523809523 0.011428571428571429
7 0.9628571428571429 0.20892857142857144 0.009523809523809523 0.015
7 0.9552380952380952 0.21035714285714285 0.009523809523809523 0.013571428571428571
7 0.9576190476190475 0.2032142857142857 0.006666666666666666 0.012142857142857143
7 0.9509523809523809 0.20392857142857143 0.008571428571428572 0.013571428571428571
7 0.5985714285714285 0.5703571428571429 0.02 0.02214285714285714
7 0.76 0.6425 0.02095238095238095 0.019285714285714285
7 0.7633333333333332 0.6371428571428571 0.01619047619047619 0.018571428571428572
7 0.7780952380952381 0.6139285714285714 0.022857142857142857 0.016428571428571428
7 0.7371428571428571 0.6228571428571429 0.013333333333333332 0.02142857142857143
7 0.7404761904761904 0.6146428571428572 0.01238095238095238 0.02214285714285714
7 0.7004761904761905 0.6217857142857143 0.014285714285714285 0.017857142857142856
7 0.6671428571428571 0.5985714285714285 0.021904761904761903 0.02142857142857143
7 0.4919047619047619 0.555 0.01238095238095238 0.018571428571428572
7 0.4928571428571429 0.5478571428571428 0.01238095238095238 0.018571428571428572
7 0.5285714285714286 0.5303571428571429 0.017142857142857144 0.02214285714285714
7 0.52 0.5203571428571429 0.011428571428571429 0.020714285714285713
7 0.5 0.5285714285714286 0.013333333333333332 0.02
7 0.45904761904761904 0.5417857142857143 0.015238095238095238 0.02214285714285714
7 0.3442857142857143 0.5010714285714286 0.01619047619047619 0.020714285714285713
7 0.3557142857142857 0.49642857142857144 0.014285714285714285 0.022857142857142857
7 0.2533333333333333 0.4228571428571429 0.015238095238095238 0.018571428571428572
7 0.23095238095238094 0.42178571428571426 0.01619047619047619 0.02214285714285714
7 0.21428571428571427 0.42892857142857144 0.019047619047619046 0.020714285714285713
7 0.16095238095238093 0.3364285714285714 0.015238095238095238 0.018571428571428572
7 0.1419047619047619 0.3410714285714286 0.017142857142857144 0.017857142857142856
7 0.14714285714285713 0.33714285714285713 0.01619047619047619 0.02
7 0.06952380952380952 0.3221428571428571 0.015238095238095238 0.015714285714285715
7 0.07619047619047618 0.32142857142857145 0.013333333333333332 0.015714285714285715
7 0.025714285714285714 0.2935714285714286 0.015238095238095238 0.015714285714285715
7 0.047142857142857146 0.29035714285714287 0.014285714285714285 0.015
7 0.05333333333333333 0.2867857142857143 0.013333333333333332 0.015
7 0.015238095238095238 0.23035714285714284 0.009523809523809523 0.013571428571428571
7 0.02476190476190476 0.23142857142857143 0.015238095238095238 0.014285714285714285
7 0.047142857142857146 0.21464285714285714 0.010476190476190476 0.012142857142857143
7 0.054285714285714284 0.21392857142857144 0.011428571428571429 0.013571428571428571
7 0.06047619047619047 0.20892857142857144 0.014285714285714285 0.013571428571428571
4 0.19238095238095237 0.1667857142857143 0.08761904761904761 0.029285714285714286
7 0.5728571428571428 0.07785714285714286 0.006666666666666666 0.008571428571428572
7 0.5842857142857143 0.08357142857142857 0.0047619047619047615 0.01
7 0.5914285714285714 0.08571428571428572 0.005714285714285714 0.008571428571428572
7 0.5895238095238095 0.0825 0.005714285714285714 0.007857142857142858
7 0.5966666666666666 0.08178571428571428 0.0047619047619047615 0.007857142857142858
7 0.6242857142857143 0.08142857142857143 0.0047619047619047615 0.007142857142857143
7 0.6276190476190476 0.08107142857142857 0.005714285714285714 0.007857142857142858
7 0.6342857142857142 0.09285714285714286 0.005714285714285714 0.01
7 0.6671428571428571 0.10821428571428572 0.006666666666666666 0.012142857142857143
7 0.6742857142857143 0.10857142857142857 0.005714285714285714 0.011428571428571429
7 0.6785714285714286 0.1075 0.006666666666666666 0.012142857142857143
7 0.6847619047619047 0.10714285714285714 0.005714285714285714 0.011428571428571429
7 0.7014285714285714 0.10535714285714286 0.0047619047619047615 0.010714285714285714
7 0.6447619047619048 0.08071428571428571 0.005714285714285714 0.008571428571428572
4 0.6828571428571428 0.08821428571428572 0.07428571428571429 0.013571428571428571
6 0.78 0.09 0.011428571428571429 0.011428571428571429