3 0.7601522842639594 0.46285714285714286 0.02538071065989848 0.027142857142857142
3 0.9105329949238579 0.29892857142857143 0.044416243654822336 0.015000000000000001
11 0.9511421319796954 0.2760714285714286 0.044416243654822336 0.016428571428571428
10 0.8045685279187818 0.21928571428571428 0.05583756345177665 0.02
7 0.7988578680203046 0.2089285714285714 0.008883248730964468 0.0064285714285714285
11 0.6199238578680203 0.34249999999999997 0.049492385786802026 0.016428571428571428
3 0.6313451776649747 0.32785714285714285 0.04695431472081218 0.017142857142857144
3 0.5469543147208121 0.3275 0.043147208121827416 0.015000000000000001
3 0.47842639593908626 0.31357142857142856 0.04060913705583756 0.014285714285714285
10 0.5342639593908629 0.30142857142857143 0.07106598984771574 0.024285714285714282
11 0.5361675126903553 0.2607142857142857 0.049492385786802026 0.015714285714285715
11 0.26586294416243655 0.23107142857142854 0.026649746192893398 0.02214285714285714
3 0.7442893401015228 0.016071428571428573 0.019035532994923856 0.016428571428571428