3 0.774746192893401 0.29285714285714287 0.05710659898477158 0.045714285714285714
3 0.6713197969543148 0.4428571428571428 0.0583756345177665 0.054285714285714284
3 0.1300761421319797 0.34 0.10279187817258882 0.03428571428571429
3 0.7607868020304568 0.39999999999999997 0.06218274111675127 0.04428571428571428
3 0.8959390862944162 0.28607142857142853 0.053299492385786795 0.04071428571428572
3 0.8851522842639594 0.23857142857142855 0.05964467005076142 0.045714285714285714
3 0.9657360406091371 0.16535714285714287 0.04568527918781726 0.03642857142857143
3 0.9079949238578681 0.13285714285714287 0.049492385786802026 0.03857142857142857
3 0.3546954314720812 0.4564285714285714 0.11040609137055836 0.03571428571428571
3 0.34390862944162437 0.3814285714285714 0.08883248730964467 0.032857142857142856
3 0.24238578680203046 0.42964285714285716 0.09390862944162436 0.034999999999999996
2 0.27855329949238583 0.3996428571428571 0.2601522842639594 0.07785714285714286
11 0.4727157360406091 0.4089285714285714 0.11040609137055836 0.039285714285714285
2 0.06464285714285714 0.35406091370558374 0.12928571428571428 0.05203045685279188
11 0.024285714285714285 0.3115482233502538 0.04857142857142857 0.030456852791878174
11 0.7633248730964467 0.47678571428571426 0.06472081218274112 0.05071428571428571
11 0.8407360406091371 0.40035714285714286 0.06725888324873097 0.053571428571428575
11 0.9663705583756345 0.06642857142857143 0.04187817258883249 0.03571428571428571