0 0.5064935064935064 0.1808455114822547 0.03525046382189239 0.01304801670146138
9 0.5445269016697588 0.183455114822547 0.04267161410018552 0.016179540709812108
0 0.47077922077922074 0.18006263048016705 0.032467532467532464 0.009394572025052193
11 0.6001855287569573 0.22025052192066807 0.05936920222634508 0.02609603340292276
5 0.42903525046382185 0.5477557411273487 0.041743970315398886 0.01722338204592902
5 0.43367346938775503 0.5401878914405012 0.034322820037105746 0.015657620041753657
5 0.4522263450834879 0.5331419624217119 0.041743970315398886 0.01722338204592902
5 0.49397031539888675 0.5260960334029228 0.032467532467532464 0.02609603340292276
7 0.6590909090909091 0.48147181628392494 0.013914656771799629 0.0151356993736952
7 0.6150278293135435 0.49582463465553245 0.012987012987012986 0.018789144050104387
7 0.6289424860853432 0.4994780793319416 0.022263450834879406 0.02505219206680585
5 0.6187384044526901 0.4478079331941545 0.04081632653061224 0.020876826722338204
5 0.648886827458256 0.4269311064718163 0.028756957328385898 0.012526096033402925
5 0.6669758812615955 0.4235386221294364 0.027829313543599257 0.014091858037578288
5 0.6846011131725417 0.41022964509394577 0.03710575139146567 0.016701461377870565
7 0.884508348794063 0.4697286012526097 0.01948051948051948 0.020876826722338204
3 0.8474025974025974 0.477035490605428 0.1196660482374768 0.04175365344467641
0 0.7175324675324676 0.5464509394572026 0.10111317254174397 0.0302713987473904
7 0.6001855287569573 0.4634655532359082 0.011131725417439703 0.009394572025052193
5 0.8896103896103895 0.32332985386221297 0.03339517625231911 0.012004175365344469
0 0.910482374768089 0.3053235908141963 0.04916512059369202 0.020876826722338204
9 0.9485157699443413 0.329070981210856 0.038033395176252316 0.0151356993736952
7 0.9921150278293135 0.2601774530271399 0.012059369202226345 0.016179540709812108
5 0.997651356993737 0.24211502782931354 0.004697286012526096 0.00927643784786642
9 0.997651356993737 0.23794063079777367 0.004697286012526096 0.012987012987012988
5 0.9081632653061225 0.5443632567849688 0.02968460111317254 0.03131524008350731
8 0.9100185528756957 0.5438413361169103 0.027829313543599257 0.017745302713987474