3 0.39952380952380945 0.5357142857142857 0.07714285714285714 0.12285714285714286
3 0.4114285714285714 0.4010714285714286 0.07047619047619047 0.11214285714285714
3 0.429047619047619 0.2714285714285714 0.0619047619047619 0.10142857142857142
10 0.44 0.14214285714285715 0.07809523809523809 0.1357142857142857
5 0.4919047619047619 0.24571428571428572 0.025714285714285714 0.041428571428571426
8 0.4909523809523809 0.24285714285714285 0.025714285714285714 0.024285714285714285
7 0.7903571428571429 0.016666666666666666 0.019285714285714285 0.03333333333333333
3 0.7114285714285714 0.39357142857142857 0.06476190476190476 0.10714285714285714
3 0.7123809523809523 0.2710714285714286 0.06095238095238095 0.095
5 0.6595238095238095 0.7292857142857143 0.025714285714285714 0.04
7 0.6604761904761904 0.7328571428571429 0.027619047619047616 0.02142857142857143
7 0.8804761904761904 0.6807142857142857 0.025714285714285714 0.02857142857142857
7 0.9223809523809523 0.6557142857142857 0.035238095238095235 0.02142857142857143
11 0.9714285714285714 0.5923809523809523 0.05714285714285714 0.06857142857142857
3 0.9689285714285715 0.7219047619047619 0.062142857142857146 0.05523809523809524
3 0.9425 0.3138095238095238 0.115 0.05142857142857143
3 0.9371428571428572 0.037142857142857144 0.12571428571428572 0.05047619047619047
5 0.9280952380952381 0.08 0.04857142857142857 0.025714285714285714