3 0.3195238095238095 0.6796428571428571 0.1 0.05928571428571429
3 0.4638095238095238 0.5328571428571428 0.08952380952380952 0.045714285714285714
3 0.5142857142857142 0.47964285714285715 0.08571428571428572 0.035
3 0.5404761904761904 0.45571428571428574 0.07333333333333332 0.03571428571428571
3 0.27904761904761904 0.7178571428571429 0.10476190476190475 0.06
5 0.30428571428571427 0.43857142857142856 0.01619047619047619 0.018571428571428572
0 0.5228571428571429 0.3367857142857143 0.03619047619047619 0.035
5 0.5171428571428571 0.29178571428571426 0.022857142857142857 0.012142857142857143
5 0.5252380952380952 0.2885714285714286 0.02 0.014285714285714285
5 0.53 0.28464285714285714 0.01238095238095238 0.012142857142857143
11 0.7485714285714286 0.2357142857142857 0.06285714285714286 0.03
11 0.8685714285714285 0.3807142857142857 0.07428571428571429 0.03857142857142857
3 0.9985714285714286 0.06476190476190476 0.002857142857142857 0.012380952380952381
3 0.9176190476190476 0.11571428571428571 0.04095238095238095 0.015714285714285715
11 0.9352380952380952 0.15 0.045714285714285714 0.02142857142857143
11 0.82 0.16464285714285715 0.04952380952380952 0.02642857142857143
3 0.8542857142857143 0.14035714285714285 0.0419047619047619 0.016428571428571428
11 0.828095238095238 0.0875 0.039047619047619046 0.015
11 0.828095238095238 0.0775 0.04666666666666666 0.017857142857142856
3 0.8495238095238095 0.07821428571428571 0.02857142857142857 0.012142857142857143
3 0.8823809523809524 0.06785714285714285 0.03142857142857143 0.014285714285714285
11 0.9261904761904761 0.03785714285714286 0.04285714285714286 0.017142857142857144
3 0.98 0.010357142857142856 0.026666666666666665 0.012142857142857143
5 0.9676190476190475 0.023571428571428573 0.013333333333333332 0.008571428571428572
7 0.8728571428571429 0.08428571428571428 0.0047619047619047615 0.01