11 0.4014285714285714 0.23642857142857143 0.018095238095238095 0.012857142857142857
3 0.5366666666666666 0.2792857142857143 0.025714285714285714 0.01
3 0.5738095238095238 0.4953571428571429 0.027619047619047616 0.03642857142857143
3 0.9128571428571428 0.2810714285714286 0.03142857142857143 0.012142857142857143
7 0.9309523809523809 0.42642857142857143 0.008571428571428572 0.012857142857142857
5 0.5976190476190476 0.27214285714285713 0.006666666666666666 0.012857142857142857
10 0.6414285714285715 0.16714285714285715 0.010476190476190476 0.014285714285714285
10 0.6333333333333333 0.13035714285714287 0.009523809523809523 0.015
2 0.6438095238095237 0.15964285714285714 0.011428571428571429 0.010714285714285714
8 0.598095238095238 0.2732142857142857 0.0038095238095238095 0.009285714285714286
4 0.64 0.08035714285714286 0.013333333333333332 0.06357142857142857