7 0.28285714285714286 0.1625 0.04761904761904761 0.05071428571428571
7 0.4076190476190476 0.15357142857142858 0.043809523809523805 0.045714285714285714
7 0.29238095238095235 0.19214285714285714 0.0419047619047619 0.041428571428571426
7 0.1833333333333333 0.22535714285714287 0.04285714285714286 0.04357142857142857
7 0.5223809523809523 0.12857142857142856 0.027619047619047616 0.03571428571428571
7 0.25857142857142856 0.32 0.0676190476190476 0.05857142857142857
7 0.27904761904761904 0.3653571428571429 0.05333333333333333 0.056428571428571425
7 0.35285714285714287 0.42642857142857143 0.050476190476190466 0.05714285714285714
7 0.45619047619047615 0.35035714285714287 0.05523809523809523 0.052142857142857144
7 0.5604761904761905 0.30392857142857144 0.04476190476190476 0.056428571428571425
7 0.8157142857142857 0.21428571428571427 0.027619047619047616 0.055714285714285716
7 0.5747619047619047 0.13785714285714284 0.035238095238095235 0.05142857142857143
7 0.5909523809523809 0.14964285714285713 0.025714285714285714 0.055
7 0.6133333333333333 0.11 0.03238095238095238 0.03857142857142857
7 0.7171428571428572 0.08642857142857142 0.02476190476190476 0.03571428571428571
7 0.9119047619047618 0.18285714285714286 0.037142857142857144 0.05285714285714286
7 0.9985714285714286 0.2438095238095238 0.002857142857142857 0.05238095238095238
7 0.9242857142857143 0.29214285714285715 0.035238095238095235 0.06428571428571428
7 0.8433333333333333 0.3578571428571429 0.03333333333333333 0.05857142857142857
7 0.7833333333333332 0.12857142857142856 0.025714285714285714 0.04857142857142857
7 0.7466666666666666 0.21107142857142858 0.03809523809523809 0.05928571428571429
7 0.6657142857142857 0.1667857142857143 0.0419047619047619 0.04928571428571429
7 0.5642857142857143 0.19142857142857142 0.039047619047619046 0.054285714285714284
7 0.45238095238095233 0.23607142857142857 0.045714285714285714 0.055
7 0.32380952380952377 0.26857142857142857 0.03428571428571429 0.05714285714285714
8 0.20047619047619045 0.2475 0.04285714285714286 0.039285714285714285
8 0.22666666666666666 0.27535714285714286 0.07238095238095238 0.04071428571428572
8 0.39238095238095233 0.475 0.07428571428571429 0.03857142857142857
7 0.5114285714285715 0.4932142857142857 0.07619047619047618 0.06785714285714285
7 0.6852380952380952 0.5489285714285714 0.04476190476190476 0.062142857142857146
7 0.6442857142857142 0.41964285714285715 0.054285714285714284 0.08357142857142857
8 0.7747619047619047 0.085 0.027619047619047616 0.03428571428571429
8 0.7933333333333332 0.09678571428571428 0.022857142857142857 0.03642857142857143
1 0.7347619047619046 0.06678571428571428 0.04666666666666666 0.035
1 0.9204761904761903 0.135 0.04666666666666666 0.032857142857142856
1 0.9846428571428572 0.16428571428571428 0.030714285714285715 0.045714285714285714
1 1 0.16 0 0.04857142857142857
1 0.4823809523809523 0.6367857142857143 0.08285714285714285 0.07642857142857143
1 0.37857142857142856 0.5482142857142858 0.09047619047619047 0.07642857142857143
1 0.1652380952380952 0.5032142857142857 0.12476190476190475 0.06357142857142857
1 0.09857142857142857 0.3657142857142857 0.0619047619047619 0.08