3 0.9917857142857143 0.5338095238095238 0.016428571428571428 0.07428571428571429
8 0.6723809523809523 0.41785714285714287 0.017142857142857144 0.02142857142857143
1 0.5023809523809524 0.435 0.027619047619047616 0.032857142857142856
5 0.5376190476190476 0.4303571428571429 0.018095238095238095 0.03642857142857143
5 0.5595238095238094 0.41035714285714286 0.023809523809523805 0.030714285714285715
5 0.5357142857142857 0.3896428571428571 0.023809523809523805 0.04214285714285714
11 0.4209523809523809 0.3964285714285714 0.10095238095238093 0.09428571428571429
3 0.33904761904761904 0.3917857142857143 0.0838095238095238 0.095
3 0.2338095238095238 0.38142857142857145 0.08285714285714285 0.09428571428571429
5 0.20619047619047617 0.3264285714285714 0.052380952380952375 0.017142857142857144
5 0.22047619047619044 0.2592857142857143 0.02952380952380952 0.03428571428571429
5 0.24619047619047615 0.2617857142857143 0.03142857142857143 0.03214285714285714
5 0.30047619047619045 0.2689285714285714 0.039047619047619046 0.03642857142857143
5 0.32857142857142857 0.26821428571428574 0.03428571428571429 0.03785714285714286
5 0.25476190476190474 0.22892857142857143 0.039047619047619046 0.03357142857142857
5 0.27666666666666667 0.23357142857142857 0.027619047619047616 0.03571428571428571
5 0.30142857142857143 0.23357142857142857 0.021904761904761903 0.041428571428571426
5 0.3585714285714286 0.2592857142857143 0.03142857142857143 0.04
5 0.36809523809523803 0.2775 0.025714285714285714 0.03357142857142857
5 0.39190476190476187 0.2664285714285714 0.025714285714285714 0.03571428571428571
5 0.4109523809523809 0.2785714285714286 0.023809523809523805 0.04
1 0.3938095238095238 0.24642857142857144 0.02952380952380952 0.03142857142857143
1 0.42476190476190473 0.24928571428571428 0.02095238095238095 0.032857142857142856
5 0.4114285714285714 0.2475 0.022857142857142857 0.03785714285714286
5 0.41047619047619044 0.2225 0.04952380952380952 0.019285714285714285
5 0.40952380952380946 0.2092857142857143 0.05142857142857143 0.02
7 0.21714285714285714 0.23142857142857143 0.030476190476190476 0.024285714285714285
8 0.4857142857142857 0.3003571428571429 0.019047619047619046 0.010714285714285714
8 0.5061904761904762 0.2982142857142857 0.018095238095238095 0.013571428571428571
8 0.5161904761904762 0.2867857142857143 0.017142857142857144 0.010714285714285714
8 0.5171428571428571 0.2717857142857143 0.022857142857142857 0.017857142857142856
8 0.4785714285714286 0.2739285714285714 0.02 0.013571428571428571
8 0.4957142857142857 0.26071428571428573 0.02 0.012857142857142857
8 0.48047619047619045 0.2875 0.023809523809523805 0.015
8 0.5076190476190476 0.22607142857142856 0.017142857142857144 0.013571428571428571
8 0.54 0.22714285714285715 0.019047619047619046 0.014285714285714285
8 0.5761904761904761 0.24357142857142858 0.02095238095238095 0.015714285714285715
8 0.5885714285714285 0.2710714285714286 0.017142857142857144 0.017857142857142856
7 0.6090476190476191 0.2735714285714286 0.02 0.02142857142857143
7 0.6257142857142857 0.34964285714285714 0.019047619047619046 0.016428571428571428
7 0.6395238095238095 0.35678571428571426 0.018095238095238095 0.017857142857142856
7 0.6738095238095237 0.3482142857142857 0.023809523809523805 0.019285714285714285
7 0.72 0.3292857142857143 0.030476190476190476 0.025714285714285714
8 0.7138095238095238 0.24964285714285714 0.01619047619047619 0.015
8 0.7309523809523809 0.24964285714285714 0.018095238095238095 0.013571428571428571
8 0.7161904761904762 0.22071428571428572 0.015238095238095238 0.015714285714285715
8 0.7352380952380951 0.22178571428571428 0.015238095238095238 0.015
5 0.608095238095238 0.2225 0.018095238095238095 0.030714285714285715
7 0.5828571428571429 0.18714285714285714 0.013333333333333332 0.02142857142857143
8 0.8071428571428572 0.22428571428571428 0.018095238095238095 0.024285714285714285
8 0.83 0.22035714285714286 0.018095238095238095 0.016428571428571428
8 0.8161904761904761 0.2475 0.017142857142857144 0.010714285714285714
8 0.8314285714285714 0.24821428571428572 0.02095238095238095 0.010714285714285714
8 0.8304761904761904 0.28714285714285714 0.02095238095238095 0.014285714285714285
8 0.8228571428571428 0.31 0.019047619047619046 0.014285714285714285
8 0.8785714285714286 0.29428571428571426 0.02 0.015714285714285715
8 0.8938095238095237 0.2807142857142857 0.02 0.017142857142857144
8 0.9171428571428571 0.28035714285714286 0.02095238095238095 0.017857142857142856
8 0.8871428571428571 0.30857142857142855 0.021904761904761903 0.014285714285714285
8 0.9080952380952381 0.3117857142857143 0.01619047619047619 0.013571428571428571
8 0.9266666666666666 0.30714285714285716 0.017142857142857144 0.015714285714285715
8 0.9352380952380952 0.295 0.022857142857142857 0.014285714285714285
7 0.9471428571428572 0.25142857142857145 0.02 0.02