3 0.00475 0.12366666666666666 0.0095 0.006666666666666667
3 0.028 0.12475 0.017333333333333333 0.0065
3 0.017333333333333333 0.11225 0.013333333333333332 0.0045
3 0.014333333333333332 0.117 0.01 0.004
3 0.011666666666666665 0.11875 0.011333333333333332 0.0045
3 0.008 0.12075 0.010666666666666666 0.0055
4 0.5136666666666666 0.04775 0.14066666666666666 0.0125
3 0.956 0.17925 0.016 0.0145
10 0.9383333333333332 0.17575 0.014 0.0135
11 0.9166666666666666 0.17025 0.014666666666666666 0.0125
3 0.8993333333333332 0.1665 0.018666666666666665 0.013
3 0.8693333333333333 0.16125 0.016 0.0145
10 0.96025 0.25733333333333336 0.0795 0.03866666666666667
11 0.9693333333333333 0.35475 0.04666666666666666 0.0295
3 0.9083333333333332 0.3685 0.06333333333333332 0.023
11 0.859 0.38225 0.05533333333333333 0.0265
3 0.8256666666666667 0.30975 0.048666666666666664 0.0205
3 0.7216666666666667 0.36775 0.06066666666666667 0.0245
3 0.587 0.4085 0.06466666666666666 0.027
3 0.477 0.35225 0.058 0.0225
3 0.397 0.36775 0.05933333333333333 0.0245
3 0.43366666666666664 0.52175 0.038 0.0515
3 0.4716666666666666 0.5725 0.06066666666666667 0.065
7 0.04466666666666667 0.67975 0.030666666666666665 0.0225
7 0.136 0.41125 0.014666666666666666 0.0175
7 0.12566666666666665 0.41525 0.014 0.0165
7 0.11 0.411 0.017333333333333333 0.019
10 0.765 0.28025 0.06333333333333332 0.0375
8 0.886 0.3465 0.009333333333333332 0.011
5 0.8863333333333333 0.35 0.015333333333333332 0.011
7 0.7886666666666666 0.43875 0.013333333333333332 0.0195
7 0.7626666666666666 0.437 0.009333333333333332 0.014
7 0.763 0.45175 0.008666666666666666 0.0155
7 0.7533333333333333 0.44825 0.005333333333333333 0.0085
7 0.7516666666666666 0.44375 0.008666666666666666 0.0155
7 0.47633333333333333 0.50675 0.012666666666666666 0.0165
7 0.5323333333333332 0.4985 0.012666666666666666 0.018
7 0.5446666666666666 0.49375 0.010666666666666666 0.0185
5 0.5063333333333333 0.49975 0.03133333333333333 0.0185
5 0.546 0.49075 0.029333333333333333 0.0135
5 0.468 0.51525 0.02 0.0205
3 0.5333333333333332 0.47625 0.058666666666666666 0.0275
3 0.6426666666666666 0.448 0.072 0.025
3 0.058 0.6166666666666667 0.116 0.051333333333333335
3 0.18833333333333332 0.576 0.106 0.048
3 0.2633333333333333 0.59525 0.1 0.0635
3 0.36466666666666664 0.6725 0.058666666666666666 0.079
11 0.2583333333333333 0.63175 0.10066666666666665 0.0635
11 0.2733333333333333 0.66125 0.1 0.0565
11 0.2866666666666666 0.69325 0.1 0.0655
10 0.284 0.71525 0.136 0.0685
10 0.6733333333333332 0.65775 0.124 0.0825
11 0.5303333333333332 0.658 0.06733333333333333 0.074
11 0.57 0.7255 0.10266666666666666 0.048
11 0.6353333333333333 0.35875 0.05333333333333333 0.0305
3 0.08833333333333333 0.27175 0.05 0.0155
3 0.02475 0.281 0.0495 0.017333333333333333
3 0.312 0.23675 0.042666666666666665 0.0145
3 0.5923333333333333 0.197 0.034 0.012