3 0.6743333333333332 0.09575 0.03133333333333333 0.0095
3 0.734 0.08225 0.026666666666666665 0.0085
3 0.6283333333333333 0.08125 0.03 0.0095
3 0.5986666666666667 0.078 0.025333333333333333 0.008
10 0.6143333333333333 0.07225 0.03133333333333333 0.0125
10 0.6296666666666666 0.0685 0.03 0.015
11 0.6423333333333333 0.05625 0.015333333333333332 0.0095
11 0.6733333333333332 0.05825 0.025333333333333333 0.0105
3 0.6536666666666666 0.061 0.015333333333333332 0.008
3 0.6736666666666666 0.07025 0.015333333333333332 0.0095
3 0.6936666666666667 0.06825 0.011333333333333332 0.0085
3 0.6843333333333332 0.064 0.012666666666666666 0.007
3 0.6933333333333332 0.05975 0.012 0.0055
3 0.7 0.05225 0.022666666666666665 0.0075
11 0.7096666666666667 0.05875 0.012666666666666666 0.0085
7 0.7263333333333333 0.051 0.012666666666666666 0.007
3 0.7273333333333333 0.07225 0.025333333333333333 0.0085
10 0.7573333333333333 0.0685 0.025333333333333333 0.015
10 0.7753333333333332 0.06875 0.02 0.0145
11 0.7386666666666666 0.0625 0.021333333333333333 0.008
3 0.7573333333333333 0.05725 0.012 0.0075
3 0.7703333333333332 0.057 0.011333333333333332 0.007
3 0.7866666666666666 0.05825 0.017333333333333333 0.0075
3 0.7976666666666666 0.05825 0.011333333333333332 0.0065
3 0.7106666666666667 0.04775 0.017333333333333333 0.0065
3 0.7066666666666667 0.05025 0.018666666666666665 0.0065
3 0.7356666666666666 0.06675 0.022 0.0075
3 0.7133333333333333 0.0475 0.013333333333333332 0.006
4 0.7696666666666666 0.02875 0.094 0.0335
7 0.859 0.0835 0.006 0.009
9 0.8346666666666667 0.08525 0.017333333333333333 0.0065
1 0.8213333333333332 0.07925 0.010666666666666666 0.0055
7 0.69 0.08025 0.005333333333333333 0.0095
8 0.7396666666666666 0.129 0.007333333333333333 0.007
5 0.74 0.1315 0.008 0.01
3 0.7123333333333333 0.19075 0.02333333333333333 0.0165
3 0.6076666666666666 0.103 0.028666666666666663 0.009
3 0.529 0.10325 0.02333333333333333 0.0085
3 0.518 0.10175 0.024 0.0085
3 0.6236666666666666 0.11225 0.034 0.0125
3 0.5246666666666666 0.12225 0.02 0.0115
7 0.6216666666666666 0.185 0.007333333333333333 0.013
3 0.5513333333333332 0.26725 0.033333333333333326 0.0275
3 0.6873333333333332 0.24275 0.030666666666666665 0.0205
3 0.6563333333333332 0.2935 0.034 0.025
3 0.2703333333333333 0.0705 0.026 0.008
3 0.297 0.07025 0.01933333333333333 0.0085
3 0.2866666666666666 0.08475 0.024 0.0085
3 0.32066666666666666 0.0775 0.028 0.008
3 0.336 0.0725 0.026666666666666665 0.008
11 0.3653333333333333 0.07225 0.022666666666666665 0.0095
10 0.41466666666666663 0.06525 0.032 0.0155
3 0.486 0.07575 0.026666666666666665 0.0075
3 0.589 0.143 0.042 0.014
3 0.6 0.13775 0.03866666666666666 0.0135
3 0.3223333333333333 0.71075 0.106 0.0775