11 0.2866666666666667 0.435 0.03619047619047619 0.04285714285714286
7 0.20714285714285716 0.42714285714285716 0.01619047619047619 0.008571428571428572
8 0.21476190476190474 0.6996428571428571 0.01619047619047619 0.009285714285714286
7 0.21380952380952378 0.7082142857142857 0.010476190476190476 0.0064285714285714285
7 0.28285714285714286 0.7442857142857143 0.013333333333333332 0.01
7 0.32571428571428573 0.725 0.009523809523809523 0.008571428571428572
7 0.3385714285714286 0.7235714285714285 0.014285714285714285 0.007142857142857143
7 0.359047619047619 0.7335714285714285 0.009523809523809523 0.01
7 0.3823809523809523 0.6010714285714286 0.008571428571428572 0.009285714285714286
5 0.49857142857142855 0.6142857142857143 0.025714285714285714 0.011428571428571429
3 0.49761904761904757 0.5689285714285715 0.0619047619047619 0.027857142857142858
7 0.43476190476190474 0.5675 0.008571428571428572 0.005
8 0.5685714285714286 0.5785714285714286 0.009523809523809523 0.007142857142857143
11 0.48380952380952374 0.5407142857142857 0.05333333333333333 0.022857142857142857
7 0.8128571428571428 0.5592857142857143 0.010476190476190476 0.008571428571428572
7 0.7642857142857142 0.4785714285714286 0.008571428571428572 0.005714285714285714
7 0.76 0.45321428571428574 0.009523809523809523 0.007857142857142858
7 0.7714285714285715 0.45785714285714285 0.007619047619047619 0.005714285714285714
7 0.75 0.43892857142857145 0.008571428571428572 0.0064285714285714285
7 0.7571428571428571 0.4303571428571429 0.009523809523809523 0.009285714285714286
4 0.7 0.42642857142857143 0.02095238095238095 0.024285714285714285
5 0.6904761904761905 0.40464285714285714 0.011428571428571429 0.017857142857142856
5 0.7204761904761905 0.3975 0.01238095238095238 0.020714285714285713
7 0.6838095238095238 0.30464285714285716 0.009523809523809523 0.013571428571428571
7 0.659047619047619 0.24714285714285714 0.005714285714285714 0.007142857142857143
7 0.6595238095238095 0.23857142857142857 0.008571428571428572 0.008571428571428572
7 0.6319047619047619 0.17857142857142858 0.008571428571428572 0.01
7 0.6157142857142858 0.12107142857142857 0.008571428571428572 0.009285714285714286
7 0.5928571428571429 0.06 0.008571428571428572 0.012857142857142857
4 0.6309523809523809 0.14142857142857143 0.025714285714285714 0.02857142857142857
11 0.5909523809523809 0.12035714285714286 0.037142857142857144 0.04642857142857143