2 0.62 0.0725 0.009523809523809523 0.010714285714285714
3 0.5695238095238094 0.024285714285714285 0.0038095238095238095 0.005714285714285714
10 0.568095238095238 0.0175 0.006666666666666666 0.007857142857142858
3 0.5638095238095238 0.014285714285714285 0.005714285714285714 0.004285714285714286
2 0.6738095238095237 0.04071428571428572 0.006666666666666666 0.01
11 0.6933333333333334 0.10642857142857143 0.005714285714285714 0.008571428571428572
10 0.6304761904761904 0.09392857142857143 0.007619047619047619 0.007857142857142858
3 0.6314285714285715 0.08821428571428572 0.007619047619047619 0.005
10 0.5747619047619047 0.13642857142857143 0.008571428571428572 0.012857142857142857
3 0.5761904761904761 0.10535714285714286 0.0038095238095238095 0.005
10 0.5538095238095238 0.1625 0.023809523809523805 0.010714285714285714
10 0.6709523809523809 0.18071428571428572 0.010476190476190476 0.015714285714285715
10 0.6819047619047619 0.3467857142857143 0.017142857142857144 0.03785714285714286
10 0.85 0.4832142857142857 0.025714285714285714 0.03357142857142857
10 0.86 0.45357142857142857 0.013333333333333332 0.018571428571428572
3 0.6452380952380952 0.4357142857142857 0.021904761904761903 0.008571428571428572
10 0.6052380952380951 0.11428571428571428 0.014285714285714285 0.005714285714285714
3 0.6638095238095237 0.16142857142857142 0.005714285714285714 0.005714285714285714
3 0.7266666666666666 0.06357142857142857 0.009523809523809523 0.004285714285714286
4 0.749047619047619 0.06857142857142857 0.010476190476190476 0.01
3 0.7838095238095237 0.16464285714285715 0.009523809523809523 0.005
3 0.7833333333333332 0.16214285714285714 0.014285714285714285 0.004285714285714286
10 0.7985714285714286 0.1492857142857143 0.008571428571428572 0.01
10 0.8285714285714286 0.19892857142857143 0.011428571428571429 0.015
3 0.698095238095238 0.29178571428571426 0.009523809523809523 0.009285714285714286
3 0.71 0.3335714285714286 0.008571428571428572 0.011428571428571429
3 0.023809523809523805 0.7010714285714286 0.03809523809523809 0.016428571428571428
3 0.06428571428571428 0.6942857142857143 0.03142857142857143 0.015714285714285715
3 0.07047619047619047 0.7435714285714285 0.02095238095238095 0.011428571428571429
3 0.0938095238095238 0.7289285714285715 0.021904761904761903 0.029285714285714286
3 0.10571428571428572 0.6867857142857143 0.03428571428571429 0.015
3 0.15142857142857144 0.6782142857142858 0.03428571428571429 0.015
3 0.19857142857142857 0.6707142857142857 0.02952380952380952 0.014285714285714285
3 0.38857142857142857 0.6382142857142857 0.03238095238095238 0.015
11 0.45285714285714285 0.6235714285714286 0.025714285714285714 0.014285714285714285
3 0.5238095238095237 0.6121428571428571 0.02857142857142857 0.014285714285714285
10 0.56 0.6039285714285715 0.03619047619047619 0.017857142857142856
7 0.488095238095238 0.6321428571428571 0.0047619047619047615 0.005714285714285714
7 0.6038095238095238 0.6185714285714285 0.0038095238095238095 0.005714285714285714
7 0.618095238095238 0.6007142857142858 0.005714285714285714 0.004285714285714286
7 0.7047619047619047 0.6085714285714285 0.005714285714285714 0.005714285714285714
3 0.6352380952380952 0.6889285714285714 0.013333333333333332 0.023571428571428573
3 0.6785714285714286 0.7282142857142857 0.018095238095238095 0.027857142857142858
3 0.7509523809523809 0.6171428571428571 0.02952380952380952 0.012857142857142857
3 0.7976190476190476 0.6864285714285714 0.018095238095238095 0.027142857142857142
11 0.9910714285714286 0.4080952380952381 0.017857142857142856 0.010476190476190476
7 0.9461904761904761 0.4175 0.0047619047619047615 0.0064285714285714285
3 0.5604761904761905 0.1975 0.014285714285714285 0.0064285714285714285
3 0.5609523809523809 0.19178571428571428 0.013333333333333332 0.005
3 0.5609523809523809 0.18857142857142858 0.015238095238095238 0.004285714285714286
3 0.56 0.18714285714285714 0.013333333333333332 0.005714285714285714
10 0.5871428571428572 0.19964285714285715 0.014285714285714285 0.020714285714285713
4 0.5471428571428572 0.4135714285714286 0.027619047619047616 0.05714285714285714