3 0.0583756345177665 0.007500000000000001 0.02538071065989848 0.009285714285714286
3 0.08439086294416243 0.016785714285714286 0.024111675126903553 0.009285714285714286
3 0.14086294416243655 0.042142857142857135 0.02538071065989848 0.01
3 0.16428571428571428 0.0025380710659898475 0.024285714285714285 0.005076142131979695
7 0.2906091370558376 0.015714285714285715 0.005076142131979695 0.007142857142857143
11 0.1916243654822335 0.0067857142857142855 0.027918781725888325 0.010714285714285714
11 0.22715736040609139 0.01107142857142857 0.03807106598984771 0.012142857142857141
11 0.24492385786802032 0.017142857142857144 0.03553299492385787 0.011428571428571429
11 0.28045685279187815 0.025714285714285714 0.03807106598984771 0.012857142857142857
11 0.30774111675126903 0.03428571428571429 0.03680203045685279 0.011428571428571429
11 0.31725888324873097 0.037142857142857144 0.03807106598984771 0.012857142857142857
11 0.37373096446700504 0.05321428571428571 0.03680203045685279 0.013571428571428571
11 0.39340101522842635 0.05821428571428571 0.03807106598984771 0.012142857142857141
3 0.35723350253807107 0.04928571428571429 0.03426395939086294 0.011428571428571429
3 0.3381979695431472 0.04392857142857143 0.03426395939086294 0.010714285714285714
3 0.291243654822335 0.03142857142857143 0.03426395939086294 0.011428571428571429
3 0.25444162436548223 0.021071428571428567 0.02918781725888325 0.009285714285714286
3 0.26586294416243655 0.023571428571428573 0.0317258883248731 0.01
3 0.08058375634517766 0.08428571428571427 0.00634517766497462 0.007142857142857143
3 0.21637055837563451 0.38785714285714284 0.06218274111675127 0.024285714285714282
3 0.15736040609137056 0.45535714285714285 0.06598984771573604 0.03071428571428571
11 0.2715736040609137 0.48857142857142855 0.04568527918781726 0.024285714285714282
3 0.5126903553299492 0.15571428571428572 0.03553299492385787 0.012857142857142857
10 0.5076142131979696 0.2292857142857143 0.053299492385786795 0.025714285714285714
2 0.5615482233502538 0.22107142857142856 0.04187817258883249 0.047857142857142855
11 0.5063451776649747 0.08821428571428572 0.03807106598984771 0.013571428571428571
11 0.5431472081218274 0.09642857142857142 0.03807106598984771 0.012857142857142857
11 0.5558375634517767 0.10142857142857142 0.03553299492385787 0.012857142857142857
11 0.5723350253807107 0.10607142857142857 0.03807106598984771 0.013571428571428571
3 0.5184010152284264 0.26964285714285713 0.044416243654822336 0.017857142857142856
3 0.6357868020304569 0.25571428571428567 0.04060913705583756 0.018571428571428572
10 0.5450507614213198 0.3125 0.04695431472081218 0.029285714285714286
2 0.5120558375634517 0.5235714285714286 0.12309644670050761 0.0757142857142857
2 0.9617857142857142 0.27093908629441626 0.07642857142857143 0.04314720812182741
2 0.9721428571428572 0.2620558375634518 0.055714285714285716 0.044416243654822336
2 0.9992857142857143 0.21763959390862944 0.0014285714285714286 0.046954314720812185
2 0.9295685279187818 0.20178571428571426 0.08248730964467005 0.023571428571428573
2 0.9657142857142857 0.1947969543147208 0.06857142857142857 0.01903553299492386
2 0.9625634517766498 0.18607142857142858 0.06979695431472081 0.020714285714285713
2 0.9785714285714285 0.17703045685279187 0.04285714285714286 0.017766497461928935
3 0.75 0.17107142857142854 0.03807106598984771 0.016428571428571428
2 0.756979695431472 0.2292857142857143 0.06218274111675127 0.018571428571428572
3 0.7588832487309645 0.19892857142857143 0.04060913705583756 0.017857142857142856
3 0.8889593908629442 0.1414285714285714 0.03426395939086294 0.015714285714285715
3 0.9092639593908629 0.12000000000000001 0.026649746192893398 0.014285714285714285
7 0.8026649746192894 0.11035714285714286 0.0038071065989847717 0.0064285714285714285
7 0.8083756345177665 0.10964285714285714 0.005076142131979695 0.007857142857142858
7 0.8572335025380712 0.08785714285714286 0.0038071065989847717 0.007142857142857143
7 0.8597715736040609 0.08821428571428572 0.0038071065989847717 0.0064285714285714285
2 0.9746428571428571 0.14276649746192893 0.05071428571428571 0.04060913705583756
2 0.9828571428571429 0.0799492385786802 0.03428571428571429 0.02030456852791878
4 0.9982142857142857 0.04060913705583756 0.0035714285714285713 0.0038071065989847717