3 0.33 0.135 0.1742857142857143 0.07285714285714286
3 0.21476190476190474 0.2835714285714286 0.24476190476190474 0.08571428571428572
3 0.5923809523809523 0.16607142857142856 0.11238095238095237 0.14214285714285715
3 0.7171428571428572 0.19535714285714287 0.10285714285714286 0.11785714285714285
11 0.5471428571428572 0.36357142857142855 0.12285714285714286 0.1742857142857143
3 0.6776190476190476 0.3525 0.1 0.13357142857142856
3 0.4566666666666666 0.6335714285714286 0.16666666666666666 0.23142857142857143
3 0.6680952380952381 0.5703571428571429 0.1361904761904762 0.21928571428571428
3 0.96 0.37476190476190474 0.08 0.1676190476190476
3 0.9942857142857143 0.14857142857142858 0.011428571428571429 0.0761904761904762
3 0.9775 0.08571428571428572 0.045 0.0761904761904762
3 0.98 0.02 0.04 0.04
3 0.7385714285714285 0.045714285714285714 0.08857142857142856 0.09142857142857143
3 0.6571428571428571 0.0380952380952381 0.08214285714285714 0.0761904761904762
3 0.4757142857142857 0.03571428571428571 0.09428571428571429 0.07142857142857142