3 0.5757142857142857 0.046785714285714285 0.04285714285714286 0.07071428571428572
3 0.6496428571428572 0.035238095238095235 0.04 0.07047619047619047
11 0.6571428571428571 0.11035714285714286 0.04761904761904761 0.075
3 0.38809523809523805 0.14035714285714285 0.050476190476190466 0.07928571428571428
3 0.5609523809523809 0.18107142857142858 0.045714285714285714 0.075
3 0.39476190476190476 0.22785714285714287 0.04857142857142857 0.07
3 0.3842857142857143 0.3225 0.052380952380952375 0.08357142857142857
3 0.3766666666666666 0.41928571428571426 0.052380952380952375 0.07571428571428572
3 0.3766666666666666 0.5260714285714285 0.054285714285714284 0.08214285714285714
11 0.5714285714285714 0.6696428571428571 0.05714285714285714 0.08642857142857142
3 0.5742857142857143 0.5603571428571429 0.043809523809523805 0.08214285714285714
11 0.5738095238095238 0.4589285714285714 0.04095238095238095 0.07642857142857143
5 0.6419047619047619 0.5782142857142857 0.04 0.010714285714285714
5 0.7890476190476189 0.5675 0.039047619047619046 0.010714285714285714
4 0.689047619047619 0.505 0.01238095238095238 0.015714285714285715
5 0.7904761904761903 0.4807142857142857 0.04 0.011428571428571429
5 0.7866666666666666 0.45964285714285713 0.03619047619047619 0.015
7 0.6214285714285714 0.455 0.01238095238095238 0.014285714285714285
5 0.638095238095238 0.39 0.03238095238095238 0.008571428571428572
5 0.6409523809523809 0.4007142857142857 0.03619047619047619 0.008571428571428572
5 0.6419047619047619 0.4157142857142857 0.03428571428571429 0.012857142857142857
5 0.6366666666666666 0.43142857142857144 0.035238095238095235 0.011428571428571429
5 0.7961904761904761 0.3775 0.022857142857142857 0.029285714285714286
5 0.7714285714285715 0.31285714285714283 0.043809523809523805 0.012857142857142857
5 0.7766666666666666 0.2960714285714286 0.035238095238095235 0.015
5 0.6409523809523809 0.3167857142857143 0.04 0.007857142857142858
5 0.7752380952380952 0.13607142857142857 0.022857142857142857 0.035
1 0.8104761904761904 0.12821428571428573 0.03619047619047619 0.010714285714285714
5 0.6328571428571429 0.16142857142857142 0.037142857142857144 0.01