3 0.21333333333333332 0.4657142857142857 0.13714285714285715 0.09714285714285714
3 0.1438095238095238 0.7157142857142857 0.17523809523809522 0.06571428571428571
7 0.37809523809523804 0.7346428571428572 0.04952380952380952 0.029285714285714286
5 0.4209523809523809 0.4957142857142857 0.026666666666666665 0.04285714285714286
5 0.5038095238095237 0.4635714285714286 0.06285714285714286 0.054285714285714284
1 0.3985714285714286 0.38 0.04476190476190476 0.03142857142857143
3 0.859047619047619 0.2953571428571429 0.10666666666666666 0.07214285714285715
8 0.7285714285714285 0.35428571428571426 0.022857142857142857 0.024285714285714285
8 0.7009523809523809 0.3485714285714286 0.02476190476190476 0.022857142857142857
8 0.7223809523809523 0.3360714285714286 0.021904761904761903 0.023571428571428573
8 0.6847619047619047 0.33714285714285713 0.022857142857142857 0.02142857142857143
8 0.8966666666666666 0.3435714285714286 0.025714285714285714 0.03
8 0.9376190476190475 0.3092857142857143 0.025714285714285714 0.03428571428571429
1 0.8942857142857142 0.3482142857142857 0.03428571428571429 0.03214285714285714
1 0.9342857142857143 0.31607142857142856 0.02857142857142857 0.030714285714285715
11 0.9323809523809523 0.23607142857142857 0.09714285714285714 0.06928571428571428
3 0.9910714285714286 0.1895238095238095 0.017857142857142856 0.05619047619047619