3 0.8866666666666666 0.31214285714285717 0.06666666666666667 0.06142857142857143
3 0.9176190476190476 0.2067857142857143 0.05809523809523809 0.047857142857142855
3 0.8595238095238095 0.16535714285714287 0.06 0.04357142857142857
3 0.7128571428571429 0.35642857142857143 0.07333333333333332 0.06428571428571428
3 0.6642857142857143 0.47285714285714286 0.07714285714285714 0.07
3 0.6152380952380951 0.6092857142857143 0.09904761904761904 0.09285714285714286
3 0.569047619047619 0.5685714285714286 0.09809523809523808 0.08857142857142856
3 0.4823809523809523 0.5710714285714286 0.1019047619047619 0.08928571428571429
3 0.45238095238095233 0.5278571428571428 0.11047619047619046 0.09142857142857143
3 0.5728571428571428 0.4157142857142857 0.08666666666666667 0.06571428571428571
3 0.6004761904761905 0.45821428571428574 0.08476190476190476 0.07642857142857143
5 0.28619047619047616 0.45071428571428573 0.037142857142857144 0.024285714285714285
5 0.41333333333333333 0.4585714285714286 0.03428571428571429 0.03
5 0.3585714285714286 0.4632142857142857 0.037142857142857144 0.03214285714285714
5 0.34238095238095234 0.45571428571428574 0.04285714285714286 0.032857142857142856
5 0.5885714285714285 0.335 0.03619047619047619 0.02857142857142857
8 0.28809523809523807 0.4407142857142857 0.023809523809523805 0.02142857142857143
8 0.4152380952380952 0.45571428571428574 0.02095238095238095 0.027142857142857142
8 0.3557142857142857 0.45821428571428574 0.023809523809523805 0.017857142857142856
8 0.3385714285714286 0.45 0.025714285714285714 0.018571428571428572
8 0.59 0.33107142857142857 0.018095238095238095 0.016428571428571428