7 0.8957142857142857 0.6632142857142858 0.021904761904761903 0.029285714285714286
7 0.8623809523809524 0.6517857142857143 0.023809523809523805 0.03357142857142857
7 0.8347619047619047 0.6514285714285715 0.023809523809523805 0.02857142857142857
7 0.7838095238095237 0.4207142857142857 0.015238095238095238 0.022857142857142857
7 0.7695238095238095 0.4160714285714286 0.013333333333333332 0.025
7 0.7561904761904761 0.4182142857142857 0.013333333333333332 0.025
7 0.6919047619047619 0.365 0.010476190476190476 0.018571428571428572
7 0.698095238095238 0.3653571428571429 0.007619047619047619 0.019285714285714285
7 0.6761904761904761 0.30178571428571427 0.009523809523809523 0.016428571428571428
7 0.6909523809523809 0.305 0.006666666666666666 0.015714285714285715
7 0.698095238095238 0.30428571428571427 0.011428571428571429 0.018571428571428572
7 0.6204761904761904 0.22535714285714287 0.006666666666666666 0.013571428571428571
7 0.6342857142857142 0.22285714285714286 0.007619047619047619 0.014285714285714285
7 0.6423809523809523 0.225 0.008571428571428572 0.014285714285714285
7 0.6657142857142857 0.205 0.005714285714285714 0.012857142857142857
7 0.67 0.205 0.006666666666666666 0.014285714285714285
7 0.6714285714285714 0.20107142857142857 0.005714285714285714 0.012142857142857143
7 0.6752380952380952 0.2007142857142857 0.005714285714285714 0.012857142857142857
5 0.6119047619047618 0.19857142857142857 0.010476190476190476 0.008571428571428572
8 0.6109523809523809 0.19357142857142856 0.006666666666666666 0.011428571428571429
5 0.6209523809523809 0.1925 0.011428571428571429 0.010714285714285714
8 0.6219047619047618 0.18892857142857142 0.005714285714285714 0.010714285714285714
8 0.6185714285714285 0.18821428571428572 0.006666666666666666 0.010714285714285714
7 0.5761904761904761 0.18178571428571427 0.007619047619047619 0.013571428571428571
7 0.5666666666666667 0.18178571428571427 0.007619047619047619 0.013571428571428571
7 0.5580952380952381 0.18071428571428572 0.0038095238095238095 0.012857142857142857
7 0.5542857142857143 0.18285714285714286 0.007619047619047619 0.012857142857142857
7 0.5480952380952381 0.1792857142857143 0.006666666666666666 0.011428571428571429
7 0.5314285714285715 0.1707142857142857 0.005714285714285714 0.011428571428571429
7 0.5480952380952381 0.135 0.006666666666666666 0.008571428571428572
5 0.5252380952380952 0.12428571428571429 0.008571428571428572 0.007142857142857143
9 0.5623809523809523 0.1225 0.018095238095238095 0.010714285714285714
11 0.4819047619047619 0.11428571428571428 0.015238095238095238 0.014285714285714285
5 0.49714285714285716 0.11285714285714285 0.005714285714285714 0.005714285714285714
8 0.4961904761904762 0.11035714285714286 0.005714285714285714 0.0064285714285714285
7 0.5019047619047619 0.10821428571428572 0.005714285714285714 0.009285714285714286
7 0.46619047619047616 0.0875 0.0047619047619047615 0.007857142857142858
7 0.4714285714285714 0.09142857142857143 0.005714285714285714 0.01
7 0.4685714285714286 0.08428571428571428 0.005714285714285714 0.01
7 0.44380952380952376 0.105 0.005714285714285714 0.01
7 0.44047619047619047 0.10571428571428572 0.0047619047619047615 0.01
7 0.4366666666666666 0.105 0.0047619047619047615 0.01
7 0.4333333333333333 0.10464285714285715 0.005714285714285714 0.009285714285714286
7 0.4295238095238095 0.10464285714285715 0.005714285714285714 0.009285714285714286
7 0.4366666666666666 0.09357142857142857 0.0047619047619047615 0.008571428571428572
7 0.7419047619047618 0.17964285714285713 0.0038095238095238095 0.009285714285714286
7 0.7461904761904761 0.18 0.006666666666666666 0.01
7 0.9142857142857143 0.15357142857142858 0.005714285714285714 0.011428571428571429
3 0.9819047619047618 0.04107142857142857 0.02476190476190476 0.007857142857142858
3 0.9666666666666666 0.03892857142857143 0.019047619047619046 0.0064285714285714285
3 0.9447619047619047 0.031071428571428573 0.019047619047619046 0.005
4 0.26095238095238094 0.048214285714285716 0.06476190476190476 0.020714285714285713