3 0.5803333333333333 0.0285 0.04333333333333333 0.035
3 0.597 0.06175 0.04466666666666667 0.0365
3 0.7416666666666666 0.06325 0.04466666666666667 0.0385
3 0.8006666666666666 0.09225 0.068 0.0435
3 0.47733333333333333 0.0945 0.050666666666666665 0.048
3 0.48266666666666663 0.1435 0.056 0.062
3 0.48533333333333334 0.21875 0.064 0.0785
3 0.49366666666666664 0.31675 0.07666666666666666 0.1065
3 0.735 0.3845 0.12733333333333333 0.127
3 0.522 0.49475 0.09733333333333333 0.1595
3 0.8056666666666666 0.53425 0.15133333333333332 0.1645
3 0.955 0.64 0.09 0.21933333333333332
3 0.8976666666666666 0.7025 0.16066666666666665 0.094
3 0.95825 0.28933333333333333 0.0835 0.07466666666666667
3 0.921 0.221 0.098 0.068
7 0.771 0.26175 0.02733333333333333 0.0485
11 0.835 0.134 0.05266666666666667 0.055
11 0.6973333333333332 0.13525 0.056 0.0535
11 0.7323333333333333 0.0225 0.05266666666666667 0.035
11 0.618 0.1115 0.05333333333333333 0.066
11 0.47875 0.019333333333333334 0.0385 0.03866666666666667
3 0.76375 0.004333333333333333 0.078 0.008666666666666666