11 0.7337662337662337 0.4908663883089771 0.06307977736549165 0.058977035490605435
11 0.9615027829313543 0.33246346555323597 0.041743970315398886 0.036534446764091864
11 0.9642857142857142 0.29906054279749483 0.03617810760667903 0.03131524008350731
3 0.8371985157699442 0.2698329853862213 0.04359925788497217 0.036534446764091864
11 0.9795918367346937 0.24869519832985387 0.03710575139146567 0.037056367432150315
5 0.9531539888682745 0.1978079331941545 0.012059369202226345 0.011482254697286014
8 0.9536178107606679 0.1931106471816284 0.009276437847866418 0.0062630480167014625
3 0.9945198329853863 0.15120593692022263 0.010960334029227558 0.022263450834879406
3 0.8947124304267161 0.14692066805845513 0.028756957328385898 0.02244258872651357
3 0.997651356993737 0.12569573283858998 0.004697286012526096 0.015769944341372914
11 0.9968684759916493 0.10296846011131726 0.006263048016701462 0.022263450834879406