3 0.5243333333333332 0.57175 0.09933333333333333 0.1425
3 0.519 0.43125 0.07533333333333334 0.0925
3 0.5336666666666666 0.3445 0.09 0.071
7 0.569 0.2525 0.020666666666666663 0.034
3 0.526 0.22925 0.050666666666666665 0.0475
7 0.5706666666666667 0.21075 0.012 0.0325
3 0.5296666666666666 0.19 0.046 0.039
3 0.5323333333333332 0.16225 0.03933333333333333 0.0335
7 0.57 0.17675 0.014666666666666666 0.0275
7 0.5833333333333333 0.19575 0.010666666666666666 0.0285
7 0.5783333333333333 0.19 0.01 0.027
3 0.799 0.24675 0.06466666666666666 0.0565
3 0.8903333333333333 0.14075 0.05133333333333333 0.0345
3 0.97875 0.17166666666666666 0.0425 0.03
3 0.99525 0.11166666666666666 0.0095 0.02666666666666667
11 0.99225 0.059666666666666666 0.0155 0.027333333333333334
7 0.981 0.0665 0.007333333333333333 0.018
7 0.9883333333333333 0.06725 0.006 0.0165
10 0.942 0.0635 0.06666666666666665 0.027
7 0.9023333333333332 0.05475 0.011333333333333332 0.0175
7 0.912 0.05475 0.005333333333333333 0.0165
3 0.8936666666666666 0.05225 0.02733333333333333 0.0185
9 0.9223333333333332 0.0485 0.018 0.011
7 0.9543333333333333 0.04525 0.006 0.0095
7 0.9373333333333332 0.03175 0.009333333333333332 0.0165
11 0.9046666666666666 0.03075 0.029333333333333333 0.0175
5 0.8816666666666666 0.035 0.015333333333333332 0.011
3 0.8563333333333333 0.032 0.03666666666666667 0.018
3 0.812 0.02375 0.026666666666666665 0.0145
7 0.8236666666666667 0.06975 0.011333333333333332 0.0135
7 0.817 0.07175 0.006 0.0125
5 0.823 0.0745 0.020666666666666663 0.012
3 0.6423333333333333 0.07375 0.034 0.0255
3 0.7106666666666667 0.04475 0.05466666666666666 0.0175
11 0.7026666666666667 0.02875 0.05466666666666666 0.0185
3 0.537 0.03375 0.024666666666666663 0.0195
3 0.5436666666666666 0.02225 0.02333333333333333 0.0155
3 0.53675 0.006666666666666667 0.02 0.013333333333333334
3 0.8123333333333332 0.0105 0.03266666666666666 0.012
3 0.826 0.01675 0.024 0.0125
8 0.5156666666666666 0.05075 0.008666666666666666 0.0115
1 0.5253333333333332 0.05175 0.006666666666666666 0.0135
1 0.4533333333333333 0.19375 0.03866666666666666 0.0195