7 0.12944162436548223 0.5503571428571429 0.04060913705583756 0.016428571428571428
7 0.13071065989847716 0.5414285714285715 0.048223350253807105 0.022857142857142857
7 0.217005076142132 0.4828571428571429 0.03299492385786802 0.024285714285714282
7 0.28553299492385786 0.4771428571428571 0.030456852791878174 0.022857142857142857
8 0.8293147208121827 0.5346428571428571 0.02918781725888325 0.020714285714285713
7 0.8432741116751268 0.5196428571428571 0.02918781725888325 0.017857142857142856
7 0.9314720812182741 0.35821428571428565 0.02030456852791878 0.024999999999999998
8 0.23540609137055837 0.39178571428571424 0.03680203045685279 0.017857142857142856
7 0.39340101522842635 0.24142857142857144 0.02284263959390863 0.02142857142857143
7 0.4118020304568528 0.2357142857142857 0.024111675126903553 0.022857142857142857
7 0.766497461928934 0.15178571428571427 0.015228426395939087 0.02214285714285714
7 0.7493654822335025 0.14357142857142857 0.01649746192893401 0.02142857142857143
7 0.7950507614213198 0.13428571428571429 0.013959390862944163 0.018571428571428572
7 0.815989847715736 0.14607142857142857 0.01269035532994924 0.019285714285714285
7 0.8902284263959391 0.09357142857142856 0.011421319796954314 0.02142857142857143
7 0.8286802030456853 0.09392857142857142 0.015228426395939087 0.019285714285714285
7 0.899746192893401 0.09535714285714285 0.015228426395939087 0.019285714285714285
7 0.9359137055837563 0.06749999999999999 0.013959390862944163 0.015000000000000001
8 0.9422588832487309 0.16499999999999998 0.019035532994923856 0.012857142857142857
8 0.9473350253807106 0.14285714285714285 0.01649746192893401 0.01
7 0.9238578680203046 0.09642857142857142 0.01015228426395939 0.01
7 0.5215736040609137 0.06785714285714285 0.015228426395939087 0.017142857142857144
7 0.5850253807106599 0.027142857142857142 0.015228426395939087 0.017142857142857144
7 0.6713197969543148 0.05928571428571428 0.01269035532994924 0.015714285714285715
7 0.6833756345177665 0.060000000000000005 0.013959390862944163 0.014285714285714285
7 0.6021573604060914 0.11178571428571428 0.013959390862944163 0.017857142857142856
8 0.6694162436548223 0.05535714285714285 0.008883248730964468 0.007857142857142858
7 0.6928934010152283 0.031785714285714285 0.01015228426395939 0.015000000000000001
7 0.7106598984771574 0.027857142857142858 0.01015228426395939 0.014285714285714285
7 0.7055837563451777 0.041428571428571426 0.01015228426395939 0.015714285714285715
7 0.7220812182741116 0.027142857142857142 0.007614213197969543 0.007142857142857143
7 0.7461928934010152 0.032857142857142856 0.01269035532994924 0.017142857142857144
7 0.8604060913705583 0.04428571428571428 0.01015228426395939 0.015714285714285715
8 0.8540609137055838 0.057499999999999996 0.015228426395939087 0.013571428571428571
8 0.8572335025380712 0.05499999999999999 0.01649746192893401 0.014285714285714285
7 0.8965736040609137 0.02035714285714286 0.008883248730964468 0.012142857142857141
7 0.885 0.007614213197969543 0.011428571428571429 0.015228426395939087
7 0.7366751269035533 0.019285714285714285 0.011421319796954314 0.015714285714285715
7 0.7189086294416244 0.018571428571428572 0.011421319796954314 0.015714285714285715
7 0.6852791878172589 0.025714285714285714 0.01015228426395939 0.015714285714285715
3 0.1446700507614213 0.16464285714285712 0.10152284263959392 0.060714285714285714
7 0.7157360406091371 0.04285714285714286 0.01269035532994924 0.014285714285714285
7 0.7284263959390863 0.019642857142857142 0.01015228426395939 0.013571428571428571