11 0.6109523809523809 0.16535714285714287 0.008571428571428572 0.009285714285714286
3 0.6628571428571428 0.11107142857142857 0.005714285714285714 0.005
3 0.6695238095238095 0.10678571428571429 0.005714285714285714 0.0035714285714285713
3 0.6328571428571429 0.11142857142857143 0.008571428571428572 0.005714285714285714
10 0.6514285714285715 0.09785714285714285 0.009523809523809523 0.011428571428571429
4 0.650952380952381 0.13142857142857142 0.0047619047619047615 0.005714285714285714
4 0.5938095238095238 0.16285714285714287 0.014285714285714285 0.01
4 0.6461904761904762 0.15642857142857142 0.008571428571428572 0.008571428571428572
4 0.7338095238095238 0.06821428571428571 0.02952380952380952 0.025
3 0.4442857142857143 0.1275 0.008571428571428572 0.0064285714285714285
3 0.4509523809523809 0.12285714285714286 0.006666666666666666 0.007142857142857143
3 0.48142857142857143 0.11428571428571428 0.010476190476190476 0.005714285714285714
3 0.4342857142857143 0.14785714285714285 0.009523809523809523 0.005714285714285714
11 0.4019047619047619 0.1757142857142857 0.019047619047619046 0.008571428571428572
10 0.38904761904761903 0.18321428571428572 0.025714285714285714 0.010714285714285714
11 0.3138095238095238 0.19785714285714287 0.01619047619047619 0.011428571428571429
6 0.4719047619047619 0.5389285714285714 0.09619047619047619 0.07928571428571428
10 0.6309523809523809 0.30357142857142855 0.023809523809523805 0.05142857142857143
3 0.21238095238095236 0.5482142857142858 0.05523809523809523 0.04642857142857143
3 0.8295238095238094 0.17821428571428571 0.011428571428571429 0.009285714285714286
3 0.7966666666666666 0.1775 0.018095238095238095 0.007857142857142858
3 0.7714285714285715 0.15678571428571428 0.013333333333333332 0.005
11 0.77 0.15428571428571428 0.010476190476190476 0.005714285714285714
11 0.7885714285714286 0.1707142857142857 0.017142857142857144 0.005714285714285714
11 0.8023809523809523 0.18714285714285714 0.018095238095238095 0.007142857142857143
11 0.8133333333333332 0.195 0.017142857142857144 0.007142857142857143
11 0.8152380952380952 0.1682142857142857 0.009523809523809523 0.0064285714285714285
3 0.8957142857142857 0.24321428571428572 0.018095238095238095 0.010714285714285714
10 0.8619047619047618 0.235 0.04 0.015714285714285715
3 0.8409523809523809 0.17 0.019047619047619046 0.008571428571428572
3 0.7833333333333332 0.16642857142857143 0.02 0.007142857142857143
3 0.8076190476190475 0.19071428571428573 0.017142857142857144 0.005714285714285714
3 0.82 0.19964285714285715 0.022857142857142857 0.007857142857142858
6 0.4709523809523809 0.5375 0.1 0.075
6 0.6871428571428572 0.10464285714285715 0.02 0.012142857142857143