8 0.30761904761904757 0.5278571428571428 0.022857142857142857 0.015714285714285715
8 0.3242857142857143 0.5303571428571429 0.018095238095238095 0.013571428571428571
5 0.31285714285714283 0.5289285714285714 0.05809523809523809 0.023571428571428573
5 0.008571428571428572 0.24142857142857144 0.017142857142857144 0.04285714285714286
5 0.03238095238095238 0.24428571428571427 0.02476190476190476 0.03857142857142857
5 0.17904761904761904 0.2671428571428571 0.022857142857142857 0.03857142857142857
5 0.12857142857142856 0.3067857142857143 0.03809523809523809 0.027857142857142858
5 0.15714285714285714 0.30178571428571427 0.022857142857142857 0.04214285714285714
5 0.19904761904761903 0.27 0.017142857142857144 0.03571428571428571
5 0.2180952380952381 0.2725 0.022857142857142857 0.03785714285714286
5 0.23857142857142857 0.2775 0.025714285714285714 0.03357142857142857
5 0.26095238095238094 0.2739285714285714 0.03428571428571429 0.039285714285714285
5 0.2057142857142857 0.21928571428571428 0.022857142857142857 0.03428571428571429
5 0.2552380952380952 0.18892857142857142 0.015238095238095238 0.023571428571428573
5 0.2319047619047619 0.18321428571428572 0.02 0.023571428571428573
7 0.3619047619047619 0.20714285714285716 0.022857142857142857 0.02
5 0.3242857142857143 0.28785714285714287 0.025714285714285714 0.025714285714285714
5 0.30857142857142855 0.32 0.03238095238095238 0.03857142857142857
5 0.3252380952380952 0.3264285714285714 0.023809523809523805 0.03142857142857143
5 0.3909523809523809 0.28714285714285714 0.023809523809523805 0.03428571428571429
5 0.5380952380952381 0.2717857142857143 0.02095238095238095 0.03214285714285714
5 0.5133333333333333 0.265 0.02095238095238095 0.04
5 0.5619047619047619 0.2742857142857143 0.022857142857142857 0.037142857142857144
5 0.5761904761904761 0.23107142857142857 0.017142857142857144 0.029285714285714286
5 0.5571428571428572 0.22714285714285715 0.017142857142857144 0.032857142857142856
5 0.5409523809523809 0.22535714285714287 0.019047619047619046 0.029285714285714286
5 0.5223809523809523 0.22428571428571428 0.018095238095238095 0.02857142857142857
5 0.48952380952380947 0.34714285714285714 0.030476190476190476 0.03142857142857143
5 0.6033333333333333 0.35428571428571426 0.050476190476190466 0.018571428571428572
5 0.4961904761904762 0.31142857142857144 0.022857142857142857 0.032857142857142856
5 0.5157142857142857 0.3125 0.018095238095238095 0.035
5 0.5342857142857143 0.31535714285714284 0.019047619047619046 0.035
5 0.5866666666666666 0.32321428571428573 0.015238095238095238 0.03357142857142857
5 0.6128571428571429 0.3267857142857143 0.018095238095238095 0.03214285714285714
5 0.6442857142857142 0.3289285714285714 0.021904761904761903 0.03357142857142857
5 0.6352380952380952 0.36607142857142855 0.015238095238095238 0.03357142857142857
8 0.6852380952380952 0.39464285714285713 0.01238095238095238 0.019285714285714285
8 0.6976190476190476 0.39357142857142857 0.01619047619047619 0.015714285714285715
5 0.6880952380952381 0.3942857142857143 0.04476190476190476 0.015714285714285715
5 0.7042857142857143 0.37214285714285716 0.04857142857142857 0.02857142857142857
5 0.6842857142857143 0.33464285714285713 0.014285714285714285 0.035
5 0.7242857142857143 0.29678571428571426 0.014285714285714285 0.027857142857142858
5 0.71 0.335 0.01619047619047619 0.037142857142857144
5 0.7357142857142858 0.3382142857142857 0.021904761904761903 0.039285714285714285
5 0.7176190476190476 0.24785714285714286 0.014285714285714285 0.032857142857142856
5 0.7419047619047618 0.2517857142857143 0.013333333333333332 0.029285714285714286
5 0.7614285714285715 0.2517857142857143 0.01619047619047619 0.03357142857142857
5 0.7571428571428571 0.2982142857142857 0.017142857142857144 0.035
5 0.7619047619047618 0.3417857142857143 0.017142857142857144 0.039285714285714285
5 0.836190476190476 0.3925 0.0419047619047619 0.03214285714285714
5 0.9223809523809523 0.4 0.037142857142857144 0.03428571428571429
5 0.8233333333333333 0.3464285714285714 0.021904761904761903 0.04428571428571428
5 0.8466666666666666 0.3492857142857143 0.019047619047619046 0.041428571428571426
5 0.8271428571428572 0.3057142857142857 0.018095238095238095 0.03428571428571429
5 0.8452380952380952 0.26607142857142857 0.014285714285714285 0.030714285714285715
5 0.8628571428571429 0.26607142857142857 0.019047619047619046 0.030714285714285715
5 0.8633333333333332 0.35642857142857143 0.014285714285714285 0.03142857142857143
5 0.8771428571428571 0.35892857142857143 0.015238095238095238 0.03214285714285714
3 0.8785714285714286 0.4732142857142857 0.12666666666666665 0.047857142857142855