10 0.32904761904761903 0.43214285714285716 0.3133333333333333 0.11428571428571428
10 0.3466666666666667 0.2932142857142857 0.19619047619047617 0.08642857142857142
3 0.31238095238095237 0.3575 0.2533333333333333 0.07357142857142857
3 0.35238095238095235 0.20357142857142857 0.18285714285714286 0.054285714285714284
3 0.349047619047619 0.1707142857142857 0.17047619047619048 0.04857142857142857
3 0.3609523809523809 0.13964285714285715 0.16 0.045
3 0.3342857142857143 0.08214285714285714 0.13904761904761903 0.05142857142857143
3 0.6809523809523809 0.085 0.1295238095238095 0.045714285714285714
3 0.36047619047619045 0.0225 0.11523809523809522 0.03357142857142857
3 0.6871428571428572 0.06 0.12476190476190475 0.04428571428571428
3 0.6595238095238095 0.04857142857142857 0.11142857142857143 0.037142857142857144
3 0.6282142857142857 0.013333333333333334 0.09785714285714285 0.02666666666666667
7 0.5985714285714285 0.14714285714285713 0.023809523809523805 0.04857142857142857
7 0.5380952380952381 0.24607142857142858 0.026666666666666665 0.052142857142857144
7 0.7980952380952381 0.18892857142857142 0.02095238095238095 0.045
3 0.99 0.21333333333333335 0.02 0.0980952380952381
3 0.9103571428571429 0.4319047619047619 0.1792857142857143 0.1019047619047619
3 0.8825 0.3661904761904762 0.235 0.08761904761904762
7 0.48464285714285715 0.015714285714285715 0.019285714285714285 0.03142857142857143
7 0.4567857142857143 0.008571428571428572 0.014285714285714285 0.017142857142857144
7 0.43142857142857144 0.01 0.015 0.02