3 0.4642857142857143 0.5964285714285714 0.0619047619047619 0.10857142857142857
3 0.5285714285714286 0.6857142857142857 0.04761904761904761 0.12714285714285714
3 0.8061904761904761 0.4907142857142857 0.04476190476190476 0.054285714285714284
3 0.5719047619047619 0.42714285714285716 0.037142857142857144 0.055714285714285716
3 0.5019047619047619 0.3157142857142857 0.030476190476190476 0.027142857142857142
3 0.6085714285714285 0.2417857142857143 0.02095238095238095 0.02214285714285714
3 0.6047619047619047 0.28464285714285714 0.02857142857142857 0.035
3 0.7428571428571429 0.275 0.019047619047619046 0.022857142857142857
3 0.7747619047619047 0.2525 0.023809523809523805 0.02214285714285714
3 0.7647619047619046 0.21678571428571428 0.02476190476190476 0.017857142857142856
3 0.7323809523809524 0.19214285714285714 0.017142857142857144 0.02142857142857143
5 0.3823809523809523 0.2935714285714286 0.01238095238095238 0.02
11 0.6228571428571429 0.1692857142857143 0.017142857142857144 0.02142857142857143
11 0.5347619047619048 0.15857142857142856 0.04095238095238095 0.014285714285714285
5 0.5076190476190476 0.3717857142857143 0.013333333333333332 0.029285714285714286
5 0.5942857142857143 0.15785714285714286 0.007619047619047619 0.01
5 0.5809523809523809 0.15214285714285714 0.005714285714285714 0.01
5 0.8038095238095238 0.21357142857142858 0.005714285714285714 0.01
5 0.5466666666666666 0.21214285714285713 0.009523809523809523 0.014285714285714285
5 0.6304761904761904 0.0975 0.007619047619047619 0.009285714285714286
3 0.7104761904761905 0.09071428571428572 0.013333333333333332 0.011428571428571429
3 0.7238095238095238 0.07964285714285714 0.013333333333333332 0.007857142857142858
3 0.7085714285714285 0.020714285714285713 0.007619047619047619 0.005714285714285714
3 0.7009523809523809 0.005714285714285714 0.015238095238095238 0.007142857142857143
3 0.6385714285714286 0.010357142857142856 0.01619047619047619 0.0064285714285714285
2 0.6195238095238095 0.03857142857142857 0.01238095238095238 0.02142857142857143
7 0.6271428571428571 0.04857142857142857 0.002857142857142857 0.004285714285714286
7 0.6276190476190476 0.0425 0.0038095238095238095 0.005
5 0.6133333333333333 0.14392857142857143 0.011428571428571429 0.012142857142857143
7 0.6319047619047619 0.03321428571428572 0.002857142857142857 0.0064285714285714285
7 0.9023809523809523 0.21571428571428572 0.008571428571428572 0.011428571428571429
7 0.91 0.26 0.006666666666666666 0.014285714285714285
7 0.8985714285714286 0.25857142857142856 0.008571428571428572 0.014285714285714285
5 0.8823809523809524 0.19857142857142857 0.02 0.014285714285714285
5 0.8704761904761904 0.37 0.02095238095238095 0.02142857142857143
7 0.44904761904761903 0.2532142857142857 0.008571428571428572 0.013571428571428571
8 0.5076190476190476 0.36392857142857143 0.009523809523809523 0.007857142857142858
8 0.5476190476190476 0.20892857142857144 0.007619047619047619 0.0064285714285714285
8 0.5947619047619047 0.15607142857142858 0.0047619047619047615 0.0035714285714285713
8 0.6138095238095238 0.14142857142857143 0.006666666666666666 0.005714285714285714
8 0.5809523809523809 0.15035714285714286 0.007619047619047619 0.005
7 0.5580952380952381 0.1717857142857143 0.005714285714285714 0.009285714285714286
8 0.8047619047619047 0.21214285714285713 0.0038095238095238095 0.004285714285714286
8 0.629047619047619 0.095 0.0047619047619047615 0.004285714285714286
8 0.8723809523809524 0.3653571428571429 0.007619047619047619 0.009285714285714286