3 0.7227157360406091 0.41750000000000004 0.0317258883248731 0.04071428571428572
3 0.6364213197969543 0.4332142857142857 0.03934010152284264 0.042142857142857135
3 0.5444162436548223 0.4010714285714286 0.053299492385786795 0.034999999999999996
3 0.7417512690355329 0.30392857142857144 0.02918781725888325 0.03071428571428571
10 0.6516497461928934 0.3196428571428571 0.049492385786802026 0.06642857142857143
11 0.8083756345177665 0.2239285714285714 0.027918781725888325 0.034999999999999996
10 0.8546954314720813 0.20214285714285715 0.03426395939086294 0.05142857142857143
3 0.7290609137055838 0.11714285714285715 0.02918781725888325 0.024285714285714282
3 0.7601522842639594 0.08035714285714285 0.027918781725888325 0.02214285714285714
2 0.690989847715736 0.0375 0.02918781725888325 0.03785714285714285
7 0.5888324873096447 0.25107142857142856 0.01269035532994924 0.010714285714285714