3 0.19952380952380952 0.03464285714285714 0.11523809523809522 0.05785714285714286
3 0.5623809523809523 0.0825 0.09619047619047619 0.056428571428571425
3 0.6585714285714286 0.13214285714285715 0.09047619047619047 0.06
7 0.43142857142857144 0.12785714285714286 0.022857142857142857 0.018571428571428572
3 0.2957142857142857 0.12928571428571428 0.09619047619047619 0.07
3 0.3323809523809524 0.16 0.09333333333333332 0.07142857142857142
3 0.3766666666666666 0.18214285714285713 0.08285714285714285 0.06571428571428571
3 0.41619047619047617 0.24035714285714285 0.11047619047619046 0.04214285714285714
3 0.418095238095238 0.28285714285714286 0.10857142857142857 0.04
7 0.5119047619047619 0.21285714285714286 0.01619047619047619 0.018571428571428572
7 0.53 0.21785714285714286 0.01238095238095238 0.011428571428571429
7 0.5438095238095237 0.2175 0.013333333333333332 0.015
3 0.4395238095238095 0.4514285714285714 0.11333333333333333 0.04
3 0.45619047619047615 0.48928571428571427 0.11619047619047618 0.04
3 0.44047619047619047 0.5371428571428571 0.10571428571428572 0.03428571428571429
3 0.19619047619047617 0.7182142857142857 0.10666666666666666 0.062142857142857146
3 0.45619047619047615 0.735 0.06285714285714286 0.02857142857142857
7 0.33904761904761904 0.73 0.02857142857142857 0.018571428571428572
5 0.29714285714285715 0.6064285714285714 0.026666666666666665 0.012857142857142857
3 0.5457142857142857 0.6571428571428571 0.08571428571428572 0.06857142857142857
11 0.6257142857142857 0.5846428571428571 0.09142857142857143 0.075
3 0.7419047619047618 0.7321428571428571 0.06857142857142857 0.03428571428571429
3 0.8266666666666667 0.6785714285714286 0.09904761904761904 0.08285714285714285
3 0.7766666666666666 0.6496428571428572 0.1 0.07785714285714286
3 0.9066666666666666 0.6007142857142858 0.09523809523809522 0.07714285714285714
3 0.9390476190476189 0.39285714285714285 0.07238095238095238 0.08571428571428572
7 0.8109523809523809 0.4825 0.018095238095238095 0.020714285714285713
11 0.7695238095238095 0.455 0.0819047619047619 0.08714285714285715
3 0.83 0.36892857142857144 0.06952380952380952 0.06357142857142857
7 0.6138095238095238 0.4764285714285714 0.01619047619047619 0.01
7 0.5185714285714286 0.465 0.025714285714285714 0.008571428571428572
7 0.5495238095238094 0.4382142857142857 0.017142857142857144 0.007857142857142858
7 0.6571428571428571 0.4967857142857143 0.007619047619047619 0.013571428571428571
11 0.6547619047619048 0.4325 0.09809523809523808 0.045
3 0.6552380952380952 0.3842857142857143 0.10857142857142857 0.045714285714285714
3 0.738095238095238 0.2832142857142857 0.08761904761904761 0.07928571428571428
3 0.8133333333333332 0.24285714285714285 0.08 0.08142857142857143
3 0.7457142857142857 0.17964285714285713 0.043809523809523805 0.06357142857142857
3 0.869047619047619 0.1875 0.09619047619047619 0.07785714285714286
3 0.97 0.05904761904761905 0.06 0.05238095238095238
3 0.8703571428571428 0.01619047619047619 0.08 0.03238095238095238