7 0.30428571428571427 0.705 0.09238095238095237 0.08428571428571428
1 0.2795238095238095 0.7210714285714286 0.07142857142857142 0.056428571428571425
1 0.6709523809523809 0.4725 0.1 0.04357142857142857
1 0.8333333333333333 0.4617857142857143 0.09142857142857143 0.039285714285714285
5 0.5876190476190476 0.4407142857142857 0.09333333333333332 0.047142857142857146
7 0.3180952380952381 0.4467857142857143 0.05333333333333333 0.062142857142857146
7 0.2604761904761905 0.57 0.06952380952380952 0.07428571428571429
7 0.9166666666666666 0.46035714285714285 0.037142857142857144 0.05071428571428571
8 0.9214285714285714 0.4875 0.06 0.062142857142857146
7 0.7004761904761905 0.21964285714285714 0.02 0.035
7 0.9519047619047618 0.19 0.021904761904761903 0.03142857142857143
7 0.8290476190476189 0.16428571428571428 0.008571428571428572 0.02142857142857143
7 0.8095238095238094 0.16142857142857142 0.009523809523809523 0.022857142857142857
7 0.7961904761904761 0.16607142857142856 0.013333333333333332 0.016428571428571428
7 0.8152380952380952 0.13785714285714284 0.009523809523809523 0.017142857142857144
7 0.4319047619047619 0.1775 0.021904761904761903 0.029285714285714286
7 0.5947619047619047 0.12107142857142857 0.014285714285714285 0.016428571428571428
7 0.5704761904761905 0.12428571428571429 0.007619047619047619 0.011428571428571429
7 0.6152380952380951 0.09321428571428571 0.009523809523809523 0.016428571428571428
7 0.3395238095238095 0.11392857142857143 0.008571428571428572 0.012142857142857143
7 0.2776190476190476 0.09678571428571428 0.014285714285714285 0.013571428571428571
7 0.28238095238095234 0.12392857142857143 0.010476190476190476 0.017857142857142856
7 0.2919047619047619 0.13 0.01238095238095238 0.02142857142857143
7 0.29714285714285715 0.12964285714285714 0.009523809523809523 0.010714285714285714
7 0.3304761904761904 0.13178571428571428 0.007619047619047619 0.009285714285714286
8 0.32380952380952377 0.13107142857142856 0.007619047619047619 0.010714285714285714
8 0.14 0.22714285714285715 0.022857142857142857 0.025714285714285714
8 0.035238095238095235 0.22642857142857142 0.043809523809523805 0.02
5 0.48428571428571426 0.11035714285714286 0.008571428571428572 0.013571428571428571
7 0.1519047619047619 0.06892857142857142 0.006666666666666666 0.010714285714285714
7 0.19428571428571428 0.06785714285714285 0.007619047619047619 0.01
7 0.08047619047619047 0.07035714285714285 0.006666666666666666 0.007857142857142858
7 0.11047619047619046 0.07178571428571429 0.005714285714285714 0.007857142857142858
1 0.05333333333333333 0.09428571428571429 0.015238095238095238 0.01
7 0.17904761904761904 0.08928571428571429 0.009523809523809523 0.011428571428571429
7 0.16952380952380952 0.09142857142857143 0.009523809523809523 0.012857142857142857
7 0.16047619047619047 0.09285714285714286 0.006666666666666666 0.01
7 0.15095238095238095 0.09392857142857143 0.008571428571428572 0.010714285714285714
7 0.1576190476190476 0.0875 0.006666666666666666 0.007857142857142858
7 0.15095238095238095 0.09 0.010476190476190476 0.011428571428571429
7 0.1419047619047619 0.0925 0.009523809523809523 0.013571428571428571
7 0.1361904761904762 0.08892857142857143 0.007619047619047619 0.009285714285714286
7 0.13238095238095238 0.09392857142857143 0.007619047619047619 0.012142857142857143
7 0.12904761904761905 0.09071428571428572 0.008571428571428572 0.011428571428571429
7 0.11666666666666665 0.09178571428571429 0.006666666666666666 0.012142857142857143
7 0.11904761904761904 0.09 0.007619047619047619 0.012857142857142857
7 0.11095238095238094 0.09142857142857143 0.006666666666666666 0.012857142857142857
7 0.10857142857142857 0.09285714285714286 0.007619047619047619 0.014285714285714285
7 0.09952380952380951 0.09321428571428571 0.008571428571428572 0.013571428571428571
7 0.0938095238095238 0.09107142857142857 0.006666666666666666 0.010714285714285714
7 0.09047619047619047 0.09428571428571429 0.007619047619047619 0.01
6 0.5066666666666666 0.11571428571428571 0.019047619047619046 0.012857142857142857
4 0.5976190476190476 0.08 0.018095238095238095 0.01
7 0.9919047619047618 0.07321428571428572 0.0047619047619047615 0.007857142857142858
7 0.998095238095238 0.07392857142857143 0.0038095238095238095 0.0064285714285714285
7 0.9989285714285714 0.07238095238095238 0.002142857142857143 0.007619047619047619