3 0.5139593908629442 0.42928571428571427 0.06852791878172589 0.02857142857142857
3 0.2519035532994924 0.3796428571428571 0.09263959390862944 0.034999999999999996
3 0.27411167512690354 0.3296428571428571 0.08375634517766498 0.03357142857142857
3 0.5057106598984772 0.26428571428571423 0.0799492385786802 0.032857142857142856
3 0.6383248730964467 0.2496428571428571 0.08375634517766498 0.03214285714285715
11 0.7652284263959391 0.28357142857142853 0.08629441624365483 0.03142857142857143
3 0.9016497461928934 0.2546428571428571 0.08756345177664974 0.03071428571428571
10 0.9910714285714286 0.2620558375634518 0.017857142857142856 0.03299492385786802
3 0.9910714285714286 0.23096446700507614 0.017857142857142856 0.030456852791878174
3 0.9771428571428571 0.20431472081218274 0.045714285714285714 0.030456852791878174
3 0.9048223350253807 0.19607142857142856 0.06598984771573604 0.024999999999999998
3 0.9803571428571428 0.1782994923857868 0.039285714285714285 0.02918781725888325
7 0.8388324873096447 0.09214285714285714 0.01015228426395939 0.008571428571428572
7 0.8464467005076142 0.027857142857142858 0.015228426395939087 0.012857142857142857
7 0.8312182741116751 0.019642857142857142 0.017766497461928935 0.013571428571428571
2 0.9910714285714286 0.014593908629441625 0.017857142857142856 0.02918781725888325