8 0.7028571428571428 0.3678571428571429 0.009523809523809523 0.008571428571428572
7 0.7023809523809523 0.4082142857142857 0.006666666666666666 0.017857142857142856
8 0.6528571428571428 0.40535714285714286 0.006666666666666666 0.007857142857142858
8 0.6409523809523809 0.4135714285714286 0.007619047619047619 0.008571428571428572
8 0.6619047619047619 0.4139285714285714 0.009523809523809523 0.010714285714285714
8 0.6633333333333333 0.40785714285714286 0.008571428571428572 0.01
8 0.669047619047619 0.4064285714285714 0.006666666666666666 0.008571428571428572
8 0.66 0.38035714285714284 0.007619047619047619 0.009285714285714286
8 0.6661904761904761 0.4 0.006666666666666666 0.008571428571428572
8 0.6914285714285714 0.4089285714285714 0.007619047619047619 0.009285714285714286
4 0.6776190476190476 0.4039285714285714 0.008571428571428572 0.019285714285714285
1 0.6923809523809523 0.41464285714285715 0.007619047619047619 0.012142857142857143
1 0.6628571428571428 0.4175 0.015238095238095238 0.013571428571428571
1 0.6428571428571429 0.4203571428571429 0.02095238095238095 0.007857142857142858
1 0.67 0.41535714285714287 0.010476190476190476 0.012142857142857143
1 0.7042857142857143 0.37214285714285716 0.010476190476190476 0.011428571428571429
1 0.6604761904761904 0.38392857142857145 0.01238095238095238 0.013571428571428571
7 0.6433333333333333 0.41928571428571426 0.010476190476190476 0.011428571428571429
7 0.7109523809523809 0.5407142857142857 0.006666666666666666 0.017142857142857144
7 0.7071428571428572 0.5796428571428571 0.006666666666666666 0.013571428571428571
7 0.7061904761904761 0.5678571428571428 0.008571428571428572 0.014285714285714285
7 0.6942857142857143 0.5682142857142857 0.007619047619047619 0.012142857142857143
7 0.6914285714285714 0.5589285714285714 0.005714285714285714 0.012142857142857143
7 0.6976190476190476 0.5492857142857143 0.006666666666666666 0.011428571428571429
7 0.698095238095238 0.5439285714285714 0.005714285714285714 0.013571428571428571
7 0.7023809523809523 0.5203571428571429 0.008571428571428572 0.012142857142857143
7 0.6538095238095237 0.4632142857142857 0.006666666666666666 0.012142857142857143
7 0.6457142857142857 0.465 0.007619047619047619 0.011428571428571429
5 0.99 0.5889285714285715 0.01238095238095238 0.020714285714285713