10 0.1352380952380952 0.48464285714285715 0.1638095238095238 0.07071428571428572
10 0.6047619047619047 0.43 0.14857142857142858 0.15571428571428572
11 0.5138095238095237 0.2739285714285714 0.09619047619047619 0.04214285714285714
3 0.4109523809523809 0.11535714285714285 0.035238095238095235 0.030714285714285715
3 0.5485714285714286 0.2042857142857143 0.08952380952380952 0.032857142857142856
7 0.6714285714285714 0.17785714285714285 0.015238095238095238 0.03
3 0.5557142857142857 0.3242857142857143 0.06571428571428571 0.05714285714285714
3 0.5 0.3757142857142857 0.10666666666666666 0.06571428571428571
3 0.24904761904761902 0.6228571428571429 0.1819047619047619 0.13857142857142857
3 0.8009523809523809 0.425 0.11428571428571428 0.08
3 0.44619047619047614 0.6642857142857143 0.17047619047619048 0.14857142857142858
3 0.43809523809523804 0.10392857142857143 0.030476190476190476 0.019285714285714285
1 0.36238095238095236 0.09 0.02 0.01
5 0.39285714285714285 0.07464285714285715 0.010476190476190476 0.012142857142857143
1 0.39523809523809517 0.3682142857142857 0.02095238095238095 0.030714285714285715
8 0.5285714285714286 0.40285714285714286 0.019047619047619046 0.02857142857142857
1 0.530952380952381 0.4125 0.027619047619047616 0.03214285714285714
7 0.9519047619047618 0.28285714285714286 0.01238095238095238 0.03142857142857143
7 0.9633333333333333 0.25607142857142856 0.02 0.029285714285714286