3 0.7715736040609137 0.37285714285714283 0.10659898477157359 0.030000000000000002
3 0.9982142857142857 0.3369289340101523 0.0035714285714285713 0.030456852791878174
3 0.9828571428571429 0.28553299492385786 0.03428571428571429 0.06598984771573604
3 0.9289340101522843 0.29107142857142854 0.048223350253807105 0.062142857142857146
3 0.8667512690355329 0.28607142857142853 0.043147208121827416 0.056428571428571425
3 0.8045685279187818 0.28928571428571426 0.043147208121827416 0.05857142857142857
11 0.6656091370558376 0.28714285714285714 0.05456852791878173 0.0642857142857143
3 0.58248730964467 0.29428571428571426 0.048223350253807105 0.05857142857142857
3 0.5222081218274112 0.29642857142857143 0.04695431472081218 0.05285714285714285
3 0.4530456852791878 0.29464285714285715 0.048223350253807105 0.05928571428571428
3 0.30647208121827413 0.14285714285714285 0.05456852791878173 0.06285714285714286
3 0.23730964467005078 0.14214285714285715 0.053299492385786795 0.06285714285714286
3 0.17385786802030456 0.13857142857142857 0.053299492385786795 0.06285714285714286
3 0.11294416243654823 0.1457142857142857 0.053299492385786795 0.06285714285714286
11 0.10659898477157359 0.3032142857142857 0.0634517766497462 0.06785714285714285
3 0.026785714285714284 0.3026649746192893 0.05357142857142857 0.06218274111675127
2 0.12178571428571429 0.43210659898477155 0.24357142857142858 0.046954314720812185
11 0.06535532994923858 0.03607142857142857 0.11802030456852793 0.026428571428571426
10 0.3 0.037436548223350255 0.08785714285714286 0.07487309644670051
3 0.5901015228426396 0.13964285714285715 0.10152284263959392 0.024999999999999998
3 0.7398477157360406 0.13999999999999999 0.10913705583756346 0.02857142857142857
3 0.8851522842639594 0.12964285714285714 0.11802030456852793 0.029285714285714286
3 0.9143401015228426 0.09035714285714284 0.11548223350253807 0.027857142857142858
3 0.5075 0.023477157360406092 0.05071428571428571 0.046954314720812185
3 0.6485714285714286 0.018401015228426396 0.04857142857142857 0.03680203045685279
3 0.7132142857142857 0.020939086294416244 0.05071428571428571 0.04187817258883249
3 0.9225 0.015228426395939087 0.04857142857142857 0.030456852791878174
1 0.18083756345177665 0.27999999999999997 0.02918781725888325 0.022857142857142857
7 0.1935279187817259 0.2814285714285714 0.021573604060913708 0.01
3 0.052030456852791875 0.14428571428571427 0.06091370558375635 0.0642857142857143
3 0.8312182741116751 0.5442857142857143 0.1116751269035533 0.032857142857142856
7 0.3953045685279188 0.5035714285714286 0.013959390862944163 0.012857142857142857