3 0.08523809523809524 0.6489285714285714 0.16857142857142857 0.08214285714285714
3 0.14809523809523809 0.4392857142857143 0.11904761904761904 0.08
3 0.23285714285714285 0.43392857142857144 0.11523809523809522 0.08357142857142857
3 0.23238095238095235 0.36178571428571427 0.10095238095238093 0.05785714285714286
3 0.9175 0.670952380952381 0.165 0.07428571428571429
3 0.9195238095238095 0.6039285714285715 0.15714285714285714 0.06928571428571428
3 0.8957142857142857 0.4467857142857143 0.12857142857142856 0.05071428571428571
3 0.889047619047619 0.4032142857142857 0.12857142857142856 0.04642857142857143
3 0.8947619047619046 0.37214285714285716 0.11333333333333333 0.037142857142857144
3 0.8947619047619046 0.33964285714285714 0.10761904761904761 0.035
3 0.89 0.31285714285714283 0.09809523809523808 0.03428571428571429
3 0.8814285714285715 0.285 0.10571428571428572 0.03142857142857143
3 0.9 0.2625 0.09142857142857143 0.03357142857142857
3 0.8933333333333332 0.24107142857142858 0.0819047619047619 0.023571428571428573
3 0.8914285714285715 0.22321428571428573 0.08 0.025
3 0.8452380952380952 0.20107142857142857 0.07333333333333332 0.02642857142857143
3 0.8133333333333332 0.185 0.08 0.022857142857142857
3 0.8171428571428572 0.1707142857142857 0.07047619047619047 0.024285714285714285
3 0.8347619047619047 0.15785714285714286 0.07333333333333332 0.025714285714285714
3 0.8428571428571429 0.14357142857142857 0.07809523809523809 0.025714285714285714
3 0.8085714285714286 0.12107142857142857 0.06857142857142857 0.023571428571428573
3 0.8071428571428572 0.10178571428571428 0.0676190476190476 0.020714285714285713
3 0.8152380952380952 0.08285714285714285 0.06095238095238095 0.02
3 0.8114285714285714 0.06607142857142857 0.06285714285714286 0.017857142857142856
3 0.8319047619047618 0.011428571428571429 0.039047619047619046 0.012857142857142857
3 0.7990476190476189 0.017142857142857144 0.02095238095238095 0.024285714285714285
3 0.4657142857142857 0.47035714285714286 0.14095238095238094 0.05071428571428571
3 0.4957142857142857 0.42678571428571427 0.12666666666666665 0.056428571428571425
3 0.5014285714285714 0.38142857142857145 0.11523809523809522 0.04857142857142857
3 0.52 0.3517857142857143 0.11238095238095237 0.04214285714285714
3 0.32285714285714284 0.3382142857142857 0.08 0.055
3 0.3223809523809524 0.2596428571428571 0.08285714285714285 0.04642857142857143
3 0.3766666666666666 0.28 0.0676190476190476 0.047142857142857146
3 0.549047619047619 0.32035714285714284 0.10571428571428572 0.04214285714285714
3 0.5633333333333334 0.29678571428571426 0.10571428571428572 0.03785714285714286
3 0.578095238095238 0.27714285714285714 0.10095238095238093 0.03571428571428571
3 0.62 0.22392857142857142 0.06285714285714286 0.030714285714285715
3 0.6338095238095237 0.20642857142857143 0.09047619047619047 0.03571428571428571
3 0.64 0.18964285714285714 0.08 0.03357142857142857
3 0.6238095238095237 0.16178571428571428 0.07428571428571429 0.029285714285714286
3 0.6361904761904762 0.14892857142857144 0.06857142857142857 0.023571428571428573
3 0.6433333333333333 0.1382142857142857 0.07142857142857142 0.02214285714285714
3 0.6466666666666666 0.12678571428571428 0.06666666666666667 0.020714285714285713
3 0.6676190476190476 0.12 0.07428571428571429 0.025714285714285714
3 0.6561904761904762 0.10892857142857143 0.06857142857142857 0.020714285714285713
3 0.6738095238095237 0.075 0.05809523809523809 0.022857142857142857
3 0.6804761904761905 0.06785714285714285 0.056190476190476187 0.018571428571428572
3 0.6976190476190476 0.04535714285714286 0.056190476190476187 0.02214285714285714
3 0.6157142857142858 0.02214285714285714 0.023809523809523805 0.018571428571428572
3 0.7123809523809523 0.026785714285714284 0.03619047619047619 0.012142857142857143
3 0.7171428571428572 0.015357142857142857 0.0419047619047619 0.012142857142857143
3 0.7142857142857143 0.021785714285714287 0.04761904761904761 0.015
7 0.7171428571428572 0.4382142857142857 0.02095238095238095 0.030714285714285715
7 0.7485714285714286 0.3460714285714286 0.015238095238095238 0.029285714285714286
7 0.81 0.38392857142857145 0.018095238095238095 0.030714285714285715
7 0.73 0.1075 0.010476190476190476 0.020714285714285713
7 0.7261904761904762 0.07142857142857142 0.006666666666666666 0.017142857142857144
7 0.76 0.07 0.007619047619047619 0.017142857142857144
5 0.3242857142857143 0.02035714285714286 0.01619047619047619 0.020714285714285713
11 0.3419047619047619 0.4407142857142857 0.08952380952380952 0.07428571428571429
11 0.4209523809523809 0.22357142857142856 0.06666666666666667 0.04857142857142857
11 0.6004761904761905 0.24285714285714285 0.08666666666666667 0.04428571428571428
6 0.7395238095238095 0.06857142857142857 0.018095238095238095 0.02142857142857143
7 0.7985714285714286 0.7042857142857143 0.027619047619047616 0.025714285714285714
8 0.3233333333333333 0.02035714285714286 0.010476190476190476 0.016428571428571428