5 0.35 0.6835714285714286 0.037142857142857144 0.06571428571428571
5 0.38857142857142857 0.405 0.0419047619047619 0.07
3 0.036071428571428574 0.3395238095238095 0.07214285714285715 0.045714285714285714
3 0.04952380952380952 0.10285714285714286 0.06666666666666667 0.08428571428571428
3 0.9210714285714285 0.030952380952380953 0.05928571428571429 0.06190476190476191
5 0.98 0.04428571428571428 0.04 0.024761904761904763
5 0.9928571428571429 0.03142857142857143 0.014285714285714285 0.01904761904761905
5 0.9928571428571429 0.01619047619047619 0.014285714285714285 0.01904761904761905
5 0.8933333333333332 0.21642857142857144 0.022857142857142857 0.03428571428571429
3 0.8352380952380952 0.25214285714285717 0.11238095238095237 0.07285714285714286
5 0.98 0.21428571428571427 0.04 0.02
5 0.9789285714285715 0.20285714285714285 0.04214285714285714 0.022857142857142857
5 0.9842857142857143 0.2523809523809524 0.03142857142857143 0.02095238095238095
5 0.9889285714285714 0.2704761904761905 0.02214285714285714 0.02095238095238095
5 0.9942857142857143 0.30428571428571427 0.011428571428571429 0.024761904761904763
5 1 0.3271428571428571 0 0.01904761904761905
3 0.8552380952380951 0.32071428571428573 0.11428571428571428 0.07714285714285714
11 0.8719047619047618 0.37607142857142856 0.11333333333333333 0.08928571428571429
1 0.8471428571428572 0.4442857142857143 0.039047619047619046 0.02857142857142857
5 0.8619047619047618 0.4675 0.05142857142857143 0.019285714285714285
5 0.889047619047619 0.4757142857142857 0.06571428571428571 0.018571428571428572
5 0.9185714285714286 0.45321428571428574 0.0619047619047619 0.017857142857142856
7 0.9814285714285714 0.44142857142857145 0.021904761904761903 0.015714285714285715
7 0.9733333333333333 0.4575 0.02476190476190476 0.023571428571428573
7 0.9917857142857143 0.4847619047619048 0.016428571428571428 0.01904761904761905
8 0.9266666666666666 0.5657142857142857 0.02857142857142857 0.014285714285714285