4 0.894 0.171 0.052 0.055
3 0.978 0.177 0.033333333333333326 0.009
3 0.9633333333333333 0.182 0.03733333333333333 0.011
0 0.9516666666666667 0.1895 0.012666666666666666 0.013
4 0.924 0.14575 0.026666666666666665 0.0245
3 0.99375 0.20166666666666666 0.0125 0.014666666666666666
4 0.99925 0.221 0.0015 0.024
11 0.894 0.2075 0.06 0.021
11 0.8963333333333332 0.22275 0.06866666666666665 0.0195
3 0.9 0.23 0.06533333333333333 0.016
3 0.8953333333333332 0.2335 0.06666666666666665 0.017
3 0.895 0.25025 0.07533333333333334 0.0205
3 0.907 0.2575 0.078 0.023
3 0.97725 0.294 0.0455 0.028
3 0.886 0.2905 0.09733333333333333 0.024
3 0.8886666666666666 0.301 0.096 0.021
3 0.8903333333333333 0.314 0.10333333333333333 0.028
11 0.9086666666666666 0.324 0.112 0.043
11 0.8806666666666666 0.35125 0.11333333333333333 0.0435
3 0.9166666666666666 0.3815 0.14666666666666667 0.052
3 0.90375 0.4666666666666667 0.1925 0.06733333333333333
3 0.6956666666666667 0.46425 0.18466666666666665 0.0695
1 0.606 0.43225 0.06666666666666665 0.0265
3 0.838 0.6105 0.32 0.11
3 0.48666666666666664 0.58525 0.268 0.1015
10 0.41333333333333333 0.419 0.2746666666666666 0.121
3 0.04525 0.31333333333333335 0.0905 0.06066666666666667
10 0.288 0.2555 0.16266666666666665 0.052