3 0.02 0.23666666666666666 0.04 0.022857142857142857
3 0.031071428571428573 0.3038095238095238 0.062142857142857146 0.035238095238095235
3 0.04535714285714286 0.2919047619047619 0.09071428571428572 0.030476190476190476
3 0.05809523809523809 0.2710714285714286 0.08571428571428572 0.020714285714285713
3 0.2057142857142857 0.1475 0.06285714285714286 0.025
3 0.2561904761904762 0.12928571428571428 0.045714285714285714 0.017142857142857144
3 0.2838095238095238 0.16392857142857142 0.05523809523809523 0.020714285714285713
3 0.29238095238095235 0.15 0.05142857142857143 0.018571428571428572
3 0.29666666666666663 0.1375 0.06 0.016428571428571428
7 0.2866666666666667 0.10821428571428572 0.013333333333333332 0.017857142857142856
7 0.3242857142857143 0.09892857142857144 0.01238095238095238 0.016428571428571428
3 0.06035714285714286 0.4633333333333333 0.12071428571428572 0.05238095238095238
3 0.2095238095238095 0.4614285714285714 0.17333333333333334 0.05285714285714286
7 0.29666666666666663 0.435 0.025714285714285714 0.04
7 0.40952380952380946 0.40214285714285714 0.02476190476190476 0.03428571428571429
7 0.043333333333333335 0.5710714285714286 0.04476190476190476 0.04928571428571429
9 0.035238095238095235 0.6778571428571428 0.06666666666666667 0.054285714285714284
10 0.5023809523809524 0.7039285714285715 0.35523809523809524 0.09071428571428572
3 0.48714285714285716 0.6592857142857143 0.2542857142857143 0.09142857142857143
7 0.7661904761904761 0.6075 0.027619047619047616 0.04642857142857143
11 0.44047619047619047 0.44607142857142856 0.1457142857142857 0.07357142857142857
11 0.5904761904761905 0.41964285714285715 0.13333333333333333 0.07214285714285715
7 0.6652380952380952 0.40785714285714286 0.018095238095238095 0.03428571428571429
7 0.67 0.34535714285714286 0.02 0.035
7 0.6880952380952381 0.3475 0.014285714285714285 0.035
1 0.6895238095238094 0.31035714285714283 0.015238095238095238 0.02214285714285714
1 0.6566666666666666 0.21714285714285714 0.01238095238095238 0.015714285714285715
8 0.6557142857142857 0.20714285714285716 0.010476190476190476 0.014285714285714285
8 0.6904761904761905 0.29928571428571427 0.015238095238095238 0.022857142857142857
7 0.628095238095238 0.1425 0.010476190476190476 0.013571428571428571
7 0.6257142857142857 0.12071428571428572 0.007619047619047619 0.011428571428571429
7 0.6385714285714286 0.12107142857142857 0.008571428571428572 0.012142857142857143
7 0.6319047619047619 0.12035714285714286 0.0047619047619047615 0.010714285714285714
7 0.6361904761904762 0.11285714285714285 0.011428571428571429 0.01
7 0.6471428571428571 0.11892857142857143 0.006666666666666666 0.009285714285714286
7 0.6433333333333333 0.11464285714285714 0.008571428571428572 0.007857142857142858
7 0.6223809523809524 0.105 0.0047619047619047615 0.01
7 0.6314285714285715 0.10107142857142858 0.005714285714285714 0.010714285714285714
7 0.6190476190476191 0.09821428571428571 0.009523809523809523 0.012142857142857143
7 0.629047619047619 0.095 0.002857142857142857 0.008571428571428572
7 0.6233333333333333 0.08714285714285715 0.010476190476190476 0.011428571428571429
4 0.579047619047619 0.08285714285714285 0.07047619047619047 0.03142857142857143
2 0.7104761904761905 0.03428571428571429 0.06095238095238095 0.01
2 0.7661904761904761 0.03464285714285714 0.03333333333333333 0.007857142857142858
2 0.6685714285714286 0.040357142857142855 0.02095238095238095 0.010714285714285714
2 0.6557142857142857 0.03642857142857143 0.014285714285714285 0.01
3 0.69 0.08428571428571428 0.014285714285714285 0.011428571428571429
3 0.7714285714285715 0.07928571428571428 0.009523809523809523 0.011428571428571429
3 0.7852380952380952 0.06857142857142857 0.014285714285714285 0.01
3 0.719047619047619 0.041428571428571426 0.009523809523809523 0.007142857142857143
3 0.73 0.040357142857142855 0.01238095238095238 0.013571428571428571
3 0.7271428571428571 0.053214285714285714 0.01238095238095238 0.007857142857142858
3 0.7152380952380952 0.07464285714285715 0.013333333333333332 0.009285714285714286
10 0.8423809523809523 0.07107142857142858 0.01619047619047619 0.012142857142857143
7 0.7504761904761904 0.12142857142857143 0.009523809523809523 0.014285714285714285
7 0.7561904761904761 0.11964285714285715 0.011428571428571429 0.013571428571428571
11 0.9052380952380952 0.10785714285714286 0.03333333333333333 0.017142857142857144
7 0.9361904761904761 0.10857142857142857 0.011428571428571429 0.012857142857142857
7 0.9476190476190475 0.11571428571428571 0.005714285714285714 0.011428571428571429
7 0.9528571428571428 0.11357142857142857 0.006666666666666666 0.014285714285714285
7 0.9909523809523809 0.11714285714285715 0.006666666666666666 0.011428571428571429
7 0.9996428571428572 0.1219047619047619 0.0007142857142857143 0.010476190476190476
10 0.9285714285714286 0.3238095238095238 0.14285714285714285 0.1761904761904762
10 0.8923809523809523 0.36357142857142855 0.09904761904761904 0.11