3 0.09533333333333333 0.24425 0.07333333333333333 0.0195
3 0.018 0.17266666666666666 0.036 0.018
3 0.00975 0.11066666666666666 0.0195 0.01
3 0.01625 0.113 0.0325 0.009333333333333334
3 0.01525 0.11833333333333333 0.0305 0.010666666666666666
3 0.026333333333333334 0.12225 0.05 0.0135
3 0.033 0.12425 0.042 0.0145
3 0.035 0.128 0.03933333333333333 0.015
3 0.041 0.1325 0.03666666666666667 0.014
3 0.049333333333333326 0.13525 0.036 0.0135
3 0.057 0.1375 0.03666666666666667 0.014
5 0.29233333333333333 0.24025 0.007333333333333333 0.0145
3 0.3286666666666666 0.26575 0.032 0.0245
3 0.36866666666666664 0.27325 0.04533333333333333 0.0245
3 0.3986666666666666 0.2845 0.048 0.031
3 0.42766666666666664 0.2965 0.048666666666666664 0.029
3 0.459 0.30625 0.05266666666666667 0.0325
3 0.4923333333333333 0.316 0.05266666666666667 0.027
3 0.5243333333333332 0.32825 0.056666666666666664 0.0335
3 0.5616666666666666 0.3395 0.04733333333333333 0.029
3 0.599 0.354 0.058 0.031
3 0.5783333333333333 0.412 0.086 0.045
3 0.7506666666666666 0.48425 0.1 0.0405
8 0.9716666666666667 0.64575 0.026 0.0215
5 0.965 0.65175 0.03 0.0295
3 0.98975 0.5736666666666667 0.0205 0.05333333333333334
11 0.982 0.0465 0.028 0.01