3 0.5634517766497462 0.3732142857142857 0.09137055837563451 0.024999999999999998
3 0.8274111675126903 0.43999999999999995 0.043147208121827416 0.04285714285714286
3 0.7671319796954316 0.33785714285714286 0.07233502538071065 0.022857142857142857
3 0.7944162436548223 0.31107142857142855 0.07614213197969542 0.02214285714285714
3 0.649746192893401 0.2825 0.07106598984771574 0.02214285714285714
3 0.5469543147208121 0.27035714285714285 0.07106598984771574 0.02214285714285714
3 0.3331218274111675 0.315 0.07487309644670051 0.022857142857142857
3 0.21890862944162437 0.3028571428571428 0.07741116751269035 0.025714285714285714
3 0.27855329949238583 0.4032142857142857 0.0901015228426396 0.024999999999999998
3 0.9600253807106599 0.24892857142857142 0.06725888324873097 0.017857142857142856
3 0.9060913705583756 0.22035714285714286 0.06852791878172589 0.020714285714285713
3 0.9885714285714285 0.22842639593908629 0.022857142857142857 0.02030456852791878
3 0.46954314720812185 0.14214285714285715 0.027918781725888325 0.02
3 0.37753807106598986 0.04 0.05710659898477158 0.01
3 0.24238578680203046 0.08857142857142856 0.053299492385786795 0.012857142857142857
3 0.23921319796954313 0.07678571428571428 0.05710659898477158 0.013571428571428571
3 0.23667512690355333 0.06999999999999999 0.052030456852791875 0.014285714285714285
3 0.24111675126903553 0.06357142857142857 0.048223350253807105 0.012857142857142857
3 0.25507614213197966 0.053571428571428575 0.05076142131979696 0.014285714285714285
3 0.26776649746192893 0.04535714285714286 0.05076142131979696 0.013571428571428571
3 0.3756345177664974 0.049999999999999996 0.05076142131979696 0.011428571428571429
3 0.39847715736040606 0.032857142857142856 0.04568527918781726 0.011428571428571429
3 0.39213197969543145 0.028214285714285713 0.04060913705583756 0.010714285714285714
3 0.3883248730964467 0.020714285714285713 0.043147208121827416 0.011428571428571429
3 0.38578680203045684 0.013214285714285713 0.05076142131979696 0.010714285714285714
3 0.38642131979695427 0.005714285714285714 0.044416243654822336 0.01
3 0.27284263959390864 0.008571428571428572 0.04568527918781726 0.01
11 0.2703045685279188 0.013928571428571429 0.04060913705583756 0.012142857142857141
11 0.38642131979695427 0.05785714285714286 0.04695431472081218 0.014285714285714285
11 0.41941624365482233 0.06571428571428571 0.024111675126903553 0.02
3 0.5291878172588832 0.13392857142857142 0.027918781725888325 0.020714285714285713
3 0.5253807106598984 0.18142857142857144 0.027918781725888325 0.022857142857142857
3 0.4727157360406091 0.10821428571428571 0.024111675126903553 0.020714285714285713
3 0.5139593908629442 0.1607142857142857 0.027918781725888325 0.022857142857142857
2 0.475253807106599 0.16857142857142854 0.03934010152284264 0.045714285714285714
3 0.29441624365482233 0.06142857142857142 0.02284263959390863 0.014285714285714285
3 0.3680203045685279 0.07535714285714286 0.048223350253807105 0.013571428571428571
11 0.3045685279187817 0.11321428571428571 0.05076142131979696 0.015000000000000001
11 0.2398477157360406 0.12000000000000001 0.027918781725888325 0.017142857142857144
3 0.014642857142857143 0.13769035532994925 0.029285714285714286 0.02030456852791878
3 0.04378172588832487 0.1357142857142857 0.02918781725888325 0.017142857142857144
3 0.08375634517766498 0.12928571428571428 0.02538071065989848 0.02142857142857143
3 0.15736040609137056 0.13 0.02284263959390863 0.017142857142857144
7 0.3217005076142132 0.09642857142857142 0.013959390862944163 0.011428571428571429
7 0.48350253807106597 0.07107142857142858 0.01015228426395939 0.012142857142857141
7 0.48540609137055835 0.13214285714285712 0.008883248730964468 0.011428571428571429
7 0.47842639593908626 0.13214285714285712 0.01015228426395939 0.01
7 0.17449238578680204 0.06392857142857142 0.011421319796954314 0.010714285714285714
10 0.37753807106598986 0.17500000000000002 0.044416243654822336 0.055714285714285716
10 0.28236040609137053 0.21821428571428572 0.09517766497461928 0.03357142857142857
8 0.44860406091370564 0.19749999999999998 0.013959390862944163 0.010714285714285714
5 0.44860406091370564 0.19928571428571426 0.011421319796954314 0.014285714285714285
3 0.6345177664974619 0.20107142857142857 0.048223350253807105 0.020714285714285713
11 0.5920050761421319 0.08178571428571428 0.024111675126903553 0.017857142857142856
7 0.6135786802030457 0.09107142857142855 0.008883248730964468 0.010714285714285714
7 0.6205583756345178 0.10607142857142857 0.007614213197969543 0.012142857142857141
7 0.626269035532995 0.10428571428571429 0.011421319796954314 0.012857142857142857
8 0.5818527918781726 0.09714285714285713 0.011421319796954314 0.007142857142857143
5 0.5818527918781726 0.09857142857142857 0.011421319796954314 0.011428571428571429
3 0.7544416243654822 0.17535714285714285 0.05456852791878173 0.02214285714285714
7 0.7588832487309645 0.1925 0.007614213197969543 0.013571428571428571
7 0.7982233502538072 0.1932142857142857 0.007614213197969543 0.013571428571428571
7 0.8343908629441624 0.2039285714285714 0.008883248730964468 0.012142857142857141
5 0.8870558375634517 0.1907142857142857 0.02030456852791878 0.008571428571428572
10 0.6738578680203046 0.08357142857142856 0.06852791878172589 0.02142857142857143
11 0.6782994923857868 0.07464285714285714 0.044416243654822336 0.015000000000000001
7 0.9543147208121827 0.4699999999999999 0.01269035532994924 0.014285714285714285
7 0.9644670050761421 0.4685714285714286 0.01269035532994924 0.017142857142857144
7 0.9701776649746193 0.39678571428571424 0.011421319796954314 0.012142857142857141
8 0.8635786802030457 0.3817857142857143 0.011421319796954314 0.013571428571428571
1 0.8629441624365483 0.38321428571428573 0.03299492385786802 0.010714285714285714
5 0.9416243654822335 0.3653571428571428 0.027918781725888325 0.012142857142857141
8 0.9441624365482234 0.3646428571428571 0.01269035532994924 0.010714285714285714
3 0.9721428571428572 0.33883248730964466 0.055714285714285716 0.0266497461928934
7 0.2696700507614213 0.49785714285714283 0.013959390862944163 0.014285714285714285
7 0.25317258883248733 0.45749999999999996 0.024111675126903553 0.012142857142857141
3 0.1116751269035533 0.4189285714285714 0.10152284263959392 0.026428571428571426
11 0.17956852791878172 0.3857142857142857 0.09771573604060915 0.032857142857142856
3 0.7690355329949239 0.5489285714285714 0.048223350253807105 0.024999999999999998
10 0.09390862944162436 0.2982142857142857 0.116751269035533 0.026428571428571426