4 0.8966666666666666 0.04071428571428572 0.027619047619047616 0.014285714285714285
4 0.8023809523809523 0.07642857142857143 0.056190476190476187 0.03142857142857143
4 0.8942857142857142 0.05892857142857143 0.02095238095238095 0.019285714285714285
4 0.7071428571428572 0.165 0.006666666666666666 0.008571428571428572
4 0.7333333333333332 0.13607142857142857 0.0038095238095238095 0.0064285714285714285
4 0.7804761904761903 0.115 0.0047619047619047615 0.005714285714285714
4 0.7461904761904761 0.09964285714285714 0.0047619047619047615 0.0064285714285714285
3 0.7014285714285714 0.12678571428571428 0.006666666666666666 0.005
3 0.7647619047619046 0.11642857142857142 0.007619047619047619 0.004285714285714286
3 0.7514285714285714 0.12214285714285714 0.007619047619047619 0.004285714285714286
3 0.8423809523809523 0.08107142857142857 0.0047619047619047615 0.0035714285714285713
10 0.8538095238095238 0.07714285714285714 0.008571428571428572 0.008571428571428572
10 0.6871428571428572 0.1432142857142857 0.01619047619047619 0.017857142857142856
7 0.6104761904761904 0.255 0.0038095238095238095 0.01
8 0.6047619047619047 0.27535714285714286 0.005714285714285714 0.0064285714285714285
8 0.5985714285714285 0.3182142857142857 0.006666666666666666 0.0064285714285714285
5 0.6047619047619047 0.27964285714285714 0.007619047619047619 0.0064285714285714285
5 0.5985714285714285 0.32357142857142857 0.006666666666666666 0.008571428571428572
3 0.44476190476190475 0.15464285714285714 0.009523809523809523 0.0064285714285714285
3 0.4376190476190476 0.16 0.010476190476190476 0.005714285714285714
3 0.3976190476190476 0.20357142857142857 0.014285714285714285 0.01
3 0.38523809523809516 0.2117857142857143 0.01619047619047619 0.010714285714285714
3 0.4295238095238095 0.16535714285714287 0.011428571428571429 0.009285714285714286
3 0.9871428571428571 0.3395238095238095 0.025714285714285714 0.017142857142857144
3 0.99 0.2804761904761905 0.02 0.018095238095238095
3 0.9323809523809523 0.2757142857142857 0.03238095238095238 0.012857142857142857
3 0.9533333333333333 0.3025 0.030476190476190476 0.015
3 0.9657142857142857 0.31392857142857145 0.03619047619047619 0.012142857142857143
3 0.978095238095238 0.32571428571428573 0.03428571428571429 0.012857142857142857
3 0.9066666666666666 0.24857142857142858 0.02857142857142857 0.01
3 0.9104761904761903 0.25535714285714284 0.026666666666666665 0.007857142857142858
3 0.8847619047619046 0.2282142857142857 0.02095238095238095 0.010714285714285714
11 0.9204761904761903 0.26142857142857145 0.025714285714285714 0.011428571428571429
3 0.88 0.22178571428571428 0.015238095238095238 0.009285714285714286
11 0.9928571428571429 0.2604761904761905 0.014285714285714285 0.013333333333333334
3 0.96 0.2546428571428571 0.019047619047619046 0.012142857142857143
10 0.6309523809523809 0.5064285714285715 0.027619047619047616 0.04857142857142857
10 0.28523809523809524 0.2814285714285714 0.04476190476190476 0.015714285714285715
11 0.13904761904761903 0.3192857142857143 0.03809523809523809 0.025714285714285714
11 0.32142857142857145 0.2642857142857143 0.04095238095238095 0.015714285714285715
6 0.5685714285714286 0.21642857142857144 0.017142857142857144 0.02
11 0.8185714285714286 0.1375 0.01619047619047619 0.0064285714285714285
6 0.7638095238095237 0.1325 0.03809523809523809 0.013571428571428571
4 0.9061904761904761 0.15107142857142858 0.052380952380952375 0.016428571428571428
4 0.92 0.06285714285714286 0.022857142857142857 0.02142857142857143
4 0.19238095238095237 0.28964285714285715 0.03619047619047619 0.019285714285714285