3 0.5204761904761904 0.5985714285714285 0.0638095238095238 0.11428571428571428
3 0.5895238095238095 0.2857142857142857 0.030476190476190476 0.041428571428571426
3 0.6966666666666667 0.5746428571428571 0.04476190476190476 0.07642857142857143
3 0.7228571428571429 0.38392857142857145 0.030476190476190476 0.04071428571428572
3 0.6204761904761904 0.18678571428571428 0.023809523809523805 0.02214285714285714
7 0.568095238095238 0.03964285714285714 0.0047619047619047615 0.009285714285714286
3 0.6685714285714286 0.005357142857142857 0.011428571428571429 0.009285714285714286
7 0.7552380952380952 0.022857142857142857 0.0038095238095238095 0.008571428571428572
7 0.7666666666666666 0.023214285714285715 0.0038095238095238095 0.0064285714285714285
7 0.8017857142857143 0.0038095238095238095 0.0035714285714285713 0.007619047619047619
7 0.8085714285714286 0.0033333333333333335 0.0035714285714285713 0.006666666666666667
7 0.868095238095238 0.17107142857142857 0.006666666666666666 0.013571428571428571
7 0.8528571428571429 0.16892857142857143 0.008571428571428572 0.015
7 0.9128571428571428 0.45571428571428574 0.010476190476190476 0.027142857142857142
7 0.899047619047619 0.4546428571428571 0.013333333333333332 0.023571428571428573