1 0.953 0.59325 0.007333333333333333 0.0155
1 0.9406666666666667 0.58475 0.006666666666666666 0.0125
3 0.968 0.546 0.028 0.026
3 0.99325 0.549 0.0135 0.029333333333333333
3 0.9383333333333332 0.54825 0.02733333333333333 0.0275
3 0.9086666666666666 0.546 0.022666666666666665 0.023
3 0.8793333333333333 0.54 0.024 0.026
3 0.8493333333333333 0.54 0.025333333333333333 0.027
7 0.575 0.57125 0.006 0.0115
3 0.31466666666666665 0.554 0.04533333333333333 0.034
3 0.4723333333333333 0.52025 0.03266666666666666 0.0255
3 0.503 0.521 0.03 0.026
3 0.5336666666666666 0.52375 0.028666666666666663 0.0235
3 0.561 0.52525 0.02333333333333333 0.0225
3 0.5896666666666667 0.52575 0.026 0.0215
3 0.617 0.5275 0.02333333333333333 0.023
3 0.647 0.52875 0.026 0.0255
3 0.6773333333333332 0.52975 0.024 0.0265
3 0.7093333333333333 0.53225 0.024 0.0255
3 0.74 0.53375 0.024 0.0255
1 0.7763333333333332 0.54475 0.018 0.0105
1 0.766 0.54025 0.018666666666666665 0.0125
1 0.7776666666666666 0.536 0.020666666666666663 0.01
3 0.87 0.49325 0.02 0.0205
3 0.9243333333333332 0.49875 0.022 0.0205
3 0.952 0.498 0.026666666666666665 0.023
3 0.9803333333333333 0.5 0.028666666666666663 0.018
3 0.997 0.5003333333333333 0.006 0.018666666666666668
7 0.891 0.3925 0.004666666666666666 0.008
4 0.8593333333333333 0.38375 0.012 0.0085
8 0.903 0.39725 0.006 0.0085
1 0.904 0.3995 0.009333333333333332 0.007
3 0.7736666666666666 0.4885 0.020666666666666663 0.02
3 0.7493333333333333 0.4875 0.02 0.019
3 0.7056666666666667 0.48475 0.01933333333333333 0.0205
3 0.673 0.486 0.018 0.015
3 0.647 0.4825 0.022 0.016
3 0.5936666666666667 0.47975 0.04466666666666667 0.0155
2 0.529 0.469 0.05933333333333333 0.023
7 0.176 0.54425 0.006666666666666666 0.0105
8 0.115 0.4655 0.008666666666666666 0.011
1 0.11566666666666665 0.46825 0.015333333333333332 0.0075
10 0.6623333333333332 0.43975 0.018 0.0125
4 0.6803333333333332 0.4405 0.015333333333333332 0.011
1 0.6813333333333332 0.42775 0.006666666666666666 0.0065
9 0.636 0.43225 0.014666666666666666 0.0145
7 0.597 0.395 0.004666666666666666 0.01
8 0.5836666666666667 0.3615 0.003333333333333333 0.008
1 0.5833333333333333 0.36275 0.010666666666666666 0.0055
11 0.607 0.32 0.014 0.014
1 0.6856666666666666 0.35675 0.011333333333333332 0.0055
8 0.7743333333333332 0.3915 0.007333333333333333 0.007
9 0.7786666666666666 0.3755 0.008 0.007
7 0.8096666666666666 0.38425 0.006 0.0085
7 0.8123333333333332 0.37525 0.004666666666666666 0.0055