3 0.8285714285714286 0.5453571428571429 0.10095238095238093 0.09642857142857143
3 0.7104761904761905 0.5928571428571429 0.12 0.15
11 0.7271428571428571 0.47714285714285715 0.08095238095238094 0.09142857142857143
3 0.41666666666666663 0.46785714285714286 0.18380952380952378 0.05285714285714286
3 0.3438095238095238 0.5607142857142857 0.20190476190476186 0.08428571428571428
3 0.3761904761904762 0.6071428571428571 0.23238095238095235 0.11
3 0.8176190476190475 0.4475 0.07523809523809523 0.060714285714285714
7 0.7857142857142857 0.4639285714285714 0.02476190476190476 0.065
3 0.9889285714285714 0.40095238095238095 0.02214285714285714 0.040952380952380955
3 0.9882142857142857 0.3823809523809524 0.023571428571428573 0.04666666666666667
3 0.9532142857142857 0.3295238095238095 0.09357142857142857 0.02761904761904762
3 0.7752380952380952 0.3507142857142857 0.06285714285714286 0.037142857142857144
3 0.7219047619047618 0.4175 0.06857142857142857 0.052142857142857144
3 0.7233333333333333 0.3610714285714286 0.054285714285714284 0.045
3 0.5947619047619047 0.39285714285714285 0.06571428571428571 0.05
3 0.6023809523809524 0.35928571428571426 0.04666666666666666 0.032857142857142856
3 0.6033333333333333 0.3314285714285714 0.04476190476190476 0.03428571428571429
11 0.6133333333333333 0.3025 0.030476190476190476 0.04214285714285714
3 0.6185714285714285 0.2732142857142857 0.035238095238095235 0.027857142857142858
7 0.6580952380952381 0.31357142857142856 0.015238095238095238 0.02857142857142857
7 0.6404761904761904 0.31285714285714283 0.01619047619047619 0.02857142857142857
3 0.7014285714285714 0.29178571428571426 0.035238095238095235 0.027857142857142858
3 0.6961904761904761 0.25 0.030476190476190476 0.022857142857142857
3 0.9457142857142857 0.3167857142857143 0.09523809523809522 0.027857142857142858
3 0.8976190476190475 0.2910714285714286 0.08857142857142856 0.025
3 0.8747619047619046 0.28 0.07714285714285714 0.022857142857142857
3 0.8457142857142858 0.2596428571428571 0.05904761904761904 0.020714285714285713
3 0.8247619047619047 0.24714285714285714 0.05714285714285714 0.017142857142857144
3 0.8052380952380952 0.24285714285714285 0.050476190476190466 0.017142857142857144
3 0.7133333333333333 0.2332142857142857 0.03428571428571429 0.017857142857142856
3 0.10571428571428572 0.7182142857142857 0.2057142857142857 0.062142857142857146