11 0.047142857142857146 0.025714285714285714 0.03142857142857143 0.022857142857142857
10 0.10714285714285714 0.032857142857142856 0.035238095238095235 0.03571428571428571
7 0.046190476190476185 0.038214285714285715 0.010476190476190476 0.010714285714285714
7 0.07952380952380952 0.0375 0.014285714285714285 0.010714285714285714
3 0.07904761904761905 0.03142857142857143 0.02095238095238095 0.01
7 0.10904761904761905 0.061785714285714284 0.010476190476190476 0.016428571428571428
7 0.09238095238095237 0.06821428571428571 0.011428571428571429 0.017857142857142856
7 0.14095238095238094 0.07428571428571429 0.009523809523809523 0.014285714285714285
7 0.17142857142857143 0.08892857142857143 0.007619047619047619 0.016428571428571428
7 0.032857142857142856 0.20464285714285715 0.027619047619047616 0.025
3 0.1657142857142857 0.07892857142857143 0.026666666666666665 0.017857142857142856
10 0.209047619047619 0.08178571428571428 0.027619047619047616 0.027857142857142858
10 0.11571428571428571 0.11857142857142858 0.02952380952380952 0.022857142857142857
10 0.14047619047619048 0.17357142857142857 0.052380952380952375 0.055714285714285716
7 0.12476190476190475 0.22107142857142856 0.019047619047619046 0.017857142857142856
9 0.17904761904761904 0.21357142857142858 0.04 0.03
3 0.3142857142857143 0.19642857142857142 0.05523809523809523 0.03142857142857143
3 0.2914285714285714 0.1792857142857143 0.05523809523809523 0.027142857142857142
3 0.38904761904761903 0.24964285714285714 0.06 0.03214285714285714
7 0.1519047619047619 0.21571428571428572 0.01619047619047619 0.012857142857142857
3 0.17904761904761904 0.24142857142857144 0.04761904761904761 0.03857142857142857
10 0.2195238095238095 0.2839285714285714 0.09238095238095237 0.06928571428571428
10 0.2342857142857143 0.3217857142857143 0.07619047619047618 0.09785714285714285
3 0.29666666666666663 0.2975 0.056190476190476187 0.04928571428571429
1 0.2995238095238095 0.24785714285714286 0.025714285714285714 0.02
8 0.29666666666666663 0.2357142857142857 0.01619047619047619 0.015714285714285715
10 0.20666666666666667 0.38321428571428573 0.08952380952380952 0.09642857142857143
7 0.26666666666666666 0.42857142857142855 0.019047619047619046 0.03142857142857143
7 0.29523809523809524 0.4175 0.026666666666666665 0.03357142857142857
7 0.27 0.41 0.025714285714285714 0.02857142857142857
11 0.6438095238095237 0.3603571428571429 0.0819047619047619 0.07071428571428572
3 0.5666666666666667 0.4232142857142857 0.1295238095238095 0.052142857142857144
7 0.8633333333333332 0.26821428571428574 0.014285714285714285 0.019285714285714285
7 0.9252380952380952 0.26571428571428574 0.01619047619047619 0.02
1 0.9795238095238095 0.2475 0.02952380952380952 0.009285714285714286
5 0.9742857142857143 0.2417857142857143 0.02095238095238095 0.009285714285714286
3 0.8447619047619046 0.33071428571428574 0.08 0.03857142857142857
5 0.7957142857142857 0.2907142857142857 0.039047619047619046 0.017142857142857144
10 0.9810714285714286 0.4361904761904762 0.03785714285714286 0.12476190476190477
11 0.9414285714285714 0.4232142857142857 0.10761904761904761 0.06928571428571428