11 0.9960714285714286 0.4073604060913706 0.007857142857142858 0.05583756345177665
3 0.9308375634517766 0.4764285714285714 0.09517766497461928 0.037142857142857144
3 0.8978426395939085 0.21821428571428572 0.03680203045685279 0.03214285714285715
3 0.8204314720812182 0.1575 0.03426395939086294 0.027857142857142858
3 0.799492385786802 0.09392857142857142 0.048223350253807105 0.024999999999999998
3 0.791243654822335 0.06321428571428571 0.04695431472081218 0.019285714285714285
3 0.7861675126903553 0.054285714285714284 0.044416243654822336 0.018571428571428572
3 0.7779187817258884 0.027142857142857142 0.04060913705583756 0.02
3 0.7709390862944162 0.018214285714285714 0.03934010152284264 0.017857142857142856
3 0.8021428571428572 0.006345177664974619 0.03785714285714286 0.012690355329949238
3 0.08375634517766498 0.27285714285714285 0.07106598984771574 0.04428571428571428
3 0.23730964467005078 0.2482142857142857 0.053299492385786795 0.039285714285714285
3 0.18527918781725888 0.21035714285714283 0.05076142131979696 0.03071428571428571
3 0.2633248730964467 0.12571428571428572 0.049492385786802026 0.030000000000000002
3 0.45241116751269034 0.026785714285714288 0.0317258883248731 0.024999999999999998
3 0.34010152284263956 0.04964285714285714 0.04060913705583756 0.024999999999999998
11 0.3026649746192894 0.025714285714285714 0.03934010152284264 0.030000000000000002
2 0.19225888324873097 0.08107142857142857 0.10025380710659898 0.08357142857142856