11 0.91751269035533 0.022857142857142857 0.04060913705583756 0.017142857142857144
10 0.7595177664974619 0.06535714285714285 0.08756345177664974 0.03071428571428571
10 0.8369289340101522 0.24357142857142855 0.09517766497461928 0.06285714285714286
3 0.8045685279187818 0.3025 0.04568527918781726 0.027857142857142858
3 0.7741116751269036 0.39249999999999996 0.05076142131979696 0.03357142857142857
7 0.5355329949238579 0.3007142857142857 0.01015228426395939 0.007142857142857143
10 0.5501269035532994 0.43357142857142855 0.10532994923857869 0.06999999999999999
10 0.5228426395939086 0.4860714285714286 0.1269035532994924 0.0707142857142857
11 0.6732233502538071 0.44321428571428567 0.05456852791878173 0.03785714285714285
3 0.9530456852791879 0.2032142857142857 0.043147208121827416 0.024999999999999998
7 0.9352791878172588 0.45785714285714285 0.005076142131979695 0.007142857142857143
5 0.9143401015228426 0.4585714285714286 0.00634517766497462 0.007142857142857143