3 0.5319047619047619 0.5860714285714286 0.07904761904761905 0.12642857142857142
3 0.9133333333333332 0.4525 0.11428571428571428 0.09071428571428572
3 0.5533333333333333 0.4064285714285714 0.06666666666666667 0.09714285714285714
3 0.49380952380952375 0.7182142857142857 0.07904761904761905 0.062142857142857146
3 0.9095238095238095 0.36142857142857143 0.11047619047619046 0.09142857142857143
3 0.91 0.2621428571428571 0.1038095238095238 0.07
3 0.57 0.285 0.07142857142857142 0.09857142857142857
3 0.6071428571428571 0.17142857142857143 0.07142857142857142 0.07142857142857142
3 0.9004761904761903 0.2 0.11714285714285715 0.06142857142857143
3 0.8909523809523809 0.15178571428571427 0.11523809523809522 0.05357142857142857
3 0.889047619047619 0.0975 0.11142857142857143 0.055
3 0.8928571428571429 0.045714285714285714 0.10761904761904761 0.04428571428571428
3 0.6071428571428571 0.06571428571428571 0.0638095238095238 0.055714285714285716
3 0.8832142857142857 0.013333333333333334 0.085 0.02666666666666667
10 0.9532142857142857 0.5819047619047619 0.09357142857142857 0.15904761904761905