7 0.5247619047619048 0.5310714285714285 0.013333333333333332 0.015
5 0.7376190476190475 0.3075 0.01238095238095238 0.017857142857142856
7 0.7395238095238095 0.29892857142857143 0.010476190476190476 0.015
7 0.6185714285714285 0.2957142857142857 0.008571428571428572 0.018571428571428572
7 0.6090476190476191 0.295 0.008571428571428572 0.018571428571428572
7 0.5966666666666666 0.2935714285714286 0.010476190476190476 0.018571428571428572
7 0.59 0.2914285714285714 0.010476190476190476 0.018571428571428572
7 0.5809523809523809 0.2935714285714286 0.011428571428571429 0.018571428571428572
7 0.7514285714285714 0.27285714285714285 0.009523809523809523 0.02
7 0.7504761904761904 0.2307142857142857 0.009523809523809523 0.017142857142857144
7 0.7223809523809523 0.1675 0.008571428571428572 0.015
7 0.7347619047619046 0.16857142857142857 0.010476190476190476 0.015714285714285715
5 0.7404761904761904 0.15 0.010476190476190476 0.014285714285714285
8 0.7604761904761904 0.15178571428571427 0.006666666666666666 0.007857142857142858
7 0.6723809523809523 0.11142857142857143 0.007619047619047619 0.012857142857142857
7 0.6728571428571428 0.07785714285714286 0.0047619047619047615 0.011428571428571429
5 0.6485714285714286 0.07857142857142857 0.009523809523809523 0.007142857142857143
8 0.6480952380952381 0.07535714285714286 0.0047619047619047615 0.010714285714285714
7 0.6238095238095237 0.06392857142857143 0.005714285714285714 0.010714285714285714
3 0.6019047619047618 0.055714285714285716 0.015238095238095238 0.01
7 0.5757142857142857 0.055 0.0047619047619047615 0.01
7 0.5623809523809523 0.047857142857142855 0.0047619047619047615 0.008571428571428572
7 0.5304761904761904 0.05392857142857143 0.007619047619047619 0.009285714285714286
7 0.5171428571428571 0.055357142857142855 0.005714285714285714 0.009285714285714286
7 0.4495238095238095 0.05928571428571429 0.007619047619047619 0.01
7 0.4442857142857143 0.05892857142857143 0.006666666666666666 0.009285714285714286
7 0.43476190476190474 0.06 0.006666666666666666 0.008571428571428572
7 0.4309523809523809 0.06035714285714286 0.0047619047619047615 0.007857142857142858
4 0.55 0.04178571428571429 0.021904761904761903 0.019285714285714285
3 0.5419047619047619 0.024285714285714285 0.013333333333333332 0.008571428571428572
7 0.5580952380952381 0.0275 0.005714285714285714 0.007857142857142858
7 0.549047619047619 0.027857142857142858 0.0047619047619047615 0.007142857142857143
7 0.6142857142857143 0.062142857142857146 0.007619047619047619 0.01
7 0.7371428571428571 0.13071428571428573 0.007619047619047619 0.014285714285714285
7 0.7447619047619046 0.13071428571428573 0.005714285714285714 0.012857142857142857
7 0.75 0.024285714285714285 0.0047619047619047615 0.008571428571428572
4 0.7547619047619046 0.025714285714285714 0.006666666666666666 0.008571428571428572
7 0.7847619047619047 0.024642857142857143 0.005714285714285714 0.007857142857142858
9 0.8285714285714286 0.315 0.03238095238095238 0.032857142857142856