7 0.5842857142857143 0.49607142857142855 0.03142857142857143 0.039285714285714285
7 0.41047619047619044 0.4785714285714286 0.022857142857142857 0.03857142857142857
7 0.4742857142857143 0.37214285714285716 0.019047619047619046 0.03857142857142857
7 0.6957142857142857 0.26571428571428574 0.018095238095238095 0.03428571428571429
8 0.44047619047619047 0.3796428571428571 0.03333333333333333 0.02214285714285714
8 0.6447619047619048 0.2760714285714286 0.017142857142857144 0.02214285714285714
8 0.649047619047619 0.3082142857142857 0.02 0.019285714285714285
8 0.6504761904761904 0.2985714285714286 0.022857142857142857 0.017142857142857144
8 0.6266666666666666 0.27714285714285714 0.019047619047619046 0.02142857142857143
8 0.6257142857142857 0.29892857142857143 0.017142857142857144 0.017857142857142856
8 0.61 0.30357142857142855 0.01619047619047619 0.015714285714285715
8 0.5957142857142858 0.2932142857142857 0.014285714285714285 0.016428571428571428
8 0.5971428571428572 0.2825 0.022857142857142857 0.016428571428571428
7 0.5761904761904761 0.31464285714285717 0.02095238095238095 0.03214285714285714
7 0.5647619047619047 0.31392857142857145 0.013333333333333332 0.029285714285714286
7 0.5814285714285714 0.30964285714285716 0.01619047619047619 0.029285714285714286
7 0.5242857142857142 0.01607142857142857 0.01238095238095238 0.016428571428571428
7 0.5423809523809523 0.009642857142857142 0.008571428571428572 0.017857142857142856
7 0.57 0.01107142857142857 0.010476190476190476 0.016428571428571428
7 0.6447619047619048 0.016428571428571428 0.009523809523809523 0.018571428571428572
8 0.6657142857142857 0.062142857142857146 0.011428571428571429 0.01
8 0.6804761904761905 0.061785714285714284 0.01238095238095238 0.012142857142857143
8 0.7109523809523809 0.060714285714285714 0.008571428571428572 0.01
8 0.7252380952380952 0.05678571428571429 0.008571428571428572 0.012142857142857143
8 0.7085714285714285 0.05607142857142857 0.007619047619047619 0.010714285714285714
8 0.7052380952380952 0.05714285714285714 0.008571428571428572 0.008571428571428572
8 0.72 0.05964285714285714 0.009523809523809523 0.010714285714285714
7 0.8433333333333333 0.07428571428571429 0.008571428571428572 0.02
8 0.8309523809523809 0.07964285714285714 0.010476190476190476 0.010714285714285714
8 0.8195238095238094 0.06785714285714285 0.010476190476190476 0.011428571428571429
8 0.7985714285714286 0.06857142857142857 0.008571428571428572 0.008571428571428572
8 0.8076190476190475 0.06964285714285715 0.007619047619047619 0.009285714285714286
8 0.8061904761904761 0.06607142857142857 0.008571428571428572 0.009285714285714286
8 0.869047619047619 0.07964285714285714 0.010476190476190476 0.010714285714285714
8 0.8776190476190475 0.08071428571428571 0.010476190476190476 0.01
8 0.8752380952380951 0.07678571428571429 0.007619047619047619 0.009285714285714286