7 0.45619047619047615 0.6 0.04 0.06285714285714286
7 0.37857142857142856 0.6321428571428571 0.021904761904761903 0.04428571428571428
7 0.7414285714285714 0.4667857142857143 0.021904761904761903 0.04071428571428572
7 0.8185714285714286 0.4567857142857143 0.023809523809523805 0.045
7 0.7314285714285714 0.4257142857142857 0.015238095238095238 0.03428571428571429
7 0.8961904761904761 0.4325 0.02095238095238095 0.03785714285714286
7 0.9842857142857143 0.46214285714285713 0.023809523809523805 0.04
7 0.82 0.41928571428571426 0.011428571428571429 0.03142857142857143
7 0.6961904761904761 0.4089285714285714 0.015238095238095238 0.030714285714285715
7 0.9595238095238094 0.35642857142857143 0.014285714285714285 0.022857142857142857
7 0.20190476190476186 0.39 0.017142857142857144 0.032857142857142856
1 0.24571428571428572 0.37535714285714283 0.017142857142857144 0.019285714285714285
1 0.2557142857142857 0.3767857142857143 0.01238095238095238 0.020714285714285713
1 0.3580952380952381 0.3707142857142857 0.011428571428571429 0.018571428571428572
1 0.3495238095238095 0.37285714285714283 0.015238095238095238 0.018571428571428572
1 0.34047619047619043 0.37357142857142855 0.01619047619047619 0.017142857142857144
1 0.32095238095238093 0.37535714285714283 0.015238095238095238 0.016428571428571428
1 0.3038095238095238 0.3742857142857143 0.02476190476190476 0.017142857142857144
1 0.36476190476190473 0.40214285714285714 0.02857142857142857 0.017142857142857144
1 0.35619047619047617 0.40964285714285714 0.04 0.016428571428571428
1 0.36047619047619045 0.4117857142857143 0.037142857142857144 0.019285714285714285
1 0.3833333333333333 0.46 0.04857142857142857 0.025714285714285714
5 0.37047619047619046 0.45107142857142857 0.04 0.023571428571428573
1 0.38619047619047614 0.4325 0.039047619047619046 0.019285714285714285
1 0.3914285714285714 0.44142857142857145 0.04761904761904761 0.02142857142857143
5 0.2795238095238095 0.375 0.01619047619047619 0.018571428571428572
8 0.8114285714285714 0.4085714285714286 0.007619047619047619 0.014285714285714285
8 0.7990476190476189 0.405 0.011428571428571429 0.015714285714285715
7 0.826190476190476 0.4039285714285714 0.014285714285714285 0.015
8 0.9957142857142857 0.45380952380952383 0.008571428571428572 0.024761904761904763
5 0.9371428571428572 0.3707142857142857 0.030476190476190476 0.014285714285714285
1 0.9214285714285714 0.36857142857142855 0.027619047619047616 0.012857142857142857
1 0.9123809523809523 0.36428571428571427 0.03238095238095238 0.017142857142857144
3 0.7409523809523809 0.3078571428571429 0.026666666666666665 0.014285714285714285
3 0.7266666666666666 0.3025 0.02857142857142857 0.012142857142857143
0 0.7209523809523809 0.35285714285714287 0.04761904761904761 0.03
1 0.40380952380952373 0.37107142857142855 0.03809523809523809 0.016428571428571428
1 0.31142857142857144 0.37607142857142856 0.013333333333333332 0.013571428571428571
1 0.5561904761904761 0.3960714285714286 0.03238095238095238 0.015
1 0.45809523809523806 0.40035714285714286 0.030476190476190476 0.020714285714285713
5 0.41380952380952374 0.4785714285714286 0.025714285714285714 0.027142857142857142
6 0.6766666666666666 0.35285714285714287 0.03333333333333333 0.025714285714285714
3 0.7357142857142858 0.32535714285714284 0.037142857142857144 0.015
1 0.8714285714285714 0.35678571428571426 0.03428571428571429 0.012142857142857143