7 0.7147495361781075 0.44911273486430064 0.026901669758812616 0.027661795407098125
9 0.5858070500927643 0.06236951983298539 0.02504638218923933 0.006784968684759917
5 0.5978664192949907 0.058977035490605435 0.015769944341372914 0.005219206680584551
5 0.6006493506493505 0.056106471816283934 0.015769944341372914 0.006784968684759917
0 0.6628014842300556 0.07646137787056369 0.028756957328385898 0.01096033402922756
3 0.6623376623376622 0.09107515657620044 0.04638218923933209 0.01304801670146138
1 0.47959183673469385 0.5506263048016702 0.05936920222634508 0.02192066805845512
5 0.4230055658627087 0.35803757828810023 0.018552875695732836 0.019832985386221295
5 0.44851576994434134 0.343945720250522 0.041743970315398886 0.018789144050104387
1 0.47680890538033394 0.3345511482254697 0.02040816326530612 0.019832985386221295
5 0.5686456400742115 0.3833507306889353 0.04081632653061224 0.026617954070981213
0 0.5765306122448979 0.39692066805845516 0.041743970315398886 0.04018789144050105
7 0.2987012987012987 0.4535490605427976 0.022263450834879406 0.02296450939457203
5 0.5728200371057514 0.2578288100208769 0.03617810760667903 0.011482254697286014
9 0.6850649350649349 0.22468684759916496 0.041743970315398886 0.01931106471816284
5 0.660482374768089 0.1542275574112735 0.018552875695732836 0.01304801670146138
5 0.686456400742115 0.15579331941544886 0.016697588126159554 0.012004175365344469
5 0.6679035250463822 0.1419624217118998 0.018552875695732836 0.007306889352818372
8 0.6855287569573283 0.1531837160751566 0.016697588126159554 0.0151356993736952
8 0.7792207792207791 0.11430062630480167 0.01484230055658627 0.008350730688935283
8 0.8061224489795917 0.11743215031315242 0.009276437847866418 0.014613778705636744
8 0.7787569573283859 0.05871607515657621 0.008348794063079777 0.008872651356993737
8 0.773191094619666 0.048016701461377875 0.006493506493506493 0.009394572025052193
0 0.7620593692022264 0.04958246346555324 0.015769944341372914 0.012526096033402925
8 0.7639146567717996 0.05036534446764092 0.008348794063079777 0.006784968684759917
0 0.7847866419294991 0.0746346555323591 0.016697588126159554 0.013569937369519834
8 0.8218923933209646 0.0965553235908142 0.007421150278293135 0.009394572025052193
1 0.8223562152133581 0.09890396659707724 0.008348794063079777 0.007828810020876828
5 0.8242115027829313 0.06863256784968685 0.01020408163265306 0.007828810020876828
8 0.8242115027829313 0.06628392484342381 0.006493506493506493 0.007306889352818372
0 0.8376623376623377 0.049843423799582474 0.011131725417439703 0.01096033402922756
8 0.8423005565862708 0.03888308977035491 0.007421150278293135 0.005741127348643007
5 0.8427643784786641 0.03992693110647182 0.008348794063079777 0.005741127348643007
5 0.8330241187384044 0.034185803757828814 0.009276437847866418 0.006784968684759917
11 0.7792207792207791 0.02583507306889353 0.018552875695732836 0.009916492693110648
3 0.7954545454545454 0.013569937369519834 0.015769944341372914 0.009394572025052193
3 0.8775510204081632 0.028966597077244263 0.016697588126159554 0.008872651356993737
3 0.8761595547309833 0.054279749478079335 0.01948051948051948 0.010438413361169102
3 0.9016697588126159 0.04149269311064718 0.018552875695732836 0.01096033402922756
3 0.9100185528756957 0.09316283924843424 0.02968460111317254 0.014091858037578288
3 0.9410946196660481 0.05193110647181629 0.017625231910946195 0.01096033402922756
3 0.9109461966604823 0.0075678496868476 0.011131725417439703 0.007828810020876828
3 0.8061064718162839 0.002319109461966605 0.0036534446764091857 0.00463821892393321
5 0.7996289424860854 0.0062630480167014625 0.0055658627087198514 0.0020876826722338207
8 0.800556586270872 0.005741127348643007 0.0037105751391465673 0.0031315240083507312
10 0.8678107606679035 0.13909185803757831 0.05658627087198515 0.04645093945720251
3 0.9958246346555324 0.1679035250463822 0.008350730688935281 0.02040816326530612
3 0.9308905380333952 0.3525574112734865 0.0640074211502783 0.0558455114822547
10 0.8116883116883117 0.48695198329853867 0.13172541743970315 0.14509394572025053