3 0.116751269035533 0.026785714285714288 0.06598984771573604 0.027857142857142858
11 0.03535714285714286 0.056472081218274114 0.07071428571428572 0.027918781725888325
11 0.04378172588832487 0.10214285714285713 0.0799492385786802 0.02
3 0.024642857142857143 0.12309644670050761 0.04928571428571429 0.01649746192893401
2 0.15609137055837563 0.10071428571428571 0.1218274111675127 0.022857142857142857
11 0.3204314720812183 0.1025 0.07487309644670051 0.017857142857142856
11 0.315989847715736 0.12392857142857143 0.06598984771573604 0.016428571428571428
3 0.21827411167512692 0.12571428571428572 0.07106598984771574 0.015714285714285715
3 0.11357868020304569 0.12571428571428572 0.06472081218274112 0.015714285714285715
11 0.1814720812182741 0.14214285714285715 0.07614213197969542 0.015714285714285715
3 0.07487309644670051 0.1425 0.07868020304568528 0.019285714285714285
3 0.061548223350253804 0.1857142857142857 0.07487309644670051 0.015714285714285715
11 0.10279187817258882 0.16214285714285714 0.09390862944162436 0.017142857142857144
3 0.2201776649746193 0.16607142857142856 0.07233502538071065 0.015000000000000001
11 0.30774111675126903 0.14285714285714285 0.07233502538071065 0.015714285714285715
3 0.3248730964467005 0.16499999999999998 0.07360406091370558 0.015714285714285715
3 0.31852791878172587 0.1846428571428571 0.07360406091370558 0.016428571428571428
2 0.18401015228426396 0.1839285714285714 0.1269035532994924 0.02214285714285714
7 0.35850253807106597 0.022857142857142857 0.011421319796954314 0.01
7 0.36738578680203043 0.015000000000000001 0.011421319796954314 0.01
7 0.3991116751269036 0.012142857142857141 0.013959390862944163 0.01
7 0.4149746192893401 0.012142857142857141 0.01015228426395939 0.01
7 0.416243654822335 0.023571428571428573 0.01269035532994924 0.01
3 0.4847715736040609 0.5092857142857142 0.03553299492385787 0.04428571428571428
3 0.49555837563451777 0.4521428571428571 0.03680203045685279 0.041428571428571426
3 0.4619289340101523 0.3914285714285714 0.05076142131979696 0.03571428571428571
3 0.5475888324873097 0.39499999999999996 0.0317258883248731 0.041428571428571426
3 0.5317258883248731 0.5257142857142857 0.03807106598984771 0.041428571428571426
11 0.5437817258883249 0.45999999999999996 0.03426395939086294 0.04428571428571428
7 0.5901015228426396 0.009285714285714286 0.01015228426395939 0.01
7 0.5678934010152283 0.025357142857142856 0.008883248730964468 0.010714285714285714
7 0.5989847715736041 0.029285714285714286 0.01015228426395939 0.011428571428571429
7 0.5805837563451777 0.041428571428571426 0.008883248730964468 0.01
7 0.5685279187817259 0.04321428571428571 0.007614213197969543 0.0064285714285714285
7 0.5678934010152283 0.04178571428571428 0.00634517766497462 0.009285714285714286
2 0.5298223350253808 0.215 0.10786802030456853 0.025714285714285714
7 0.8559644670050761 0.4228571428571428 0.013959390862944163 0.008571428571428572
7 0.858502538071066 0.5560714285714285 0.013959390862944163 0.009285714285714286
7 0.8534263959390863 0.37214285714285716 0.011421319796954314 0.007142857142857143
7 0.8477157360406092 0.3603571428571428 0.01269035532994924 0.007857142857142858
7 0.9898477157360406 0.3482142857142857 0.01015228426395939 0.007857142857142858