3 0.15458015267175573 0.4030758226037196 0.06679389312977099 0.04220314735336195
3 0.27528625954198477 0.3798283261802575 0.058206106870229014 0.04148783977110158
3 0.4250954198473283 0.35050071530758226 0.07347328244274809 0.030042918454935626
3 0.2166030534351145 0.3158082975679542 0.0534351145038168 0.032188841201716736
3 0.09780534351145037 0.33798283261802575 0.048664122137404585 0.030758226037195996
3 0.02145922746781116 0.3630725190839695 0.04291845493562232 0.03625954198473282
3 0.031473533619456366 0.3029580152671756 0.06294706723891273 0.030534351145038167
7 0.11879770992366412 0.280758226037196 0.012404580152671756 0.016452074391988557
7 0.5062022900763359 0.47746781115879827 0.01812977099236641 0.025035765379113017
7 0.4961832061068702 0.4803290414878398 0.0133587786259542 0.027896995708154508
7 0.4833015267175573 0.4517167381974249 0.020038167938931296 0.026466380543633764
7 0.4923664122137405 0.428826895565093 0.015267175572519085 0.025035765379113017
3 0.4327290076335878 0.11051502145922747 0.01049618320610687 0.0064377682403433485
3 0.4208015267175573 0.13197424892703863 0.011450381679389313 0.009298998569384835
3 0.33301526717557256 0.13698140200286124 0.01717557251908397 0.012160228898426323
10 0.23234732824427481 0.2532188841201717 0.056297709923664126 0.044349070100143065
11 0.5644083969465649 0.1380543633762518 0.01812977099236641 0.010014306151645207
4 0.5825381679389313 0.09120171673819742 0.03721374045801527 0.057939914163090134
7 0.5515267175572519 0.1473533619456366 0.0057251908396946565 0.008583690987124463
7 0.5395992366412214 0.19599427753934193 0.004770992366412214 0.011444921316165951
4 0.5333969465648855 0.1795422031473534 0.02862595419847328 0.01430615164520744
5 0.5982824427480916 0.3208154506437768 0.03053435114503817 0.016452074391988557
1 0.4479961832061069 0.39413447782546496 0.033396946564885496 0.017167381974248927
1 0.4379770992366412 0.28934191702432044 0.0076335877862595426 0.015021459227467813
5 0.747614503816794 0.34763948497854075 0.033396946564885496 0.012875536480686697
8 0.450381679389313 0.3909155937052933 0.01717557251908397 0.026466380543633764
8 0.7461832061068702 0.34298998569384836 0.011450381679389313 0.016452074391988557
8 0.7571564885496184 0.34227467811158796 0.01431297709923664 0.01931330472103004
8 0.43654580152671757 0.28648068669527893 0.012404580152671756 0.015021459227467813
1 0.05438931297709924 0.24678111587982834 0.022900763358778626 0.008583690987124463
3 0.6927480916030535 0.2982832618025751 0.07824427480916031 0.022889842632331903
7 0.844942748091603 0.31223175965665234 0.008587786259541985 0.015021459227467813