5 0.4533333333333333 0.66775 0.03866666666666666 0.0205
1 0.48633333333333334 0.6575 0.028666666666666663 0.02
5 0.5476666666666666 0.64 0.03133333333333333 0.03
1 0.5716666666666667 0.63025 0.02733333333333333 0.0165
1 0.5563333333333332 0.6345 0.022 0.02
1 0.6123333333333333 0.61625 0.026 0.0215
1 0.633 0.61125 0.02733333333333333 0.0205
3 0.701 0.5395 0.058 0.023
3 0.6973333333333332 0.588 0.06933333333333333 0.03
3 0.7616666666666666 0.555 0.06333333333333332 0.025
8 0.6143333333333333 0.53275 0.01 0.0135
5 0.6153333333333333 0.53675 0.017333333333333333 0.0135
3 0.6363333333333333 0.52375 0.04733333333333333 0.0205
3 0.5923333333333333 0.513 0.04466666666666667 0.018
3 0.5506666666666666 0.5405 0.05466666666666666 0.023
3 0.507 0.5255 0.048666666666666664 0.021
11 0.4683333333333333 0.512 0.03266666666666666 0.026
7 0.4546666666666666 0.49075 0.006666666666666666 0.0125
7 0.4403333333333333 0.47825 0.006 0.0115
7 0.5026666666666666 0.49675 0.005333333333333333 0.0135
7 0.557 0.48825 0.008666666666666666 0.0125
1 0.5326666666666666 0.49925 0.010666666666666666 0.0105
3 0.507 0.4925 0.038 0.015
3 0.482 0.48525 0.034666666666666665 0.0145
3 0.4913333333333333 0.4675 0.04 0.011
3 0.42866666666666664 0.4725 0.012 0.013
8 0.4453333333333333 0.48175 0.004 0.0045
10 0.4383333333333333 0.467 0.03 0.016
3 0.931 0.52425 0.05933333333333333 0.0225
3 0.955 0.519 0.054 0.019
3 0.9583333333333333 0.545 0.048666666666666664 0.025
3 0.972 0.5645 0.056 0.026
3 0.99325 0.622 0.0135 0.03933333333333333
11 0.96225 0.6686666666666666 0.0755 0.064
3 0.8603333333333333 0.64 0.10066666666666665 0.043
7 0.872 0.61775 0.006666666666666666 0.0145
7 0.903 0.63025 0.008666666666666666 0.0185
7 0.9036666666666666 0.6235 0.006 0.016
7 0.9053333333333332 0.6205 0.006666666666666666 0.017
7 0.9026666666666666 0.61175 0.005333333333333333 0.0085
7 0.9103333333333332 0.61625 0.012666666666666666 0.0295
7 0.9563333333333333 0.48675 0.006 0.0125
7 0.9703333333333333 0.4535 0.003333333333333333 0.01
7 0.9386666666666666 0.451 0.004 0.006
8 0.9626666666666667 0.45375 0.0026666666666666666 0.0025
8 0.9456666666666667 0.4515 0.002 0.006
11 0.9436666666666667 0.42325 0.011333333333333332 0.0055
0 0.936 0.4235 0.006666666666666666 0.004
3 0.6043333333333333 0.4045 0.014 0.005
3 0.587 0.39825 0.014 0.0045
11 0.5623333333333332 0.39725 0.020666666666666663 0.0075
3 0.5613333333333332 0.4315 0.021333333333333333 0.008
11 0.5436666666666666 0.40375 0.01 0.0055
11 0.6016666666666667 0.3995 0.007333333333333333 0.004
3 0.5376666666666666 0.39775 0.01 0.0045
7 0.5593333333333332 0.40625 0.0013333333333333333 0.0045
7 0.548 0.421 0.0026666666666666666 0.005
3 0.43566666666666665 0.5025 0.02333333333333333 0.017
3 0.891 0.41075 0.016666666666666663 0.0055
3 0.9026666666666666 0.411 0.018666666666666665 0.004
3 0.8936666666666666 0.41625 0.01933333333333333 0.0045
3 0.9066666666666666 0.416 0.021333333333333333 0.006
3 0.913 0.41475 0.01933333333333333 0.0065