10 0.8566790352504637 0.404749478079332 0.08256029684601113 0.15083507306889354
0 0.7207792207792207 0.45172233820459295 0.03525046382189239 0.03914405010438414
0 0.6767161410018552 0.43267223382045933 0.028756957328385898 0.0302713987473904
0 0.7221706864564007 0.37265135699373697 0.028756957328385898 0.02922755741127349
0 0.5769944341372912 0.4835594989561587 0.03339517625231911 0.03392484342379959
7 0.6127087198515769 0.4535490605427976 0.013914656771799629 0.013569937369519834
7 0.6261595547309833 0.4569415448851775 0.02040816326530612 0.01722338204592902
5 0.6196660482374768 0.4605949895615867 0.01484230055658627 0.02244258872651357
7 0.5950834879406308 0.35412317327766185 0.012059369202226345 0.008872651356993737
7 0.5955473098330242 0.3447286012526096 0.011131725417439703 0.0151356993736952
10 0.7184601113172542 0.30584551148225475 0.038033395176252316 0.0302713987473904
5 0.5904452690166976 0.3303757828810021 0.01948051948051948 0.008350730688935283
5 0.5899814471243042 0.32411273486430064 0.022263450834879406 0.009394572025052193
3 0.6043599257884972 0.23982254697286018 0.034322820037105746 0.023486430062630483
0 0.7142857142857142 0.1993736951983299 0.022263450834879406 0.016701461377870565
6 0.7736549165120593 0.20172233820459293 0.03153988868274583 0.04123173277661796
0 0.8325602968460111 0.20224425887265138 0.034322820037105746 0.014091858037578288
0 0.8334879406307977 0.19415448851774533 0.041743970315398886 0.014613778705636744
8 0.7996289424860854 0.1704070981210856 0.009276437847866418 0.008872651356993737
8 0.7787569573283859 0.15501043841336118 0.008348794063079777 0.008350730688935283
5 0.8000927643784786 0.171972860125261 0.01020408163265306 0.008872651356993737
5 0.7787569573283859 0.15631524008350733 0.01020408163265306 0.008872651356993737
10 0.820964749536178 0.1409185803757829 0.022263450834879406 0.016701461377870565
8 0.7898886827458256 0.13308977035490607 0.006493506493506493 0.004175365344467641
9 0.7917439703153988 0.13622129436325678 0.015769944341372914 0.011482254697286014
8 0.8051948051948051 0.125 0.007421150278293135 0.005741127348643007
8 0.8126159554730983 0.11951983298538624 0.007421150278293135 0.007306889352818372
5 0.8051948051948051 0.12708768267223383 0.007421150278293135 0.007828810020876828
5 0.8116883116883117 0.12082463465553238 0.009276437847866418 0.006784968684759917
8 0.7128942486085342 0.11664926931106473 0.008348794063079777 0.006784968684759917
5 0.711038961038961 0.11769311064718163 0.008348794063079777 0.006784968684759917
0 0.7462894248608535 0.11769311064718163 0.013914656771799629 0.012004175365344469
7 0.7235621521335808 0.08115866388308977 0.0055658627087198514 0.006784968684759917
3 0.8423005565862708 0.09107515657620044 0.016697588126159554 0.01096033402922756
0 0.8075139146567718 0.05532359081419625 0.01948051948051948 0.007306889352818372
0 0.7889610389610389 0.0728079331941545 0.01020408163265306 0.009916492693110648
0 0.7546382189239332 0.05845511482254698 0.012059369202226345 0.009394572025052193
3 0.8024118738404452 0.029488517745302718 0.016697588126159554 0.005741127348643007
0 0.8334879406307977 0.026356993736951988 0.008348794063079777 0.006784968684759917
10 0.8033395176252318 0.02296450939457203 0.01484230055658627 0.011482254697286014
5 0.7611317254174396 0.011482254697286014 0.004638218923933209 0.004175365344467641
5 0.7666975881261595 0.005741127348643007 0.0027829313543599257 0.0031315240083507312
8 0.760204081632653 0.010177453027139877 0.004638218923933209 0.003653444676409186
8 0.7662337662337662 0.005219206680584551 0.0037105751391465673 0.0031315240083507312
3 0.7546382189239332 0.004175365344467641 0.01020408163265306 0.007306889352818372
3 0.8042671614100185 0.00965553235908142 0.009276437847866418 0.005741127348643007
6 0.8246753246753247 0.013830897703549063 0.03153988868274583 0.009916492693110648
10 0.8032359081419624 0.003246753246753247 0.016701461377870562 0.006493506493506494
11 0.8070500927643783 0.037839248434238006 0.011131725417439703 0.005741127348643007
0 0.8042671614100185 0.04097077244258873 0.009276437847866418 0.006784968684759917
4 0.8167903525046382 0.07724425887265136 0.02133580705009276 0.03131524008350731