10 0.5086666666666666 0.6695 0.128 0.098
11 0.358 0.70675 0.08933333333333333 0.0715
3 0.266 0.63225 0.084 0.0675
11 0.03775 0.731 0.0755 0.037333333333333336
3 0.03375 0.701 0.0675 0.06533333333333333
3 0.20733333333333331 0.58675 0.057333333333333326 0.0595
5 0.246 0.57125 0.032 0.0215
7 0.25266666666666665 0.5585 0.018666666666666665 0.021
5 0.28966666666666663 0.54775 0.03933333333333333 0.0215
7 0.31566666666666665 0.5395 0.024666666666666663 0.019
7 0.3233333333333333 0.53325 0.024 0.0185
5 0.3266666666666666 0.531 0.04533333333333333 0.023
3 0.314 0.517 0.07066666666666666 0.034
3 0.183 0.54225 0.102 0.0505
10 0.176 0.4795 0.216 0.1
3 0.42966666666666664 0.468 0.07933333333333333 0.03
7 0.6053333333333333 0.41425 0.010666666666666666 0.0145
7 0.5976666666666667 0.40875 0.01 0.0175
7 0.6086666666666666 0.40275 0.009333333333333332 0.0135
7 0.6216666666666666 0.395 0.011333333333333332 0.019
3 0.116 0.42425 0.07866666666666666 0.0345
3 0.21366666666666664 0.394 0.07266666666666666 0.032
3 0.3253333333333333 0.40675 0.072 0.0355
10 0.319 0.37975 0.22333333333333333 0.0895
11 0.63 0.36925 0.05333333333333333 0.0275
3 0.6723333333333332 0.34925 0.05933333333333333 0.0195
11 0.7226666666666667 0.3295 0.04 0.029
3 0.6363333333333333 0.32225 0.04733333333333333 0.0215
3 0.5483333333333332 0.32225 0.05 0.0285
10 0.5533333333333332 0.299 0.076 0.033
10 0.5163333333333333 0.28225 0.062 0.0415
3 0.6446666666666666 0.27975 0.04 0.0205
7 0.8203333333333332 0.30225 0.011333333333333332 0.0175
0 0.8246666666666667 0.25725 0.010666666666666666 0.0115
8 0.825 0.25425 0.007333333333333333 0.0115
3 0.8486666666666667 0.26525 0.050666666666666665 0.0165
3 0.869 0.2535 0.04333333333333333 0.015
3 0.8503333333333333 0.23375 0.03266666666666666 0.0155
5 0.7936666666666666 0.1955 0.015333333333333332 0.008
8 0.795 0.19325 0.007333333333333333 0.0105
3 0.9086666666666666 0.23925 0.042666666666666665 0.0135
3 0.9253333333333332 0.22925 0.044 0.0145
3 0.9356666666666666 0.2195 0.04333333333333333 0.013
3 0.8786666666666666 0.2135 0.030666666666666665 0.015
3 0.7843333333333332 0.183 0.03266666666666666 0.012
3 0.9543333333333333 0.21225 0.03933333333333333 0.0125
3 0.9813333333333333 0.20225 0.032 0.0115
10 0.7456666666666666 0.17125 0.058 0.0245
3 0.6743333333333332 0.17025 0.014 0.0135
3 0.657 0.16725 0.014 0.0135
3 0.6366666666666666 0.16375 0.013333333333333332 0.0135
3 0.6193333333333333 0.16225 0.014666666666666666 0.0125
3 0.5896666666666667 0.15925 0.014 0.0115
3 0.8286666666666667 0.1735 0.024 0.01
3 0.8206666666666667 0.16625 0.030666666666666665 0.0095
3 0.8043333333333332 0.15225 0.028666666666666663 0.0095
3 0.8423333333333333 0.1605 0.03133333333333333 0.009
3 0.8546666666666666 0.15825 0.030666666666666665 0.0105
3 0.8626666666666666 0.156 0.028 0.01
10 0.8636666666666666 0.16875 0.03133333333333333 0.0165
3 0.8856666666666666 0.16475 0.02333333333333333 0.0115
10 0.8856666666666666 0.14525 0.05266666666666667 0.0235
10 0.8486666666666667 0.13975 0.049333333333333326 0.0195
10 0.903 0.14075 0.05133333333333333 0.0195
3 0.9243333333333332 0.1515 0.020666666666666663 0.011
3 0.8873333333333333 0.13075 0.024 0.0075
10 0.9293333333333332 0.1355 0.049333333333333326 0.02
3 0.955 0.13225 0.018 0.0095
11 0.9833333333333333 0.14475 0.018666666666666665 0.0125
3 0.935 0.112 0.024666666666666663 0.007
7 0.9203333333333332 0.7095 0.018 0.028
3 0.31 0.21375 0.03866666666666666 0.0145
10 0.3396666666666666 0.07875 0.03 0.0115