3 0.7671319796954316 0.11678571428571427 0.008883248730964468 0.0035714285714285713
11 0.7734771573604061 0.12178571428571427 0.008883248730964468 0.0035714285714285713
3 0.8102791878172588 0.12607142857142856 0.008883248730964468 0.0035714285714285713
11 0.8121827411167514 0.13392857142857142 0.01015228426395939 0.005
11 0.8242385786802031 0.1392857142857143 0.008883248730964468 0.005714285714285714
3 0.8381979695431473 0.14857142857142858 0.008883248730964468 0.004285714285714286
11 0.8635786802030457 0.15357142857142855 0.008883248730964468 0.005714285714285714
11 0.8318527918781725 0.15892857142857142 0.011421319796954314 0.0064285714285714285
11 0.8496192893401016 0.1667857142857143 0.008883248730964468 0.0064285714285714285
11 0.8769035532994923 0.18107142857142858 0.01015228426395939 0.007857142857142858
11 0.8508883248730964 0.18535714285714286 0.011421319796954314 0.0064285714285714285
11 0.8477157360406092 0.20142857142857143 0.01269035532994924 0.007142857142857143
3 0.8331218274111676 0.18285714285714286 0.011421319796954314 0.005714285714285714
11 0.8153553299492385 0.16392857142857142 0.011421319796954314 0.0064285714285714285
11 0.6116751269035533 0.16107142857142856 0.01269035532994924 0.0035714285714285713
11 0.6522842639593909 0.17785714285714285 0.01269035532994924 0.007142857142857143
3 0.733502538071066 0.17892857142857144 0.01015228426395939 0.005
3 0.8775380710659899 0.22035714285714286 0.013959390862944163 0.009285714285714286
3 0.8445431472081218 0.22642857142857142 0.013959390862944163 0.007142857142857143
3 0.8178934010152283 0.24035714285714285 0.013959390862944163 0.007857142857142858
11 0.8394670050761421 0.25392857142857145 0.01649746192893401 0.010714285714285714
3 0.9866751269035533 0.26107142857142857 0.013959390862944163 0.007857142857142858
11 0.9403553299492385 0.2675 0.015228426395939087 0.010714285714285714
11 0.9435279187817259 0.27714285714285714 0.01649746192893401 0.011428571428571429
11 0.9467005076142133 0.2857142857142857 0.015228426395939087 0.012857142857142857
11 0.9935714285714285 0.28045685279187815 0.012857142857142857 0.008883248730964468
11 0.9676395939086295 0.33392857142857146 0.044416243654822336 0.010714285714285714
11 0.99 0.3286802030456853 0.02 0.01015228426395939
3 0.5729695431472082 0.3260714285714285 0.026649746192893398 0.012142857142857141
7 0.6649746192893401 0.3907142857142857 0.007614213197969543 0.01
7 0.6751269035532994 0.3846428571428571 0.005076142131979695 0.009285714285714286
7 0.6719543147208121 0.3782142857142857 0.00634517766497462 0.010714285714285714
3 0.6979695431472082 0.40214285714285714 0.027918781725888325 0.017142857142857144
3 0.7956852791878173 0.33249999999999996 0.02284263959390863 0.012142857142857141
7 0.6954314720812182 0.3607142857142857 0.007614213197969543 0.008571428571428572
7 0.6903553299492386 0.3696428571428571 0.005076142131979695 0.007857142857142858
7 0.7036802030456852 0.35714285714285715 0.0038071065989847717 0.008571428571428572
4 0.7017766497461929 0.3657142857142857 0.005076142131979695 0.004285714285714286
6 0.07804568527918782 0.3853571428571429 0.03680203045685279 0.027857142857142858
6 0.026071428571428572 0.38515228426395937 0.052142857142857144 0.02918781725888325
6 0.09898477157360405 0.37035714285714283 0.02284263959390863 0.016428571428571428
6 0.06598984771573604 0.37392857142857144 0.02284263959390863 0.017857142857142856
7 0.5406091370558376 0.4860714285714286 0.007614213197969543 0.010714285714285714