7 0.20114213197969544 0.12178571428571427 0.02918781725888325 0.019285714285714285
7 0.19860406091370558 0.39678571428571424 0.03426395939086294 0.010714285714285714
7 0.18527918781725888 0.40750000000000003 0.03553299492385787 0.010714285714285714
7 0.1954314720812183 0.41714285714285715 0.03807106598984771 0.008571428571428572
7 0.44352791878172587 0.47857142857142854 0.026649746192893398 0.01
7 0.8032994923857867 0.24785714285714286 0.017766497461928935 0.011428571428571429
7 0.434010152284264 0.2546428571428571 0.030456852791878174 0.013571428571428571
7 0.4289340101522842 0.27035714285714285 0.02538071065989848 0.013571428571428571
7 0.4517766497461929 0.2671428571428571 0.02538071065989848 0.011428571428571429
7 0.4879441624365482 0.2542857142857143 0.026649746192893398 0.012857142857142857
7 0.48159898477157365 0.2664285714285714 0.021573604060913708 0.011428571428571429
7 0.5114213197969543 0.265 0.02538071065989848 0.011428571428571429
7 0.5399746192893401 0.2564285714285714 0.024111675126903553 0.011428571428571429
7 0.5691624365482233 0.25571428571428567 0.024111675126903553 0.012857142857142857
7 0.5380710659898478 0.26857142857142857 0.02284263959390863 0.012857142857142857
7 0.565989847715736 0.2675 0.02284263959390863 0.010714285714285714
7 0.5348984771573604 0.2814285714285714 0.026649746192893398 0.01
7 0.5653553299492386 0.27964285714285714 0.026649746192893398 0.012142857142857141
7 0.5006345177664975 0.28928571428571426 0.0317258883248731 0.012857142857142857
7 0.4993654822335026 0.29714285714285715 0.026649746192893398 0.012857142857142857
7 0.5342639593908629 0.29 0.02538071065989848 0.012857142857142857
7 0.5666243654822335 0.29 0.024111675126903553 0.01
7 0.5329949238578681 0.30357142857142855 0.027918781725888325 0.011428571428571429
7 0.5653553299492386 0.3021428571428571 0.024111675126903553 0.01
7 0.4968274111675127 0.3171428571428571 0.02918781725888325 0.011428571428571429
7 0.5336294416243654 0.3171428571428571 0.026649746192893398 0.011428571428571429
7 0.5640862944162437 0.3167857142857143 0.021573604060913708 0.010714285714285714
7 0.5628172588832487 0.32857142857142857 0.021573604060913708 0.01
7 0.5615482233502538 0.34 0.021573604060913708 0.011428571428571429
7 0.5291878172588832 0.33785714285714286 0.027918781725888325 0.01
7 0.5260152284263959 0.34964285714285714 0.026649746192893398 0.010714285714285714
7 0.5596446700507614 0.3503571428571428 0.02538071065989848 0.009285714285714286
7 0.4879441624365482 0.36357142857142855 0.026649746192893398 0.008571428571428572
7 0.46446700507614214 0.3814285714285714 0.02538071065989848 0.012857142857142857
7 0.48984771573604063 0.3842857142857143 0.03553299492385787 0.01
7 0.5228426395939086 0.365 0.027918781725888325 0.008571428571428572
7 0.5583756345177665 0.3660714285714286 0.02284263959390863 0.009285714285714286
7 0.5558375634517767 0.38107142857142856 0.02284263959390863 0.010714285714285714
7 0.5171319796954315 0.41178571428571425 0.026649746192893398 0.007857142857142858
7 0.5558375634517767 0.4146428571428571 0.02538071065989848 0.009285714285714286
7 0.47335025380710666 0.4392857142857143 0.02538071065989848 0.007142857142857143
7 0.5133248730964467 0.4425 0.024111675126903553 0.007857142857142858
7 0.5552030456852791 0.43964285714285717 0.026649746192893398 0.007857142857142858
7 0.5945431472081218 0.44321428571428567 0.026649746192893398 0.007857142857142858
7 0.5939086294416244 0.4139285714285714 0.02284263959390863 0.007857142857142858
7 0.641497461928934 0.4425 0.021573604060913708 0.010714285714285714
7 0.6821065989847717 0.4446428571428572 0.019035532994923856 0.007857142857142858
7 0.8197969543147208 0.47964285714285715 0.02284263959390863 0.015000000000000001
7 0.7988578680203046 0.45785714285714285 0.01649746192893401 0.017142857142857144
7 0.7195431472081218 0.44857142857142857 0.017766497461928935 0.008571428571428572
7 0.7658629441624365 0.44107142857142856 0.021573604060913708 0.007857142857142858
7 0.8388324873096447 0.40857142857142853 0.02030456852791878 0.014285714285714285
7 0.7969543147208121 0.41428571428571426 0.03299492385786802 0.011428571428571429
7 0.600253807106599 0.38107142857142856 0.02030456852791878 0.007857142857142858
7 0.7220812182741116 0.41571428571428565 0.017766497461928935 0.008571428571428572
7 0.6878172588832487 0.4146428571428571 0.02030456852791878 0.007857142857142858
7 0.6434010152284264 0.41178571428571425 0.02538071065989848 0.007857142857142858
7 0.6046954314720812 0.3675 0.019035532994923856 0.007857142857142858
7 0.6446700507614213 0.37857142857142856 0.02030456852791878 0.007142857142857143
7 0.6859137055837563 0.3796428571428571 0.019035532994923856 0.007857142857142858
7 0.7233502538071066 0.37785714285714284 0.017766497461928935 0.007142857142857143
7 0.7690355329949239 0.41750000000000004 0.02030456852791878 0.007857142857142858
7 0.7696700507614214 0.3885714285714285 0.024111675126903553 0.008571428571428572
7 0.7715736040609137 0.3717857142857143 0.01269035532994924 0.007857142857142858
7 0.7728426395939085 0.3607142857142857 0.02030456852791878 0.01
7 0.7271573604060914 0.3628571428571429 0.017766497461928935 0.011428571428571429
7 0.6884517766497462 0.365 0.013959390862944163 0.01
7 0.6484771573604061 0.3625 0.017766497461928935 0.009285714285714286
7 0.6059644670050761 0.35321428571428565 0.026649746192893398 0.009285714285714286
7 0.6072335025380711 0.33928571428571425 0.021573604060913708 0.012857142857142857
7 0.6484771573604061 0.3507142857142857 0.017766497461928935 0.008571428571428572
7 0.6865482233502538 0.3521428571428571 0.02030456852791878 0.011428571428571429
7 0.7309644670050761 0.34857142857142853 0.01269035532994924 0.01
7 0.7760152284263959 0.3507142857142857 0.01649746192893401 0.008571428571428572
7 0.8121827411167514 0.33428571428571424 0.02030456852791878 0.011428571428571429
7 0.8140862944162437 0.2614285714285714 0.01649746192893401 0.012857142857142857
7 0.8147208121827412 0.2757142857142857 0.017766497461928935 0.011428571428571429
7 0.8134517766497462 0.31 0.017766497461928935 0.011428571428571429
7 0.7734771573604061 0.33428571428571424 0.01649746192893401 0.014285714285714285
7 0.7290609137055838 0.33571428571428574 0.019035532994923856 0.011428571428571429
7 0.7753807106598984 0.32285714285714284 0.01269035532994924 0.008571428571428572
7 0.7728426395939085 0.31357142857142856 0.015228426395939087 0.01
7 0.7690355329949239 0.30428571428571427 0.02284263959390863 0.008571428571428572
7 0.7734771573604061 0.2925 0.01649746192893401 0.010714285714285714
7 0.774746192893401 0.28535714285714286 0.019035532994923856 0.010714285714285714
7 0.7741116751269036 0.2767857142857143 0.015228426395939087 0.012142857142857141
7 0.774746192893401 0.27071428571428574 0.019035532994923856 0.012857142857142857
7 0.7760152284263959 0.25857142857142856 0.01649746192893401 0.012857142857142857
7 0.6897208121827411 0.33785714285714286 0.01649746192893401 0.01
7 0.6459390862944162 0.33785714285714286 0.017766497461928935 0.008571428571428572
7 0.6091370558375634 0.3264285714285714 0.02030456852791878 0.008571428571428572
7 0.6472081218274112 0.3267857142857143 0.02030456852791878 0.007857142857142858
7 0.6916243654822335 0.32571428571428573 0.017766497461928935 0.008571428571428572
7 0.7296954314720812 0.3246428571428571 0.017766497461928935 0.010714285714285714
7 0.7309644670050761 0.315 0.015228426395939087 0.008571428571428572
7 0.7328680203045684 0.3046428571428571 0.01649746192893401 0.010714285714285714
7 0.6903553299492386 0.3146428571428571 0.02030456852791878 0.009285714285714286
7 0.6097715736040609 0.3146428571428571 0.021573604060913708 0.010714285714285714
7 0.6465736040609137 0.31535714285714284 0.024111675126903553 0.010714285714285714
7 0.6878172588832487 0.3057142857142857 0.02284263959390863 0.008571428571428572
7 0.6503807106598984 0.3046428571428571 0.021573604060913708 0.007857142857142858
7 0.6129441624365483 0.3057142857142857 0.02030456852791878 0.008571428571428572
7 0.6123096446700508 0.29607142857142854 0.021573604060913708 0.009285714285714286
7 0.649746192893401 0.295 0.02030456852791878 0.01
7 0.6878172588832487 0.2957142857142857 0.02030456852791878 0.01
7 0.7315989847715736 0.29357142857142854 0.019035532994923856 0.012857142857142857
7 0.616751269035533 0.2571428571428572 0.02284263959390863 0.012857142857142857
7 0.6142131979695431 0.2764285714285714 0.02284263959390863 0.012857142857142857
7 0.6154822335025381 0.2864285714285714 0.015228426395939087 0.01
7 0.6522842639593909 0.2575 0.017766497461928935 0.015000000000000001
7 0.6535532994923858 0.26607142857142857 0.017766497461928935 0.010714285714285714
7 0.6935279187817259 0.2567857142857143 0.019035532994923856 0.013571428571428571
7 0.6967005076142132 0.26571428571428574 0.015228426395939087 0.01
7 0.7341370558375635 0.25785714285714284 0.013959390862944163 0.012857142857142857
7 0.7347715736040609 0.26535714285714285 0.017766497461928935 0.009285714285714286
7 0.7322335025380712 0.2735714285714286 0.017766497461928935 0.011428571428571429
7 0.7315989847715736 0.28464285714285714 0.01649746192893401 0.010714285714285714
7 0.692258883248731 0.28535714285714286 0.021573604060913708 0.010714285714285714
7 0.6928934010152283 0.27321428571428574 0.02030456852791878 0.012142857142857141
7 0.6510152284263959 0.285 0.017766497461928935 0.011428571428571429
7 0.6522842639593909 0.2739285714285714 0.02030456852791878 0.012142857142857141