2 0.3628571428571429 0.4928571428571429 0.1238095238095238 0.04857142857142857
2 0.2985714285714286 0.4878571428571429 0.1419047619047619 0.05285714285714286
2 0.2438095238095238 0.4810714285714286 0.1238095238095238 0.04928571428571429
2 0.20285714285714285 0.4714285714285714 0.1238095238095238 0.05
2 0.17761904761904762 0.46214285714285713 0.12666666666666665 0.04857142857142857
2 0.1638095238095238 0.45035714285714284 0.11809523809523809 0.047857142857142855
2 0.14619047619047618 0.44035714285714284 0.11904761904761904 0.04642857142857143
2 0.03535714285714286 0.3852380952380952 0.07071428571428572 0.02761904761904762
2 0.026071428571428572 0.3780952380952381 0.052142857142857144 0.024761904761904763
7 0.21571428571428572 0.37214285714285716 0.006666666666666666 0.008571428571428572
7 0.24523809523809523 0.39321428571428574 0.008571428571428572 0.010714285714285714
7 0.2495238095238095 0.44035714285714284 0.009523809523809523 0.010714285714285714
7 0.3609523809523809 0.45607142857142857 0.011428571428571429 0.010714285714285714
7 0.4828571428571429 0.4542857142857143 0.007619047619047619 0.011428571428571429
7 0.49380952380952375 0.44392857142857145 0.006666666666666666 0.010714285714285714
7 0.3661904761904762 0.3960714285714286 0.0047619047619047615 0.007857142857142858
7 0.3695238095238095 0.3967857142857143 0.005714285714285714 0.007857142857142858
7 0.3733333333333333 0.3992857142857143 0.005714285714285714 0.008571428571428572
7 0.3871428571428571 0.3942857142857143 0.006666666666666666 0.01
7 0.4033333333333333 0.3896428571428571 0.006666666666666666 0.010714285714285714
7 0.5285714285714286 0.43535714285714283 0.007619047619047619 0.012142857142857143
7 0.5842857142857143 0.37214285714285716 0.006666666666666666 0.008571428571428572
7 0.5723809523809523 0.3767857142857143 0.005714285714285714 0.009285714285714286
7 0.569047619047619 0.37535714285714283 0.006666666666666666 0.010714285714285714
7 0.569047619047619 0.4139285714285714 0.0047619047619047615 0.009285714285714286
7 0.5728571428571428 0.4142857142857143 0.006666666666666666 0.01
7 0.5766666666666667 0.42607142857142855 0.006666666666666666 0.010714285714285714
7 0.5723809523809523 0.4257142857142857 0.005714285714285714 0.012857142857142857
7 0.6476190476190475 0.3457142857142857 0.007619047619047619 0.01
7 0.6609523809523808 0.3357142857142857 0.005714285714285714 0.007142857142857143
7 0.6728571428571428 0.33285714285714285 0.0047619047619047615 0.007142857142857143
7 0.6923809523809523 0.3342857142857143 0.005714285714285714 0.007142857142857143
7 0.7038095238095238 0.3221428571428571 0.0038095238095238095 0.007142857142857143
7 0.7109523809523809 0.32857142857142857 0.0047619047619047615 0.007142857142857143
7 0.6785714285714286 0.3514285714285714 0.0047619047619047615 0.008571428571428572
3 0.7614285714285715 0.35428571428571426 0.02952380952380952 0.011428571428571429
3 0.8114285714285714 0.32071428571428573 0.022857142857142857 0.01
3 0.8138095238095238 0.6675 0.04666666666666666 0.04928571428571429