5 0.485 0.49975 0.018 0.0105
4 0.446 0.50725 0.029333333333333333 0.0235
3 0.641 0.502 0.04066666666666666 0.019
3 0.631 0.514 0.05266666666666667 0.021
3 0.6173333333333333 0.5315 0.050666666666666665 0.022
3 0.6056666666666666 0.546 0.058 0.023
4 0.5463333333333332 0.72525 0.06333333333333332 0.0485
4 0.81 0.19475 0.03866666666666666 0.0165
1 0.9 0.6935 0.025333333333333333 0.018
1 0.8566666666666666 0.6565 0.009333333333333332 0.018
1 0.8663333333333333 0.64675 0.01933333333333333 0.0105
1 0.9106666666666666 0.60075 0.02 0.0075
1 0.911 0.608 0.020666666666666663 0.009
1 0.9116666666666666 0.61525 0.020666666666666663 0.0075
1 0.9116666666666666 0.62475 0.020666666666666663 0.0085
1 0.9133333333333332 0.63225 0.021333333333333333 0.0085
4 0.907 0.64975 0.02733333333333333 0.0205
8 0.948 0.6235 0.009333333333333332 0.012
1 0.9503333333333333 0.632 0.008666666666666666 0.012
11 0.9383333333333332 0.6735 0.03 0.046
3 0.9373333333333332 0.72475 0.033333333333333326 0.0495
8 0.9716666666666667 0.708 0.011333333333333332 0.015
1 0.9713333333333333 0.7165 0.006666666666666666 0.014
3 0.9403333333333332 0.5605 0.02333333333333333 0.028
3 0.9426666666666667 0.52975 0.022666666666666665 0.0295
11 0.9363333333333332 0.47475 0.034 0.0545
4 0.9416666666666667 0.3235 0.02333333333333333 0.053
3 0.935 0.35725 0.018 0.0145
3 0.9366666666666666 0.3715 0.018666666666666665 0.017
8 0.9656666666666667 0.4435 0.007333333333333333 0.009
7 0.9633333333333333 0.45525 0.008 0.0145
1 0.966 0.4475 0.004 0.008
3 0.99375 0.30833333333333335 0.0125 0.014666666666666666
4 0.98225 0.09633333333333334 0.0355 0.051333333333333335
4 0.99525 0.13233333333333333 0.0095 0.020666666666666667
3 0.99975 0.14633333333333334 0.0005 0.0033333333333333335
3 0.99625 0.173 0.0075 0.008
3 0.99925 0.17766666666666667 0.0015 0.004666666666666667
3 0.9496666666666667 0.28725 0.014 0.0115
3 0.951 0.276 0.014 0.009
3 0.951 0.262 0.011333333333333332 0.017
11 0.9526666666666667 0.24375 0.016 0.0205
4 0.953 0.21675 0.011333333333333332 0.0335
4 0.9596666666666667 0.1825 0.015333333333333332 0.059
7 0.9693333333333333 0.26825 0.006666666666666666 0.0095
1 0.8736666666666666 0.5505 0.007333333333333333 0.017
7 0.964 0.24225 0.004 0.0075