11 0.89425 0.608 0.2115 0.108
11 0.87275 0.49866666666666665 0.2545 0.10733333333333334
11 0.884 0.426 0.2053333333333333 0.087
11 0.8846666666666666 0.3595 0.172 0.076
11 0.8743333333333333 0.2985 0.1713333333333333 0.076
11 0.857 0.24775 0.18333333333333332 0.0645
11 0.91525 0.72 0.1695 0.059333333333333335
11 0.10625 0.6916666666666667 0.2125 0.10866666666666666
7 0.15266666666666664 0.52825 0.06933333333333333 0.0535
11 0.285 0.3815 0.3433333333333333 0.14
11 0.32066666666666666 0.31475 0.2866666666666666 0.1155
11 0.3306666666666666 0.27525 0.184 0.0645
3 0.821 0.2085 0.16066666666666665 0.054
3 0.383 0.1945 0.1753333333333333 0.051
3 0.4023333333333333 0.152 0.1753333333333333 0.051
3 0.411 0.118 0.15266666666666664 0.048
3 0.429 0.08775 0.15133333333333332 0.0425
3 0.4483333333333333 0.0575 0.15133333333333332 0.042
11 0.826 0.16125 0.14933333333333332 0.0675
11 0.8323333333333333 0.128 0.14466666666666667 0.059
3 0.6586666666666666 0.0745 0.08133333333333333 0.062
7 0.5586666666666666 0.0665 0.028 0.046
3 0.8086666666666666 0.071 0.14533333333333331 0.042
3 0.806 0.04575 0.13066666666666665 0.0445
3 0.8013333333333332 0.0225 0.11066666666666666 0.037
11 0.459 0.019 0.1285 0.038