3 0.5566666666666666 0.5921428571428572 0.06 0.1
3 0.7242857142857143 0.5778571428571428 0.05809523809523809 0.09428571428571429
3 0.8085714285714286 0.6096428571428572 0.07238095238095238 0.105
3 0.7009523809523809 0.4607142857142857 0.05523809523809523 0.07571428571428572
3 0.5704761904761905 0.47964285714285715 0.04952380952380952 0.06928571428571428
3 0.17333333333333334 0.635 0.16190476190476188 0.07
3 0.23523809523809522 0.5360714285714285 0.1219047619047619 0.04357142857142857
3 0.2552380952380952 0.48964285714285716 0.10666666666666666 0.035
3 0.2795238095238095 0.4546428571428571 0.11142857142857143 0.03785714285714286
3 0.35523809523809524 0.36357142857142855 0.07619047619047618 0.027142857142857142
3 0.3823809523809523 0.3364285714285714 0.08666666666666667 0.03
3 0.579047619047619 0.38821428571428573 0.043809523809523805 0.05357142857142857
3 0.58 0.3271428571428571 0.03619047619047619 0.04428571428571428
3 0.6785714285714286 0.32392857142857145 0.035238095238095235 0.047857142857142855
3 0.6952380952380952 0.2664285714285714 0.04761904761904761 0.037142857142857144
3 0.5857142857142857 0.28285714285714286 0.03238095238095238 0.03857142857142857
7 0.26857142857142857 0.30392857142857144 0.019047619047619046 0.023571428571428573
7 0.2814285714285714 0.30107142857142855 0.018095238095238095 0.020714285714285713
3 0.47714285714285715 0.20285714285714285 0.06666666666666667 0.022857142857142857
4 0.4076190476190476 0.29392857142857143 0.0838095238095238 0.04357142857142857
3 0.6528571428571428 0.16071428571428573 0.025714285714285714 0.025714285714285714
3 0.6347619047619047 0.11071428571428571 0.021904761904761903 0.018571428571428572
7 0.7961904761904761 0.14357142857142857 0.009523809523809523 0.015714285714285715
3 0.7266666666666666 0.037142857142857144 0.013333333333333332 0.008571428571428572
4 0.6066666666666666 0.10964285714285714 0.011428571428571429 0.029285714285714286
3 0.6909523809523809 0.0275 0.01238095238095238 0.007857142857142858
3 0.6914285714285714 0.015714285714285715 0.011428571428571429 0.008571428571428572
4 0.749047619047619 0.0175 0.018095238095238095 0.019285714285714285
3 0.7085714285714285 0.004761904761904762 0.015 0.009523809523809525
8 0.6219047619047618 0.6385714285714286 0.015238095238095238 0.024285714285714285
5 0.618095238095238 0.6553571428571429 0.019047619047619046 0.02642857142857143
8 0.47952380952380946 0.4732142857142857 0.014285714285714285 0.02214285714285714
5 0.4766666666666666 0.48892857142857143 0.01619047619047619 0.019285714285714285