5 0.15120593692022263 0.23799582463465555 0.03525046382189239 0.013569937369519834
1 0.15677179962894247 0.2338204592901879 0.03525046382189239 0.010438413361169102
5 0.2342300556586271 0.23329853862212946 0.03061224489795918 0.011482254697286014
8 0.30102040816326525 0.227035490605428 0.015769944341372914 0.012526096033402925
8 0.312152133580705 0.22390396659707726 0.015769944341372914 0.008350730688935283
0 0.48654916512059365 0.24765135699373697 0.05844155844155843 0.021398747390396662
11 0.5301484230055659 0.23408141962421714 0.07699443413729128 0.023486430062630483
0 0.6312615955473098 0.21242171189979125 0.05102040816326531 0.016701461377870565
3 0.6349721706864564 0.23068893528183718 0.08256029684601113 0.020876826722338204
8 0.6785714285714286 0.25861169102296455 0.015769944341372914 0.012004175365344469
5 0.6799628942486086 0.2620041753653445 0.02968460111317254 0.012526096033402925
5 0.8089053803339518 0.20668058455114824 0.02411873840445269 0.012526096033402925
7 0.9577922077922076 0.19180584551148228 0.015769944341372914 0.0151356993736952
7 0.9086270871985157 0.19624217118997914 0.012059369202226345 0.015657620041753657
8 0.9842300556586271 0.22155532359081423 0.012987012987012986 0.014091858037578288
1 0.9842300556586271 0.22520876826722339 0.025974025974025972 0.009916492693110648
10 0.9485157699443413 0.21216075156576203 0.08627087198515769 0.02244258872651357
8 0.861317254174397 0.2259916492693111 0.017625231910946195 0.011482254697286014
8 0.810760667903525 0.20511482254697289 0.01484230055658627 0.015657620041753657
7 0.801948051948052 0.19989561586638832 0.012059369202226345 0.016701461377870565
7 0.7917439703153988 0.19258872651356995 0.012059369202226345 0.012526096033402925
8 0.7764378478664192 0.26409185803757834 0.016697588126159554 0.012526096033402925
8 0.7810760667903525 0.2578288100208769 0.016697588126159554 0.012526096033402925
7 0.8423005565862708 0.28470772442588727 0.012987012987012986 0.018267223382045932
7 0.8756957328385899 0.3264613778705637 0.01484230055658627 0.021398747390396662
7 0.8974953617810759 0.35177453027139877 0.02133580705009276 0.024008350730688938
8 0.7778293135435993 0.4000521920668059 0.026901669758812616 0.014091858037578288
7 0.7435064935064934 0.4775574112734865 0.026901669758812616 0.028183716075156576
7 0.7054730983302412 0.4895615866388309 0.02133580705009276 0.02609603340292276
5 0.7300556586270871 0.42066805845511485 0.022263450834879406 0.02296450939457203
9 0.74582560296846 0.430062630480167 0.03525046382189239 0.03444676409185804
9 0.7008348794063078 0.3564718162839249 0.0398886827458256 0.03444676409185804
9 0.8696660482374767 0.22807933194154492 0.0398886827458256 0.010438413361169102
5 0.5672541743970315 0.38465553235908145 0.023191094619666047 0.0302713987473904
1 0.5551948051948051 0.41518789144050106 0.02504638218923933 0.024530271398747392
8 0.5194805194805194 0.4073590814196243 0.02968460111317254 0.0151356993736952
5 0.7551020408163265 0.5367954070981211 0.04823747680890538 0.01931106471816284
5 0.7597402597402597 0.5276617954070981 0.051948051948051945 0.019832985386221295
5 0.7578849721706864 0.5208768267223383 0.055658627087198514 0.016701461377870565
5 0.8144712430426715 0.524008350730689 0.04452690166975881 0.018789144050104387
1 0.8130797773654915 0.5334029227557412 0.05287569573283859 0.013569937369519834
5 0.8112244897959183 0.5430584551148225 0.05658627087198515 0.016179540709812108
5 0.8195732838589981 0.5482776617954072 0.05658627087198515 0.014091858037578288
5 0.8274582560296845 0.5532359081419624 0.05936920222634508 0.016701461377870565
5 0.9958246346555324 0.19851576994434136 0.008350730688935281 0.012059369202226345