3 0.1813543599257885 0.24712943632567855 0.015769944341372914 0.008872651356993737
3 0.17996289424860853 0.22834029227557415 0.018552875695732836 0.009916492693110648
3 0.22727272727272727 0.25 0.03153988868274583 0.013569937369519834
10 0.17810760667903525 0.20615866388308982 0.027829313543599257 0.019832985386221295
10 0.17532467532467533 0.18736951983298542 0.022263450834879406 0.015657620041753657
10 0.17996289424860853 0.17171189979123175 0.012987012987012986 0.010438413361169102
10 0.16141001855287568 0.14744258872651358 0.012987012987012986 0.008872651356993737
3 0.1660482374768089 0.13804801670146138 0.0055658627087198514 0.003653444676409186
10 0.1679035250463822 0.1203027139874739 0.007421150278293135 0.004697286012526097
10 0.16743970315398884 0.113517745302714 0.008348794063079777 0.003653444676409186
11 0.004697286012526096 0.18738404452690166 0.009394572025052192 0.006493506493506494
10 0.032467532467532464 0.1560542797494781 0.02040816326530612 0.009394572025052193
10 0.03571428571428571 0.1524008350730689 0.05102040816326531 0.009394572025052193
3 0.01948051948051948 0.15657620041753656 0.022263450834879406 0.0062630480167014625
0 0.023191094619666047 0.1675365344467641 0.011131725417439703 0.005219206680584551
3 0.15398886827458255 0.13804801670146138 0.007421150278293135 0.003653444676409186
8 0.13729128014842298 0.17066805845511482 0.0037105751391465673 0.0031315240083507312
5 0.1377551020408163 0.17145093945720252 0.004638218923933209 0.0026096033402922755
10 0.07653061224489796 0.14587682672233823 0.015769944341372914 0.012004175365344469
10 0.7050092764378478 0.5169624217118998 0.09276437847866419 0.04853862212943633
9 0.8172541743970315 0.555062630480167 0.03525046382189239 0.01304801670146138
8 0.8237476808905381 0.5568893528183716 0.01484230055658627 0.009394572025052193
10 0.8678107606679035 0.50678496868476 0.19016697588126158 0.10960334029227559
11 0.7898886827458256 0.40970772442588727 0.05844155844155843 0.02505219206680585
11 0.8344155844155844 0.3940501043841337 0.05658627087198515 0.017745302713987474
9 0.8682745825602969 0.38439457202505223 0.02411873840445269 0.01304801670146138
10 0.7940630797773655 0.3823068893528184 0.06307977736549165 0.018267223382045932
6 0.7532467532467532 0.3937891440501044 0.10389610389610389 0.028705636743215034
3 0.7880333951762523 0.3697807933194155 0.05102040816326531 0.016179540709812108
8 0.7384044526901669 0.3556889352818372 0.011131725417439703 0.006784968684759917
8 0.6303339517625232 0.4159707724425888 0.008348794063079777 0.008350730688935283
8 0.6284786641929498 0.4144050104384134 0.01020408163265306 0.010438413361169102
8 0.6266233766233766 0.412839248434238 0.012059369202226345 0.009394572025052193
5 0.6270871985157699 0.416231732776618 0.01484230055658627 0.012004175365344469
3 0.5936920222634507 0.44389352818371614 0.08719851576994433 0.021398747390396662
6 0.6210575139146567 0.4603340292275575 0.08256029684601113 0.03966597077244259
6 0.5667903525046382 0.4209290187891441 0.09276437847866419 0.029749478079331943
10 0.5602968460111317 0.4125782881002088 0.07606679035250463 0.029749478079331943
6 0.5412801484230055 0.39770354906054284 0.04730983302411874 0.019832985386221295
6 0.6196660482374768 0.3791753653444677 0.04638218923933209 0.04123173277661796
6 0.6767161410018552 0.36038622129436326 0.038033395176252316 0.01304801670146138
0 0.6632653061224488 0.3509916492693111 0.04452690166975881 0.0151356993736952
7 0.7221706864564007 0.3311586638830898 0.01020408163265306 0.01096033402922756
5 0.7091836734693877 0.32045929018789143 0.017625231910946195 0.0062630480167014625
9 0.6794990723562152 0.32019832985386226 0.032467532467532464 0.008872651356993737
11 0.6539888682745825 0.31341336116910234 0.04081632653061224 0.014091858037578288
0 0.6910946196660481 0.30271398747390404 0.02411873840445269 0.011482254697286014
9 0.6233766233766234 0.2896659707724426 0.022263450834879406 0.007306889352818372
7 0.6182745825602969 0.28705636743215035 0.008348794063079777 0.007306889352818372
8 0.6080705009276437 0.2862734864300627 0.01020408163265306 0.006784968684759917
5 0.6094619666048237 0.2883611691022965 0.011131725417439703 0.006784968684759917
11 0.5700371057513914 0.2852296450939457 0.03617810760667903 0.01096033402922756
10 0.4842300556586271 0.3645615866388309 0.06493506493506493 0.024530271398747392
3 0.4387755102040816 0.32672233820459295 0.051948051948051945 0.016701461377870565
5 0.44480519480519476 0.3074112734864301 0.008348794063079777 0.0062630480167014625
8 0.4438775510204081 0.3053235908141963 0.006493506493506493 0.007306889352818372
7 0.4434137291280148 0.282098121085595 0.011131725417439703 0.008872651356993737
9 0.42996289424860856 0.27244258872651356 0.013914656771799629 0.008350730688935283
9 0.5139146567717996 0.2797494780793319 0.018552875695732836 0.0062630480167014625
5 0.5051020408163265 0.27713987473903967 0.01948051948051948 0.0062630480167014625
8 0.5510204081632653 0.27296450939457206 0.011131725417439703 0.007306889352818372
3 0.5542671614100185 0.2698329853862213 0.0398886827458256 0.010438413361169102
5 0.5640074211502782 0.26356993736951984 0.01484230055658627 0.005219206680584551
0 0.5435992578849722 0.2643528183716075 0.02040816326530612 0.007828810020876828
9 0.5440630797773655 0.2588726513569937 0.03061224489795918 0.007306889352818372
9 0.5106679035250463 0.2578288100208769 0.028756957328385898 0.007306889352818372
9 0.4819109461966604 0.25965553235908145 0.02504638218923933 0.009916492693110648
3 0.3817254174397031 0.2776617954070982 0.032467532467532464 0.010438413361169102
9 0.4800556586270872 0.24660751565762004 0.028756957328385898 0.007828810020876828
3 0.4466604823747681 0.24451983298538627 0.03617810760667903 0.007828810020876828
10 0.49582560296846007 0.2411273486430063 0.034322820037105746 0.008350730688935283
10 0.41372912801484224 0.19467640918580376 0.025974025974025972 0.0062630480167014625
10 0.28153988868274576 0.19415448851774533 0.023191094619666047 0.015657620041753657
3 0.2727272727272727 0.1876304801670146 0.02040816326530612 0.006784968684759917
3 0.26901669758812613 0.18397703549060546 0.018552875695732836 0.004697286012526097
3 0.2662337662337662 0.1798016701461378 0.016697588126159554 0.005741127348643007
3 0.32653061224489793 0.1769311064718163 0.022263450834879406 0.004175365344467641
3 0.349721706864564 0.17353862212943635 0.02040816326530612 0.004697286012526097
3 0.31632653061224486 0.17588726513569938 0.01484230055658627 0.004175365344467641
3 0.3116883116883117 0.17171189979123175 0.009276437847866418 0.005219206680584551
3 0.25510204081632654 0.14953027139874742 0.009276437847866418 0.003653444676409186
10 0.28385899814471244 0.16153444676409187 0.011131725417439703 0.005741127348643007
3 0.29962894248608535 0.14953027139874742 0.012987012987012986 0.003653444676409186
11 0.2973098330241187 0.14665970772442588 0.012059369202226345 0.0031315240083507312
4 0.1702226345083488 0.10360125260960334 0.01948051948051948 0.01304801670146138
4 0.3149350649350649 0.1597077244258873 0.038033395176252316 0.013569937369519834
4 0.26484230055658625 0.1315240083507307 0.04916512059369202 0.02609603340292276
4 0.23886827458256027 0.15553235908141963 0.02133580705009276 0.03549060542797495
4 0.22541743970315398 0.12317327766179542 0.022263450834879406 0.020876826722338204
6 0.9114100185528756 0.4086638830897704 0.08256029684601113 0.03757828810020877
3 0.9778183716075156 0.46382189239332094 0.044363256784968684 0.022263450834879406
0 0.9981732776617954 0.4401669758812616 0.0036534446764091857 0.022263450834879406