7 0.3323333333333333 0.707 0.04733333333333333 0.042
7 0.38166666666666665 0.71425 0.06466666666666666 0.0435
7 0.47866666666666663 0.693 0.044 0.05
7 0.6253333333333333 0.6665 0.042666666666666665 0.05
7 0.8133333333333332 0.63325 0.042666666666666665 0.0475
7 0.8713333333333333 0.614 0.044 0.053
7 0.34833333333333333 0.663 0.054 0.041
7 0.12766666666666665 0.53875 0.054 0.0525
8 0.11433333333333333 0.53375 0.04066666666666666 0.0295
7 0.1403333333333333 0.4145 0.03533333333333333 0.04
7 0.269 0.494 0.04066666666666666 0.053
7 0.32066666666666666 0.4825 0.042666666666666665 0.052
7 0.365 0.494 0.05 0.05
7 0.4023333333333333 0.48775 0.04066666666666666 0.0485
7 0.6696666666666666 0.56125 0.04466666666666667 0.0475
7 0.6923333333333332 0.49575 0.024666666666666663 0.0415
7 0.74 0.39625 0.033333333333333326 0.0485
7 0.7796666666666666 0.343 0.020666666666666663 0.042
7 0.824 0.35825 0.02 0.0445
7 0.8073333333333332 0.2215 0.017333333333333333 0.038
7 0.9043333333333332 0.22525 0.022 0.0375
7 0.6193333333333333 0.16575 0.012 0.0315
7 0.6216666666666666 0.161 0.016666666666666663 0.031
7 0.6193333333333333 0.1525 0.014666666666666666 0.028
7 0.4076666666666666 0.0785 0.020666666666666663 0.026
7 0.3936666666666666 0.09125 0.015333333333333332 0.0225
7 0.42766666666666664 0.094 0.014 0.032
7 0.4343333333333333 0.085 0.01933333333333333 0.032
7 0.217 0.16975 0.026 0.0345
7 0.1443333333333333 0.195 0.028666666666666663 0.04
3 0.334 0.59425 0.2733333333333333 0.1525
3 0.04475 0.452 0.0895 0.082
4 0.6533333333333332 0.731 0.064 0.037
4 0.7636666666666666 0.72625 0.03933333333333333 0.0465
5 0.6713333333333332 0.3885 0.048 0.047
8 0.6713333333333332 0.38525 0.029333333333333333 0.0435
8 0.29 0.1315 0.02 0.02
3 0.452 0.1955 0.13066666666666665 0.062
5 0.5463333333333332 0.1675 0.03 0.026
7 0.7743333333333332 0.272 0.018 0.038
5 0.789 0.27675 0.016666666666666663 0.0395
5 0.8773333333333333 0.189 0.05333333333333333 0.026
11 0.8623333333333333 0.1555 0.06333333333333332 0.053
11 0.762 0.12775 0.104 0.0475
11 0.7486666666666666 0.1615 0.09733333333333333 0.048
11 0.713 0.1795 0.11533333333333333 0.045
11 0.5596666666666666 0.124 0.09533333333333333 0.046
11 0.5586666666666666 0.1045 0.09333333333333332 0.041
11 0.597 0.055 0.05933333333333333 0.035
11 0.488 0.09575 0.07333333333333333 0.0375
7 0.6616666666666666 0.0835 0.01 0.024
7 0.665 0.064 0.008666666666666666 0.024
7 0.713 0.0685 0.018 0.021
7 0.772 0.0675 0.010666666666666666 0.023
3 0.7863333333333332 0.03875 0.086 0.0325
3 0.6796666666666666 0.031 0.05533333333333333 0.032
3 0.5336666666666666 0.021 0.078 0.036
3 0.56675 0.012 0.0615 0.024
3 0.44466666666666665 0.05 0.07333333333333333 0.033
7 0.383 0.05725 0.016666666666666663 0.0305