3 0.9075 0.7019047619047619 0.185 0.09047619047619047
3 0.49380952380952375 0.6471428571428571 0.10952380952380951 0.18142857142857144
3 0.6161904761904762 0.5810714285714286 0.09333333333333332 0.16214285714285714
7 0.7304761904761905 0.6421428571428571 0.026666666666666665 0.047142857142857146
7 0.09809523809523808 0.5439285714285714 0.02857142857142857 0.04071428571428572
7 0.1280952380952381 0.5417857142857143 0.04095238095238095 0.035
3 0.07809523809523809 0.48642857142857143 0.15238095238095237 0.14285714285714285
7 0.6838095238095238 0.41 0.02476190476190476 0.04
7 0.42047619047619045 0.3364285714285714 0.02 0.037142857142857144
7 0.6561904761904762 0.3075 0.02857142857142857 0.04214285714285714
7 0.7185714285714285 0.30714285714285716 0.021904761904761903 0.04428571428571428
3 0.518095238095238 0.45607142857142857 0.08571428571428572 0.13071428571428573
3 0.5271428571428571 0.3082142857142857 0.07333333333333332 0.09214285714285714
3 0.21476190476190474 0.25857142857142856 0.09619047619047619 0.08428571428571428
3 0.2542857142857143 0.18642857142857142 0.0838095238095238 0.06857142857142857
3 0.31857142857142856 0.08178571428571428 0.0619047619047619 0.04928571428571429
3 0.34619047619047616 0.0375 0.056190476190476187 0.04642857142857143
11 0.3682142857142857 0.012380952380952381 0.04642857142857143 0.024761904761904763
11 0.2876190476190476 0.12392857142857143 0.06285714285714286 0.06357142857142857
3 0.5585714285714286 0.015238095238095238 0.037142857142857144 0.030476190476190476
3 0.5509523809523809 0.045714285714285714 0.04285714285714286 0.04285714285714286
11 0.5433333333333333 0.09285714285714286 0.050476190476190466 0.047142857142857146
5 0.599047619047619 0.09285714285714286 0.022857142857142857 0.02142857142857143
3 0.5361904761904762 0.21857142857142858 0.05714285714285714 0.07571428571428572
3 0.7857142857142857 0.19357142857142856 0.13333333333333333 0.05285714285714286
3 0.8042857142857143 0.25857142857142856 0.1495238095238095 0.06
3 0.7780952380952381 0.15928571428571428 0.1276190476190476 0.04428571428571428
11 0.7766666666666666 0.13357142857142856 0.10952380952380951 0.04
5 0.7719047619047618 0.10428571428571429 0.04285714285714286 0.025714285714285714
5 0.768095238095238 0.11107142857142857 0.03333333333333333 0.020714285714285713
5 0.7333333333333332 0.10928571428571429 0.030476190476190476 0.02142857142857143
5 0.739047619047619 0.07571428571428572 0.03809523809523809 0.024285714285714285
3 0.7471428571428571 0.05964285714285714 0.08857142857142856 0.03642857142857143
3 0.7342857142857143 0.04392857142857143 0.08952380952380952 0.03357142857142857
11 0.7314285714285714 0.025714285714285714 0.10285714285714286 0.03857142857142857
3 0.7257142857142858 0.015357142857142857 0.08952380952380952 0.02642857142857143
11 0.7289285714285715 0.01 0.07357142857142857 0.02
5 0.5333333333333333 0.13392857142857142 0.015238095238095238 0.023571428571428573