3 0.5814285714285714 0.17392857142857143 0.07142857142857142 0.085
3 0.8133333333333332 0.09357142857142857 0.0819047619047619 0.06714285714285714
3 0.9885714285714285 0.4380952380952381 0.022857142857142857 0.1361904761904762
3 0.6847619047619047 0.2596428571428571 0.07047619047619047 0.08785714285714286
11 0.6242857142857143 0.405 0.1019047619047619 0.14714285714285713
7 0.18904761904761902 0.21357142857142858 0.039047619047619046 0.03
7 0.1295238095238095 0.2307142857142857 0.045714285714285714 0.03571428571428571
7 0.15714285714285714 0.36714285714285716 0.04952380952380952 0.03428571428571429
7 0.16428571428571428 0.445 0.04476190476190476 0.032857142857142856
8 0.42142857142857143 0.29464285714285715 0.037142857142857144 0.027857142857142858
8 0.41952380952380947 0.2857142857142857 0.03333333333333333 0.03
8 0.33285714285714285 0.37392857142857144 0.04285714285714286 0.03642857142857143
8 0.44190476190476186 0.5678571428571428 0.0419047619047619 0.047142857142857146
8 0.06523809523809523 0.31607142857142856 0.04285714285714286 0.02642857142857143
7 0.4185714285714286 0.37785714285714284 0.03333333333333333 0.05
7 0.13428571428571429 0.36464285714285716 0.0419047619047619 0.03357142857142857
5 0.44285714285714284 0.5825 0.03428571428571429 0.065
5 0.3323809523809524 0.38392857142857145 0.03428571428571429 0.04214285714285714
5 0.4209523809523809 0.3007142857142857 0.026666666666666665 0.03857142857142857
5 0.07095238095238095 0.32285714285714284 0.02952380952380952 0.03857142857142857
5 0.976190476190476 0.10714285714285714 0.02857142857142857 0.02857142857142857
5 0.03678571428571428 0.6571428571428571 0.07357142857142857 0.024761904761904763
8 0.4409523809523809 0.21107142857142858 0.026666666666666665 0.027857142857142858
1 0.44142857142857145 0.22357142857142856 0.021904761904761903 0.032857142857142856
8 0.9838095238095238 0.10071428571428571 0.02095238095238095 0.02857142857142857
5 0.34095238095238095 0.11142857142857143 0.02095238095238095 0.03571428571428571
5 0.4019047619047619 0.09285714285714286 0.03428571428571429 0.045714285714285714
8 0.34095238095238095 0.10928571428571429 0.019047619047619046 0.027142857142857142
8 0.4019047619047619 0.09071428571428572 0.017142857142857144 0.017142857142857144
7 0.24 0.09571428571428571 0.022857142857142857 0.022857142857142857
7 0.21571428571428572 0.09428571428571429 0.037142857142857144 0.03428571428571429