3 0.44809523809523805 0.2864285714285714 0.023809523809523805 0.03428571428571429
3 0.4409523809523809 0.3703571428571429 0.022857142857142857 0.03357142857142857
3 0.4333333333333333 0.4182142857142857 0.02095238095238095 0.035
3 0.42809523809523803 0.49464285714285716 0.02 0.030714285714285715
3 0.7866666666666666 0.42464285714285716 0.03809523809523809 0.019285714285714285
3 0.7885714285714286 0.445 0.04 0.015714285714285715
10 0.7980952380952381 0.27964285714285714 0.02095238095238095 0.029285714285714286
10 0.9171428571428571 0.3217857142857143 0.05142857142857143 0.019285714285714285
10 0.7628571428571429 0.7039285714285715 0.04952380952380952 0.02214285714285714
3 0.7628571428571429 0.6742857142857143 0.0419047619047619 0.018571428571428572
3 0.7561904761904761 0.7257142857142858 0.0419047619047619 0.02142857142857143
3 0.8895238095238095 0.7289285714285715 0.043809523809523805 0.019285714285714285
7 0.33476190476190476 0.06714285714285714 0.010476190476190476 0.01
7 0.32571428571428573 0.0675 0.009523809523809523 0.009285714285714286