6 0.15619047619047619 0.65 0.1676190476190476 0.17857142857142858
7 0.23476190476190473 0.7017857142857142 0.08095238095238094 0.095
7 0.1376190476190476 0.42892857142857144 0.04857142857142857 0.06785714285714285
7 0.52 0.4075 0.04 0.06357142857142857
1 0.7209523809523809 0.4278571428571429 0.043809523809523805 0.07428571428571429
7 0.529047619047619 0.36357142857142855 0.02952380952380952 0.04857142857142857
9 0.5776190476190476 0.3517857142857143 0.027619047619047616 0.05357142857142857
7 0.5776190476190476 0.3464285714285714 0.023809523809523805 0.04
7 0.6171428571428571 0.3492857142857143 0.03238095238095238 0.054285714285714284
7 0.4742857142857143 0.31214285714285717 0.02857142857142857 0.045714285714285714
7 0.33285714285714285 0.3357142857142857 0.027619047619047616 0.05142857142857143
7 0.6185714285714285 0.28035714285714286 0.018095238095238095 0.03642857142857143
3 0.6880952380952381 0.3632142857142857 0.08095238095238094 0.05928571428571429
3 0.6733333333333333 0.32107142857142856 0.06857142857142857 0.04357142857142857
1 0.39952380952380945 0.3385714285714286 0.056190476190476187 0.027142857142857142
5 0.4114285714285714 0.32857142857142857 0.05714285714285714 0.03571428571428571
5 0.520952380952381 0.31464285714285717 0.02857142857142857 0.029285714285714286
5 0.530952380952381 0.295 0.021904761904761903 0.024285714285714285
7 0.5647619047619047 0.2835714285714286 0.019047619047619046 0.032857142857142856
7 0.5809523809523809 0.26107142857142857 0.013333333333333332 0.02642857142857143
7 0.5628571428571428 0.26857142857142857 0.015238095238095238 0.024285714285714285
7 0.539047619047619 0.27071428571428574 0.015238095238095238 0.03
7 0.5157142857142857 0.2817857142857143 0.018095238095238095 0.027857142857142858
4 0.5147619047619048 0.25892857142857145 0.039047619047619046 0.04928571428571429
11 0.08392857142857142 0.5271428571428571 0.16785714285714284 0.11714285714285715
7 0.35428571428571426 0.28964285714285715 0.02095238095238095 0.04214285714285714
7 0.14047619047619048 0.3682142857142857 0.027619047619047616 0.04928571428571429
7 0.5519047619047619 0.25392857142857145 0.014285714285714285 0.02642857142857143
4 0.6442857142857142 0.24785714285714286 0.037142857142857144 0.024285714285714285
7 0.2580952380952381 0.32607142857142857 0.02095238095238095 0.056428571428571425
8 0.7204761904761905 0.4235714285714286 0.039047619047619046 0.06142857142857143