3 0.5314285714285715 0.6142857142857143 0.11047619047619046 0.16714285714285715
11 0.40285714285714286 0.6214285714285714 0.08571428571428572 0.15714285714285714
3 0.28523809523809524 0.6264285714285714 0.10571428571428572 0.15857142857142856
11 0.06678571428571428 0.64 0.13357142857142856 0.18285714285714286
7 0.6128571428571429 0.020714285714285713 0.014285714285714285 0.03428571428571429
7 0.6242857142857143 0.015238095238095238 0.014285714285714285 0.030476190476190476
7 0.7661904761904761 0.06678571428571428 0.018095238095238095 0.030714285714285715
7 0.7752380952380952 0.08321428571428571 0.013333333333333332 0.030714285714285715
7 0.530952380952381 0.47214285714285714 0.023809523809523805 0.014285714285714285
7 0.35047619047619044 0.4607142857142857 0.03809523809523809 0.022857142857142857
7 0.5171428571428571 0.45071428571428573 0.02857142857142857 0.02
5 0.18619047619047616 0.6096428571428572 0.04476190476190476 0.056428571428571425
7 0.9142857142857143 0.5392857142857143 0.03428571428571429 0.022857142857142857
6 0.9771428571428571 0.5638095238095238 0.045714285714285714 0.09428571428571429
8 0.9242857142857143 0.2757142857142857 0.014285714285714285 0.02
7 0.9209523809523809 0.3514285714285714 0.03238095238095238 0.03
7 0.8809523809523809 0.35 0.026666666666666665 0.027142857142857142
7 0.8495238095238095 0.3057142857142857 0.017142857142857144 0.025714285714285714
7 0.869047619047619 0.30892857142857144 0.021904761904761903 0.025