11 0.05714285714285714 0.6746428571428571 0.07238095238095238 0.020714285714285713
3 0.16142857142857142 0.6628571428571428 0.06952380952380952 0.024285714285714285
11 0.29523809523809524 0.7096428571428571 0.03809523809523809 0.056428571428571425
3 0.40047619047619043 0.675 0.06571428571428571 0.027142857142857142
3 0.39 0.7025 0.0638095238095238 0.025
11 0.3871428571428571 0.73 0.0676190476190476 0.025714285714285714
3 0.43714285714285717 0.5385714285714286 0.030476190476190476 0.04428571428571428
3 0.4666666666666666 0.3960714285714286 0.030476190476190476 0.04642857142857143
3 0.49047619047619045 0.36 0.06095238095238095 0.02
3 0.4961904761904762 0.31392857142857145 0.06285714285714286 0.019285714285714285
3 0.5019047619047619 0.2910714285714286 0.05904761904761904 0.020714285714285713
9 0.539047619047619 0.28 0.030476190476190476 0.032857142857142856
7 0.4919047619047619 0.23785714285714285 0.01238095238095238 0.011428571428571429
7 0.5223809523809523 0.24071428571428571 0.008571428571428572 0.011428571428571429
7 0.5666666666666667 0.24928571428571428 0.009523809523809523 0.01
7 0.5771428571428572 0.25142857142857145 0.009523809523809523 0.01
10 0.6376190476190476 0.25392857142857145 0.035238095238095235 0.06357142857142857
5 0.7019047619047619 0.2932142857142857 0.009523809523809523 0.013571428571428571
8 0.7023809523809523 0.29 0.006666666666666666 0.011428571428571429
3 0.6733333333333333 0.3246428571428571 0.026666666666666665 0.04071428571428572
3 0.5895238095238095 0.5242857142857142 0.03238095238095238 0.05
11 0.6433333333333333 0.49357142857142855 0.035238095238095235 0.05
3 0.53 0.16892857142857143 0.056190476190476187 0.02214285714285714
10 0.5419047619047619 0.14 0.07428571428571429 0.032857142857142856
11 0.54 0.09571428571428571 0.06095238095238095 0.02
5 0.6323809523809524 0.10392857142857143 0.009523809523809523 0.015
8 0.6333333333333333 0.10035714285714285 0.007619047619047619 0.010714285714285714
3 0.7009523809523809 0.12321428571428572 0.02476190476190476 0.039285714285714285
5 0.738095238095238 0.07142857142857142 0.015238095238095238 0.03
8 0.7409523809523809 0.062142857142857146 0.011428571428571429 0.011428571428571429
10 0.7217857142857143 0.019523809523809523 0.02642857142857143 0.039047619047619046
3 0.5919047619047618 0.028214285714285713 0.023809523809523805 0.04214285714285714
3 0.5028571428571429 0.023214285714285715 0.05333333333333333 0.023571428571428573
3 0.5125 0.005238095238095238 0.05357142857142857 0.010476190476190476
3 0.7852380952380952 0.7392857142857143 0.0619047619047619 0.02
3 0.7923809523809523 0.7057142857142857 0.06095238095238095 0.032857142857142856
5 0.9114285714285715 0.7096428571428571 0.026666666666666665 0.010714285714285714
7 0.8804761904761904 0.6253571428571428 0.006666666666666666 0.0064285714285714285
3 0.81 0.5525 0.0619047619047619 0.019285714285714285
3 0.8104761904761904 0.5282142857142857 0.05904761904761904 0.02214285714285714
11 0.8633333333333332 0.4882142857142857 0.025714285714285714 0.03785714285714286
9 0.8233333333333333 0.5071428571428571 0.04095238095238095 0.014285714285714285
3 0.8204761904761904 0.38357142857142856 0.05809523809523809 0.022857142857142857
3 0.8295238095238094 0.3632142857142857 0.06095238095238095 0.02214285714285714
3 0.8252380952380952 0.3407142857142857 0.05809523809523809 0.02
11 0.8338095238095238 0.3157142857142857 0.056190476190476187 0.02142857142857143
3 0.9457142857142857 0.30357142857142855 0.04761904761904761 0.025714285714285714
3 0.8342857142857143 0.29214285714285715 0.05714285714285714 0.02142857142857143
3 0.8342857142857143 0.27035714285714285 0.05714285714285714 0.019285714285714285
3 0.9657142857142857 0.2342857142857143 0.05714285714285714 0.02
3 0.84 0.2075 0.06285714285714286 0.02214285714285714
7 0.9428571428571428 0.14142857142857143 0.007619047619047619 0.01
10 0.858095238095238 0.05857142857142857 0.05714285714285714 0.02857142857142857
7 0.8719047619047618 0.011785714285714287 0.006666666666666666 0.007857142857142858
6 0.044642857142857144 0.20857142857142857 0.08928571428571429 0.04285714285714286