7 0.35333333333333333 0.10892857142857143 0.015238095238095238 0.013571428571428571
7 0.4409523809523809 0.12107142857142857 0.013333333333333332 0.012142857142857143
7 0.4495238095238095 0.1432142857142857 0.007619047619047619 0.013571428571428571
7 0.46285714285714286 0.14464285714285716 0.007619047619047619 0.009285714285714286
8 0.47619047619047616 0.13464285714285715 0.009523809523809523 0.010714285714285714
8 0.4809523809523809 0.1492857142857143 0.009523809523809523 0.008571428571428572
7 0.5057142857142857 0.15321428571428572 0.007619047619047619 0.010714285714285714
5 0.4766666666666666 0.13535714285714287 0.025714285714285714 0.007857142857142858
0 0.46952380952380945 0.165 0.0419047619047619 0.017142857142857144
7 0.479047619047619 0.2 0.007619047619047619 0.011428571428571429
3 0.5038095238095237 0.06142857142857143 0.04761904761904761 0.032857142857142856
0 0.4823809523809523 0.07964285714285714 0.052380952380952375 0.020714285714285713
7 0.4752380952380952 0.1025 0.015238095238095238 0.013571428571428571
0 0.5147619047619048 0.11 0.014285714285714285 0.02857142857142857
3 0.649047619047619 0.01607142857142857 0.056190476190476187 0.025
3 0.6461904761904762 0.03785714285714286 0.06 0.024285714285714285
3 0.6466666666666666 0.06 0.06476190476190476 0.025714285714285714
11 0.6247619047619047 0.11 0.06095238095238095 0.027142857142857142
11 0.6314285714285715 0.08571428571428572 0.06476190476190476 0.027142857142857142
11 0.6261904761904762 0.13285714285714287 0.054285714285714284 0.025714285714285714
11 0.6833333333333333 0.1632142857142857 0.0619047619047619 0.029285714285714286
3 0.6071428571428571 0.15535714285714286 0.0619047619047619 0.027857142857142858
7 0.8776190476190475 0.23714285714285716 0.01238095238095238 0.011428571428571429
10 0.9810714285714286 0.21095238095238095 0.03785714285714286 0.0380952380952381
11 0.9628571428571429 0.2617857142857143 0.05904761904761904 0.02642857142857143
3 0.9242857142857143 0.20464285714285715 0.06 0.02642857142857143
3 0.8519047619047618 0.1925 0.0619047619047619 0.02642857142857143
3 0.8114285714285714 0.24071428571428571 0.05904761904761904 0.027142857142857142
3 0.7738095238095237 0.205 0.0638095238095238 0.025714285714285714
3 0.7323809523809524 0.23 0.07047619047619047 0.02857142857142857
3 0.6504761904761904 0.22428571428571428 0.06476190476190476 0.024285714285714285
3 0.6133333333333333 0.2785714285714286 0.06666666666666667 0.025714285714285714
3 0.6042857142857143 0.3357142857142857 0.07142857142857142 0.025714285714285714
11 0.6009523809523809 0.3846428571428571 0.05904761904761904 0.025
11 0.5909523809523809 0.4075 0.06 0.02214285714285714
3 0.5161904761904762 0.735 0.07619047619047618 0.02857142857142857
3 0.5433333333333333 0.6860714285714286 0.07714285714285714 0.039285714285714285
11 0.45523809523809516 0.7242857142857143 0.043809523809523805 0.05
5 0.34285714285714286 0.7382142857142857 0.022857142857142857 0.016428571428571428
5 0.33904761904761904 0.7207142857142858 0.03238095238095238 0.017142857142857144
5 0.36714285714285716 0.6253571428571428 0.027619047619047616 0.013571428571428571
11 0.39190476190476187 0.68 0.039047619047619046 0.05
11 0.5538095238095238 0.6475 0.08476190476190476 0.029285714285714286
3 0.5466666666666666 0.6110714285714286 0.07428571428571429 0.030714285714285715
3 0.5595238095238094 0.5732142857142857 0.07714285714285714 0.029285714285714286
3 0.5619047619047619 0.5396428571428571 0.07238095238095238 0.027857142857142858
7 0.49047619047619045 0.6260714285714286 0.011428571428571429 0.010714285714285714
11 0.5585714285714286 0.5028571428571429 0.0619047619047619 0.022857142857142857
3 0.5676190476190476 0.4717857142857143 0.07809523809523809 0.027857142857142858
3 0.5666666666666667 0.44035714285714284 0.06857142857142857 0.02642857142857143
7 0.48714285714285716 0.49785714285714283 0.01238095238095238 0.01
0 0.42 0.4496428571428571 0.02857142857142857 0.04071428571428572
8 0.42380952380952375 0.4392857142857143 0.013333333333333332 0.005714285714285714
5 0.4066666666666666 0.40035714285714286 0.030476190476190476 0.007857142857142858
3 0.4361904761904762 0.38035714285714284 0.07428571428571429 0.02642857142857143
5 0.4366666666666666 0.2982142857142857 0.01238095238095238 0.017857142857142856
5 0.4357142857142857 0.32 0.018095238095238095 0.015714285714285715
8 0.5514285714285714 0.3607142857142857 0.011428571428571429 0.007142857142857143
7 0.5609523809523809 0.34035714285714286 0.007619047619047619 0.0064285714285714285
7 0.5385714285714286 0.3525 0.006666666666666666 0.007857142857142858
7 0.5228571428571429 0.2725 0.011428571428571429 0.012142857142857143
7 0.5338095238095237 0.2571428571428571 0.010476190476190476 0.01
7 0.5895238095238095 0.21928571428571428 0.007619047619047619 0.012857142857142857
7 0.5142857142857142 0.26285714285714284 0.007619047619047619 0.011428571428571429
7 0.4776190476190476 0.25214285714285717 0.010476190476190476 0.01
0 0.5542857142857143 0.3157142857142857 0.022857142857142857 0.03
8 0.55 0.4185714285714286 0.010476190476190476 0.007142857142857143