3 0.8307050092764379 0.5148747390396661 0.09369202226345083 0.08924843423799583
3 0.7532467532467532 0.4739039665970773 0.11131725417439703 0.08246346555323592
3 0.9945198329853863 0.17439703153988867 0.010960334029227558 0.030612244897959183
7 0.5236549165120593 0.1268267223382046 0.05844155844155843 0.02296450939457203
10 0.5918367346938775 0.12734864300626308 0.09647495361781076 0.0302713987473904
11 0.5997217068645639 0.15370563674321505 0.06586270871985157 0.02244258872651357
0 0.6781076066790351 0.13674321503131526 0.06679035250463822 0.02296450939457203
5 0.564935064935065 0.32985386221294366 0.022263450834879406 0.02609603340292276
5 0.5449907235621521 0.3269832985386222 0.017625231910946195 0.026617954070981213
5 0.5250463821892393 0.32724425887265135 0.02040816326530612 0.024008350730688938
5 0.512987012987013 0.3280271398747391 0.018552875695732836 0.021398747390396662
5 0.4967532467532467 0.3259394572025052 0.02504638218923933 0.021398747390396662
5 0.44805194805194803 0.32959290187891443 0.018552875695732836 0.024530271398747392
5 0.4327458256029684 0.32959290187891443 0.02504638218923933 0.0255741127348643
5 0.42439703153988867 0.32228601252609607 0.023191094619666047 0.020354906054279753
5 0.40862708719851576 0.32750521920668063 0.01948051948051948 0.02244258872651357
5 0.38682745825602965 0.33246346555323597 0.025974025974025972 0.02192066805845512
5 0.3678107606679035 0.3217640918580376 0.03061224489795918 0.021398747390396662
5 0.3460111317254174 0.31837160751565763 0.027829313543599257 0.018789144050104387
5 0.34786641929499074 0.32985386221294366 0.02968460111317254 0.02505219206680585
5 0.32421150278293137 0.33063674321503134 0.03617810760667903 0.0255741127348643
5 0.30055658627087195 0.33820459290187893 0.04638218923933209 0.024008350730688938
6 0.9165120593692022 0.023486430062630483 0.16326530612244897 0.03549060542797495