11 0.9473333333333332 0.62725 0.10133333333333333 0.1495
11 0.923 0.46425 0.08866666666666666 0.1155
11 0.725 0.03525 0.06333333333333332 0.0575
3 0.7166666666666667 0.10425 0.052 0.0675
3 0.6966666666666667 0.18225 0.058666666666666666 0.0785
3 0.6763333333333332 0.28475 0.06866666666666665 0.0965
3 0.6603333333333332 0.40825 0.078 0.1165
3 0.6166666666666666 0.59825 0.096 0.1695
3 0.8186666666666667 0.377 0.07733333333333332 0.113
3 0.904 0.329 0.07466666666666666 0.105
3 0.9016666666666666 0.2145 0.06466666666666666 0.079
3 0.8896666666666666 0.12775 0.05266666666666667 0.0605
3 0.89975 0.015333333333333332 0.0485 0.030666666666666665
7 0.7603333333333333 0.14325 0.012666666666666666 0.0325
7 0.7483333333333333 0.14875 0.011333333333333332 0.0165
7 0.7133333333333333 0.335 0.022666666666666665 0.032