3 0.6528571428571428 0.5085714285714286 0.006666666666666666 0.004285714285714286
3 0.65 0.5128571428571429 0.0047619047619047615 0.002857142857142857
3 0.65 0.5160714285714286 0.006666666666666666 0.0035714285714285713
3 0.6395238095238095 0.5203571428571429 0.0047619047619047615 0.0035714285714285713
0 0.6752380952380952 0.5167857142857143 0.015238095238095238 0.007857142857142858
3 0.6704761904761904 0.5057142857142857 0.005714285714285714 0.004285714285714286
3 0.6923809523809523 0.5025 0.005714285714285714 0.0035714285714285713
3 0.7071428571428572 0.505 0.006666666666666666 0.005714285714285714
3 0.7238095238095238 0.5092857142857142 0.007619047619047619 0.005714285714285714
3 0.7447619047619046 0.4928571428571429 0.009523809523809523 0.005714285714285714
7 0.7552380952380952 0.5153571428571428 0.005714285714285714 0.005
7 0.8190476190476189 0.4521428571428571 0.005714285714285714 0.004285714285714286
7 0.8233333333333333 0.4514285714285714 0.0047619047619047615 0.004285714285714286
3 0.8219047619047618 0.44857142857142857 0.011428571428571429 0.005714285714285714
3 0.8433333333333333 0.43892857142857145 0.014285714285714285 0.010714285714285714
3 0.9380952380952381 0.4367857142857143 0.02476190476190476 0.013571428571428571
3 0.9061904761904761 0.4789285714285714 0.021904761904761903 0.010714285714285714
3 0.9095238095238095 0.4878571428571429 0.02095238095238095 0.01
3 0.9504761904761904 0.4632142857142857 0.02476190476190476 0.012142857142857143
3 0.9371428571428572 0.4857142857142857 0.02476190476190476 0.011428571428571429
3 0.9652380952380952 0.4714285714285714 0.023809523809523805 0.011428571428571429
3 0.9709523809523809 0.4789285714285714 0.023809523809523805 0.012142857142857143
3 0.9847619047619046 0.45821428571428574 0.02476190476190476 0.012142857142857143
3 0.9914285714285714 0.4766666666666667 0.017142857142857144 0.013333333333333334
3 0.9917857142857143 0.46523809523809523 0.016428571428571428 0.010476190476190476
3 0.99 0.49 0.02 0.014285714285714285
3 0.79 0.7328571428571429 0.03142857142857143 0.022857142857142857
3 0.7376190476190475 0.7382142857142857 0.039047619047619046 0.02214285714285714
3 0.7147619047619047 0.7178571428571429 0.018095238095238095 0.02857142857142857
3 0.6671428571428571 0.7196428571428571 0.027619047619047616 0.023571428571428573
3 0.6747619047619048 0.7046428571428571 0.027619047619047616 0.020714285714285713
3 0.6761904761904761 0.6932142857142857 0.026666666666666665 0.02214285714285714
3 0.6523809523809523 0.6767857142857143 0.022857142857142857 0.017857142857142856
2 0.6242857142857143 0.65 0.02952380952380952 0.032857142857142856
10 0.67 0.6017857142857143 0.02 0.013571428571428571
2 0.64 0.5996428571428571 0.02476190476190476 0.013571428571428571
2 0.6366666666666666 0.5896428571428571 0.04095238095238095 0.027857142857142858
3 0.6147619047619047 0.5985714285714285 0.01238095238095238 0.01
3 0.599047619047619 0.6078571428571429 0.011428571428571429 0.01
3 0.588095238095238 0.5985714285714285 0.01238095238095238 0.007142857142857143
3 0.5833333333333333 0.6067857142857143 0.010476190476190476 0.0064285714285714285
11 0.5776190476190476 0.6128571428571429 0.01238095238095238 0.008571428571428572
3 0.5742857142857143 0.6189285714285714 0.013333333333333332 0.007857142857142858
11 0.5704761904761905 0.6246428571428572 0.011428571428571429 0.007857142857142858