3 0.4043333333333333 0.71825 0.174 0.0595
11 0.5336666666666666 0.48175 0.038 0.0385
11 0.98225 0.642 0.0355 0.08
3 0.8363333333333333 0.5455 0.054 0.048
3 0.804 0.503 0.042666666666666665 0.035
3 0.776 0.466 0.030666666666666665 0.026
3 0.7646666666666666 0.437 0.030666666666666665 0.024
3 0.501 0.4295 0.07266666666666666 0.02
3 0.5056666666666666 0.41275 0.056666666666666664 0.0175
3 0.5113333333333333 0.4025 0.05466666666666666 0.016
3 0.5183333333333333 0.38325 0.04333333333333333 0.0145
4 0.646 0.27575 0.06266666666666666 0.0335
4 0.7246666666666667 0.268 0.06933333333333333 0.026
4 0.5623333333333332 0.31025 0.04733333333333333 0.0275
3 0.633 0.30525 0.011333333333333332 0.0145
3 0.681 0.3055 0.01 0.007
3 0.692 0.319 0.009333333333333332 0.005
3 0.709 0.34775 0.014 0.0125
3 0.7236666666666667 0.37275 0.020666666666666663 0.0125
3 0.5663333333333332 0.33525 0.014 0.0085
3 0.549 0.33125 0.01 0.0085
11 0.966 0.4165 0.036 0.025
11 0.8976666666666666 0.43 0.048666666666666664 0.025
10 0.9546666666666667 0.4565 0.068 0.049
7 0.992 0.6683333333333333 0.016 0.03866666666666667
7 0.9736666666666667 0.6685 0.018 0.031
8 0.9376666666666666 0.6665 0.02333333333333333 0.023
7 0.5093333333333333 0.59725 0.010666666666666666 0.0235
8 0.7133333333333333 0.41125 0.008 0.0085
5 0.7133333333333333 0.418 0.005333333333333333 0.007
5 0.9356666666666666 0.677 0.022 0.029
5 0.3713333333333333 0.60825 0.032 0.0205
1 0.406 0.64675 0.03733333333333333 0.0225