2 0.6452380952380952 0.1025 0.006666666666666666 0.007857142857142858
2 0.6595238095238095 0.09642857142857143 0.0047619047619047615 0.002857142857142857
4 0.6880952380952381 0.08035714285714286 0.02952380952380952 0.027857142857142858
5 0.598095238095238 0.2889285714285714 0.009523809523809523 0.007857142857142858
11 0.5028571428571429 0.2910714285714286 0.022857142857142857 0.019285714285714285
11 0.5376190476190476 0.24964285714285714 0.014285714285714285 0.016428571428571428
10 0.5314285714285715 0.3092857142857143 0.02476190476190476 0.025714285714285714
6 0.5214285714285715 0.3675 0.050476190476190466 0.06928571428571428
7 0.39952380952380945 0.4614285714285714 0.010476190476190476 0.02142857142857143
7 0.45238095238095233 0.4342857142857143 0.011428571428571429 0.017142857142857144
7 0.4538095238095238 0.31285714285714283 0.006666666666666666 0.011428571428571429
7 0.44571428571428573 0.31357142857142856 0.005714285714285714 0.012857142857142857
7 0.44 0.31392857142857145 0.007619047619047619 0.012142857142857143
7 0.4252380952380952 0.315 0.0047619047619047615 0.011428571428571429
7 0.6609523809523808 0.205 0.0038095238095238095 0.007142857142857143
7 0.679047619047619 0.21321428571428572 0.0019047619047619048 0.0064285714285714285
4 0.6738095238095237 0.11035714285714286 0.014285714285714285 0.025
3 0.748095238095238 0.22321428571428573 0.014285714285714285 0.013571428571428571
3 0.7319047619047618 0.19142857142857142 0.018095238095238095 0.007142857142857143
3 0.7338095238095238 0.18678571428571428 0.018095238095238095 0.0064285714285714285
3 0.729047619047619 0.18357142857142858 0.021904761904761903 0.007142857142857143
3 0.8933333333333332 0.22107142857142856 0.030476190476190476 0.007857142857142858
3 0.43380952380952376 0.3003571428571429 0.023809523809523805 0.015
3 0.4476190476190476 0.2860714285714286 0.02476190476190476 0.019285714285714285
7 0.49047619047619045 0.27285714285714285 0.005714285714285714 0.011428571428571429
8 0.598095238095238 0.28464285714285714 0.005714285714285714 0.0064285714285714285
6 0.54 0.07964285714285714 0.045714285714285714 0.020714285714285713
7 0.2785714285714286 0.16857142857142857 0.010476190476190476 0.014285714285714285