4 0.8963333333333332 0.274 0.018 0.013
4 0.867 0.26575 0.01933333333333333 0.0055
4 0.923 0.28925 0.01933333333333333 0.0215
10 0.9893333333333333 0.289 0.018666666666666665 0.008
7 0.9086666666666666 0.66575 0.014666666666666666 0.0365
8 0.869 0.59675 0.026 0.0275
3 0.06366666666666666 0.5765 0.09933333333333333 0.049
3 0.28633333333333333 0.495 0.11133333333333333 0.032
3 0.5726666666666667 0.50075 0.09866666666666665 0.0335
3 0.39 0.4465 0.08266666666666665 0.025
3 0.6196666666666666 0.451 0.074 0.025
11 0.627 0.43025 0.07533333333333334 0.0225
3 0.4963333333333333 0.40325 0.06466666666666666 0.0175
11 0.48 0.39075 0.048 0.0185
3 0.5113333333333333 0.3875 0.04666666666666666 0.015
3 0.5026666666666666 0.3805 0.04533333333333333 0.014
3 0.522 0.367 0.041333333333333326 0.015
3 0.6003333333333333 0.341 0.038 0.012
3 0.6343333333333333 0.32075 0.024666666666666663 0.0075
2 0.6493333333333332 0.30975 0.022666666666666665 0.0155
3 0.9173333333333332 0.47475 0.092 0.0325
3 0.9043333333333332 0.4525 0.07666666666666666 0.026
3 0.8903333333333333 0.43275 0.07 0.0225
3 0.7096666666666667 0.349 0.03933333333333333 0.011
3 0.8606666666666666 0.3485 0.017333333333333333 0.012
7 0.818 0.35275 0.005333333333333333 0.0135
7 0.8233333333333333 0.3535 0.005333333333333333 0.012
2 0.7166666666666667 0.31275 0.02 0.0165
3 0.7556666666666666 0.31375 0.024666666666666663 0.0065
3 0.7523333333333333 0.31 0.024666666666666663 0.006
3 0.7583333333333333 0.304 0.020666666666666663 0.006
3 0.7663333333333333 0.298 0.020666666666666663 0.005
10 0.8273333333333333 0.282 0.017333333333333333 0.005
3 0.8396666666666667 0.28225 0.01 0.0035