7 0.2296954314720812 0.19285714285714284 0.027918781725888325 0.022857142857142857
7 0.2569796954314721 0.15607142857142856 0.021573604060913708 0.017857142857142856
7 0.28045685279187815 0.17428571428571427 0.02538071065989848 0.018571428571428572
7 0.4238578680203046 0.26928571428571424 0.02030456852791878 0.022857142857142857
7 0.4187817258883249 0.37 0.03299492385786802 0.022857142857142857
7 0.49873096446700504 0.3092857142857143 0.02284263959390863 0.02142857142857143
7 0.524746192893401 0.29178571428571426 0.021573604060913708 0.023571428571428573
7 0.5450507614213198 0.2825 0.01649746192893401 0.024999999999999998
7 0.6173857868020304 0.27714285714285714 0.024111675126903553 0.017142857142857144
7 0.5786802030456852 0.2671428571428571 0.027918781725888325 0.02
7 0.5431472081218274 0.2639285714285714 0.02284263959390863 0.02214285714285714
7 0.5107868020304569 0.2471428571428571 0.021573604060913708 0.02142857142857143
7 0.6135786802030457 0.17 0.026649746192893398 0.02
7 0.6643401015228426 0.14821428571428572 0.01649746192893401 0.020714285714285713
7 0.9992857142857143 0.4333756345177665 0.0014285714285714286 0.0266497461928934
7 0.7595177664974619 0.10892857142857143 0.01649746192893401 0.023571428571428573
7 0.8032994923857867 0.16785714285714287 0.01015228426395939 0.014285714285714285
7 0.8769035532994923 0.1757142857142857 0.017766497461928935 0.02
7 0.8845177664974619 0.07678571428571428 0.01015228426395939 0.02214285714285714
7 0.9295685279187818 0.10714285714285715 0.01649746192893401 0.022857142857142857