7 0.7347619047619046 0.12428571428571429 0.006666666666666666 0.007142857142857143
7 0.7371428571428571 0.12928571428571428 0.0038095238095238095 0.004285714285714286
7 0.739047619047619 0.13785714285714284 0.005714285714285714 0.008571428571428572
7 0.7114285714285714 0.1625 0.005714285714285714 0.0064285714285714285
7 0.7038095238095238 0.17892857142857144 0.005714285714285714 0.0064285714285714285
7 0.7038095238095238 0.1875 0.005714285714285714 0.0064285714285714285
7 0.7142857142857143 0.18607142857142858 0.005714285714285714 0.0064285714285714285
7 0.709047619047619 0.18571428571428572 0.0047619047619047615 0.005714285714285714
5 0.6776190476190476 0.4342857142857143 0.008571428571428572 0.01
7 0.7295238095238095 0.6242857142857143 0.0038095238095238095 0.007142857142857143
7 0.7338095238095238 0.6260714285714286 0.006666666666666666 0.009285714285714286
7 0.739047619047619 0.6253571428571428 0.005714285714285714 0.007857142857142858
7 0.709047619047619 0.5139285714285714 0.006666666666666666 0.005
7 0.6561904761904762 0.6396428571428572 0.005714285714285714 0.0064285714285714285
7 0.6519047619047619 0.6428571428571429 0.006666666666666666 0.007142857142857143
3 0.6638095238095237 0.5417857142857143 0.02095238095238095 0.023571428571428573
3 0.628095238095238 0.29392857142857143 0.037142857142857144 0.012142857142857143
3 0.629047619047619 0.2525 0.039047619047619046 0.010714285714285714
3 0.6328571428571429 0.21892857142857142 0.02 0.023571428571428573
3 0.6880952380952381 0.15678571428571428 0.01619047619047619 0.025