3 0.650952380952381 0.4082142857142857 0.05809523809523809 0.07357142857142857
3 0.7857142857142857 0.35928571428571426 0.05333333333333333 0.06571428571428571
3 0.738095238095238 0.43214285714285716 0.06857142857142857 0.08
11 0.8314285714285714 0.47 0.06476190476190476 0.08142857142857143
11 0.7633333333333332 0.26357142857142857 0.054285714285714284 0.05857142857142857
11 0.6475 0.01904761904761905 0.04357142857142857 0.0380952380952381
3 0.6880952380952381 0.10428571428571429 0.054285714285714284 0.05714285714285714
3 0.6261904761904762 0.11321428571428571 0.04095238095238095 0.055
7 0.6895238095238094 0.048928571428571425 0.013333333333333332 0.016428571428571428
3 0.589047619047619 0.5842857142857143 0.06 0.08428571428571428
3 0.4585714285714286 0.7132142857142857 0.12095238095238094 0.056428571428571425
3 0.43857142857142856 0.6621428571428571 0.12095238095238094 0.055714285714285716
3 0.5138095238095237 0.5682142857142857 0.05809523809523809 0.09071428571428572
8 0.5447619047619048 0.7382142857142857 0.02476190476190476 0.015
5 0.5442857142857143 0.7342857142857143 0.02 0.03
11 0.40952380952380946 0.48892857142857143 0.1295238095238095 0.05071428571428571
3 0.39476190476190476 0.43892857142857145 0.11714285714285715 0.060714285714285714
3 0.38380952380952377 0.39035714285714285 0.08 0.060714285714285714
3 0.36809523809523803 0.3092857142857143 0.10571428571428572 0.041428571428571426
3 0.5904761904761905 0.21321428571428572 0.04 0.045
3 0.33904761904761904 0.1707142857142857 0.09523809523809522 0.03428571428571429
3 0.33904761904761904 0.08321428571428571 0.07047619047619047 0.03785714285714286
3 0.4342857142857143 0.24571428571428572 0.05333333333333333 0.07
3 0.7247619047619047 0.1925 0.05142857142857143 0.056428571428571425
8 0.659047619047619 0.21071428571428572 0.015238095238095238 0.012857142857142857
5 0.6585714285714286 0.21535714285714286 0.018095238095238095 0.02642857142857143
7 0.5357142857142857 0.010952380952380953 0.012142857142857143 0.021904761904761906
7 0.42047619047619045 0.015714285714285715 0.014285714285714285 0.024285714285714285
7 0.39285714285714285 0.014285714285714285 0.01619047619047619 0.022857142857142857
7 0.4033333333333333 0.01892857142857143 0.014285714285714285 0.02214285714285714
8 0.39571428571428574 0.09821428571428571 0.02 0.020714285714285713
1 0.39571428571428574 0.10285714285714286 0.01619047619047619 0.025714285714285714
8 0.4666666666666666 0.09821428571428571 0.015238095238095238 0.010714285714285714
5 0.46809523809523806 0.10464285714285715 0.018095238095238095 0.03214285714285714