3 0.5779220779220778 0.48590814196242177 0.06307977736549165 0.054279749478079335
3 0.6818181818181818 0.3689979123173278 0.08719851576994433 0.02922755741127349
3 0.6233766233766234 0.24556367432150317 0.07235621521335805 0.021398747390396662
3 0.5927643784786641 0.2108559498956159 0.051948051948051945 0.015657620041753657
3 0.6270871985157699 0.1484864300626305 0.02968460111317254 0.021398747390396662
3 0.5848794063079776 0.15448851774530273 0.032467532467532464 0.018789144050104387
7 0.11641929499072355 0.0634133611691023 0.008348794063079777 0.007828810020876828
7 0.022727272727272724 0.06445720250521922 0.012059369202226345 0.007828810020876828
5 0.07003710575139147 0.07202505219206681 0.02133580705009276 0.007306889352818372
8 0.06864564007421149 0.06993736951983298 0.009276437847866418 0.010438413361169102
7 0.1447124304267161 0.19885177453027142 0.016697588126159554 0.012526096033402925
3 0.02139874739039666 0.3450834879406308 0.04279749478079332 0.01855287569573284
3 0.01722338204592902 0.36178107606679033 0.03444676409185804 0.01948051948051948
4 0.033858998144712424 0.306106471816284 0.034322820037105746 0.01096033402922756
3 0.3766233766233766 0.42980167014613785 0.10018552875695733 0.037056367432150315
3 0.2764378478664193 0.44624217118997916 0.0909090909090909 0.0302713987473904
11 0.8937847866419294 0.3810020876826723 0.08998144712430427 0.032359081419624215
3 0.4638218923933209 0.5487995824634656 0.10018552875695733 0.0255741127348643