8 0.9466604823747681 0.0255741127348643 0.008348794063079777 0.008350730688935283
5 0.9461966604823747 0.027661795407098125 0.007421150278293135 0.008350730688935283
10 0.8636363636363635 0.024008350730688938 0.02411873840445269 0.018789144050104387
8 0.8752319109461967 0.05193110647181629 0.008348794063079777 0.008872651356993737
8 0.8752319109461967 0.050887265135699376 0.01020408163265306 0.009916492693110648
5 0.8747680890538032 0.052713987473903975 0.011131725417439703 0.011482254697286014
3 0.8293135435992578 0.09812108559498957 0.03153988868274583 0.019832985386221295
11 0.8316326530612245 0.13569937369519836 0.034322820037105746 0.024008350730688938
7 0.8028756957328386 0.2249478079331942 0.015769944341372914 0.016701461377870565
7 0.8038033395176252 0.21920668058455117 0.015769944341372914 0.017745302713987474
7 0.9559369202226344 0.3329853862212944 0.012059369202226345 0.018789144050104387
7 0.9596474953617811 0.3849164926931107 0.013914656771799629 0.018267223382045932
7 0.9577922077922076 0.4005741127348643 0.012059369202226345 0.018267223382045932
2 0.8622448979591837 0.3191544885177453 0.07142857142857142 0.07567849686847601
8 0.40677179962894244 0.553757828810021 0.02504638218923933 0.015657620041753657
9 0.4230055658627087 0.5391440501043843 0.07050092764378478 0.04384133611691024
8 0.42857142857142855 0.35516701461377875 0.02040816326530612 0.01931106471816284
8 0.43181818181818177 0.3322025052192067 0.023191094619666047 0.018267223382045932
1 0.43367346938775503 0.33716075156576203 0.03061224489795918 0.016701461377870565
1 0.43181818181818177 0.3629958246346555 0.026901669758812616 0.020354906054279753
0 0.47124304267161404 0.34211899791231737 0.04823747680890538 0.03183716075156577
7 0.5320037105751391 0.22364300626304803 0.013914656771799629 0.01931106471816284
7 0.5222634508348794 0.2194676409185804 0.011131725417439703 0.018267223382045932
8 0.5213358070500927 0.2520876826722338 0.016697588126159554 0.013569937369519834
5 0.5231910946196661 0.25652400835073075 0.02040816326530612 0.016179540709812108
5 0.44805194805194803 0.2520876826722338 0.03896103896103896 0.015657620041753657
5 0.4424860853432282 0.2601774530271399 0.03339517625231911 0.01304801670146138
5 0.43089053803339517 0.26617954070981215 0.038033395176252316 0.013569937369519834
5 0.4225417439703154 0.2716597077244259 0.038033395176252316 0.01304801670146138
0 0.398886827458256 0.285490605427975 0.05009276437847866 0.03549060542797495
5 0.3835807050092764 0.31419624217119 0.034322820037105746 0.013569937369519834
9 0.3636363636363636 0.3225469728601253 0.07050092764378478 0.018789144050104387
5 0.3256029684601113 0.36586638830897705 0.04638218923933209 0.014613778705636744
8 0.22588126159554728 0.40840292275574114 0.028756957328385898 0.018267223382045932
5 0.22866419294990722 0.4112734864300627 0.028756957328385898 0.027139874739039668
5 0.23654916512059368 0.4522442588726514 0.06493506493506493 0.026617954070981213
8 0.2537105751391465 0.468945720250522 0.015769944341372914 0.008872651356993737
0 0.16141001855287568 0.4626826722338205 0.07792207792207792 0.05062630480167015
5 0.19155844155844154 0.4942588726513571 0.02504638218923933 0.02505219206680585
5 0.17671614100185526 0.5198329853862214 0.05844155844155843 0.03131524008350731
3 0.7523191094619666 0.1704070981210856 0.06493506493506493 0.028705636743215034
8 0.2564935064935065 0.31889352818371614 0.02504638218923933 0.013569937369519834
7 0.27782931354359924 0.3102818371607516 0.01948051948051948 0.021398747390396662
7 0.2931354359925788 0.2941022964509395 0.022263450834879406 0.020354906054279753
7 0.3399814471243043 0.2526096033402923 0.01948051948051948 0.017745302713987474
7 0.30473098330241183 0.2406054279749478 0.01948051948051948 0.017745302713987474
8 0.35528756957328383 0.24869519832985387 0.02040816326530612 0.018267223382045932
9 0.5487012987012986 0.1578810020876827 0.02504638218923933 0.01722338204592902
7 0.5705009276437847 0.11403966597077246 0.012987012987012986 0.0151356993736952
5 0.49999999999999994 0.12160751565762004 0.012987012987012986 0.012526096033402925
5 0.5927643784786641 0.119258872651357 0.011131725417439703 0.01304801670146138
1 0.5955473098330242 0.1163883089770355 0.025974025974025972 0.009394572025052193
1 0.6145640074211502 0.09786012526096034 0.023191094619666047 0.008872651356993737
9 0.6168831168831168 0.09420668058455116 0.02040816326530612 0.01096033402922756
8 0.6303339517625232 0.09029227557411275 0.012059369202226345 0.009394572025052193
8 0.6590909090909091 0.09786012526096034 0.01020408163265306 0.009916492693110648
9 0.6628014842300556 0.10099164926931108 0.017625231910946195 0.012004175365344469
9 0.6275510204081632 0.08115866388308977 0.02133580705009276 0.016179540709812108
9 0.6335807050092764 0.07072025052192067 0.03339517625231911 0.012004175365344469
8 0.602504638218924 0.06289144050104385 0.01020408163265306 0.008872651356993737
5 0.6029684601113172 0.06602296450939459 0.009276437847866418 0.009916492693110648
5 0.5820964749536178 0.04932150313152402 0.02133580705009276 0.007828810020876828
1 0.589517625231911 0.042275574112734866 0.01948051948051948 0.008350730688935283
5 0.5978664192949907 0.03549060542797495 0.013914656771799629 0.008350730688935283
7 0.6270871985157699 0.015657620041753657 0.0055658627087198514 0.010438413361169102
8 0.661873840445269 0.02061586638830898 0.012059369202226345 0.008872651356993737
5 0.6623376623376622 0.02374739039665971 0.01484230055658627 0.01096033402922756
5 0.6924860853432281 0.02296450939457203 0.017625231910946195 0.007306889352818372
11 0.6660482374768089 0.03340292275574113 0.025974025974025972 0.020876826722338204
8 0.7175324675324676 0.04932150313152402 0.012059369202226345 0.008872651356993737
5 0.7175324675324676 0.051409185803757834 0.01020408163265306 0.009916492693110648
8 0.6989795918367346 0.053235908141962426 0.01020408163265306 0.009394572025052193
9 0.7003710575139146 0.05506263048016702 0.01484230055658627 0.012004175365344469
4 0.6558441558441559 0.01304801670146138 0.012987012987012986 0.011482254697286014
8 0.735621521335807 0.018789144050104387 0.009276437847866418 0.009394572025052193
8 0.7365491651205937 0.018267223382045932 0.009276437847866418 0.009394572025052193
5 0.7365491651205937 0.020876826722338204 0.011131725417439703 0.010438413361169102