3 0.9723809523809523 0.4175 0.015238095238095238 0.015
3 0.9495238095238094 0.42964285714285716 0.02095238095238095 0.015
11 0.9571428571428572 0.45964285714285713 0.030476190476190476 0.020714285714285713
3 0.94 0.4932142857142857 0.03619047619047619 0.025
3 0.7971428571428572 0.5775 0.03238095238095238 0.02642857142857143
3 0.7647619047619046 0.6132142857142857 0.03809523809523809 0.03642857142857143
3 0.7471428571428571 0.6739285714285714 0.050476190476190466 0.039285714285714285
3 0.7304761904761905 0.6664285714285715 0.0419047619047619 0.03571428571428571
3 0.6671428571428571 0.6846428571428571 0.04095238095238095 0.035
3 0.6828571428571428 0.7107142857142857 0.043809523809523805 0.04
3 0.6271428571428571 0.5996428571428571 0.010476190476190476 0.0064285714285714285
3 0.6071428571428571 0.6135714285714285 0.006666666666666666 0.004285714285714286
3 0.6190476190476191 0.6 0.009523809523809523 0.007142857142857143
3 0.6138095238095238 0.6007142857142858 0.006666666666666666 0.007142857142857143
3 0.6033333333333333 0.6132142857142857 0.008571428571428572 0.0035714285714285713
3 0.5957142857142858 0.6128571428571429 0.008571428571428572 0.005714285714285714
3 0.608095238095238 0.6 0.008571428571428572 0.004285714285714286