3 0.1618020304568528 0.07392857142857143 0.0901015228426396 0.052142857142857144
7 0.5158629441624366 0.375 0.013959390862944163 0.012857142857142857
7 0.4873096446700508 0.3553571428571428 0.02538071065989848 0.024999999999999998
8 0.541243654822335 0.35892857142857143 0.024111675126903553 0.020714285714285713
7 0.5177664974619289 0.34964285714285714 0.015228426395939087 0.017857142857142856
7 0.5285532994923858 0.3475 0.013959390862944163 0.013571428571428571
7 0.5133248730964467 0.3092857142857143 0.019035532994923856 0.018571428571428572
8 0.7868020304568527 0.30785714285714283 0.02030456852791878 0.015714285714285715
8 0.7937817258883249 0.3053571428571428 0.021573604060913708 0.020714285714285713
8 0.8064720812182741 0.22071428571428572 0.024111675126903553 0.014285714285714285
7 0.5983502538071066 0.31321428571428567 0.019035532994923856 0.020714285714285713
7 0.6186548223350253 0.3146428571428571 0.01649746192893401 0.020714285714285713
7 0.6313451776649747 0.3071428571428571 0.021573604060913708 0.02142857142857143
7 0.6560913705583756 0.3021428571428571 0.02030456852791878 0.02142857142857143
7 0.6548223350253808 0.21321428571428572 0.017766497461928935 0.013571428571428571
7 0.5761421319796954 0.31142857142857144 0.02284263959390863 0.02142857142857143
7 0.583756345177665 0.28928571428571426 0.017766497461928935 0.015714285714285715
7 0.5634517766497462 0.2953571428571429 0.015228426395939087 0.012142857142857141
7 0.6097715736040609 0.2907142857142857 0.01649746192893401 0.017142857142857144
7 0.633248730964467 0.29464285714285715 0.017766497461928935 0.019285714285714285
7 0.5920050761421319 0.047857142857142855 0.01649746192893401 0.02
8 0.6053299492385787 0.12464285714285714 0.015228426395939087 0.012142857142857141
7 0.7798223350253807 0.0525 0.01649746192893401 0.020714285714285713
8 0.9022842639593908 0.03357142857142857 0.015228426395939087 0.014285714285714285
8 0.9060913705583756 0.031785714285714285 0.027918781725888325 0.010714285714285714
7 0.7398477157360406 0.0375 0.01015228426395939 0.016428571428571428
7 0.7480964467005077 0.03857142857142857 0.008883248730964468 0.012857142857142857
7 0.8001269035532995 0.03142857142857143 0.013959390862944163 0.017142857142857144
8 0.574238578680203 0.17464285714285713 0.013959390862944163 0.012142857142857141
8 0.5856598984771574 0.1717857142857143 0.011421319796954314 0.010714285714285714
8 0.5894670050761421 0.1682142857142857 0.011421319796954314 0.010714285714285714
8 0.5920050761421319 0.16142857142857142 0.011421319796954314 0.01
8 0.5634517766497462 0.17142857142857143 0.007614213197969543 0.01
8 0.565989847715736 0.16749999999999998 0.01269035532994924 0.010714285714285714
8 0.8096446700507615 0.215 0.02284263959390863 0.014285714285714285
8 0.6186548223350253 0.12428571428571429 0.011421319796954314 0.008571428571428572