3 0.8661167512690355 0.24428571428571427 0.026649746192893398 0.024285714285714282
3 0.799492385786802 0.41571428571428565 0.043147208121827416 0.04
3 0.9784263959390863 0.3189285714285714 0.03807106598984771 0.03785714285714285
3 0.9416243654822335 0.18607142857142858 0.027918781725888325 0.024999999999999998
3 0.9790609137055838 0.10714285714285715 0.024111675126903553 0.02
3 0.6554568527918782 0.07285714285714286 0.04187817258883249 0.012857142857142857
3 0.9016497461928934 0.04928571428571429 0.019035532994923856 0.014285714285714285
3 0.9333756345177665 0.07678571428571428 0.01649746192893401 0.013571428571428571
3 0.9378172588832486 0.11892857142857143 0.02538071065989848 0.02214285714285714
3 0.9295685279187818 0.047142857142857146 0.019035532994923856 0.012857142857142857
3 0.9619289340101522 0.05785714285714286 0.02030456852791878 0.012857142857142857
3 0.8946700507614214 0.03535714285714285 0.017766497461928935 0.010714285714285714
3 0.91751269035533 0.007500000000000001 0.017766497461928935 0.012142857142857141
3 0.8673857868020304 0.06999999999999999 0.04695431472081218 0.014285714285714285
11 0.9689086294416244 0.41750000000000004 0.044416243654822336 0.047857142857142855
11 0.8147208121827412 0.23607142857142854 0.030456852791878174 0.024999999999999998
11 0.9967857142857143 0.15545685279187818 0.0064285714285714285 0.025380710659898477
2 0.8959390862944162 0.017142857142857144 0.02284263959390863 0.02142857142857143