7 0.43380952380952376 0.05285714285714286 0.014285714285714285 0.02
7 0.5061904761904762 0.04857142857142857 0.02 0.027142857142857142
7 0.6610714285714285 0.007619047619047619 0.011428571428571429 0.015238095238095238
3 0.5482142857142858 0.010952380952380953 0.029285714285714286 0.021904761904761906
3 0.6160714285714286 0.010952380952380953 0.03642857142857143 0.021904761904761906
3 0.6104761904761904 0.038214285714285715 0.030476190476190476 0.030714285714285715
3 0.6090476190476191 0.07642857142857143 0.035238095238095235 0.04428571428571428
3 0.6542857142857142 0.052142857142857144 0.03428571428571429 0.05285714285714286
10 0.5385714285714286 0.04 0.04095238095238095 0.05
3 0.5366666666666666 0.08428571428571428 0.037142857142857144 0.041428571428571426
3 0.6004761904761905 0.13035714285714287 0.04666666666666666 0.056428571428571425
3 0.5338095238095237 0.12892857142857142 0.04857142857142857 0.05785714285714286
5 0.41 0.06678571428571428 0.02952380952380952 0.015
7 0.39714285714285713 0.08035714285714286 0.015238095238095238 0.02214285714285714
7 0.4109523809523809 0.08607142857142858 0.018095238095238095 0.012142857142857143
3 0.4185714285714286 0.15892857142857142 0.11142857142857143 0.03214285714285714
3 0.43380952380952376 0.18785714285714286 0.12857142857142856 0.03571428571428571
3 0.5766666666666667 0.18 0.11142857142857143 0.03857142857142857
3 0.349047619047619 0.22035714285714286 0.11523809523809522 0.04357142857142857
3 0.639047619047619 0.25535714285714284 0.05142857142857143 0.07214285714285715
11 0.579047619047619 0.22642857142857142 0.05333333333333333 0.07142857142857142
11 0.48428571428571426 0.29285714285714287 0.0638095238095238 0.1
3 0.5661904761904761 0.3142857142857143 0.056190476190476187 0.07285714285714286
3 0.6423809523809523 0.3757142857142857 0.05809523809523809 0.08857142857142856
10 0.5557142857142857 0.4007142857142857 0.06952380952380952 0.12857142857142856
3 0.29285714285714287 0.3914285714285714 0.07904761904761905 0.08857142857142856
9 0.21142857142857144 0.4160714285714286 0.04 0.05785714285714286
1 0.17809523809523808 0.44035714285714284 0.045714285714285714 0.030714285714285715
1 0.29095238095238096 0.49607142857142855 0.04476190476190476 0.03214285714285714
8 0.2895238095238095 0.47928571428571426 0.022857142857142857 0.022857142857142857
7 0.3666666666666666 0.5639285714285714 0.026666666666666665 0.027857142857142858
7 0.3823809523809523 0.5514285714285714 0.018095238095238095 0.018571428571428572
7 0.39190476190476187 0.5314285714285715 0.02 0.022857142857142857
7 0.21285714285714286 0.5982142857142857 0.021904761904761903 0.027857142857142858
1 0.22952380952380952 0.6114285714285714 0.019047619047619046 0.047142857142857146
3 0.6595238095238095 0.5539285714285714 0.08476190476190476 0.12785714285714286
11 0.5371428571428571 0.5460714285714285 0.07047619047619047 0.11071428571428571
3 0.4352380952380952 0.5485714285714286 0.08 0.09571428571428571
7 0.45285714285714285 0.5964285714285714 0.02952380952380952 0.03428571428571429
11 0.4019047619047619 0.6742857142857143 0.09523809523809522 0.12571428571428572
3 0.29523809523809524 0.62 0.1238095238095238 0.1457142857142857
9 0.10952380952380951 0.5689285714285715 0.07428571428571429 0.035
7 0.07809523809523809 0.7275 0.026666666666666665 0.017857142857142856
11 0.5057142857142857 0.6732142857142858 0.09333333333333332 0.1492857142857143
3 0.7514285714285714 0.009047619047619047 0.03214285714285714 0.018095238095238095
3 0.9652380952380952 0.02035714285714286 0.04857142857142857 0.03214285714285714
3 0.9803571428571428 0.056666666666666664 0.039285714285714285 0.03619047619047619
3 0.9914285714285714 0.09333333333333334 0.017142857142857144 0.039047619047619046
10 0.9971428571428571 0.13238095238095238 0.005714285714285714 0.07714285714285714