2 0.8210659898477157 0.365 0.0583756345177665 0.12285714285714285
3 0.5 0.4739285714285714 0.05583756345177665 0.052142857142857144
3 0.6808375634517767 0.32285714285714284 0.044416243654822336 0.03857142857142857
3 0.5901015228426396 0.32857142857142857 0.048223350253807105 0.03571428571428571
3 0.8953045685279187 0.15785714285714283 0.03680203045685279 0.03571428571428571
3 0.7341370558375635 0.16714285714285712 0.0317258883248731 0.027142857142857142
3 0.6275380710659899 0.18035714285714285 0.0317258883248731 0.027857142857142858
10 0.66751269035533 0.1832142857142857 0.05583756345177665 0.05928571428571428
3 0.7030456852791879 0.11642857142857142 0.030456852791878174 0.02
3 0.8229695431472082 0.075 0.02918781725888325 0.02142857142857143
3 0.6725888324873097 0.09214285714285714 0.027918781725888325 0.02142857142857143
3 0.7385786802030457 0.03892857142857143 0.02538071065989848 0.016428571428571428
3 0.6947969543147209 0.033928571428571426 0.02918781725888325 0.020714285714285713
11 0.8432142857142857 0.010786802030456852 0.029285714285714286 0.021573604060913704
3 0.7767857142857143 0.006345177664974619 0.030714285714285715 0.012690355329949238
3 0.05076142131979696 0.38249999999999995 0.05583756345177665 0.034999999999999996
3 0.027142857142857142 0.4200507614213198 0.054285714285714284 0.044416243654822336
3 0.17893401015228427 0.27249999999999996 0.04060913705583756 0.023571428571428573
3 0.14657360406091371 0.2760714285714286 0.044416243654822336 0.023571428571428573
3 0.1668781725888325 0.2517857142857143 0.04695431472081218 0.02214285714285714
3 0.2144670050761421 0.20464285714285715 0.03553299492385787 0.02214285714285714
3 0.34390862944162437 0.20035714285714284 0.03553299492385787 0.023571428571428573
3 0.233502538071066 0.18607142857142858 0.03807106598984771 0.019285714285714285
2 0.4067258883248731 0.13749999999999998 0.052030456852791875 0.039285714285714285
11 0.4530456852791878 0.06821428571428571 0.027918781725888325 0.019285714285714285
3 0.3788071065989848 0.060714285714285714 0.04695431472081218 0.015714285714285715
3 0.31725888324873097 0.06999999999999999 0.053299492385786795 0.012857142857142857
3 0.23477157360406092 0.07107142857142858 0.04568527918781726 0.013571428571428571
7 0.2975888324873096 0.05821428571428571 0.008883248730964468 0.007857142857142858
7 0.20431472081218272 0.18964285714285714 0.01269035532994924 0.010714285714285714
7 0.3286802030456853 0.19857142857142857 0.01269035532994924 0.008571428571428572
7 0.42068527918781723 0.13749999999999998 0.008883248730964468 0.009285714285714286
7 0.9612944162436547 0.21857142857142856 0.013959390862944163 0.014285714285714285