6 0.9817857142857143 0.29095238095238096 0.03642857142857143 0.07047619047619047
6 0.6123809523809524 0.35928571428571426 0.14095238095238094 0.10428571428571429
3 0.4747619047619047 0.33285714285714285 0.12095238095238094 0.055714285714285716
3 0.6371428571428571 0.3289285714285714 0.14095238095238094 0.07214285714285715
3 0.07095238095238095 0.4060714285714286 0.13809523809523808 0.08357142857142857
1 0.14333333333333334 0.4667857142857143 0.07333333333333332 0.08071428571428571
3 0.04285714285714286 0.35904761904761906 0.08571428571428572 0.05523809523809524
3 0.8347619047619047 0.275 0.12285714285714286 0.04
3 0.7095238095238094 0.25821428571428573 0.09142857142857143 0.030714285714285715
3 0.6014285714285714 0.24785714285714286 0.09238095238095237 0.02857142857142857
3 0.5266666666666666 0.2375 0.05904761904761904 0.02642857142857143
7 0.5661904761904761 0.5582142857142857 0.04857142857142857 0.11928571428571429
7 0.6190476190476191 0.49642857142857144 0.04952380952380952 0.09428571428571429
7 0.6719047619047619 0.5085714285714286 0.04476190476190476 0.09
7 0.7452380952380951 0.5425 0.04476190476190476 0.095
7 0.6576190476190475 0.415 0.027619047619047616 0.07142857142857142
8 0.14333333333333334 0.4607142857142857 0.06952380952380952 0.07
5 0.9910714285714286 0.39714285714285713 0.017857142857142856 0.04476190476190476
8 0.9971428571428571 0.38047619047619047 0.005714285714285714 0.06476190476190476