2 0.06916243654822335 0.1275 0.05710659898477158 0.013571428571428571
7 0.0717005076142132 0.1407142857142857 0.0038071065989847717 0.007142857142857143
7 0.11421319796954316 0.15178571428571427 0.007614213197969543 0.0064285714285714285
7 0.17195431472081218 0.16892857142857143 0.00634517766497462 0.007857142857142858
7 0.21573604060913706 0.18607142857142858 0.007614213197969543 0.007857142857142858
7 0.2201776649746193 0.1846428571428571 0.00634517766497462 0.007857142857142858
7 0.2296954314720812 0.1839285714285714 0.007614213197969543 0.007857142857142858
10 0.3432741116751269 0.26607142857142857 0.052030456852791875 0.029285714285714286
10 0.383248730964467 0.29107142857142854 0.048223350253807105 0.03071428571428571
3 0.4276649746192893 0.3117857142857143 0.06091370558375635 0.016428571428571428
7 0.4796954314720812 0.30107142857142855 0.01269035532994924 0.009285714285714286
7 0.5666243654822335 0.3642857142857142 0.008883248730964468 0.011428571428571429
7 0.5482233502538071 0.3714285714285714 0.01015228426395939 0.01
7 0.5196700507614213 0.37785714285714284 0.008883248730964468 0.015714285714285715
3 0.49048223350253806 0.35428571428571426 0.03934010152284264 0.024285714285714282
11 0.5329949238578681 0.375 0.04060913705583756 0.02857142857142857
11 0.5628172588832487 0.40750000000000003 0.03680203045685279 0.034999999999999996
11 0.5780456852791879 0.4517857142857143 0.03426395939086294 0.03214285714285715
11 0.5323604060913706 0.5085714285714286 0.04695431472081218 0.03857142857142857
3 0.5609137055837563 0.5525 0.04060913705583756 0.017857142857142856
11 0.5913705583756346 0.4903571428571428 0.04060913705583756 0.03357142857142857
7 0.6275380710659899 0.46071428571428574 0.008883248730964468 0.014285714285714285
7 0.1548223350253807 0.5475 0.017766497461928935 0.015000000000000001
7 0.15101522842639595 0.5171428571428571 0.015228426395939087 0.018571428571428572
6 0.11611675126903553 0.5160714285714285 0.013959390862944163 0.012142857142857141
8 0.11548223350253807 0.5171428571428571 0.01015228426395939 0.01
7 0.11738578680203046 0.5121428571428571 0.011421319796954314 0.012857142857142857
7 0.09137055837563451 0.4342857142857143 0.01269035532994924 0.012857142857142857
7 0.10215736040609136 0.4303571428571428 0.011421319796954314 0.012142857142857141
7 0.08502538071065989 0.4089285714285714 0.01015228426395939 0.013571428571428571
7 0.09517766497461928 0.4064285714285714 0.01015228426395939 0.012857142857142857
7 0.011421319796954314 0.3642857142857142 0.01015228426395939 0.012857142857142857
7 0.01015228426395939 0.3314285714285714 0.01269035532994924 0.012857142857142857