7 0.29714285714285715 0.46 0.030476190476190476 0.041428571428571426
7 0.38523809523809516 0.39571428571428574 0.027619047619047616 0.06714285714285714
7 0.35714285714285715 0.22035714285714286 0.017142857142857144 0.03214285714285714
7 0.35285714285714287 0.18892857142857142 0.014285714285714285 0.027857142857142858
7 0.3809523809523809 0.20892857142857144 0.017142857142857144 0.027857142857142858
7 0.4342857142857143 0.1925 0.009523809523809523 0.019285714285714285
7 0.7861904761904761 0.35428571428571426 0.02952380952380952 0.03571428571428571
7 0.6742857142857143 0.37357142857142855 0.030476190476190476 0.05
7 0.6661904761904761 0.3582142857142857 0.02952380952380952 0.05785714285714286
7 0.2866666666666667 0.13785714285714284 0.011428571428571429 0.012857142857142857
7 0.30666666666666664 0.13964285714285715 0.009523809523809523 0.015
7 0.2652380952380952 0.11821428571428572 0.0047619047619047615 0.012142857142857143
7 0.37476190476190474 0.11535714285714285 0.0047619047619047615 0.009285714285714286
7 0.37857142857142856 0.11535714285714285 0.0047619047619047615 0.007857142857142858
7 0.44190476190476186 0.12535714285714286 0.007619047619047619 0.010714285714285714
7 0.6419047619047619 0.13964285714285715 0.007619047619047619 0.012142857142857143
7 0.6261904761904762 0.1625 0.008571428571428572 0.015
7 0.6323809523809524 0.1632142857142857 0.007619047619047619 0.016428571428571428
8 0.6419047619047619 0.16607142857142856 0.007619047619047619 0.012142857142857143
8 0.6752380952380952 0.16607142857142856 0.009523809523809523 0.012142857142857143
1 0.6471428571428571 0.17 0.018095238095238095 0.01
1 0.7061904761904761 0.17964285714285713 0.010476190476190476 0.012142857142857143
1 0.7004761904761905 0.1775 0.01619047619047619 0.010714285714285714