3 0.617 0.7025 0.06733333333333333 0.094
3 0.568 0.61575 0.06666666666666665 0.0935
3 0.862 0.63425 0.1333333333333333 0.0555
3 0.846 0.54025 0.12533333333333332 0.0475
3 0.476 0.5195 0.06666666666666665 0.086
3 0.591 0.515 0.05933333333333333 0.078
3 0.661 0.495 0.05533333333333333 0.069
3 0.8496666666666667 0.468 0.10333333333333333 0.036
7 0.605 0.4715 0.018 0.019
3 0.517 0.442 0.06066666666666667 0.065
3 0.7843333333333332 0.41125 0.04333333333333333 0.0535
3 0.681 0.39225 0.034 0.0445
3 0.5483333333333332 0.37875 0.048666666666666664 0.0505
3 0.568 0.33375 0.041333333333333326 0.0425
3 0.6973333333333332 0.306 0.034666666666666665 0.041
3 0.7773333333333332 0.29625 0.032 0.0385
3 0.585 0.294 0.03666666666666667 0.035
3 0.608 0.266 0.033333333333333326 0.036
3 0.5093333333333333 0.25925 0.041333333333333326 0.0225
3 0.6106666666666666 0.23775 0.030666666666666665 0.0285
3 0.714 0.22825 0.025333333333333333 0.0225
3 0.8273333333333333 0.25925 0.06666666666666665 0.0215
3 0.8236666666666667 0.245 0.07 0.02
3 0.8156666666666667 0.2315 0.06066666666666667 0.021
3 0.8266666666666667 0.221 0.058666666666666666 0.02
7 0.638 0.23325 0.009333333333333332 0.0175
3 0.6183333333333333 0.21125 0.03 0.0255
3 0.702 0.202 0.024 0.025
3 0.8143333333333332 0.18225 0.05266666666666667 0.0185
3 0.716 0.16625 0.024 0.0185
3 0.6406666666666666 0.16775 0.028 0.0215
3 0.7106666666666667 0.145 0.02 0.018
3 0.8163333333333332 0.16625 0.05 0.0155
3 0.818 0.15675 0.049333333333333326 0.0145
3 0.8146666666666667 0.1505 0.04666666666666666 0.012
3 0.7336666666666666 0.14825 0.022 0.0165
3 0.817 0.13875 0.04333333333333333 0.0145
11 0.7373333333333333 0.13325 0.017333333333333333 0.0145
10 0.6293333333333333 0.14 0.05333333333333333 0.026
3 0.667 0.1375 0.02333333333333333 0.018
3 0.6406666666666666 0.12725 0.04 0.0145
3 0.82 0.13225 0.044 0.0135
3 0.8153333333333332 0.12575 0.034666666666666665 0.0115
3 0.8053333333333332 0.12125 0.03733333333333333 0.0135
3 0.6806666666666666 0.11275 0.022666666666666665 0.0175
11 0.7896666666666666 0.11225 0.015333333333333332 0.0155
3 0.6886666666666666 0.1 0.017333333333333333 0.018
3 0.79 0.102 0.017333333333333333 0.012
3 0.79 0.09175 0.017333333333333333 0.0125
3 0.7933333333333332 0.0805 0.017333333333333333 0.012
3 0.7896666666666666 0.07225 0.016666666666666663 0.0105
3 0.6933333333333332 0.09175 0.017333333333333333 0.0145
11 0.7 0.081 0.016 0.016
3 0.6993333333333333 0.06825 0.026666666666666665 0.0115
5 0.7126666666666667 0.10375 0.008 0.0085
8 0.7123333333333333 0.10075 0.007333333333333333 0.0095
3 0.7393333333333333 0.06075 0.029333333333333333 0.0115
7 0.6916666666666667 0.0605 0.006 0.008
3 0.67 0.026 0.014666666666666666 0.01
11 0.683 0.026 0.012666666666666666 0.01
3 0.7 0.02725 0.012 0.0095
3 0.7316666666666666 0.0295 0.014 0.01
11 0.7776666666666666 0.0265 0.011333333333333332 0.011
3 0.7403333333333333 0.02175 0.012666666666666666 0.0075
3 0.8 0.015 0.018666666666666665 0.008
3 0.7446666666666666 0.01775 0.010666666666666666 0.0075
3 0.7343333333333333 0.01425 0.011333333333333332 0.0065
3 0.7476666666666666 0.014 0.011333333333333332 0.007
3 0.7883333333333332 0.01225 0.01 0.0065
11 0.7496666666666666 0.007 0.012666666666666666 0.009
3 0.7913333333333332 0.00525 0.008 0.0065
3 0.9283333333333332 0.04975 0.024666666666666663 0.0085
3 0.9646666666666667 0.05075 0.030666666666666665 0.0095
3 0.9856666666666666 0.02725 0.011333333333333332 0.0085
3 0.997 0.027666666666666666 0.006 0.008
3 0.8706666666666666 0.02125 0.012 0.0085
3 0.8566666666666666 0.05175 0.033333333333333326 0.0105