3 0.9173333333333332 0.6125 0.084 0.045
3 0.97075 0.5543333333333333 0.0585 0.04133333333333333
3 0.8806666666666666 0.519 0.07333333333333333 0.035
3 0.8326666666666667 0.5775 0.07066666666666666 0.047
3 0.753 0.55 0.07266666666666666 0.041
3 0.8353333333333333 0.4515 0.041333333333333326 0.026
3 0.937 0.4225 0.062 0.024
3 0.6666666666666666 0.451 0.05466666666666666 0.024
3 0.6193333333333333 0.49825 0.058666666666666666 0.0305
3 0.8036666666666666 0.39925 0.046 0.0225
3 0.8186666666666667 0.38775 0.048 0.0205
3 0.908 0.39825 0.033333333333333326 0.0195
3 0.9356666666666666 0.3545 0.03133333333333333 0.02
3 0.923 0.335 0.04066666666666666 0.019
3 0.9486666666666667 0.3245 0.044 0.017
3 0.9623333333333333 0.319 0.04333333333333333 0.017
3 0.9726666666666667 0.3145 0.03733333333333333 0.015
3 0.98625 0.31166666666666665 0.0275 0.016
3 0.99225 0.30866666666666664 0.0155 0.014666666666666666
3 0.6133333333333333 0.43175 0.050666666666666665 0.0235
3 0.5533333333333332 0.41325 0.04533333333333333 0.0215
3 0.48066666666666663 0.4415 0.050666666666666665 0.025
3 0.4353333333333333 0.4225 0.048 0.022
3 0.3926666666666666 0.40375 0.034666666666666665 0.0265
3 0.419 0.3695 0.03533333333333333 0.016
3 0.3886666666666666 0.35875 0.033333333333333326 0.0155
3 0.508 0.39825 0.042666666666666665 0.0205
3 0.3883333333333333 0.32725 0.03933333333333333 0.0145
3 0.3406666666666666 0.33075 0.02 0.0155
7 0.357 0.34525 0.007333333333333333 0.0115
7 0.4673333333333333 0.381 0.008 0.011
3 0.355 0.3895 0.022 0.018
8 0.575 0.45025 0.011333333333333332 0.0155
5 0.576 0.45425 0.016 0.0125
10 0.987 0.3403333333333333 0.026 0.029333333333333333
7 0.8823333333333333 0.38875 0.007333333333333333 0.0125
7 0.901 0.388 0.006 0.01
5 0.9553333333333333 0.40275 0.017333333333333333 0.0115
5 0.9383333333333332 0.3985 0.014 0.011
5 0.959 0.3875 0.014 0.012
5 0.969 0.38875 0.012666666666666666 0.0105
1 0.976 0.39025 0.012 0.0115
1 0.982 0.39375 0.009333333333333332 0.0115
1 0.987 0.396 0.008666666666666666 0.01
1 0.997 0.398 0.006 0.013333333333333334
1 0.971 0.40625 0.011333333333333332 0.0085
3 0.42266666666666663 0.184 0.022666666666666665 0.009
3 0.448 0.18375 0.017333333333333333 0.0055
3 0.49166666666666664 0.19475 0.014 0.0075
3 0.4676666666666666 0.189 0.008666666666666666 0.008
3 0.4713333333333333 0.19725 0.013333333333333332 0.0055
3 0.4023333333333333 0.19675 0.014 0.0065
3 0.4103333333333333 0.2825 0.024666666666666663 0.011
3 0.42866666666666664 0.27875 0.018666666666666665 0.0105
3 0.47433333333333333 0.269 0.024666666666666663 0.009
3 0.49066666666666664 0.26575 0.018666666666666665 0.0095
3 0.43966666666666665 0.2545 0.022 0.01
3 0.7603333333333333 0.21875 0.02333333333333333 0.0075
3 0.768 0.217 0.021333333333333333 0.007
3 0.7793333333333332 0.21525 0.022666666666666665 0.0065
3 0.7846666666666666 0.2125 0.021333333333333333 0.007
3 0.777 0.20625 0.018 0.0065
3 0.767 0.20525 0.01933333333333333 0.0075
0 0.8183333333333332 0.233 0.016666666666666663 0.009
0 0.809 0.22625 0.01 0.0085
4 0.827 0.27825 0.03533333333333333 0.0275
5 0.4523333333333333 0.61425 0.028666666666666663 0.0095
5 0.519 0.57925 0.024666666666666663 0.0165
1 0.473 0.598 0.02333333333333333 0.016
1 0.5206666666666666 0.568 0.022666666666666665 0.013
1 0.5326666666666666 0.5595 0.02 0.015
1 0.5613333333333332 0.5435 0.021333333333333333 0.013
1 0.5753333333333333 0.535 0.025333333333333333 0.012