2 0.8052030456852792 0.05499999999999999 0.0317258883248731 0.05857142857142857
3 0.8388324873096447 0.04928571428571429 0.02030456852791878 0.018571428571428572
3 0.8369289340101522 0.06999999999999999 0.021573604060913708 0.02142857142857143
3 0.8401015228426396 0.09357142857142856 0.02284263959390863 0.02142857142857143
3 0.8730964467005077 0.08892857142857143 0.02284263959390863 0.019285714285714285
3 0.8699238578680203 0.0525 0.021573604060913708 0.017857142857142856
3 0.6700507614213198 0.4228571428571428 0.04060913705583756 0.04285714285714286
3 0.6763959390862944 0.3657142857142857 0.03553299492385787 0.037142857142857144
11 0.682741116751269 0.31607142857142856 0.03299492385786802 0.034999999999999996
11 0.6345177664974619 0.31857142857142856 0.03553299492385787 0.03428571428571429
11 0.690989847715736 0.27071428571428574 0.03426395939086294 0.03428571428571429
3 0.641497461928934 0.26928571428571424 0.0317258883248731 0.030000000000000002
3 0.6967005076142132 0.2282142857142857 0.030456852791878174 0.027857142857142858
3 0.6529187817258884 0.22214285714285714 0.02918781725888325 0.025714285714285714
11 0.6135786802030457 0.2075 0.0317258883248731 0.029285714285714286
3 0.6230964467005077 0.17464285714285713 0.027918781725888325 0.023571428571428573
3 0.6618020304568528 0.185 0.026649746192893398 0.02142857142857143
3 0.7068527918781726 0.1832142857142857 0.027918781725888325 0.024999999999999998