3 0.06142857142857143 0.5592857142857143 0.06952380952380952 0.047142857142857146
3 0.09190476190476189 0.5621428571428572 0.06571428571428571 0.04857142857142857
10 0.1442857142857143 0.5432142857142858 0.1038095238095238 0.065
3 0.5195238095238095 0.5896428571428571 0.039047619047619046 0.052142857142857144
3 0.5028571428571429 0.5225 0.05904761904761904 0.030714285714285715
3 0.52 0.49357142857142855 0.06095238095238095 0.02857142857142857
3 0.8938095238095237 0.5217857142857143 0.06952380952380952 0.030714285714285715
3 0.7566666666666666 0.20035714285714284 0.014285714285714285 0.015
3 0.8014285714285714 0.21821428571428572 0.021904761904761903 0.012142857142857143
3 0.7619047619047618 0.18214285714285713 0.011428571428571429 0.014285714285714285
3 0.7923809523809523 0.06821428571428571 0.007619047619047619 0.007857142857142858
3 0.9514285714285714 0.11142857142857143 0.015238095238095238 0.01
3 0.9795238095238095 0.10392857142857143 0.021904761904761903 0.009285714285714286
3 0.9257142857142857 0.21928571428571428 0.03238095238095238 0.011428571428571429
3 0.7638095238095237 0.29178571428571426 0.017142857142857144 0.019285714285714285
10 0.9982142857142857 0.1 0.0035714285714285713 0.01619047619047619
3 0.45571428571428574 0.29928571428571427 0.035238095238095235 0.015714285714285715
10 0.7666666666666666 0.16071428571428573 0.013333333333333332 0.017142857142857144
7 0.6104761904761904 0.5289285714285714 0.007619047619047619 0.013571428571428571
7 0.5523809523809523 0.5178571428571429 0.007619047619047619 0.014285714285714285
7 0.20523809523809522 0.33107142857142857 0.01238095238095238 0.012142857142857143
4 0.2438095238095238 0.2860714285714286 0.09142857142857143 0.06785714285714285
7 0.9395238095238094 0.22607142857142856 0.0047619047619047615 0.010714285714285714
7 0.9471428571428572 0.22321428571428573 0.006666666666666666 0.010714285714285714
7 0.9361904761904761 0.2225 0.005714285714285714 0.009285714285714286
1 0.7442857142857143 0.21678571428571428 0.006666666666666666 0.010714285714285714
1 0.7776190476190475 0.25785714285714284 0.006666666666666666 0.011428571428571429
5 0.9932142857142857 0.6180952380952381 0.013571428571428571 0.01619047619047619