3 0.7626903553299493 0.4567857142857143 0.10152284263959392 0.09642857142857142
3 0.9187817258883249 0.2742857142857143 0.11928934010152284 0.07285714285714286
3 0.9785714285714285 0.21383248730964466 0.04285714285714286 0.05456852791878172
3 0.8889593908629442 0.05464285714285714 0.07487309644670051 0.03357142857142857
3 0.8280456852791879 0.09535714285714285 0.08756345177664974 0.043571428571428567
10 0.8261421319796954 0.35428571428571426 0.1319796954314721 0.09285714285714285
10 0.7474619289340101 0.13642857142857143 0.15228426395939085 0.08
7 0.07931472081218274 0.2982142857142857 0.04695431472081218 0.026428571428571426
7 0.26713197969543145 0.28857142857142853 0.02918781725888325 0.022857142857142857
7 0.25761421319796957 0.28464285714285714 0.02538071065989848 0.02214285714285714
7 0.2918781725888325 0.2739285714285714 0.03553299492385787 0.024999999999999998
7 0.4651015228426396 0.2464285714285714 0.021573604060913708 0.02142857142857143
5 0.031785714285714285 0.3381979695431472 0.06357142857142857 0.02030456852791878
5 0.3718274111675127 0.28964285714285715 0.07106598984771574 0.024999999999999998
5 0.4638324873096447 0.27071428571428574 0.08502538071065989 0.02142857142857143
8 0.46256345177664976 0.27035714285714285 0.0317258883248731 0.026428571428571426
7 0.4302030456852792 0.26607142857142857 0.027918781725888325 0.027857142857142858