3 0.3761904761904762 0.5875 0.0819047619047619 0.10785714285714286
3 0.19952380952380952 0.44785714285714284 0.13809523809523808 0.04857142857142857
3 0.4619047619047619 0.37857142857142856 0.06666666666666667 0.08142857142857143
11 0.5542857142857143 0.2760714285714286 0.05333333333333333 0.06785714285714285
10 0.34 0.2067857142857143 0.05333333333333333 0.07785714285714286
11 0.28523809523809524 0.27035714285714285 0.10952380952380951 0.045
7 0.19142857142857142 0.15821428571428572 0.02476190476190476 0.02214285714285714
7 0.23142857142857143 0.15571428571428572 0.015238095238095238 0.02
7 0.24428571428571427 0.15321428571428572 0.018095238095238095 0.02214285714285714
10 0.5528571428571428 0.15785714285714286 0.0638095238095238 0.09
3 0.67 0.12857142857142856 0.04476190476190476 0.06
7 0.7971428571428572 0.1742857142857143 0.017142857142857144 0.025714285714285714
8 0.7952380952380952 0.09 0.015238095238095238 0.015714285714285715
5 0.7961904761904761 0.09714285714285714 0.009523809523809523 0.017142857142857144
7 0.4942857142857143 0.30142857142857143 0.02857142857142857 0.025714285714285714
7 0.38857142857142857 0.31464285714285717 0.019047619047619046 0.029285714285714286
1 0.4919047619047619 0.3057142857142857 0.02952380952380952 0.024285714285714285
10 0.7771428571428571 0.27071428571428574 0.07619047619047618 0.09571428571428571
3 0.8161904761904761 0.4617857142857143 0.05904761904761904 0.08357142857142857
3 0.8214285714285714 0.36642857142857144 0.050476190476190466 0.07
7 0.9861904761904761 0.32857142857142857 0.018095238095238095 0.024285714285714285
7 0.9671428571428572 0.245 0.02 0.027142857142857142
3 0.84 0.010952380952380953 0.03214285714285714 0.021904761904761906
3 0.32047619047619047 0.7007142857142857 0.08857142857142856 0.09714285714285714