2 0.18892857142857142 0.01649746192893401 0.07857142857142857 0.03299492385786802
11 0.3356598984771574 0.010714285714285714 0.02918781725888325 0.012857142857142857
11 0.4568527918781726 0.045 0.03553299492385787 0.012857142857142857
11 0.3483502538071066 0.08535714285714285 0.02918781725888325 0.013571428571428571
10 0.38959390862944165 0.07928571428571428 0.05583756345177665 0.02857142857142857
2 0.3477157360406091 0.1275 0.07868020304568528 0.04642857142857142
2 0.5190355329949239 0.19749999999999998 0.09644670050761421 0.03357142857142857
3 0.4961928934010152 0.48000000000000004 0.043147208121827416 0.025714285714285714
3 0.6281725888324873 0.5189285714285714 0.03553299492385787 0.029285714285714286
3 0.7106598984771574 0.5032142857142857 0.030456852791878174 0.029285714285714286
11 0.6814720812182741 0.5485714285714286 0.03299492385786802 0.025714285714285714
11 0.7601522842639594 0.42142857142857143 0.030456852791878174 0.02857142857142857
3 0.6998730964467005 0.46249999999999997 0.02918781725888325 0.029285714285714286
3 0.7328680203045684 0.46464285714285714 0.02918781725888325 0.029285714285714286
2 0.8420050761421319 0.5467857142857142 0.049492385786802026 0.029285714285714286
2 0.9010152284263959 0.5353571428571429 0.07106598984771574 0.052142857142857144
2 0.8667512690355329 0.5414285714285715 0.048223350253807105 0.04
2 0.9625634517766498 0.49892857142857144 0.052030456852791875 0.045
2 0.9416243654822335 0.5082142857142857 0.07106598984771574 0.062142857142857146
2 0.9200507614213198 0.5232142857142857 0.07614213197969542 0.06642857142857143
2 0.8115482233502538 0.32499999999999996 0.04187817258883249 0.04285714285714286
3 0.7861675126903553 0.3742857142857142 0.0317258883248731 0.027142857142857142
3 0.9467005076142133 0.40857142857142853 0.04568527918781726 0.012857142857142857
3 0.9960714285714286 0.4149746192893401 0.007857142857142858 0.012690355329949238
11 0.9651015228426396 0.17750000000000002 0.03680203045685279 0.013571428571428571
11 0.9992857142857143 0.18274111675126903 0.0014285714285714286 0.011421319796954314
10 0.9695431472081218 0.21357142857142855 0.043147208121827416 0.014285714285714285
3 0.9714467005076142 0.1432142857142857 0.03680203045685279 0.012142857142857141
11 0.8413705583756345 0.2760714285714286 0.027918781725888325 0.026428571428571426
11 0.8642131979695432 0.23464285714285713 0.02538071065989848 0.023571428571428573
11 0.8953045685279187 0.17928571428571427 0.026649746192893398 0.024285714285714282
11 0.9663705583756345 0.057499999999999996 0.021573604060913708 0.019285714285714285
11 0.799492385786802 0.13714285714285715 0.030456852791878174 0.011428571428571429
11 0.7208121827411168 0.19785714285714284 0.03807106598984771 0.012857142857142857
3 0.8483502538071066 0.155 0.024111675126903553 0.02142857142857143
3 0.9282994923857867 0.1225 0.021573604060913708 0.020714285714285713
3 0.9308375634517766 0.02035714285714286 0.021573604060913708 0.017857142857142856
3 0.8730964467005077 0.034999999999999996 0.03553299492385787 0.011428571428571429
3 0.8718274111675126 0.06607142857142856 0.03553299492385787 0.012142857142857141
3 0.8274111675126903 0.04428571428571428 0.03553299492385787 0.011428571428571429
11 0.8293147208121827 0.05821428571428571 0.02918781725888325 0.010714285714285714
3 0.8350253807106599 0.07607142857142857 0.03553299492385787 0.012142857142857141