3 0.5907360406091371 0.5321428571428571 0.10279187817258882 0.05857142857142857
3 0.7455583756345178 0.4864285714285714 0.11802030456852793 0.09714285714285713
3 0.8420050761421319 0.4253571428571429 0.11548223350253807 0.07785714285714286
7 0.891497461928934 0.36392857142857143 0.024111675126903553 0.03071428571428571
5 0.6928934010152283 0.36392857142857143 0.03553299492385787 0.04071428571428572
8 0.690989847715736 0.35821428571428565 0.02918781725888325 0.026428571428571426
3 0.6383248730964467 0.28857142857142853 0.08629441624365483 0.055714285714285716
3 0.7487309644670052 0.29392857142857143 0.07614213197969542 0.04642857142857142
11 0.9181472081218275 0.26535714285714285 0.0799492385786802 0.062142857142857146
3 0.9631979695431473 0.19714285714285715 0.07360406091370558 0.037142857142857144
3 0.8375634517766498 0.16642857142857143 0.053299492385786795 0.03142857142857143
3 0.6484771573604061 0.18535714285714286 0.06091370558375635 0.03071428571428571
3 0.7493654822335025 0.1357142857142857 0.052030456852791875 0.027142857142857142
3 0.8045685279187818 0.1275 0.04568527918781726 0.027857142857142858
3 0.8610406091370558 0.11821428571428572 0.05456852791878173 0.024999999999999998
3 0.7709390862944162 0.09642857142857142 0.04187817258883249 0.024285714285714282
3 0.7100253807106599 0.08714285714285713 0.03934010152284264 0.02857142857142857
3 0.8007614213197969 0.07178571428571429 0.048223350253807105 0.027857142857142858
3 0.5177664974619289 0.25321428571428567 0.0583756345177665 0.042142857142857135
7 0.34708121827411165 0.17892857142857144 0.019035532994923856 0.026428571428571426