2 0.9035714285714286 0.49619289340101524 0.19285714285714287 0.13071065989847716
7 0.016428571428571428 0.49619289340101524 0.032857142857142856 0.01015228426395939
7 0.027284263959390865 0.5025 0.044416243654822336 0.012142857142857141
7 0.05456852791878173 0.4946428571428571 0.043147208121827416 0.009285714285714286
7 0.10279187817258882 0.47107142857142853 0.043147208121827416 0.015000000000000001
7 0.1916243654822335 0.4285714285714286 0.04060913705583756 0.017142857142857144
7 0.2049492385786802 0.43785714285714283 0.03680203045685279 0.015714285714285715
7 0.25253807106598986 0.3707142857142857 0.027918781725888325 0.022857142857142857
7 0.26586294416243655 0.36392857142857143 0.03426395939086294 0.016428571428571428
7 0.33629441624365486 0.33392857142857146 0.043147208121827416 0.02214285714285714
7 0.34708121827411165 0.38749999999999996 0.03680203045685279 0.019285714285714285
7 0.3369289340101523 0.3792857142857143 0.0317258883248731 0.017142857142857144
7 0.3331218274111675 0.37749999999999995 0.03426395939086294 0.02214285714285714
7 0.3604060913705584 0.35678571428571426 0.030456852791878174 0.017857142857142856
7 0.38451776649746194 0.3696428571428571 0.02284263959390863 0.017857142857142856
7 0.40038071065989844 0.3782142857142857 0.0317258883248731 0.017857142857142856
7 0.4098984771573604 0.3453571428571428 0.030456852791878174 0.017857142857142856
7 0.4911167512690356 0.3510714285714286 0.03807106598984771 0.017857142857142856
6 0.4549492385786802 0.3625 0.049492385786802026 0.027857142857142858
7 0.4390862944162437 0.31607142857142856 0.03807106598984771 0.020714285714285713
7 0.5057106598984772 0.3121428571428571 0.03426395939086294 0.022857142857142857
7 0.5196700507614213 0.3189285714285714 0.03680203045685279 0.02214285714285714
7 0.5241116751269036 0.33535714285714285 0.027918781725888325 0.02214285714285714
7 0.5653553299492386 0.3457142857142857 0.02918781725888325 0.018571428571428572
7 0.5653553299492386 0.3521428571428571 0.021573604060913708 0.024285714285714282
7 0.5831218274111675 0.2757142857142857 0.021573604060913708 0.02
7 0.6123096446700508 0.3296428571428571 0.024111675126903553 0.019285714285714285
7 0.6161167512690355 0.33249999999999996 0.024111675126903553 0.020714285714285713
8 0.6434010152284264 0.3225 0.017766497461928935 0.009285714285714286
6 0.6376903553299492 0.32499999999999996 0.03426395939086294 0.014285714285714285
7 0.631979695431472 0.27714285714285714 0.02284263959390863 0.022857142857142857
7 0.6376903553299492 0.28785714285714287 0.021573604060913708 0.02
7 0.6573604060913706 0.2785714285714286 0.027918781725888325 0.02
7 0.6560913705583756 0.25357142857142856 0.02284263959390863 0.02
7 0.6656091370558376 0.26785714285714285 0.019035532994923856 0.017142857142857144
7 0.6795685279187818 0.2882142857142857 0.024111675126903553 0.023571428571428573
7 0.6935279187817259 0.28785714285714287 0.019035532994923856 0.02
7 0.7131979695431472 0.2932142857142857 0.02538071065989848 0.019285714285714285
7 0.541243654822335 0.26107142857142857 0.021573604060913708 0.019285714285714285
7 0.6522842639593909 0.22785714285714287 0.015228426395939087 0.027142857142857142
7 0.6979695431472082 0.24928571428571428 0.017766497461928935 0.02
7 0.7246192893401016 0.25357142857142856 0.015228426395939087 0.018571428571428572
7 0.7392131979695432 0.26535714285714285 0.026649746192893398 0.02214285714285714
7 0.7715736040609137 0.27214285714285713 0.030456852791878174 0.024285714285714282
6 0.7963197969543147 0.26607142857142857 0.049492385786802026 0.024999999999999998
7 0.7887055837563453 0.21857142857142856 0.021573604060913708 0.015714285714285715
7 0.7937817258883249 0.22357142857142856 0.019035532994923856 0.02142857142857143
7 0.9536802030456853 0.23714285714285713 0.01649746192893401 0.027142857142857142
8 1 0.24873096446700507 0 0.015228426395939087
7 0.9854060913705583 0.19142857142857142 0.021573604060913708 0.015714285714285715