7 0.043333333333333335 0.31464285714285717 0.050476190476190466 0.025
7 0.22904761904761903 0.18142857142857144 0.04476190476190476 0.037142857142857144
8 0.26095238095238094 0.19142857142857142 0.03428571428571429 0.025714285714285714
1 0.26571428571428574 0.19785714285714287 0.03809523809523809 0.04285714285714286
3 0.46 0.19071428571428573 0.10095238095238093 0.11428571428571428
11 0.3657142857142857 0.06142857142857143 0.09333333333333332 0.10714285714285714
3 0.5719047619047619 0.5485714285714286 0.18 0.08285714285714285
3 0.6338095238095237 0.4082142857142857 0.1742857142857143 0.07357142857142857
3 0.7028571428571428 0.2817857142857143 0.1676190476190476 0.07357142857142857
3 0.73 0.16857142857142857 0.15714285714285714 0.07
3 0.7825 0.023809523809523808 0.155 0.047619047619047616
7 0.6676190476190476 0.052142857142857144 0.02476190476190476 0.03571428571428571
7 0.8876190476190475 0.3767857142857143 0.03619047619047619 0.019285714285714285
3 0.9767857142857143 0.6395238095238095 0.04642857142857143 0.08761904761904762