3 0.04333333333333333 0.60825 0.034666666666666665 0.0325
3 0.082 0.57825 0.033333333333333326 0.0295
3 0.07233333333333333 0.404 0.026 0.017
3 0.126 0.42725 0.022666666666666665 0.0165
3 0.15133333333333332 0.46275 0.026666666666666665 0.0195
11 0.111 0.40125 0.020666666666666663 0.0135
3 0.11833333333333333 0.4145 0.024666666666666663 0.017
8 0.095 0.409 0.007333333333333333 0.01
1 0.09566666666666666 0.41175 0.008666666666666666 0.0085
7 0.177 0.40625 0.007333333333333333 0.0105
8 0.021 0.36125 0.006 0.0075
8 0.03966666666666666 0.35875 0.006 0.0075
5 0.02033333333333333 0.36425 0.006 0.0085
9 0.040333333333333325 0.362 0.01 0.008
11 0.08566666666666665 0.36975 0.01933333333333333 0.0125
3 0.08266666666666665 0.33925 0.034666666666666665 0.0145
11 0.12266666666666666 0.349 0.02 0.013
1 0.099 0.356 0.008666666666666666 0.007
7 0.13066666666666665 0.3675 0.006666666666666666 0.01
7 0.09666666666666665 0.346 0.006666666666666666 0.008
7 0.086 0.29225 0.005333333333333333 0.0075
1 0.06066666666666667 0.32425 0.012 0.0055
3 0.08466666666666665 0.31725 0.029333333333333333 0.0095
3 0.057666666666666665 0.31925 0.018 0.0105
3 0.050666666666666665 0.31075 0.016 0.0105
3 0.07633333333333332 0.30725 0.028666666666666663 0.0095
3 0.08066666666666665 0.301 0.030666666666666665 0.008
3 0.06666666666666665 0.296 0.026666666666666665 0.008
11 0.04666666666666666 0.302 0.016 0.01
3 0.06333333333333332 0.28525 0.025333333333333333 0.0085
3 0.041333333333333326 0.29375 0.014666666666666666 0.0085
3 0.035666666666666666 0.2865 0.016666666666666663 0.009
11 0.03133333333333333 0.28 0.014666666666666666 0.009
3 0.028666666666666663 0.27375 0.013333333333333332 0.0075
11 0.023666666666666666 0.268 0.014 0.009
5 0.043666666666666666 0.297 0.011333333333333332 0.005
8 0.01933333333333333 0.2905 0.005333333333333333 0.007
8 0.026333333333333334 0.29825 0.004666666666666666 0.0065
1 0.019 0.29175 0.006 0.0065
1 0.026666666666666665 0.29975 0.004 0.0055
8 0.009 0.26925 0.006 0.0065
1 0.008666666666666666 0.27075 0.006666666666666666 0.0065
7 0.002 0.256 0.004 0.007333333333333333
3 0.021666666666666664 0.26275 0.012666666666666666 0.0075
11 0.018 0.2575 0.012 0.007
11 0.008333333333333331 0.242 0.014 0.008
11 0.066 0.25125 0.014666666666666666 0.0085
11 0.07066666666666666 0.2565 0.013333333333333332 0.008
4 0.09533333333333333 0.27925 0.014666666666666666 0.0175
7 0.147 0.39575 0.007333333333333333 0.0105
5 0.14533333333333331 0.418 0.013333333333333332 0.007
1 0.148 0.4145 0.014666666666666666 0.007
1 0.14533333333333331 0.41 0.014666666666666666 0.006
5 0.13866666666666666 0.40725 0.016 0.0065
8 0.12366666666666666 0.48225 0.01 0.0105
8 0.13466666666666666 0.4985 0.009333333333333332 0.011
8 0.1443333333333333 0.514 0.008666666666666666 0.009
8 0.158 0.5115 0.008 0.013
8 0.15566666666666665 0.53725 0.01 0.0115
1 0.12366666666666666 0.4845 0.01 0.01
1 0.135 0.50125 0.01 0.0115
1 0.1443333333333333 0.51725 0.01 0.0105
1 0.156 0.5405 0.010666666666666666 0.012
5 0.158 0.5135 0.009333333333333332 0.012
3 0.164 0.4805 0.026666666666666665 0.02
3 0.17666666666666667 0.5015 0.030666666666666665 0.022
11 0.1923333333333333 0.52475 0.03133333333333333 0.0255
3 0.20766666666666667 0.551 0.03266666666666666 0.027
3 0.22233333333333333 0.576 0.038 0.031
8 0.19 0.5905 0.010666666666666666 0.01
1 0.18966666666666665 0.593 0.011333333333333332 0.014
11 0.24433333333333332 0.60175 0.03533333333333333 0.0295
11 0.2633333333333333 0.63275 0.036 0.0325
7 0.21266666666666667 0.475 0.008 0.013
7 0.2823333333333333 0.71275 0.008666666666666666 0.0185
3 0.581 0.688 0.066 0.038
3 0.5383333333333332 0.65625 0.062 0.0365
11 0.712 0.72175 0.052 0.0395
11 0.7626666666666666 0.6845 0.052 0.034
8 0.758 0.73925 0.006666666666666666 0.0095
7 0.757 0.74225 0.007333333333333333 0.0145
11 0.6603333333333332 0.65325 0.04733333333333333 0.0305
3 0.6543333333333332 0.61075 0.054 0.0305
11 0.7146666666666667 0.58875 0.056 0.0315
11 0.7673333333333333 0.5635 0.042666666666666665 0.027
11 0.8096666666666666 0.663 0.05133333333333333 0.033
4 0.5346666666666666 0.575 0.072 0.04
3 0.6923333333333332 0.51225 0.04333333333333333 0.0215
3 0.679 0.49925 0.046 0.0215
3 0.661 0.48775 0.04466666666666667 0.0165
11 0.6526666666666666 0.47525 0.033333333333333326 0.0175
3 0.6483333333333332 0.46 0.034 0.016
3 0.7073333333333333 0.42 0.04 0.018
11 0.7423333333333333 0.435 0.03933333333333333 0.02
11 0.7536666666666666 0.4455 0.04066666666666666 0.022