3 0.7623333333333333 0.56525 0.10733333333333332 0.0435
3 0.742 0.53175 0.10133333333333333 0.0365
3 0.7256666666666667 0.49975 0.10066666666666665 0.0335
3 0.6796666666666666 0.4705 0.09 0.033
3 0.659 0.45025 0.09133333333333332 0.0325
3 0.6626666666666666 0.42375 0.088 0.0255
3 0.6493333333333332 0.4075 0.08933333333333333 0.026
3 0.6306666666666666 0.39125 0.08666666666666666 0.0255
7 0.404 0.31275 0.010666666666666666 0.0185
3 0.481 0.28375 0.03 0.0205
7 0.3823333333333333 0.4 0.012666666666666666 0.02
11 0.574 0.2425 0.025333333333333333 0.023
3 0.552 0.22875 0.025333333333333333 0.0145
11 0.6593333333333332 0.25725 0.032 0.0225
11 0.618 0.222 0.029333333333333333 0.018
11 0.603 0.21125 0.026 0.0145
11 0.538 0.21525 0.022666666666666665 0.0165
11 0.4963333333333333 0.192 0.03666666666666667 0.015
3 0.48666666666666664 0.1825 0.033333333333333326 0.015
3 0.484 0.16925 0.02 0.0145
11 0.5296666666666666 0.16475 0.022 0.0125
3 0.5193333333333332 0.15825 0.022666666666666665 0.0105
3 0.469 0.161 0.018 0.012
3 0.48333333333333334 0.14 0.02 0.009
11 0.4503333333333333 0.149 0.018 0.011
11 0.43866666666666665 0.1415 0.016 0.01
3 0.429 0.1385 0.016666666666666663 0.012
3 0.471 0.135 0.018 0.009
3 0.416 0.133 0.018666666666666665 0.008
3 0.44266666666666665 0.117 0.02 0.008
3 0.42333333333333334 0.09025 0.021333333333333333 0.0065
11 0.383 0.0875 0.024666666666666663 0.008
11 0.35233333333333333 0.08725 0.026 0.0085
3 0.8896666666666666 0.10425 0.01933333333333333 0.0075
8 0.792 0.2135 0.006666666666666666 0.008
8 0.797 0.21275 0.008666666666666666 0.0075
9 0.787 0.217 0.03133333333333333 0.012
1 0.8176666666666667 0.22825 0.014 0.0065
0 0.7903333333333332 0.19275 0.02333333333333333 0.0125
11 0.73 0.19525 0.024 0.0185
11 0.3043333333333333 0.08775 0.018 0.0065
11 0.2663333333333333 0.07825 0.008666666666666666 0.0065
3 0.242 0.069 0.012 0.006