7 0.08 0.2017857142857143 0.022857142857142857 0.023571428571428573
7 0.05952380952380952 0.20035714285714284 0.018095238095238095 0.027857142857142858
7 0.1595238095238095 0.18035714285714285 0.014285714285714285 0.027857142857142858
7 0.18904761904761902 0.17821428571428571 0.021904761904761903 0.027857142857142858
4 0.2642857142857143 0.15464285714285714 0.04857142857142857 0.039285714285714285
7 0.30761904761904757 0.1467857142857143 0.022857142857142857 0.025
7 0.3871428571428571 0.14642857142857144 0.014285714285714285 0.022857142857142857
7 0.3795238095238095 0.14535714285714285 0.008571428571428572 0.023571428571428573
7 0.38809523809523805 0.13428571428571429 0.01238095238095238 0.014285714285714285
7 0.3766666666666666 0.12714285714285714 0.014285714285714285 0.012857142857142857
7 0.4785714285714286 0.13392857142857142 0.014285714285714285 0.023571428571428573
7 0.5357142857142857 0.14 0.01238095238095238 0.025714285714285714
7 0.5819047619047619 0.1325 0.013333333333333332 0.020714285714285713
7 0.6323809523809524 0.14535714285714285 0.011428571428571429 0.017857142857142856
7 0.6447619047619048 0.1407142857142857 0.013333333333333332 0.02
7 0.650952380952381 0.13392857142857142 0.01619047619047619 0.016428571428571428
7 0.6614285714285715 0.13142857142857142 0.014285714285714285 0.02142857142857143
7 0.6733333333333333 0.12928571428571428 0.013333333333333332 0.022857142857142857
7 0.6842857142857143 0.12642857142857142 0.008571428571428572 0.015714285714285715
7 0.6942857142857143 0.12285714285714286 0.011428571428571429 0.015714285714285715
7 0.021904761904761903 0.2357142857142857 0.026666666666666665 0.025714285714285714
7 0.8152380952380952 0.14821428571428572 0.011428571428571429 0.02642857142857143
7 0.6914285714285714 0.30357142857142855 0.017142857142857144 0.024285714285714285
7 0.8547619047619046 0.2932142857142857 0.01619047619047619 0.030714285714285715
7 0.9061904761904761 0.3028571428571429 0.01619047619047619 0.03428571428571429
7 0.9271428571428572 0.31142857142857144 0.018095238095238095 0.03