3 0.9181472081218275 0.31607142857142856 0.05456852791878173 0.060714285714285714
3 0.9524111675126903 0.2614285714285714 0.05964467005076142 0.048571428571428564
3 0.9992857142857143 0.31091370558375636 0.0014285714285714286 0.046954314720812185
3 0.9903571428571428 0.4739847715736041 0.019285714285714285 0.06725888324873096
3 0.21827411167512692 0.44035714285714284 0.07360406091370558 0.060714285714285714
3 0.2817258883248731 0.4203571428571429 0.07360406091370558 0.05499999999999999
3 0.37246192893401014 0.4046428571428571 0.11040609137055836 0.047857142857142855
3 0.3959390862944162 0.2710714285714286 0.08375634517766498 0.03642857142857143
3 0.49048223350253806 0.25142857142857145 0.10532994923857869 0.03571428571428571
3 0.1782994923857868 0.3067857142857143 0.11548223350253807 0.034999999999999996
7 0.8477157360406092 0.3625 0.02030456852791878 0.015000000000000001
7 0.11421319796954316 0.4057142857142857 0.027918781725888325 0.02
7 0.12880710659898478 0.40035714285714286 0.021573604060913708 0.019285714285714285
7 0.1319796954314721 0.48821428571428566 0.027918781725888325 0.017857142857142856
7 0.16624365482233502 0.4942857142857142 0.027918781725888325 0.017142857142857144
3 0.37373096446700504 0.37607142857142856 0.12309644670050761 0.05071428571428571
3 0.3534263959390863 0.35428571428571426 0.12563451776649748 0.041428571428571426
3 0.5545685279187818 0.3107142857142857 0.09137055837563451 0.055714285714285716
3 0.6586294416243654 0.23535714285714285 0.07106598984771574 0.04642857142857142
3 0.6979695431472082 0.26428571428571423 0.09644670050761421 0.030000000000000002
3 0.7201776649746192 0.24928571428571428 0.09263959390862944 0.030000000000000002
3 0.743020304568528 0.22714285714285712 0.07741116751269035 0.02857142857142857
3 0.7081218274111675 0.19785714285714284 0.07360406091370558 0.047142857142857146
3 0.6529187817258884 0.20249999999999999 0.07233502538071065 0.042142857142857135
3 0.6135786802030457 0.1821428571428571 0.08248730964467005 0.041428571428571426
3 0.16941624365482233 0.2864285714285714 0.11548223350253807 0.037142857142857144
3 0.38261421319796957 0.2517857142857143 0.09263959390862944 0.03785714285714285
3 0.36928934010152287 0.23714285714285713 0.09390862944162436 0.03142857142857143
3 0.47779187817258884 0.2332142857142857 0.08502538071065989 0.029285714285714286
3 0.4651015228426396 0.21607142857142855 0.09517766497461928 0.03214285714285715
3 0.35215736040609136 0.21999999999999997 0.09517766497461928 0.047142857142857146
3 0.45050761421319796 0.19821428571428573 0.09390862944162436 0.03785714285714285
3 0.5958121827411168 0.16642857142857143 0.08502538071065989 0.041428571428571426
3 0.7138324873096447 0.15964285714285714 0.07487309644670051 0.03357142857142857
3 0.7772842639593908 0.19785714285714284 0.08502538071065989 0.022857142857142857
3 0.7753807106598984 0.16714285714285712 0.06598984771573604 0.032857142857142856
10 0.7906091370558376 0.13178571428571428 0.09644670050761421 0.047857142857142855
3 0.14022842639593908 0.3514285714285714 0.0901015228426396 0.037142857142857144