7 0.4719047619047619 0.5446428571428571 0.025714285714285714 0.03642857142857143
7 0.26 0.45357142857142857 0.030476190476190476 0.03571428571428571
7 0.8671428571428571 0.4957142857142857 0.02952380952380952 0.04285714285714286
7 0.8028571428571428 0.4425 0.02476190476190476 0.035
7 0.6728571428571428 0.4207142857142857 0.018095238095238095 0.03
7 0.6433333333333333 0.4007142857142857 0.014285714285714285 0.032857142857142856
7 0.6314285714285715 0.39035714285714285 0.013333333333333332 0.030714285714285715
8 0.6314285714285715 0.37607142857142856 0.013333333333333332 0.02214285714285714
8 0.6276190476190476 0.3732142857142857 0.013333333333333332 0.020714285714285713
5 0.6314285714285715 0.37892857142857145 0.03428571428571429 0.020714285714285713
1 0.4666666666666666 0.3439285714285714 0.030476190476190476 0.013571428571428571
5 0.43380952380952376 0.3267857142857143 0.03142857142857143 0.017857142857142856
5 0.3666666666666666 0.3271428571428571 0.03809523809523809 0.015714285714285715
8 0.36476190476190473 0.3217857142857143 0.015238095238095238 0.017857142857142856
8 0.4309523809523809 0.32392857142857145 0.014285714285714285 0.02214285714285714
8 0.4614285714285714 0.3367857142857143 0.014285714285714285 0.020714285714285713
7 0.3942857142857143 0.3192857142857143 0.015238095238095238 0.02142857142857143
7 0.45476190476190476 0.33071428571428574 0.008571428571428572 0.02142857142857143
7 0.45952380952380945 0.3339285714285714 0.010476190476190476 0.020714285714285713
7 0.4609523809523809 0.3325 0.007619047619047619 0.02642857142857143
8 0.46238095238095234 0.26535714285714285 0.010476190476190476 0.016428571428571428
5 0.4647619047619047 0.26857142857142857 0.030476190476190476 0.011428571428571429
1 0.3019047619047619 0.2907142857142857 0.02095238095238095 0.008571428571428572
7 0.21095238095238095 0.3682142857142857 0.018095238095238095 0.025
7 0.14904761904761904 0.36607142857142855 0.021904761904761903 0.030714285714285715
8 0.15238095238095237 0.3610714285714286 0.011428571428571429 0.012142857142857143
7 0.16952380952380952 0.36142857142857143 0.017142857142857144 0.027142857142857142
7 0.07142857142857142 0.3442857142857143 0.02095238095238095 0.024285714285714285
8 0.017142857142857144 0.3292857142857143 0.015238095238095238 0.012857142857142857
7 0.11857142857142858 0.3485714285714286 0.014285714285714285 0.02857142857142857
7 0.10476190476190475 0.3467857142857143 0.015238095238095238 0.029285714285714286
11 0.4152380952380952 0.23142857142857143 0.05333333333333333 0.017142857142857144
11 0.05095238095238095 0.20035714285714284 0.027619047619047616 0.017857142857142856
3 0.1195238095238095 0.22178571428571428 0.039047619047619046 0.019285714285714285
3 0.23809523809523808 0.22 0.03619047619047619 0.015714285714285715
3 0.18 0.2067857142857143 0.03619047619047619 0.017857142857142856
11 0.15095238095238095 0.2 0.027619047619047616 0.015714285714285715
3 0.09714285714285714 0.20035714285714284 0.02857142857142857 0.016428571428571428
10 0.11380952380952379 0.18785714285714286 0.039047619047619046 0.024285714285714285
3 0.08857142857142856 0.18607142857142858 0.02476190476190476 0.013571428571428571
3 0.056666666666666664 0.18 0.018095238095238095 0.012857142857142857
3 0.023809523809523805 0.18535714285714286 0.022857142857142857 0.013571428571428571
3 0.017142857142857144 0.15392857142857144 0.017142857142857144 0.009285714285714286
3 0.0338095238095238 0.15357142857142858 0.01619047619047619 0.007142857142857143
3 0.012857142857142857 0.14107142857142857 0.01238095238095238 0.0064285714285714285
3 0.010476190476190476 0.13785714285714284 0.009523809523809523 0.007142857142857143
3 0.03333333333333333 0.14857142857142858 0.009523809523809523 0.005714285714285714
3 0.03 0.14642857142857144 0.010476190476190476 0.007142857142857143
3 0.03857142857142857 0.14392857142857143 0.01238095238095238 0.007857142857142858
3 0.03476190476190476 0.135 0.010476190476190476 0.005714285714285714
3 0.04761904761904761 0.15035714285714286 0.011428571428571429 0.007857142857142858
3 0.06142857142857143 0.15142857142857144 0.01619047619047619 0.007142857142857143
7 0.04095238095238095 0.13964285714285715 0.0038095238095238095 0.0064285714285714285
10 0.06 0.1425 0.02476190476190476 0.012142857142857143
2 0.0519047619047619 0.13892857142857143 0.014285714285714285 0.009285714285714286
3 0.02238095238095238 0.1407142857142857 0.008571428571428572 0.005714285714285714
3 0.06857142857142857 0.14714285714285713 0.011428571428571429 0.005714285714285714
11 0.07952380952380952 0.14821428571428572 0.014285714285714285 0.0064285714285714285
11 0.09285714285714286 0.15178571428571427 0.01619047619047619 0.007857142857142858
4 0.09952380952380951 0.14357142857142857 0.025714285714285714 0.008571428571428572
11 0.08285714285714285 0.15642857142857142 0.017142857142857144 0.007142857142857143
3 0.07333333333333332 0.16 0.015238095238095238 0.008571428571428572
11 0.08523809523809524 0.16392857142857142 0.01619047619047619 0.009285714285714286
3 0.09714285714285714 0.16142857142857142 0.015238095238095238 0.008571428571428572
3 0.1119047619047619 0.16607142857142856 0.01619047619047619 0.007857142857142858
3 0.10952380952380951 0.15607142857142858 0.013333333333333332 0.0064285714285714285
3 0.12047619047619047 0.15964285714285714 0.01619047619047619 0.007857142857142858
3 0.11809523809523809 0.15071428571428572 0.013333333333333332 0.007142857142857143
3 0.10238095238095236 0.17357142857142857 0.018095238095238095 0.008571428571428572
3 0.13 0.17285714285714285 0.02 0.01
4 0.16952380952380952 0.15392857142857144 0.02476190476190476 0.009285714285714286
3 0.1738095238095238 0.1625 0.014285714285714285 0.007857142857142858
3 0.19142857142857142 0.18785714285714286 0.022857142857142857 0.01
3 0.21428571428571427 0.1875 0.02095238095238095 0.009285714285714286
3 0.2376190476190476 0.19642857142857142 0.021904761904761903 0.01
3 0.26666666666666666 0.2032142857142857 0.03238095238095238 0.012142857142857143
3 0.29619047619047617 0.2075 0.030476190476190476 0.012142857142857143
3 0.27714285714285714 0.1975 0.026666666666666665 0.012142857142857143
3 0.2357142857142857 0.18964285714285714 0.021904761904761903 0.012142857142857143
3 0.17666666666666667 0.17821428571428571 0.021904761904761903 0.009285714285714286
3 0.15666666666666665 0.1725 0.021904761904761903 0.007857142857142858
11 0.209047619047619 0.18071428571428572 0.025714285714285714 0.012857142857142857
3 0.1819047619047619 0.17142857142857143 0.022857142857142857 0.01
11 0.15047619047619046 0.1675 0.022857142857142857 0.010714285714285714
3 0.13904761904761903 0.16214285714285714 0.015238095238095238 0.008571428571428572
2 0.25142857142857145 0.18357142857142858 0.06285714285714286 0.027142857142857142
4 0.29666666666666663 0.18571428571428572 0.01619047619047619 0.011428571428571429
2 0.33476190476190476 0.20035714285714284 0.0676190476190476 0.029285714285714286
3 0.33809523809523806 0.21321428571428572 0.03619047619047619 0.015
3 0.39190476190476187 0.21607142857142858 0.04095238095238095 0.015
10 0.40619047619047616 0.2075 0.054285714285714284 0.02214285714285714
4 0.39285714285714285 0.19214285714285714 0.04095238095238095 0.011428571428571429
3 0.45714285714285713 0.22714285714285715 0.045714285714285714 0.014285714285714285
3 0.5033333333333333 0.22714285714285715 0.04476190476190476 0.012857142857142857
3 0.488095238095238 0.21821428571428572 0.006666666666666666 0.012142857142857143
7 0.5223809523809523 0.21714285714285714 0.006666666666666666 0.012857142857142857
11 0.5095238095238095 0.20107142857142857 0.03619047619047619 0.019285714285714285
3 0.5252380952380952 0.20714285714285716 0.027619047619047616 0.014285714285714285
7 0.5219047619047619 0.20892857142857144 0.005714285714285714 0.010714285714285714
3 0.5438095238095237 0.2067857142857143 0.03238095238095238 0.013571428571428571
3 0.5804761904761905 0.2307142857142857 0.04476190476190476 0.014285714285714285
3 0.5804761904761905 0.21964285714285714 0.03142857142857143 0.012142857142857143
7 0.599047619047619 0.22107142857142856 0.005714285714285714 0.012142857142857143
3 0.6033333333333333 0.21892857142857142 0.03333333333333333 0.017857142857142856
3 0.559047619047619 0.2082142857142857 0.030476190476190476 0.012142857142857143
3 0.5795238095238094 0.2125 0.02952380952380952 0.012142857142857143
3 0.34523809523809523 0.18464285714285714 0.03142857142857143 0.012142857142857143
3 0.3385714285714286 0.18357142857142858 0.039047619047619046 0.012857142857142857
3 0.6214285714285714 0.21642857142857144 0.03142857142857143 0.014285714285714285
7 0.63 0.21857142857142858 0.006666666666666666 0.011428571428571429
3 0.639047619047619 0.21392857142857144 0.022857142857142857 0.013571428571428571
3 0.6576190476190475 0.215 0.023809523809523805 0.014285714285714285
3 0.6766666666666666 0.20714285714285716 0.027619047619047616 0.015714285714285715
7 0.6519047619047619 0.2057142857142857 0.006666666666666666 0.01
4 0.6047619047619047 0.20607142857142857 0.05714285714285714 0.010714285714285714
3 0.6795238095238094 0.21142857142857144 0.02952380952380952 0.015714285714285715
3 0.6514285714285715 0.23 0.043809523809523805 0.012857142857142857
3 0.698095238095238 0.2082142857142857 0.02476190476190476 0.013571428571428571
7 0.6571428571428571 0.22464285714285714 0.005714285714285714 0.009285714285714286
3 0.7123809523809523 0.20642857142857143 0.030476190476190476 0.014285714285714285
3 0.729047619047619 0.20535714285714285 0.021904761904761903 0.010714285714285714
3 0.7433333333333332 0.20392857142857143 0.02952380952380952 0.010714285714285714
3 0.7571428571428571 0.20285714285714285 0.030476190476190476 0.012857142857142857
11 0.7714285714285715 0.1992857142857143 0.02095238095238095 0.012857142857142857
3 0.7738095238095237 0.21285714285714286 0.03333333333333333 0.01
3 0.7866666666666666 0.2042857142857143 0.017142857142857144 0.008571428571428572
3 0.8009523809523809 0.21 0.022857142857142857 0.008571428571428572
3 0.7719047619047618 0.22321428571428573 0.037142857142857144 0.009285714285714286
8 0.7228571428571429 0.21821428571428572 0.007619047619047619 0.009285714285714286
11 0.8228571428571428 0.2057142857142857 0.03238095238095238 0.012857142857142857
10 0.8442857142857143 0.20714285714285716 0.04666666666666666 0.02142857142857143
10 0.8819047619047617 0.20035714285714284 0.04 0.020714285714285713
10 0.9104761904761903 0.19642857142857142 0.04 0.022857142857142857
11 0.9333333333333332 0.1975 0.02095238095238095 0.012142857142857143
11 0.9276190476190476 0.20642857142857143 0.02095238095238095 0.014285714285714285
3 0.7476190476190475 0.23785714285714285 0.045714285714285714 0.017142857142857144
3 0.7990476190476189 0.22678571428571428 0.03619047619047619 0.010714285714285714
5 0.8047619047619047 0.21892857142857142 0.013333333333333332 0.005
8 0.8038095238095238 0.21714285714285714 0.005714285714285714 0.007142857142857143
3 0.8090476190476189 0.24107142857142858 0.037142857142857144 0.013571428571428571
3 0.8433333333333333 0.22035714285714286 0.037142857142857144 0.010714285714285714
8 0.8447619047619046 0.22214285714285714 0.005714285714285714 0.008571428571428572
3 0.8585714285714285 0.22714285714285715 0.037142857142857144 0.012857142857142857
3 0.9004761904761903 0.20714285714285716 0.02952380952380952 0.012857142857142857
3 0.8942857142857142 0.215 0.03428571428571429 0.011428571428571429
3 0.889047619047619 0.21785714285714286 0.02952380952380952 0.011428571428571429
10 0.8847619047619046 0.23964285714285713 0.06476190476190476 0.02642857142857143
11 0.9223809523809523 0.23464285714285715 0.03333333333333333 0.017857142857142856
11 0.9319047619047618 0.24214285714285713 0.039047619047619046 0.02
11 0.92 0.25107142857142856 0.03428571428571429 0.016428571428571428
3 0.8909523809523809 0.2596428571428571 0.052380952380952375 0.015
3 0.9257142857142857 0.21607142857142858 0.02857142857142857 0.010714285714285714
3 0.9114285714285715 0.22285714285714286 0.03428571428571429 0.011428571428571429
3 0.9438095238095238 0.22785714285714287 0.03238095238095238 0.014285714285714285
3 0.9547619047619047 0.21428571428571427 0.035238095238095235 0.014285714285714285
3 0.9647619047619046 0.2092857142857143 0.030476190476190476 0.011428571428571429
3 0.9723809523809523 0.20392857142857143 0.02857142857142857 0.010714285714285714
3 0.9914285714285714 0.20952380952380953 0.017142857142857144 0.012380952380952381
3 0.9928571428571429 0.20142857142857143 0.014285714285714285 0.010476190476190476
2 0.9757142857142858 0.2966666666666667 0.04857142857142857 0.06190476190476191
10 0.9960714285714286 0.31238095238095237 0.007857142857142858 0.030476190476190476
3 0.9825 0.32 0.035 0.022857142857142857
3 0.9871428571428571 0.33714285714285713 0.025714285714285714 0.02857142857142857
3 0.9223809523809523 0.33214285714285713 0.08285714285714285 0.03
11 0.9228571428571428 0.31642857142857145 0.08761904761904761 0.03142857142857143
10 0.9066666666666666 0.29392857142857143 0.09714285714285714 0.03785714285714286
3 0.9419047619047618 0.30142857142857143 0.06095238095238095 0.024285714285714285
3 0.8509523809523809 0.28714285714285714 0.05809523809523809 0.017142857142857144
3 0.8395238095238095 0.30464285714285716 0.0676190476190476 0.02214285714285714
3 0.8219047619047618 0.31535714285714284 0.07428571428571429 0.023571428571428573
3 0.7719047619047618 0.28464285714285714 0.06571428571428571 0.020714285714285713
3 0.8023809523809523 0.37285714285714283 0.08476190476190476 0.03857142857142857
2 0.9057142857142857 0.4361904761904762 0.18857142857142858 0.1438095238095238
7 0.9333333333333332 0.27214285714285713 0.011428571428571429 0.018571428571428572
3 0.6561904761904762 0.3217857142857143 0.07428571428571429 0.027857142857142858
3 0.5395238095238095 0.25607142857142856 0.056190476190476187 0.019285714285714285
8 0.869047619047619 0.26321428571428573 0.008571428571428572 0.012142857142857143
8 0.8538095238095238 0.25892857142857145 0.008571428571428572 0.013571428571428571
8 0.8176190476190475 0.27 0.008571428571428572 0.015714285714285715
8 0.7095238095238094 0.25642857142857145 0.007619047619047619 0.012857142857142857
1 0.8685714285714285 0.2671428571428571 0.019047619047619046 0.01
1 0.8523809523809524 0.2621428571428571 0.02095238095238095 0.01
5 0.8166666666666667 0.2725 0.018095238095238095 0.012142857142857143
1 0.8171428571428572 0.2525 0.017142857142857144 0.010714285714285714
7 0.8133333333333332 0.25 0.007619047619047619 0.015714285714285715
5 0.7095238095238094 0.26071428571428573 0.013333333333333332 0.011428571428571429