3 0.58 0.6003571428571428 0.07238095238095238 0.12071428571428572
3 0.3 0.6135714285714285 0.0819047619047619 0.10285714285714286
3 0.32142857142857145 0.465 0.07142857142857142 0.09571428571428571
3 0.369047619047619 0.24357142857142858 0.052380952380952375 0.06428571428571428
3 0.379047619047619 0.18178571428571427 0.04761904761904761 0.047857142857142855
3 0.5661904761904761 0.32857142857142857 0.04857142857142857 0.07285714285714286
3 0.5566666666666666 0.19178571428571428 0.04285714285714286 0.04928571428571429
3 0.9742857142857143 0.20238095238095238 0.05142857142857143 0.049523809523809526
3 0.948095238095238 0.15071428571428572 0.05809523809523809 0.045714285714285714
3 0.9095238095238095 0.10285714285714286 0.045714285714285714 0.041428571428571426
3 0.868095238095238 0.03785714285714286 0.04095238095238095 0.03428571428571429
3 0.5685714285714286 0.25785714285714284 0.05333333333333333 0.06857142857142857
3 0.49380952380952375 0.16642857142857143 0.07142857142857142 0.05
3 0.39714285714285713 0.08357142857142857 0.03619047619047619 0.03857142857142857
11 0.5495238095238094 0.09535714285714286 0.03809523809523809 0.05357142857142857
3 0.5557142857142857 0.05785714285714286 0.035238095238095235 0.03857142857142857
3 0.5485714285714286 0.025 0.02857142857142857 0.032857142857142856
3 0.9925 0.2633333333333333 0.015 0.05523809523809524
3 1 0.17714285714285713 0 0.04285714285714286
3 0.9928571428571429 0.14809523809523809 0.014285714285714285 0.0419047619047619
3 0.9853571428571428 0.12142857142857143 0.029285714285714286 0.03619047619047619
3 0.9625 0.09523809523809523 0.075 0.035238095238095235
3 0.97 0.08095238095238096 0.06 0.035238095238095235
3 0.9504761904761904 0.05892857142857143 0.07428571428571429 0.025
3 0.8938095238095237 0.07 0.04857142857142857 0.03857142857142857
3 0.9290476190476189 0.0325 0.06 0.029285714285714286
3 0.9209523809523809 0.015357142857142857 0.05904761904761904 0.029285714285714286
3 0.8403571428571428 0.009523809523809525 0.039285714285714285 0.01904761904761905
3 0.4110714285714286 0.015238095238095238 0.039285714285714285 0.030476190476190476
3 0.49857142857142855 0.027857142857142858 0.039047619047619046 0.045714285714285714
3 0.4961904761904762 0.2617857142857143 0.07238095238095238 0.065
3 0.4504761904761905 0.7 0.09904761904761904 0.09857142857142857
11 0.5628571428571428 0.13857142857142857 0.03809523809523809 0.05142857142857143
11 0.39190476190476187 0.12928571428571428 0.04666666666666666 0.05285714285714286
11 0.4047619047619047 0.04321428571428571 0.03238095238095238 0.04071428571428572