11 0.05012690355329949 0.08178571428571428 0.0317258883248731 0.007857142857142858
3 0.056472081218274114 0.07214285714285713 0.0317258883248731 0.008571428571428572
3 0.06852791878172589 0.0642857142857143 0.02538071065989848 0.008571428571428572
11 0.08439086294416243 0.08321428571428571 0.0317258883248731 0.007857142857142858
11 0.12055837563451777 0.08642857142857142 0.03553299492385787 0.007142857142857143
11 0.6338832487309645 0.5 0.052030456852791875 0.03428571428571429
3 0.631979695431472 0.43357142857142855 0.04060913705583756 0.02857142857142857
3 0.7303299492385787 0.37285714285714283 0.03680203045685279 0.025714285714285714
3 0.7227157360406091 0.3360714285714285 0.03426395939086294 0.02214285714285714
3 0.8064720812182741 0.23857142857142855 0.026649746192893398 0.017142857142857144
3 0.8445431472081218 0.23964285714285713 0.02918781725888325 0.017857142857142856
3 0.916243654822335 0.25 0.027918781725888325 0.02
3 0.9701776649746193 0.1682142857142857 0.021573604060913708 0.015000000000000001
3 0.9321065989847717 0.11964285714285713 0.019035532994923856 0.012142857142857141
3 0.9942857142857143 0.07614213197969544 0.011428571428571429 0.01015228426395939
3 0.9942857142857143 0.0266497461928934 0.011428571428571429 0.01015228426395939
4 0.5989847715736041 0.05821428571428571 0.38578680203045684 0.0707142857142857