3 0.2769016697588126 0.09394572025052193 0.06771799628942485 0.02296450939457203
3 0.3079777365491651 0.08141962421711901 0.06493506493506493 0.020876826722338204
3 0.40259740259740256 0.049060542797494784 0.06122448979591836 0.019832985386221295
3 0.4327458256029684 0.03836116910229645 0.05844155844155843 0.01931106471816284
3 0.49257884972170685 0.015657620041753657 0.03710575139146567 0.024008350730688938
3 0.5255102040816326 0.017745302713987474 0.026901669758812616 0.02609603340292276
11 0.62152133580705 0.07176409185803759 0.05380333951762523 0.021398747390396662
3 0.5500927643784786 0.0965553235908142 0.05936920222634508 0.015657620041753657
10 0.7008348794063078 0.14170146137787057 0.04916512059369202 0.07985386221294365
11 0.37291280148423 0.16310020876826725 0.06864564007421149 0.024530271398747392
5 0.524582560296846 0.21450939457202509 0.034322820037105746 0.011482254697286014
5 0.5579777365491652 0.2249478079331942 0.02504638218923933 0.014613778705636744
9 0.5885899814471243 0.22755741127348644 0.023191094619666047 0.020876826722338204
7 0.8423005565862708 0.060020876826722344 0.009276437847866418 0.012526096033402925
5 0.8181818181818181 0.046972860125260966 0.011131725417439703 0.009394572025052193
8 0.8181818181818181 0.042275574112734866 0.007421150278293135 0.0062630480167014625
10 0.9299628942486086 0.14822546972860126 0.08627087198515769 0.027139874739039668
10 0.9346011131725417 0.21764091858037582 0.05658627087198515 0.053235908141962426
3 0.968945720250522 0.3849721706864564 0.06210855949895616 0.029684601113172542
3 0.9694676409185804 0.4225417439703154 0.061064718162839246 0.029684601113172542
3 0.9725991649269311 0.5139146567717996 0.054801670146137786 0.03432282003710575
10 0.6785714285714286 0.3786534446764092 0.05844155844155843 0.08820459290187892
5 0.8167903525046382 0.2346033402922756 0.01020408163265306 0.01304801670146138
8 0.8177179962894249 0.22860125260960334 0.012059369202226345 0.009394572025052193