10 0.8039340101522843 0.5264285714285714 0.06725888324873097 0.06999999999999999
3 0.9764285714285714 0.550761421319797 0.047142857142857146 0.021573604060913704
10 0.06789340101522842 0.11392857142857143 0.10786802030456853 0.042142857142857135
11 0.3616751269035533 0.045 0.04568527918781726 0.015714285714285715
7 0.4149746192893401 0.019285714285714285 0.01015228426395939 0.008571428571428572
3 0.32550761421319796 0.37785714285714284 0.044416243654822336 0.025714285714285714
3 0.40545685279187815 0.3125 0.02918781725888325 0.026428571428571426
3 0.7982233502538072 0.48321428571428565 0.030456852791878174 0.03642857142857143
3 0.7741116751269036 0.45071428571428573 0.048223350253807105 0.03571428571428571
11 0.9333756345177665 0.5025 0.04187817258883249 0.03357142857142857
3 0.8794416243654822 0.4446428571428572 0.04060913705583756 0.029285714285714286
3 0.8515228426395939 0.4664285714285714 0.04060913705583756 0.03571428571428571
3 0.7906091370558376 0.3896428571428571 0.03807106598984771 0.027857142857142858
10 0.8223350253807106 0.3696428571428571 0.03807106598984771 0.03214285714285715
10 0.7423857868020304 0.3260714285714285 0.0634517766497462 0.05928571428571428
3 0.7525380710659899 0.29107142857142854 0.03299492385786802 0.024999999999999998
3 0.99 0.125 0.02 0.015228426395939087
11 0.9137055837563453 0.10999999999999999 0.04568527918781726 0.02
3 0.8026649746192894 0.10178571428571428 0.049492385786802026 0.012142857142857141
10 0.8318527918781725 0.20142857142857143 0.07487309644670051 0.04
10 0.766497461928934 0.18428571428571427 0.09898477157360405 0.03142857142857143
6 0.70748730964467 0.2082142857142857 0.03426395939086294 0.013571428571428571
11 0.8293147208121827 0.2828571428571428 0.02918781725888325 0.022857142857142857