3 0.3153988868274582 0.15292275574112738 0.03710575139146567 0.008350730688935283
3 0.36456400742115025 0.14326722338204592 0.027829313543599257 0.01096033402922756
3 0.5357142857142857 0.3742171189979124 0.04545454545454545 0.0302713987473904
3 0.583951762523191 0.32724425887265135 0.03617810760667903 0.02296450939457203
3 0.6349721706864564 0.2828810020876827 0.032467532467532464 0.018789144050104387
11 0.9053803339517624 0.5313152400835073 0.04823747680890538 0.0605427974947808
5 0.9888682745825603 0.5519311064718164 0.016697588126159554 0.01931106471816284
5 0.9679962894248608 0.4822546972860126 0.01948051948051948 0.02192066805845512
3 0.9397031539888682 0.41570981210855956 0.08163265306122448 0.0255741127348643
3 0.9466604823747681 0.3950939457202506 0.06957328385899814 0.02505219206680585
3 0.9397031539888682 0.3794363256784969 0.07050092764378478 0.019832985386221295
4 0.9225417439703154 0.05219206680584552 0.041743970315398886 0.015657620041753657