3 0.9086666666666666 0.668 0.16666666666666666 0.079
3 0.96325 0.627 0.0735 0.072
3 0.8746666666666666 0.57875 0.14266666666666666 0.0725
3 0.934 0.513 0.132 0.04133333333333333
3 0.886 0.48375 0.10666666666666666 0.0435
10 0.795 0.4745 0.07133333333333333 0.072
3 0.9003333333333332 0.45375 0.12466666666666666 0.0345
3 0.88 0.42825 0.09466666666666666 0.0265
3 0.866 0.4075 0.09866666666666665 0.034
3 0.8096666666666666 0.39225 0.082 0.0355
10 0.8246666666666667 0.3685 0.12533333333333332 0.04
11 0.737 0.3785 0.038 0.037
3 0.77 0.3525 0.03733333333333333 0.036
3 0.7626666666666666 0.30775 0.033333333333333326 0.0255
3 0.818 0.35075 0.036 0.0265
3 0.838 0.31 0.050666666666666665 0.021
3 0.8093333333333332 0.29225 0.06533333333333333 0.0195
3 0.783 0.28575 0.062 0.0205
11 0.783 0.273 0.062 0.022
11 0.8123333333333332 0.25525 0.04466666666666667 0.0215
8 0.781 0.2465 0.008666666666666666 0.013
3 0.7713333333333332 0.245 0.052 0.016
3 0.7876666666666666 0.238 0.054 0.014
3 0.789 0.23125 0.04733333333333333 0.0125
10 0.7973333333333332 0.223 0.064 0.019
3 0.7726666666666666 0.2265 0.041333333333333326 0.012
11 0.791 0.2135 0.03266666666666666 0.011
10 0.7806666666666666 0.20225 0.064 0.0165
10 0.7723333333333332 0.191 0.04733333333333333 0.014
3 0.766 0.18425 0.03733333333333333 0.0135
3 0.7553333333333333 0.182 0.032 0.011
3 0.7703333333333332 0.17575 0.03533333333333333 0.0095
11 0.6933333333333332 0.146 0.018666666666666665 0.01
3 0.6966666666666667 0.138 0.016 0.009
1 0.7213333333333333 0.1335 0.010666666666666666 0.004
8 0.721 0.1315 0.004666666666666666 0.005
7 0.7 0.1305 0.004 0.007
3 0.777 0.14425 0.022 0.0085
7 0.7756666666666666 0.146 0.004666666666666666 0.008
11 0.531 0.20325 0.016666666666666663 0.0155
3 0.5206666666666666 0.219 0.036 0.014
3 0.494 0.22175 0.04666666666666666 0.0115
3 0.48433333333333334 0.225 0.04733333333333333 0.011
3 0.47866666666666663 0.2295 0.05333333333333333 0.011
3 0.4726666666666666 0.23575 0.056 0.0115
3 0.4686666666666666 0.243 0.05333333333333333 0.018
3 0.48866666666666664 0.2625 0.033333333333333326 0.026
11 0.44166666666666665 0.25775 0.05133333333333333 0.0205
3 0.018 0.14275 0.024 0.0085
7 0.2876666666666666 0.4525 0.01933333333333333 0.027
3 0.24233333333333332 0.42125 0.07266666666666666 0.0375
11 0.157 0.4495 0.12866666666666665 0.047
3 0.04125 0.4583333333333333 0.0825 0.034666666666666665
7 0.12966666666666665 0.708 0.03 0.036
11 0.4543333333333333 0.4645 0.102 0.048
11 0.614 0.4075 0.08266666666666665 0.055
3 0.6056666666666666 0.39125 0.07933333333333333 0.0385
11 0.5993333333333333 0.354 0.034666666666666665 0.038
3 0.6383333333333333 0.35625 0.034 0.0295
7 0.66 0.3345 0.006666666666666666 0.02
11 0.6656666666666666 0.30925 0.028666666666666663 0.0315
3 0.6206666666666666 0.311 0.033333333333333326 0.031
5 0.5756666666666667 0.32675 0.02333333333333333 0.0145
1 0.647 0.253 0.018 0.011
3 0.6403333333333333 0.24125 0.05 0.0175
10 0.6406666666666666 0.23 0.05466666666666666 0.019
11 0.6436666666666666 0.22375 0.04333333333333333 0.0155
3 0.6523333333333332 0.21875 0.038 0.0115
7 0.672 0.219 0.008 0.014
7 0.6786666666666666 0.21825 0.006666666666666666 0.0135
3 0.6526666666666666 0.2065 0.03866666666666666 0.014
11 0.6523333333333332 0.2 0.038 0.016
8 0.639 0.19625 0.004666666666666666 0.0065
3 0.6496666666666666 0.1955 0.014 0.012
7 0.642 0.168 0.004 0.01
10 0.645 0.16275 0.046 0.0175
3 0.662 0.15875 0.028 0.0085
11 0.6603333333333332 0.15525 0.03133333333333333 0.0095
11 0.6563333333333332 0.151 0.020666666666666663 0.01
7 0.74 0.1915 0.006666666666666666 0.013
4 0.7323333333333333 0.15525 0.03933333333333333 0.0345
4 0.7683333333333333 0.16075 0.034 0.0205
7 0.744 0.2905 0.012 0.021
5 0.913 0.37875 0.018 0.0185
5 0.65 0.181 0.005333333333333333 0.009
3 0.5276666666666666 0.146 0.02733333333333333 0.008
3 0.528 0.135 0.025333333333333333 0.007
3 0.557 0.1345 0.02333333333333333 0.008
11 0.5083333333333333 0.71 0.10733333333333332 0.077