4 0.5088832487309645 0.17892857142857144 0.01269035532994924 0.0064285714285714285
7 0.49428934010152287 0.18035714285714285 0.0038071065989847717 0.005
2 0.8540609137055838 0.005 0.007614213197969543 0.008571428571428572
3 0.833756345177665 0.007857142857142858 0.005076142131979695 0.002857142857142857
4 0.8464467005076142 0.0067857142857142855 0.005076142131979695 0.0064285714285714285
3 0.8458121827411167 0.015000000000000001 0.0038071065989847717 0.002857142857142857
3 0.833756345177665 0.017857142857142856 0.005076142131979695 0.002857142857142857
11 0.8369289340101522 0.020714285714285713 0.0038071065989847717 0.002857142857142857
3 0.8527918781725887 0.02 0.005076142131979695 0.002857142857142857
3 0.8458121827411167 0.02142857142857143 0.0038071065989847717 0.002857142857142857
3 0.8515228426395939 0.023571428571428573 0.005076142131979695 0.002857142857142857
3 0.8540609137055838 0.027499999999999997 0.005076142131979695 0.002142857142857143
3 0.8565989847715736 0.03428571428571429 0.005076142131979695 0.002857142857142857
2 0.8483502538071066 0.03214285714285715 0.00634517766497462 0.007142857142857143
2 0.8489847715736041 0.037142857142857144 0.005076142131979695 0.005714285714285714
2 0.8381979695431473 0.034999999999999996 0.00634517766497462 0.005714285714285714
3 0.8318527918781725 0.033928571428571426 0.0038071065989847717 0.002142857142857143
11 0.8223350253807106 0.03642857142857143 0.005076142131979695 0.002857142857142857
11 0.8299492385786802 0.037142857142857144 0.005076142131979695 0.002857142857142857
2 0.8153553299492385 0.054285714285714284 0.008883248730964468 0.01
2 0.8445431472081218 0.06142857142857142 0.008883248730964468 0.011428571428571429
2 0.8642131979695432 0.060714285714285714 0.01015228426395939 0.011428571428571429
2 0.924492385786802 0.13642857142857143 0.026649746192893398 0.017142857142857144
11 0.2233502538071066 0.3817857142857143 0.015228426395939087 0.012142857142857141
11 0.2430203045685279 0.37892857142857145 0.01649746192893401 0.012142857142857141
11 0.3477157360406091 0.36214285714285716 0.017766497461928935 0.011428571428571429
3 0.2601522842639594 0.37714285714285717 0.017766497461928935 0.01
3 0.2969543147208122 0.37 0.015228426395939087 0.012857142857142857
3 0.31408629441624364 0.3664285714285714 0.013959390862944163 0.01
3 0.3661167512690356 0.3607142857142857 0.01649746192893401 0.01
3 0.38261421319796957 0.35892857142857143 0.01649746192893401 0.010714285714285714
7 0.2626903553299492 0.4864285714285714 0.007614213197969543 0.007142857142857143
7 0.26649746192893403 0.48428571428571426 0.007614213197969543 0.007142857142857143
7 0.40038071065989844 0.49 0.00634517766497462 0.008571428571428572
8 0.6579949238578681 0.4546428571428571 0.00634517766497462 0.005
8 0.5818527918781726 0.4321428571428571 0.008883248730964468 0.005714285714285714
6 0.41370558375634514 0.37107142857142855 0.043147208121827416 0.010714285714285714
10 0.48350253807106597 0.3625 0.0583756345177665 0.020714285714285713
10 0.5717005076142132 0.3514285714285714 0.0799492385786802 0.02142857142857143
5 0.4282994923857868 0.35321428571428565 0.01649746192893401 0.005
5 0.4397208121827411 0.35321428571428565 0.008883248730964468 0.0064285714285714285
11 0.46637055837563457 0.3503571428571428 0.02918781725888325 0.012142857142857141
11 0.5120558375634517 0.3453571428571428 0.024111675126903553 0.010714285714285714
11 0.5374365482233502 0.3410714285714285 0.0317258883248731 0.013571428571428571
3 0.4911167512690356 0.34785714285714286 0.02538071065989848 0.011428571428571429
11 0.5609137055837563 0.3382142857142857 0.027918781725888325 0.010714285714285714
11 0.5818527918781726 0.33571428571428574 0.024111675126903553 0.011428571428571429
6 0.6078680203045685 0.33035714285714285 0.02030456852791878 0.013571428571428571
11 0.43845177664974616 0.30857142857142855 0.02918781725888325 0.01
11 0.583756345177665 0.28357142857142853 0.027918781725888325 0.01
11 0.6307106598984772 0.2953571428571429 0.027918781725888325 0.010714285714285714
3 0.3604060913705584 0.2689285714285714 0.02538071065989848 0.007857142857142858
3 0.44352791878172587 0.2521428571428571 0.021573604060913708 0.007142857142857143
3 0.5399746192893401 0.2307142857142857 0.021573604060913708 0.007142857142857143
11 0.5697969543147209 0.22285714285714286 0.02538071065989848 0.007142857142857143
11 0.6713197969543148 0.32928571428571424 0.030456852791878174 0.008571428571428572
11 0.6732233502538071 0.33428571428571424 0.02918781725888325 0.008571428571428572
11 0.7760152284263959 0.2810714285714286 0.026649746192893398 0.012142857142857141
11 0.7715736040609137 0.3121428571428571 0.017766497461928935 0.01
3 0.6713197969543148 0.3410714285714285 0.030456852791878174 0.007857142857142858
3 0.7163705583756346 0.3457142857142857 0.02918781725888325 0.007142857142857143
3 0.8153553299492385 0.31285714285714283 0.026649746192893398 0.007142857142857143
10 0.8147208121827412 0.31821428571428567 0.030456852791878174 0.007857142857142858
6 0.8058375634517766 0.3046428571428571 0.015228426395939087 0.012142857142857141
3 0.7658629441624365 0.2675 0.026649746192893398 0.009285714285714286
10 0.7652284263959391 0.29214285714285715 0.05076142131979696 0.017142857142857144
11 0.8959390862944162 0.3603571428571428 0.030456852791878174 0.007857142857142858
11 0.9352791878172588 0.3564285714285714 0.030456852791878174 0.01
3 0.9708121827411167 0.35357142857142854 0.030456852791878174 0.008571428571428572
7 0.8121827411167514 0.4392857142857143 0.005076142131979695 0.005714285714285714
7 0.8546954314720813 0.42464285714285716 0.0038071065989847717 0.0064285714285714285
10 0.9753571428571428 0.4276649746192893 0.04928571428571429 0.02030456852791878
3 0.9536802030456853 0.16892857142857143 0.013959390862944163 0.0064285714285714285
3 0.9935714285714285 0.1814720812182741 0.012857142857142857 0.006345177664974619
3 0.9086294416243655 0.20785714285714282 0.02284263959390863 0.005714285714285714
3 0.8775380710659899 0.22785714285714287 0.021573604060913708 0.005714285714285714
2 0.9676395939086295 0.21642857142857141 0.03426395939086294 0.01
2 0.9225888324873097 0.2257142857142857 0.04060913705583756 0.012857142857142857
11 0.9803299492385786 0.22785714285714287 0.024111675126903553 0.007142857142857143
11 0.8115482233502538 0.21357142857142855 0.024111675126903553 0.008571428571428572
11 0.8788071065989848 0.23249999999999998 0.024111675126903553 0.007857142857142858
11 0.6897208121827411 0.205 0.019035532994923856 0.005714285714285714
3 0.6034263959390863 0.21678571428571428 0.019035532994923856 0.0064285714285714285
3 0.6230964467005077 0.21035714285714283 0.017766497461928935 0.0064285714285714285
3 0.6434010152284264 0.20285714285714285 0.02030456852791878 0.005714285714285714
2 0.6706852791878173 0.19142857142857142 0.03680203045685279 0.017142857142857144
7 0.7138324873096447 0.16535714285714287 0.0038071065989847717 0.005
7 0.708756345177665 0.16035714285714284 0.0038071065989847717 0.0035714285714285713
2 0.7538071065989848 0.14964285714285713 0.017766497461928935 0.012142857142857141
2 0.7645939086294417 0.15107142857142855 0.013959390862944163 0.010714285714285714
2 0.7626903553299493 0.1382142857142857 0.03553299492385787 0.013571428571428571
2 0.8013959390862944 0.15785714285714283 0.044416243654822336 0.011428571428571429
2 0.8026649746192894 0.1525 0.044416243654822336 0.012142857142857141
2 0.8058375634517766 0.15071428571428572 0.03553299492385787 0.011428571428571429
2 0.8128172588832486 0.14928571428571427 0.026649746192893398 0.01
2 0.809010152284264 0.1425 0.03934010152284264 0.012142857142857141
2 0.8077411167512691 0.14035714285714285 0.04187817258883249 0.013571428571428571
2 0.8071065989847717 0.13785714285714284 0.04060913705583756 0.014285714285714285
2 0.8128172588832486 0.13607142857142857 0.03426395939086294 0.013571428571428571
2 0.8153553299492385 0.13392857142857142 0.04187817258883249 0.016428571428571428
2 0.7810913705583756 0.13285714285714287 0.011421319796954314 0.01
2 0.7734771573604061 0.12464285714285714 0.013959390862944163 0.013571428571428571
2 0.7848984771573604 0.11392857142857143 0.01649746192893401 0.013571428571428571
4 0.7055837563451777 0.18142857142857144 0.005076142131979695 0.004285714285714286
2 0.8807106598984772 0.12464285714285714 0.015228426395939087 0.009285714285714286
2 0.8546954314720813 0.1107142857142857 0.011421319796954314 0.007142857142857143
2 0.8489847715736041 0.09071428571428572 0.01269035532994924 0.012857142857142857
4 0.7842639593908629 0.09 0.005076142131979695 0.007142857142857143
2 0.7703045685279187 0.07107142857142858 0.02030456852791878 0.0064285714285714285
11 0.7106598984771574 0.07678571428571428 0.017766497461928935 0.0035714285714285713
3 0.7119289340101522 0.075 0.01269035532994924 0.005714285714285714
3 0.7309644670050761 0.09678571428571428 0.015228426395939087 0.0035714285714285713
3 0.7315989847715736 0.09357142857142856 0.01649746192893401 0.004285714285714286
2 0.8331218274111676 0.07821428571428571 0.008883248730964468 0.012142857142857141
2 0.833756345177665 0.08642857142857142 0.007614213197969543 0.007142857142857143
2 0.8236040609137056 0.07357142857142857 0.01015228426395939 0.011428571428571429
2 0.8013959390862944 0.07821428571428571 0.00634517766497462 0.0064285714285714285
3 0.8572335025380712 0.040357142857142855 0.0038071065989847717 0.0035714285714285713
3 0.8217005076142133 0.04107142857142857 0.00634517766497462 0.0035714285714285713
2 0.8597715736040609 0.105 0.008883248730964468 0.005714285714285714
2 0.8267766497461928 0.09357142857142856 0.008883248730964468 0.008571428571428572
11 0.8064720812182741 0.06964285714285715 0.011421319796954314 0.0035714285714285713
3 0.8286802030456853 0.04321428571428571 0.005076142131979695 0.0035714285714285713
3 0.8375634517766498 0.03964285714285714 0.005076142131979695 0.0035714285714285713
3 0.8470812182741116 0.047142857142857146 0.0038071065989847717 0.002857142857142857
3 0.8559644670050761 0.04821428571428571 0.0038071065989847717 0.0035714285714285713
3 0.8527918781725887 0.05321428571428571 0.005076142131979695 0.0035714285714285713
3 0.8369289340101522 0.045714285714285714 0.0038071065989847717 0.002857142857142857
3 0.8197969543147208 0.04428571428571428 0.007614213197969543 0.002857142857142857
3 0.8274111675126903 0.048571428571428564 0.005076142131979695 0.002857142857142857
3 0.8356598984771574 0.04964285714285714 0.0038071065989847717 0.0035714285714285713
3 0.8185279187817259 0.04928571428571429 0.005076142131979695 0.004285714285714286
3 0.8280456852791879 0.053571428571428575 0.0038071065989847717 0.004285714285714286
3 0.8350253807106599 0.054285714285714284 0.007614213197969543 0.002857142857142857
3 0.8267766497461928 0.057499999999999996 0.00634517766497462 0.0035714285714285713
11 0.8305837563451777 0.06035714285714286 0.00634517766497462 0.0035714285714285713
11 0.833756345177665 0.06321428571428571 0.005076142131979695 0.0035714285714285713
11 0.8153553299492385 0.06107142857142857 0.0038071065989847717 0.0035714285714285713
11 0.8153553299492385 0.06607142857142856 0.00634517766497462 0.005
4 0.8248730964467005 0.06392857142857142 0.007614213197969543 0.0064285714285714285
3 0.8546954314720813 0.065 0.0038071065989847717 0.004285714285714286
3 0.8521573604060915 0.06999999999999999 0.0038071065989847717 0.004285714285714286
11 0.8565989847715736 0.07607142857142857 0.005076142131979695 0.005
3 0.8451776649746193 0.07607142857142857 0.005076142131979695 0.0035714285714285713
3 0.8642131979695432 0.08285714285714285 0.007614213197969543 0.004285714285714286
4 0.8102791878172588 0.07928571428571428 0.00634517766497462 0.005714285714285714
4 0.8077411167512691 0.085 0.008883248730964468 0.004285714285714286
11 0.8648477157360406 0.12535714285714283 0.011421319796954314 0.005
3 0.8730964467005077 0.11392857142857143 0.007614213197969543 0.005
3 0.8895939086294417 0.1232142857142857 0.01015228426395939 0.005
3 0.8756345177664975 0.13 0.01269035532994924 0.005714285714285714
3 0.858502538071066 0.12107142857142857 0.008883248730964468 0.005
3 0.8508883248730964 0.11749999999999998 0.008883248730964468 0.005
3 0.8286802030456853 0.09821428571428571 0.005076142131979695 0.0035714285714285713
3 0.8369289340101522 0.09321428571428571 0.00634517766497462 0.0035714285714285713
11 0.8388324873096447 0.09678571428571428 0.007614213197969543 0.005
3 0.8464467005076142 0.10535714285714286 0.007614213197969543 0.0035714285714285713
3 0.8331218274111676 0.10285714285714286 0.00634517766497462 0.004285714285714286
3 0.8356598984771574 0.10607142857142857 0.00634517766497462 0.005
3 0.8394670050761421 0.10928571428571428 0.008883248730964468 0.004285714285714286
3 0.8439086294416244 0.11214285714285714 0.007614213197969543 0.005714285714285714
7 0.8788071065989848 0.08642857142857142 0.0038071065989847717 0.004285714285714286
5 0.48984771573604063 0.21678571428571428 0.01015228426395939 0.005
7 0.37055837563451777 0.23964285714285713 0.005076142131979695 0.0035714285714285713