3 0.6423809523809523 0.41892857142857143 0.054285714285714284 0.065
3 0.7666666666666666 0.3964285714285714 0.06476190476190476 0.06285714285714286
3 0.69 0.3757142857142857 0.050476190476190466 0.054285714285714284
3 0.6176190476190476 0.3582142857142857 0.04476190476190476 0.05357142857142857
3 0.6623809523809523 0.3225 0.04285714285714286 0.04214285714285714
3 0.7233333333333333 0.335 0.054285714285714284 0.05
3 0.6961904761904761 0.285 0.045714285714285714 0.03571428571428571
3 0.6447619047619048 0.2760714285714286 0.04 0.04214285714285714
11 0.6047619047619047 0.30607142857142855 0.04 0.04642857142857143
3 0.5876190476190476 0.26571428571428574 0.03619047619047619 0.037142857142857144
3 0.5823809523809523 0.2332142857142857 0.03333333333333333 0.03357142857142857
3 0.5766666666666667 0.20392857142857143 0.027619047619047616 0.02642857142857143
3 0.5814285714285714 0.17892857142857144 0.027619047619047616 0.02642857142857143
3 0.6133333333333333 0.16714285714285715 0.03238095238095238 0.027142857142857142
3 0.5742857142857143 0.15142857142857144 0.026666666666666665 0.027142857142857142
3 0.598095238095238 0.1417857142857143 0.026666666666666665 0.023571428571428573
3 0.598095238095238 0.12107142857142857 0.022857142857142857 0.02214285714285714
3 0.5666666666666667 0.11142857142857143 0.02095238095238095 0.022857142857142857
7 0.6738095238095237 0.10964285714285714 0.006666666666666666 0.013571428571428571
3 0.5523809523809523 0.07571428571428572 0.02095238095238095 0.018571428571428572
3 0.5447619047619048 0.028214285714285713 0.019047619047619046 0.015
3 0.5338095238095237 0.04178571428571429 0.018095238095238095 0.015
3 0.5471428571428572 0.015 0.01619047619047619 0.012857142857142857
3 0.5971428571428572 0.033928571428571426 0.019047619047619046 0.012142857142857143
7 0.698095238095238 0.1442857142857143 0.005714285714285714 0.017142857142857144
7 0.7023809523809523 0.14285714285714285 0.006666666666666666 0.017142857142857144
8 0.5442857142857143 0.10571428571428572 0.010476190476190476 0.01
5 0.5461904761904761 0.11071428571428571 0.008571428571428572 0.008571428571428572
3 0.5433333333333333 0.06 0.01619047619047619 0.017142857142857144
3 0.5242857142857142 0.019642857142857142 0.02 0.015
8 0.5676190476190476 0.4635714285714286 0.015238095238095238 0.014285714285714285
8 0.5947619047619047 0.4635714285714286 0.01238095238095238 0.017142857142857144
8 0.5452380952380952 0.5039285714285714 0.01619047619047619 0.019285714285714285
8 0.5442857142857143 0.4957142857142857 0.02 0.015714285714285715
8 0.5147619047619048 0.5203571428571429 0.018095238095238095 0.015
8 0.5185714285714286 0.5175 0.01619047619047619 0.020714285714285713
8 0.5371428571428571 0.5489285714285714 0.026666666666666665 0.030714285714285715
8 0.5685714285714286 0.5457142857142857 0.02095238095238095 0.02142857142857143
8 0.5671428571428572 0.5378571428571428 0.014285714285714285 0.017142857142857144
7 0.65 0.5757142857142857 0.018095238095238095 0.02142857142857143
8 0.7871428571428571 0.6096428571428572 0.02 0.016428571428571428
8 0.7923809523809523 0.5764285714285714 0.017142857142857144 0.017142857142857144
5 0.7895238095238095 0.5832142857142857 0.043809523809523805 0.012142857142857143
5 0.7819047619047618 0.6171428571428571 0.0419047619047619 0.011428571428571429
5 0.5157142857142857 0.53 0.018095238095238095 0.024285714285714285
5 0.5366666666666666 0.5596428571428571 0.01619047619047619 0.02214285714285714
5 0.57 0.5589285714285714 0.01619047619047619 0.023571428571428573
5 0.5438095238095237 0.515 0.013333333333333332 0.022857142857142857
5 0.588095238095238 0.5003571428571428 0.014285714285714285 0.019285714285714285
5 0.569047619047619 0.4789285714285714 0.014285714285714285 0.017857142857142856
5 0.5957142857142858 0.4807142857142857 0.014285714285714285 0.018571428571428572
8 0.5871428571428572 0.48714285714285716 0.014285714285714285 0.01
8 0.5871428571428572 0.4832142857142857 0.01238095238095238 0.012142857142857143
0 0.6247619047619047 0.55 0.03238095238095238 0.04285714285714286
4 0.5961904761904762 0.655 0.04761904761904761 0.04
4 0.7119047619047619 0.6689285714285714 0.056190476190476187 0.020714285714285713
8 0.8647619047619046 0.6192857142857143 0.019047619047619046 0.022857142857142857
5 0.8614285714285714 0.6235714285714286 0.050476190476190466 0.03428571428571429
4 0.9585714285714285 0.5971428571428572 0.054285714285714284 0.025714285714285714
7 0.9967857142857143 0.47714285714285715 0.0064285714285714285 0.02761904761904762
4 0.05380952380952381 0.7007142857142857 0.07142857142857142 0.03142857142857143