10 0.679047619047619 0.04071428571428572 0.05523809523809523 0.07
10 0.7523809523809524 0.041428571428571426 0.030476190476190476 0.05714285714285714
11 0.9166666666666666 0.15464285714285714 0.06952380952380952 0.035
7 0.9519047619047618 0.19107142857142856 0.01238095238095238 0.016428571428571428
3 0.8814285714285715 0.21071428571428572 0.03333333333333333 0.045714285714285714
10 0.6233333333333333 0.24892857142857142 0.0638095238095238 0.11642857142857142
3 0.8252380952380952 0.21035714285714285 0.02 0.025
3 0.8766666666666666 0.2710714285714286 0.037142857142857144 0.04928571428571429
7 0.8547619047619046 0.4010714285714286 0.01238095238095238 0.015
7 0.5957142857142858 0.5871428571428572 0.021904761904761903 0.012857142857142857
10 0.5252380952380952 0.6775 0.09047619047619047 0.14357142857142857
11 0.8795238095238095 0.40285714285714286 0.03333333333333333 0.047142857142857146
5 0.9566666666666667 0.2757142857142857 0.01238095238095238 0.017142857142857144