3 0.2342857142857143 0.3007142857142857 0.08 0.03571428571428571
3 0.36238095238095236 0.2507142857142857 0.06571428571428571 0.027142857142857142
3 0.10142857142857142 0.18714285714285714 0.054285714285714284 0.018571428571428572
3 0.09666666666666665 0.42142857142857143 0.13428571428571429 0.07
2 0.10571428571428572 0.25142857142857145 0.16 0.07
3 0.03333333333333333 0.16964285714285715 0.043809523809523805 0.019285714285714285
3 0.9061904761904761 0.24428571428571427 0.04476190476190476 0.02142857142857143
7 0.9985714285714286 0.3038095238095238 0.002857142857142857 0.02857142857142857
7 0.5523809523809523 0.465 0.019047619047619046 0.037142857142857144
7 0.2538095238095238 0.6128571428571429 0.039047619047619046 0.04428571428571428
8 0.479047619047619 0.5667857142857143 0.03238095238095238 0.039285714285714285
8 0.13666666666666666 0.5103571428571428 0.03333333333333333 0.030714285714285715
1 0.48142857142857143 0.5792857142857143 0.04476190476190476 0.032857142857142856
1 0.14142857142857143 0.5221428571428571 0.052380952380952375 0.02857142857142857
8 0.7614285714285715 0.28535714285714286 0.018095238095238095 0.019285714285714285
9 0.7657142857142857 0.2889285714285714 0.05333333333333333 0.02642857142857143
7 0.5909523809523809 0.24714285714285714 0.010476190476190476 0.022857142857142857
7 0.5757142857142857 0.24607142857142858 0.010476190476190476 0.019285714285714285
7 0.5528571428571428 0.24607142857142858 0.01238095238095238 0.023571428571428573
7 0.7023809523809523 0.19214285714285714 0.008571428571428572 0.018571428571428572
7 0.5338095238095237 0.1175 0.008571428571428572 0.012142857142857143
3 0.9309523809523809 0.2307142857142857 0.03333333333333333 0.02142857142857143
3 0.638095238095238 0.19214285714285714 0.026666666666666665 0.015714285714285715
3 0.41666666666666663 0.10071428571428571 0.02952380952380952 0.01
7 0.20619047619047617 0.1692857142857143 0.010476190476190476 0.015714285714285715
7 0.31142857142857144 0.18392857142857144 0.009523809523809523 0.016428571428571428
8 0.35285714285714287 0.19321428571428573 0.008571428571428572 0.013571428571428571
1 0.3514285714285714 0.19785714285714287 0.015238095238095238 0.011428571428571429
3 0.02035714285714286 0.34714285714285714 0.04071428571428572 0.0419047619047619
3 0.2633333333333333 0.6832142857142857 0.2523809523809524 0.13071428571428573
10 0.5504761904761905 0.23464285714285715 0.05904761904761904 0.029285714285714286
2 0.6114285714285714 0.1975 0.04952380952380952 0.04214285714285714
11 0.5619047619047619 0.16607142857142856 0.030476190476190476 0.02214285714285714
3 0.589047619047619 0.16785714285714284 0.023809523809523805 0.015714285714285715
7 0.6638095238095237 0.18178571428571427 0.009523809523809523 0.015
11 0.9109523809523808 0.13964285714285715 0.023809523809523805 0.012142857142857143
10 0.8823809523809524 0.11214285714285714 0.01619047619047619 0.017142857142857144
10 0.9047619047619047 0.11285714285714285 0.017142857142857144 0.014285714285714285
10 0.9280952380952381 0.10785714285714286 0.037142857142857144 0.014285714285714285
6 0.9839285714285714 0.09666666666666666 0.03214285714285714 0.01904761904761905
6 0.8228571428571428 0.09785714285714285 0.02476190476190476 0.014285714285714285
3 0.9623809523809523 0.21964285714285714 0.03142857142857143 0.016428571428571428
3 0.9839285714285714 0.21047619047619048 0.03214285714285714 0.018095238095238095
3 0.9960714285714286 0.20142857142857143 0.007857142857142858 0.01619047619047619
3 0.9519047619047618 0.18714285714285714 0.03142857142857143 0.015714285714285715