7 0.5276190476190475 0.40214285714285714 0.019047619047619046 0.03571428571428571
7 0.22952380952380952 0.5160714285714286 0.03238095238095238 0.04071428571428572
7 0.20476190476190473 0.5328571428571428 0.03428571428571429 0.04428571428571428
7 0.30714285714285716 0.15285714285714286 0.018095238095238095 0.025714285714285714
7 0.38571428571428573 0.12357142857142857 0.013333333333333332 0.022857142857142857
7 0.2914285714285714 0.12714285714285714 0.011428571428571429 0.018571428571428572
7 0.30714285714285716 0.12428571428571429 0.010476190476190476 0.014285714285714285
7 0.33285714285714285 0.12714285714285714 0.018095238095238095 0.024285714285714285
7 0.5661904761904761 0.040357142857142855 0.006666666666666666 0.017857142857142856
7 0.5885714285714285 0.040357142857142855 0.015238095238095238 0.016428571428571428
7 0.6319047619047619 0.04214285714285714 0.008571428571428572 0.012857142857142857
7 0.6480952380952381 0.03535714285714286 0.006666666666666666 0.012142857142857143
7 0.6971428571428572 0.2025 0.013333333333333332 0.027857142857142858
7 0.6252380952380951 0.1767857142857143 0.014285714285714285 0.023571428571428573
7 0.7885714285714286 0.22392857142857142 0.013333333333333332 0.03214285714285714
7 0.9342857142857143 0.22142857142857142 0.015238095238095238 0.027142857142857142
7 0.8904761904761904 0.1975 0.011428571428571429 0.02214285714285714
7 0.9447619047619047 0.1575 0.007619047619047619 0.019285714285714285
7 0.9385714285714286 0.14107142857142857 0.01619047619047619 0.019285714285714285
7 0.5695238095238094 0.12428571428571429 0.007619047619047619 0.017142857142857144
7 0.5638095238095238 0.12678571428571428 0.007619047619047619 0.019285714285714285
7 0.5623809523809523 0.11892857142857143 0.008571428571428572 0.015
7 0.5895238095238095 0.11964285714285715 0.011428571428571429 0.015
7 0.599047619047619 0.1075 0.015238095238095238 0.019285714285714285
7 0.63 0.10964285714285714 0.008571428571428572 0.013571428571428571
7 0.6219047619047618 0.10535714285714286 0.005714285714285714 0.020714285714285713
7 0.6404761904761904 0.08642857142857142 0.008571428571428572 0.017142857142857144
7 0.6576190476190475 0.0925 0.008571428571428572 0.020714285714285713
7 0.7023809523809523 0.09 0.014285714285714285 0.02142857142857143
7 0.7133333333333333 0.09142857142857143 0.005714285714285714 0.018571428571428572
7 0.6833333333333333 0.06392857142857143 0.01619047619047619 0.020714285714285713
7 0.7271428571428571 0.07464285714285715 0.014285714285714285 0.019285714285714285
7 0.7109523809523809 0.07357142857142857 0.008571428571428572 0.015714285714285715
7 0.719047619047619 0.041428571428571426 0.007619047619047619 0.015714285714285715
7 0.7338095238095238 0.04178571428571429 0.010476190476190476 0.013571428571428571
7 0.7971428571428572 0.07607142857142857 0.009523809523809523 0.016428571428571428
7 0.8223809523809523 0.062142857142857146 0.01619047619047619 0.015714285714285715
7 0.7842857142857143 0.05928571428571429 0.008571428571428572 0.007142857142857143
7 0.7409523809523809 0.03321428571428572 0.005714285714285714 0.010714285714285714
7 0.7333333333333332 0.03142857142857143 0.005714285714285714 0.01
7 0.8252380952380952 0.02214285714285714 0.01238095238095238 0.012857142857142857
7 0.8004761904761903 0.020714285714285713 0.008571428571428572 0.011428571428571429
7 0.8776190476190475 0.030357142857142857 0.008571428571428572 0.013571428571428571
7 0.9133333333333332 0.03464285714285714 0.009523809523809523 0.016428571428571428
7 0.9080952380952381 0.020714285714285713 0.010476190476190476 0.011428571428571429
7 0.9909523809523809 0.033928571428571426 0.008571428571428572 0.012142857142857143