3 0.09476190476190476 0.6325 0.15523809523809523 0.10357142857142858
7 0.2338095238095238 0.5764285714285714 0.03333333333333333 0.055714285714285716
3 0.1833333333333333 0.46285714285714286 0.08285714285714285 0.024285714285714285
3 0.2652380952380952 0.4432142857142857 0.07714285714285714 0.017857142857142856
3 0.5385714285714286 0.43357142857142855 0.052380952380952375 0.017142857142857144
4 0.569047619047619 0.38321428571428573 0.15904761904761905 0.017857142857142856
3 0.7347619047619046 0.42964285714285716 0.04476190476190476 0.015
3 0.7595238095238095 0.42392857142857143 0.04095238095238095 0.012142857142857143
3 1 0.43238095238095237 0 0.015238095238095238
3 0.9385714285714286 0.4185714285714286 0.037142857142857144 0.012857142857142857
3 0.9867857142857143 0.41904761904761906 0.02642857142857143 0.012380952380952381
3 0.9652380952380952 0.4057142857142857 0.02952380952380952 0.008571428571428572
3 0.8623809523809524 0.4067857142857143 0.027619047619047616 0.007857142857142858
3 0.8838095238095237 0.4064285714285714 0.026666666666666665 0.008571428571428572