3 0.30238095238095236 0.05785714285714286 0.056190476190476187 0.041428571428571426
3 0.3342857142857143 0.013333333333333334 0.03642857142857143 0.02666666666666667
3 0.08285714285714285 0.07785714285714286 0.09904761904761904 0.03142857142857143
3 0.09857142857142857 0.045 0.09238095238095237 0.03142857142857143
3 0.1276190476190476 0.031071428571428573 0.09333333333333332 0.030714285714285715
3 0.12571428571428572 0.01607142857142857 0.07428571428571429 0.023571428571428573
3 0.15714285714285714 0.25821428571428573 0.09714285714285714 0.062142857142857146
3 0.06333333333333332 0.15285714285714286 0.08666666666666667 0.054285714285714284
7 0.650952380952381 0.39464285714285713 0.018095238095238095 0.04071428571428572
7 0.6523809523809523 0.125 0.017142857142857144 0.027142857142857142
7 0.6447619047619048 0.07785714285714286 0.011428571428571429 0.027142857142857142
7 0.650952380952381 0.04642857142857143 0.01238095238095238 0.024285714285714285
11 0.889047619047619 0.12071428571428572 0.035238095238095235 0.04428571428571428