3 0.02892857142857143 0.009523809523809525 0.052142857142857144 0.01904761904761905
11 0.02107142857142857 0.04523809523809524 0.04214285714285714 0.037142857142857144
7 0.03619047619047619 0.07285714285714286 0.02095238095238095 0.024285714285714285
7 0.3338095238095238 0.09642857142857143 0.01619047619047619 0.022857142857142857
7 0.34619047619047616 0.09214285714285714 0.018095238095238095 0.018571428571428572
11 0.19523809523809524 0.08142857142857143 0.043809523809523805 0.04285714285714286
10 0.32821428571428574 0.05047619047619047 0.15142857142857144 0.10095238095238095
3 0.08714285714285715 0.1982142857142857 0.0676190476190476 0.04642857142857143
3 0.3476190476190476 0.1692857142857143 0.04952380952380952 0.03857142857142857
10 0.42428571428571427 0.16035714285714286 0.08476190476190476 0.06785714285714285
3 0.45952380952380945 0.03785714285714286 0.039047619047619046 0.024285714285714285
0 0.4642857142857143 0.062142857142857146 0.021904761904761903 0.02142857142857143
3 0.40952380952380946 0.2789285714285714 0.05904761904761904 0.05357142857142857
10 0.10809523809523808 0.53 0.18 0.12571428571428572
7 0.5961904761904762 0.30428571428571427 0.013333333333333332 0.022857142857142857
7 0.6576190476190475 0.1575 0.01238095238095238 0.023571428571428573
7 0.6323809523809524 0.1475 0.007619047619047619 0.017857142857142856
3 0.78 0.2985714285714286 0.10476190476190475 0.03428571428571429
3 0.7919047619047618 0.26071428571428573 0.09047619047619047 0.03142857142857143
3 0.5147619047619048 0.12214285714285714 0.04095238095238095 0.04
3 0.7042857142857143 0.09178571428571429 0.0638095238095238 0.020714285714285713
10 0.7885714285714286 0.18321428571428572 0.10666666666666666 0.03785714285714286
10 0.7952380952380952 0.13035714285714287 0.09714285714285714 0.045
11 0.8042857142857143 0.15857142857142856 0.08095238095238094 0.03142857142857143
3 0.5446428571428571 0.009523809523809525 0.030714285714285715 0.01904761904761905
7 0.8385714285714285 0.07964285714285714 0.008571428571428572 0.019285714285714285
10 0.8182142857142857 0.006666666666666667 0.07214285714285715 0.013333333333333334
11 0.9689285714285715 0.13523809523809524 0.062142857142857146 0.03238095238095238
10 0.9942857142857143 0.31333333333333335 0.011428571428571429 0.04476190476190476
10 0.9925 0.2742857142857143 0.015 0.04476190476190476
10 0.9875 0.24333333333333335 0.025 0.03619047619047619
10 0.9846428571428572 0.22095238095238096 0.030714285714285715 0.03619047619047619
10 0.9817857142857143 0.1961904761904762 0.03642857142857143 0.0419047619047619
7 0.9690476190476189 0.2067857142857143 0.008571428571428572 0.023571428571428573
7 0.9509523809523809 0.21214285714285713 0.010476190476190476 0.02
7 0.9442857142857143 0.2017857142857143 0.01238095238095238 0.020714285714285713
7 0.9585714285714285 0.2 0.010476190476190476 0.02142857142857143