10 0.8730964467005077 0.34464285714285714 0.0583756345177665 0.09214285714285714
3 0.7950507614213198 0.5217857142857143 0.07233502538071065 0.062142857142857146
2 0.5418781725888324 0.47428571428571425 0.09137055837563451 0.08571428571428572
3 0.6859137055837563 0.3489285714285714 0.04187817258883249 0.03357142857142857
3 0.7975888324873097 0.3664285714285714 0.03680203045685279 0.04
3 0.8096446700507615 0.2632142857142857 0.030456852791878174 0.03214285714285715
3 0.8730964467005077 0.22749999999999998 0.030456852791878174 0.023571428571428573
3 0.8153553299492385 0.20678571428571427 0.026649746192893398 0.02214285714285714
3 0.6802030456852791 0.21642857142857141 0.027918781725888325 0.02
3 0.8648477157360406 0.17464285714285713 0.02918781725888325 0.019285714285714285
2 0.8204314720812182 0.1607142857142857 0.0317258883248731 0.030000000000000002
3 0.7563451776649746 0.1514285714285714 0.02538071065989848 0.015714285714285715
3 0.7271573604060914 0.11928571428571427 0.02284263959390863 0.015714285714285715
11 0.8242385786802031 0.11857142857142856 0.024111675126903553 0.02
11 0.8616751269035533 0.13178571428571428 0.02538071065989848 0.020714285714285713
11 0.8604060913705583 0.08821428571428572 0.02538071065989848 0.016428571428571428
3 0.8248730964467005 0.08178571428571428 0.02284263959390863 0.015000000000000001
3 0.5044416243654822 0.25285714285714284 0.026649746192893398 0.017142857142857144
3 0.3597715736040609 0.23107142857142854 0.03426395939086294 0.015000000000000001
3 0.5241116751269036 0.1839285714285714 0.02538071065989848 0.015000000000000001
3 0.541243654822335 0.12892857142857142 0.021573604060913708 0.012142857142857141
3 0.6230964467005077 0.15035714285714286 0.02284263959390863 0.017857142857142856
3 0.5539340101522843 0.09821428571428571 0.021573604060913708 0.010714285714285714
3 0.567258883248731 0.07392857142857143 0.02030456852791878 0.009285714285714286
3 0.6211928934010152 0.04178571428571428 0.01649746192893401 0.009285714285714286
3 0.6941624365482233 0.013214285714285713 0.02030456852791878 0.009285714285714286
2 0.38578680203045684 0.08035714285714285 0.04568527918781726 0.02214285714285714
3 0.1782994923857868 0.15285714285714286 0.03680203045685279 0.011428571428571429
3 0.06408629441624365 0.1882142857142857 0.044416243654822336 0.013571428571428571
3 0.4118020304568528 0.10392857142857141 0.01649746192893401 0.009285714285714286
3 0.4029187817258883 0.09535714285714285 0.01649746192893401 0.0064285714285714285
3 0.35723350253807107 0.08035714285714285 0.024111675126903553 0.009285714285714286
4 0.3039340101522843 0.06999999999999999 0.06979695431472081 0.032857142857142856
4 0.2817258883248731 0.02 0.0583756345177665 0.025714285714285714
4 0.44162436548223344 0.022857142857142857 0.07614213197969542 0.025714285714285714
2 0.7487309644670052 0.06142857142857142 0.02538071065989848 0.03142857142857143
11 0.7842639593908629 0.06178571428571428 0.015228426395939087 0.010714285714285714
11 0.8267766497461928 0.05785714285714286 0.01649746192893401 0.014285714285714285
3 0.8312182741116751 0.04107142857142857 0.017766497461928935 0.007857142857142858
3 0.8578680203045684 0.031785714285714285 0.017766497461928935 0.009285714285714286
2 0.7703045685279187 0.019642857142857142 0.017766497461928935 0.016428571428571428
11 0.79251269035533 0.03071428571428571 0.01649746192893401 0.008571428571428572
3 0.8496192893401016 0.012142857142857141 0.01649746192893401 0.008571428571428572
3 0.8045685279187818 0.004642857142857143 0.015228426395939087 0.005
3 0.6440355329949239 0.04607142857142857 0.01649746192893401 0.015000000000000001