3 0.36857142857142855 0.6639285714285714 0.15428571428571428 0.13785714285714284
3 0.489047619047619 0.4903571428571429 0.12666666666666665 0.09357142857142857
3 0.5652380952380952 0.39035714285714285 0.09619047619047619 0.08642857142857142
3 0.6409523809523809 0.3175 0.05333333333333333 0.055
3 0.9038095238095237 0.5835714285714285 0.16 0.09285714285714286
10 0.9325 0.6833333333333333 0.135 0.12761904761904763
3 0.9214285714285714 0.4957142857142857 0.1419047619047619 0.08428571428571428
3 0.9367857142857143 0.4119047619047619 0.12642857142857142 0.06476190476190476
3 0.9371428571428572 0.35619047619047617 0.12571428571428572 0.05333333333333334
3 0.9396428571428571 0.3233333333333333 0.12071428571428572 0.047619047619047616
3 0.9417857142857143 0.2833333333333333 0.11642857142857142 0.04476190476190476
3 0.9517857142857142 0.25 0.09642857142857143 0.0419047619047619
3 0.9528571428571428 0.22666666666666666 0.09428571428571429 0.035238095238095235
3 0.9603571428571429 0.19666666666666666 0.07928571428571428 0.03619047619047619
3 0.9628571428571429 0.1680952380952381 0.07428571428571429 0.02761904761904762
3 0.9628571428571429 0.14809523809523809 0.07428571428571429 0.030476190476190476
3 0.9775 0.13 0.045 0.025714285714285714
3 0.9860714285714286 0.10238095238095238 0.027857142857142858 0.02666666666666667
3 0.6738095238095237 0.24464285714285713 0.07523809523809523 0.04642857142857143
3 0.8752380952380951 0.1332142857142857 0.05333333333333333 0.03785714285714286
3 0.7071428571428572 0.20107142857142857 0.05809523809523809 0.04071428571428572
3 0.7461904761904761 0.15535714285714286 0.0638095238095238 0.047857142857142855
11 0.7504761904761904 0.12964285714285714 0.08571428571428572 0.039285714285714285
3 0.7571428571428571 0.0875 0.08571428571428572 0.029285714285714286
3 0.9753571428571428 0.08904761904761904 0.04928571428571429 0.03238095238095238
3 0.8114285714285714 0.07428571428571429 0.03809523809523809 0.02857142857142857
3 0.6723809523809523 0.08357142857142857 0.06666666666666667 0.03428571428571429
3 0.82 0.053214285714285714 0.03809523809523809 0.025
3 0.838095238095238 0.03321428571428572 0.03619047619047619 0.02642857142857143
3 0.8476190476190475 0.0175 0.030476190476190476 0.02642857142857143
3 0.9803571428571428 0.06523809523809523 0.039285714285714285 0.02857142857142857
3 0.9789285714285715 0.05714285714285714 0.04214285714285714 0.02
3 0.9842857142857143 0.0419047619047619 0.03142857142857143 0.021904761904761906
3 0.9860714285714286 0.03238095238095238 0.027857142857142858 0.02
3 0.9896428571428572 0.02238095238095238 0.020714285714285713 0.013333333333333334