3 0.9435279187817259 0.1707142857142857 0.0317258883248731 0.041428571428571426
3 0.6161167512690355 0.1432142857142857 0.02918781725888325 0.024999999999999998
3 0.618020304568528 0.059642857142857136 0.030456852791878174 0.026428571428571426
3 0.6161167512690355 0.23928571428571427 0.03426395939086294 0.03428571428571429
3 0.618020304568528 0.02892857142857143 0.027918781725888325 0.023571428571428573
11 0.6230964467005077 0.19035714285714284 0.043147208121827416 0.04071428571428572
11 0.6097715736040609 0.39821428571428574 0.044416243654822336 0.05785714285714286
11 0.616751269035533 0.29857142857142854 0.043147208121827416 0.045714285714285714
11 0.6129441624365483 0.10107142857142858 0.04060913705583756 0.039285714285714285
7 0.8394670050761421 0.2432142857142857 0.011421319796954314 0.012142857142857141
7 0.9936548223350254 0.03535714285714285 0.01269035532994924 0.012142857142857141