3 0.7073333333333333 0.06525 0.032 0.0415
3 0.716 0.143 0.032 0.057
3 0.621 0.1945 0.03133333333333333 0.048
3 0.634 0.255 0.03866666666666666 0.053
3 0.6256666666666666 0.304 0.062 0.034
3 0.6283333333333333 0.34 0.06333333333333332 0.042
3 0.7246666666666667 0.309 0.052 0.049
3 0.8953333333333332 0.3485 0.07733333333333332 0.022
3 0.7896666666666666 0.3635 0.07666666666666666 0.032
3 0.697 0.42725 0.03666666666666667 0.0585
3 0.6506666666666666 0.48 0.036 0.064
3 0.7576666666666666 0.47825 0.03533333333333333 0.0585
3 0.7683333333333333 0.54825 0.038 0.0715
3 0.6553333333333332 0.56625 0.064 0.0635
3 0.6973333333333332 0.7195 0.044 0.06
11 0.7956666666666666 0.65125 0.03666666666666667 0.0595
11 0.7376666666666666 0.64625 0.048666666666666664 0.0835
11 0.843 0.46575 0.03266666666666666 0.0735
10 0.739 0.22475 0.03933333333333333 0.0665
11 0.5036666666666666 0.1785 0.026 0.045
5 0.6106666666666666 0.1555 0.017333333333333333 0.019
7 0.68 0.23725 0.009333333333333332 0.0175
7 0.7166666666666667 0.247 0.009333333333333332 0.016
7 0.7316666666666666 0.26125 0.011333333333333332 0.0125
7 0.792 0.2705 0.010666666666666666 0.011
10 0.7823333333333332 0.231 0.03533333333333333 0.055
8 0.763 0.2845 0.011333333333333332 0.012
5 0.7613333333333333 0.2905 0.025333333333333333 0.012
5 0.857 0.31275 0.024666666666666663 0.0115
5 0.8463333333333333 0.322 0.024666666666666663 0.012
7 0.8166666666666667 0.3035 0.017333333333333333 0.014
7 0.894 0.311 0.012 0.015
7 0.9113333333333332 0.3155 0.017333333333333333 0.011
7 0.9216666666666666 0.297 0.012666666666666666 0.013
7 0.9306666666666666 0.29975 0.013333333333333332 0.0115
10 0.8796666666666666 0.29075 0.08466666666666665 0.0245
10 0.989 0.421 0.022 0.051333333333333335
7 0.8893333333333333 0.37025 0.012 0.0115
7 0.8563333333333333 0.37475 0.012666666666666666 0.0145
7 0.7616666666666666 0.404 0.01 0.01
7 0.7596666666666666 0.39475 0.011333333333333332 0.0095
8 0.7526666666666666 0.393 0.009333333333333332 0.007
8 0.803 0.3815 0.011333333333333332 0.01
5 0.803 0.38675 0.020666666666666663 0.0155
5 0.66 0.678 0.017333333333333333 0.019
7 0.6253333333333333 0.52175 0.012 0.0085
7 0.64 0.389 0.010666666666666666 0.01
7 0.6173333333333333 0.39975 0.010666666666666666 0.0105
7 0.634 0.40475 0.013333333333333332 0.0105
7 0.613 0.38175 0.015333333333333332 0.0125
7 0.44 0.31 0.012 0.016
7 0.418 0.3295 0.022666666666666665 0.014
7 0.42266666666666663 0.39825 0.012 0.0105
7 0.4096666666666666 0.428 0.016666666666666663 0.011
7 0.4056666666666666 0.456 0.014 0.009
7 0.411 0.4935 0.016666666666666663 0.011
7 0.5003333333333333 0.45375 0.016666666666666663 0.0105
7 0.37866666666666665 0.45275 0.014666666666666666 0.0095
7 0.3743333333333333 0.458 0.015333333333333332 0.012
7 0.358 0.43425 0.017333333333333333 0.0105
7 0.4273333333333333 0.38275 0.009333333333333332 0.0055
7 0.42466666666666664 0.38525 0.010666666666666666 0.0055
7 0.424 0.389 0.018666666666666665 0.008
8 0.41833333333333333 0.4605 0.015333333333333332 0.01
5 0.419 0.4635 0.022 0.016
7 0.37166666666666665 0.53575 0.016666666666666663 0.0115
8 0.30866666666666664 0.536 0.017333333333333333 0.01
7 0.2666666666666666 0.555 0.024 0.01
7 0.265 0.588 0.022 0.008
7 0.237 0.58575 0.028666666666666663 0.0075
7 0.3276666666666666 0.59975 0.018 0.0075
5 0.202 0.583 0.036 0.014
9 0.24466666666666664 0.6255 0.044 0.024
11 0.127 0.5395 0.074 0.047
5 0.07033333333333333 0.53375 0.03 0.0125
5 0.1653333333333333 0.47225 0.021333333333333333 0.0145
5 0.147 0.4605 0.022 0.017
1 0.15733333333333333 0.46525 0.021333333333333333 0.0165
9 0.086 0.426 0.044 0.036
3 0.05 0.4 0.06933333333333333 0.04
1 0.20066666666666666 0.473 0.013333333333333332 0.02
8 0.3506666666666666 0.5865 0.017333333333333333 0.014
8 0.375 0.5855 0.015333333333333332 0.013
7 0.3723333333333333 0.6025 0.01933333333333333 0.011
8 0.37466666666666665 0.61075 0.014666666666666666 0.0115
8 0.37566666666666665 0.61925 0.016666666666666663 0.0095
8 0.374 0.6335 0.013333333333333332 0.012
8 0.3773333333333333 0.64875 0.013333333333333332 0.0115
8 0.3456666666666666 0.63525 0.01933333333333333 0.0135
1 0.3443333333333333 0.6755 0.012666666666666666 0.03
7 0.353 0.698 0.016666666666666663 0.012
7 0.333 0.68125 0.020666666666666663 0.0105
8 0.324 0.69375 0.025333333333333333 0.0095
8 0.344 0.74225 0.022666666666666665 0.0105
7 0.332 0.71875 0.026666666666666665 0.0135
7 0.3063333333333333 0.71125 0.018 0.0135
8 0.3063333333333333 0.693 0.016666666666666663 0.012
8 0.29633333333333334 0.69325 0.014 0.0065
8 0.288 0.69375 0.014666666666666666 0.0095
5 0.3236666666666666 0.7 0.014 0.021
5 0.344 0.737 0.02 0.025