7 0.9236666666666666 0.49325 0.012666666666666666 0.0245
7 0.9083333333333332 0.4835 0.008666666666666666 0.022
7 0.956 0.43925 0.013333333333333332 0.0235
7 0.8846666666666666 0.447 0.010666666666666666 0.022
10 0.8223333333333332 0.44375 0.056666666666666664 0.0605
3 0.7533333333333333 0.525 0.049333333333333326 0.058
3 0.7373333333333333 0.48525 0.04533333333333333 0.0485
3 0.7856666666666666 0.36725 0.03133333333333333 0.0225
3 0.7983333333333332 0.393 0.03533333333333333 0.026
3 0.741 0.40925 0.038 0.0265
3 0.699 0.4435 0.07666666666666666 0.027
3 0.685 0.42875 0.08333333333333333 0.0265
3 0.6773333333333332 0.41275 0.072 0.0225
3 0.6823333333333332 0.4 0.07266666666666666 0.024
3 0.675 0.38425 0.066 0.0195
3 0.6733333333333332 0.373 0.068 0.02
3 0.6653333333333332 0.36275 0.06266666666666666 0.0185
3 0.667 0.354 0.06066666666666667 0.018
3 0.6676666666666666 0.34275 0.06066666666666667 0.0185
3 0.6706666666666666 0.336 0.056 0.016
3 0.673 0.328 0.056666666666666664 0.016
4 0.3213333333333333 0.323 0.048 0.015
4 0.3376666666666666 0.29275 0.03266666666666666 0.0085
3 0.6076666666666666 0.2785 0.020666666666666663 0.015
3 0.665 0.2255 0.034 0.012
3 0.664 0.2235 0.033333333333333326 0.011
3 0.667 0.21975 0.03266666666666666 0.0115
3 0.6606666666666666 0.2115 0.032 0.01
11 0.6563333333333332 0.21625 0.03133333333333333 0.0125
3 0.6606666666666666 0.209 0.032 0.009
3 0.658 0.20625 0.029333333333333333 0.0085
3 0.7063333333333333 0.18475 0.012666666666666666 0.0095
3 0.699 0.17675 0.012666666666666666 0.0085
3 0.6963333333333332 0.17375 0.011333333333333332 0.0065
11 0.67 0.18 0.009333333333333332 0.01
3 0.6646666666666666 0.1775 0.009333333333333332 0.007
3 0.662 0.17425 0.009333333333333332 0.0075
3 0.6736666666666666 0.1605 0.011333333333333332 0.007
3 0.6706666666666666 0.15825 0.010666666666666666 0.0065
3 0.647 0.16825 0.020666666666666663 0.0075
3 0.644 0.16575 0.022666666666666665 0.0085
3 0.648 0.1605 0.009333333333333332 0.007
3 0.6423333333333333 0.1585 0.008666666666666666 0.006
3 0.6356666666666666 0.15425 0.008666666666666666 0.0055
3 0.631 0.15175 0.007333333333333333 0.0055
3 0.626 0.14975 0.006666666666666666 0.0045
3 0.6566666666666666 0.15225 0.010666666666666666 0.0055
3 0.6513333333333332 0.15025 0.009333333333333332 0.0055
3 0.6406666666666666 0.1435 0.014666666666666666 0.005
3 0.6366666666666666 0.13225 0.013333333333333332 0.0045
11 0.612 0.1305 0.016 0.005
11 0.591 0.12975 0.016666666666666663 0.0055