2 0.9270304568527918 0.07285714285714286 0.021573604060913708 0.018571428571428572
2 0.9416243654822335 0.14678571428571427 0.04568527918781726 0.03071428571428571
10 0.7988578680203046 0.17785714285714285 0.03934010152284264 0.024285714285714282
11 0.8737309644670052 0.20142857142857143 0.024111675126903553 0.014285714285714285
3 0.44162436548223344 0.4753571428571428 0.116751269035533 0.03785714285714285
3 0.7487309644670052 0.3842857142857143 0.06598984771573604 0.04285714285714286
11 0.8635786802030457 0.32535714285714284 0.06725888324873097 0.034999999999999996
3 0.7880710659898478 0.2814285714285714 0.0583756345177665 0.02142857142857143
3 0.9086294416243655 0.2614285714285714 0.05583756345177665 0.02
3 0.9752538071065989 0.4225 0.044416243654822336 0.027857142857142858
3 0.9758883248730964 0.49785714285714283 0.04568527918781726 0.03571428571428571
3 0.9079949238578681 0.054285714285714284 0.011421319796954314 0.007142857142857143
3 0.9111675126903553 0.04392857142857143 0.01269035532994924 0.009285714285714286
2 0.815989847715736 0.1325 0.03553299492385787 0.029285714285714286
3 0.9067258883248732 0.09857142857142857 0.01649746192893401 0.011428571428571429
7 0.8699238578680203 0.43535714285714283 0.024111675126903553 0.020714285714285713
7 0.8661167512690355 0.5053571428571428 0.024111675126903553 0.020714285714285713