7 0.013809523809523808 0.12428571428571429 0.014285714285714285 0.02
3 0.04047619047619047 0.061785714285714284 0.04095238095238095 0.020714285714285713
3 0.09523809523809522 0.03571428571428571 0.05142857142857143 0.017142857142857144
3 0.11857142857142858 0.023571428571428573 0.037142857142857144 0.015714285714285715
7 0.11142857142857143 0.05107142857142857 0.015238095238095238 0.015
7 0.12523809523809523 0.04071428571428572 0.01238095238095238 0.017142857142857144
3 0.2 0.025 0.022857142857142857 0.017142857142857144
3 0.17619047619047618 0.10785714285714286 0.030476190476190476 0.02857142857142857
3 0.2257142857142857 0.03857142857142857 0.02095238095238095 0.02142857142857143
3 0.27190476190476187 0.09857142857142857 0.021904761904761903 0.02142857142857143
3 0.27714285714285714 0.08142857142857143 0.02476190476190476 0.02
3 0.27904761904761904 0.06714285714285714 0.02857142857142857 0.012857142857142857
3 0.2847619047619047 0.0575 0.02857142857142857 0.020714285714285713
3 0.29047619047619044 0.04535714285714286 0.02095238095238095 0.019285714285714285
2 0.33285714285714285 0.11964285714285715 0.11904761904761904 0.06785714285714285
3 0.37714285714285717 0.036071428571428574 0.02095238095238095 0.015
3 0.3619047619047619 0.013214285714285715 0.015238095238095238 0.010714285714285714
3 0.3538095238095238 0.07285714285714286 0.03142857142857143 0.018571428571428572
7 0.42142857142857143 0.010714285714285714 0.01238095238095238 0.015714285714285715
2 0.4509523809523809 0.036071428571428574 0.03333333333333333 0.035
3 0.4652380952380952 0.06285714285714286 0.021904761904761903 0.017142857142857144
5 0.45809523809523806 0.11607142857142858 0.015238095238095238 0.013571428571428571
8 0.4542857142857143 0.10785714285714286 0.011428571428571429 0.012857142857142857
8 0.5547619047619048 0.07785714285714286 0.010476190476190476 0.017142857142857144
8 0.5509523809523809 0.19642857142857142 0.018095238095238095 0.027142857142857142
8 0.6438095238095237 0.12928571428571428 0.009523809523809523 0.02
8 0.6009523809523809 0.11892857142857143 0.011428571428571429 0.017857142857142856
8 0.5904761904761905 0.1175 0.011428571428571429 0.020714285714285713
8 0.5861904761904762 0.14392857142857143 0.01238095238095238 0.02214285714285714
3 0.6309523809523809 0.04964285714285714 0.0619047619047619 0.017857142857142856
3 0.7952380952380952 0.13464285714285715 0.07047619047619047 0.023571428571428573
3 0.8371428571428572 0.15678571428571428 0.0819047619047619 0.02642857142857143
10 0.9367857142857143 0.26095238095238094 0.12642857142857142 0.05047619047619047
10 0.9728571428571429 0.319047619047619 0.054285714285714284 0.06380952380952382
3 0.8390476190476189 0.35678571428571426 0.1238095238095238 0.039285714285714285
10 0.7666666666666666 0.2567857142857143 0.11047619047619046 0.03357142857142857
7 0.708095238095238 0.3317857142857143 0.014285714285714285 0.027857142857142858
7 0.7671428571428571 0.2860714285714286 0.008571428571428572 0.02642857142857143
7 0.7947619047619047 0.2957142857142857 0.014285714285714285 0.024285714285714285
5 0.7866666666666666 0.2935714285714286 0.03428571428571429 0.017142857142857144
7 0.7876190476190476 0.2825 0.019047619047619046 0.019285714285714285
7 0.6014285714285714 0.3325 0.01238095238095238 0.029285714285714286
3 0.16666666666666666 0.7285714285714285 0.09142857142857143 0.041428571428571426
2 0.7852380952380952 0.5871428571428572 0.2847619047619047 0.3242857142857143