11 0.13238095238095238 0.49892857142857144 0.1352380952380952 0.04928571428571429
11 0.43047619047619046 0.5396428571428571 0.17142857142857143 0.060714285714285714
0 0.2438095238095238 0.4825 0.03809523809523809 0.020714285714285713
0 0.5014285714285714 0.4710714285714286 0.050476190476190466 0.017857142857142856
0 0.4066666666666666 0.2646428571428571 0.02095238095238095 0.019285714285714285
0 0.4361904761904762 0.26607142857142857 0.03809523809523809 0.017857142857142856
7 0.42714285714285716 0.33 0.021904761904761903 0.022857142857142857
3 0.45619047619047615 0.37392857142857144 0.13333333333333333 0.04214285714285714
0 0.40952380952380946 0.2910714285714286 0.06285714285714286 0.04071428571428572
7 0.9371428571428572 0.21428571428571427 0.015238095238095238 0.024285714285714285
7 0.9652380952380952 0.2935714285714286 0.014285714285714285 0.025714285714285714
3 0.9685714285714285 0.12857142857142856 0.06285714285714286 0.03333333333333333
7 0.9133333333333332 0.09142857142857143 0.011428571428571429 0.02142857142857143
3 0.6923809523809523 0.04107142857142857 0.026666666666666665 0.029285714285714286
3 0.6457142857142857 0.03214285714285714 0.02857142857142857 0.025714285714285714