3 0.4093333333333333 0.6345 0.09333333333333332 0.087
3 0.7466666666666666 0.52475 0.09066666666666666 0.0395
3 0.765 0.495 0.09 0.029
3 0.77 0.4705 0.10266666666666666 0.031
3 0.7833333333333332 0.4485 0.084 0.027
3 0.7843333333333332 0.428 0.094 0.028
3 0.6563333333333332 0.4015 0.054 0.037
3 0.7956666666666666 0.41025 0.08733333333333333 0.0225
3 0.8043333333333332 0.39275 0.074 0.0245
3 0.8186666666666667 0.3755 0.07466666666666666 0.021
3 0.8133333333333332 0.35975 0.064 0.0215
5 0.8506666666666667 0.33325 0.018666666666666665 0.0125
3 0.774 0.33975 0.03866666666666666 0.0215
7 0.749 0.28175 0.006 0.0165
11 0.817 0.2565 0.024666666666666663 0.022
7 0.3886666666666666 0.20525 0.004 0.0105
3 0.9396666666666667 0.17975 0.016666666666666663 0.0095
3 0.953 0.164 0.016666666666666663 0.01
3 0.9476666666666667 0.10425 0.008666666666666666 0.0055
4 0.98175 0.174 0.0365 0.048
4 0.9593333333333333 0.20525 0.048 0.0135
4 0.9556666666666667 0.186 0.014 0.022
4 0.948 0.115 0.028 0.011
4 0.9626666666666667 0.10775 0.016 0.0075