3 0.413 0.596 0.14066666666666666 0.089
3 0.29933333333333334 0.535 0.08533333333333333 0.085
3 0.22066666666666665 0.4635 0.1333333333333333 0.067
3 0.161 0.40725 0.08866666666666666 0.0545
11 0.12633333333333333 0.31725 0.12066666666666666 0.0465
7 0.025333333333333333 0.363 0.029333333333333333 0.034
3 0.345 0.24925 0.07 0.0285
3 0.3246666666666666 0.23825 0.06 0.0255
3 0.29133333333333333 0.2285 0.07466666666666666 0.026
3 0.6053333333333333 0.261 0.07333333333333333 0.031
3 0.676 0.28 0.064 0.03
3 0.7383333333333333 0.29275 0.04333333333333333 0.0335
1 0.5603333333333332 0.239 0.018 0.017
5 0.5336666666666666 0.23275 0.011333333333333332 0.0165
5 0.461 0.21825 0.020666666666666663 0.0135