3 0.11857142857142858 0.04178571428571429 0.02952380952380952 0.030714285714285715
3 0.021904761904761903 0.12285714285714286 0.030476190476190476 0.032857142857142856
7 0.61 0.1 0.006666666666666666 0.014285714285714285
7 0.5319047619047619 0.24357142857142858 0.010476190476190476 0.015714285714285715
2 0.6252380952380951 0.11428571428571428 0.08857142857142856 0.06857142857142857
2 0.5166666666666666 0.15571428571428572 0.11904761904761904 0.041428571428571426
2 0.4714285714285714 0.20892857142857144 0.1219047619047619 0.04642857142857143
3 0.6438095238095237 0.36178571428571427 0.06095238095238095 0.029285714285714286
5 0.6747619047619048 0.33964285714285714 0.021904761904761903 0.010714285714285714
1 0.6742857142857143 0.3264285714285714 0.026666666666666665 0.008571428571428572
3 0.6461904761904762 0.3896428571428571 0.07333333333333332 0.04214285714285714
3 0.6861904761904761 0.4060714285714286 0.0676190476190476 0.035
3 0.6985714285714286 0.44392857142857145 0.07333333333333332 0.04071428571428572
10 0.6052380952380951 0.44607142857142856 0.054285714285714284 0.06357142857142857
5 0.7885714285714286 0.5021428571428571 0.015238095238095238 0.02857142857142857
5 0.8014285714285714 0.49464285714285716 0.014285714285714285 0.025
3 0.7585714285714286 0.5607142857142857 0.07904761904761905 0.05
3 0.7142857142857143 0.5364285714285715 0.07428571428571429 0.04428571428571428
3 0.6704761904761904 0.5192857142857142 0.07809523809523809 0.04428571428571428
7 0.6847619047619047 0.6889285714285714 0.013333333333333332 0.010714285714285714
3 0.5457142857142857 0.6371428571428571 0.015238095238095238 0.011428571428571429
5 0.08761904761904761 0.6792857142857143 0.03619047619047619 0.017142857142857144
2 0.39904761904761904 0.38 0.08 0.09285714285714286
2 0.20619047619047617 0.3742857142857143 0.1361904761904762 0.12857142857142856
2 0.1276190476190476 0.3632142857142857 0.1238095238095238 0.13357142857142856