10 0.7990476190476189 0.24321428571428572 0.02857142857142857 0.02214285714285714
3 0.770952380952381 0.2332142857142857 0.02 0.009285714285714286
3 0.8047619047619047 0.26857142857142857 0.02095238095238095 0.014285714285714285
3 0.7333333333333332 0.22 0.015238095238095238 0.008571428571428572
3 0.6995238095238094 0.20107142857142857 0.014285714285714285 0.007857142857142858
3 0.5857142857142857 0.2835714285714286 0.015238095238095238 0.014285714285714285
3 0.5785714285714286 0.3117857142857143 0.01619047619047619 0.013571428571428571
3 0.5738095238095238 0.325 0.018095238095238095 0.017142857142857144
3 0.4466666666666666 0.3582142857142857 0.05142857142857143 0.017857142857142856
3 0.44142857142857145 0.3707142857142857 0.054285714285714284 0.014285714285714285
10 0.5485714285714286 0.2832142857142857 0.022857142857142857 0.027857142857142858
10 0.5419047619047619 0.3078571428571429 0.02095238095238095 0.022857142857142857
3 0.2357142857142857 0.45 0.050476190476190466 0.03571428571428571
5 0.699047619047619 0.3585714285714286 0.005714285714285714 0.012857142857142857
5 0.6895238095238094 0.29 0.0038095238095238095 0.01
7 0.6714285714285714 0.235 0.0019047619047619048 0.005714285714285714
7 0.6652380952380952 0.20892857142857144 0.002857142857142857 0.005
8 0.699047619047619 0.3560714285714286 0.007619047619047619 0.007857142857142858
8 0.6904761904761905 0.2882142857142857 0.005714285714285714 0.0064285714285714285
4 0.6776190476190476 0.19678571428571429 0.0047619047619047615 0.007857142857142858
4 0.679047619047619 0.11214285714285714 0.03238095238095238 0.03428571428571429
10 0.7238095238095238 0.16214285714285714 0.015238095238095238 0.008571428571428572
10 0.6719047619047619 0.14464285714285716 0.008571428571428572 0.007857142857142858
10 0.7852380952380952 0.14964285714285713 0.01238095238095238 0.012142857142857143
3 0.7947619047619047 0.15857142857142856 0.008571428571428572 0.004285714285714286
10 0.8376190476190475 0.19214285714285714 0.010476190476190476 0.014285714285714285
10 0.8204761904761904 0.17607142857142857 0.014285714285714285 0.016428571428571428
10 0.8638095238095238 0.2067857142857143 0.013333333333333332 0.010714285714285714
4 0.9909523809523809 0.30107142857142855 0.01619047619047619 0.020714285714285713
4 0.9390476190476189 0.2542857142857143 0.019047619047619046 0.011428571428571429