3 0.8098330241187384 0.46790187891440504 0.06307977736549165 0.027661795407098125
7 0.6614100185528756 0.5109603340292276 0.022263450834879406 0.016701461377870565
3 0.5445269016697588 0.3361169102296451 0.08163265306122448 0.02609603340292276
3 0.5570500927643783 0.25704592901878914 0.041743970315398886 0.029749478079331943
3 0.49304267161410015 0.24191022964509395 0.06771799628942485 0.021398747390396662
3 0.45129870129870125 0.1751043841336117 0.062152133580705 0.020354906054279753
7 0.48933209647495357 0.04305845511482255 0.008348794063079777 0.007828810020876828
7 0.4749536178107606 0.04149269311064718 0.011131725417439703 0.008872651356993737
3 0.362708719851577 0.07332985386221294 0.03896103896103896 0.020354906054279753
3 0.9893006263048016 0.017161410018552876 0.02139874739039666 0.01020408163265306
3 0.958256029684601 0.020093945720250524 0.03710575139146567 0.01096033402922756