1 0.679 0.03325 0.007333333333333333 0.0105
3 0.716 0.05325 0.026666666666666665 0.0195
3 0.688 0.0775 0.029333333333333333 0.014
7 0.5616666666666666 0.119 0.012666666666666666 0.021
3 0.5916666666666667 0.157 0.03133333333333333 0.025
9 0.47966666666666663 0.1875 0.03266666666666666 0.021
11 0.388 0.25425 0.072 0.0435
1 0.36233333333333334 0.2775 0.026 0.019
8 0.3856666666666666 0.28225 0.018 0.0155
5 0.389 0.28775 0.026 0.0175
7 0.3903333333333333 0.31775 0.01933333333333333 0.0215
5 0.31766666666666665 0.304 0.020666666666666663 0.023
9 0.24533333333333332 0.34375 0.041333333333333326 0.0335
7 0.331 0.393 0.022 0.022
8 0.191 0.38825 0.024666666666666663 0.0245
5 0.192 0.3915 0.04533333333333333 0.012
8 0.497 0.40875 0.020666666666666663 0.0175
5 0.49966666666666665 0.42075 0.024666666666666663 0.0185
7 0.574 0.434 0.016 0.024
8 0.569 0.41975 0.018 0.0205
5 0.5666666666666667 0.4215 0.032 0.018
5 0.6163333333333333 0.425 0.03266666666666666 0.02
7 0.6183333333333333 0.42 0.011333333333333332 0.012
7 0.582 0.399 0.014666666666666666 0.024
7 0.598 0.39025 0.009333333333333332 0.0145
8 0.5233333333333332 0.401 0.018666666666666665 0.025
5 0.5253333333333332 0.405 0.04 0.015
8 0.5263333333333332 0.37675 0.014 0.0215
5 0.5246666666666666 0.38025 0.030666666666666665 0.0195
8 0.559 0.398 0.007333333333333333 0.009
6 0.5623333333333332 0.3975 0.018 0.013
7 0.5873333333333333 0.389 0.014666666666666666 0.024
7 0.5663333333333332 0.354 0.016666666666666663 0.018
9 0.5716666666666667 0.37075 0.08466666666666665 0.0325
7 0.8296666666666667 0.37875 0.008666666666666666 0.0135
7 0.8293333333333333 0.36025 0.014666666666666666 0.0245
8 0.8103333333333332 0.48875 0.02333333333333333 0.0195
5 0.807 0.49275 0.026 0.0335
8 0.7836666666666666 0.509 0.020666666666666663 0.019
5 0.7823333333333332 0.5185 0.022 0.036
7 0.7323333333333333 0.5125 0.020666666666666663 0.038
9 0.7543333333333333 0.52025 0.04466666666666667 0.0365
7 0.099 0.72575 0.04466666666666667 0.0305
3 0.29533333333333334 0.72225 0.16 0.0545
3 0.5266666666666666 0.696 0.172 0.087
3 0.685 0.71875 0.17666666666666667 0.0615
3 0.956 0.7196666666666667 0.088 0.06
7 0.7166666666666667 0.6135 0.016 0.021
7 0.766 0.6005 0.018666666666666665 0.023
8 0.7573333333333333 0.5705 0.026666666666666665 0.02
5 0.7586666666666666 0.57575 0.044 0.0325
8 0.777 0.63075 0.02733333333333333 0.0275
5 0.777 0.63525 0.03 0.0435
3 0.8853333333333333 0.594 0.084 0.104
3 0.96975 0.5733333333333334 0.0605 0.09333333333333334