2 0.13428571428571429 0.6723809523809524 0.26857142857142857 0.15333333333333332
3 0.8595238095238095 0.6857142857142857 0.1419047619047619 0.12285714285714286
7 0.8152380952380952 0.44571428571428573 0.005714285714285714 0.018571428571428572
7 0.9190476190476189 0.4085714285714286 0.0038095238095238095 0.01
7 0.8885714285714286 0.40964285714285714 0.0038095238095238095 0.009285714285714286
10 0.2933333333333333 0.4735714285714286 0.11428571428571428 0.05714285714285714
3 0.4085714285714286 0.45714285714285713 0.06666666666666667 0.022857142857142857
8 0.4995238095238095 0.4714285714285714 0.01238095238095238 0.02
1 0.5004761904761904 0.48178571428571426 0.023809523809523805 0.019285714285714285
3 0.6033333333333333 0.5489285714285714 0.06 0.056428571428571425
3 0.9447619047619047 0.5257142857142857 0.05714285714285714 0.04285714285714286
3 0.7519047619047617 0.48964285714285716 0.1 0.027857142857142858
3 0.8533333333333333 0.44035714285714284 0.02857142857142857 0.017857142857142856
3 0.8509523809523809 0.42178571428571426 0.018095238095238095 0.010714285714285714
7 0.7771428571428571 0.42178571428571426 0.005714285714285714 0.012142857142857143
3 0.9704761904761904 0.43107142857142855 0.019047619047619046 0.013571428571428571
3 0.93 0.4225 0.01619047619047619 0.010714285714285714
2 0.8804761904761904 0.3975 0.01238095238095238 0.009285714285714286
10 0.9361904761904761 0.4032142857142857 0.02857142857142857 0.012142857142857143
3 0.9676190476190475 0.4117857142857143 0.013333333333333332 0.009285714285714286
3 0.9989285714285714 0.4138095238095238 0.002142857142857143 0.010476190476190476
3 0.9996428571428572 0.41095238095238096 0.0007142857142857143 0.007619047619047619
3 0.9953571428571428 0.4066666666666667 0.009285714285714286 0.007619047619047619
3 0.9795238095238095 0.4082142857142857 0.01238095238095238 0.009285714285714286
3 0.9238095238095237 0.39464285714285713 0.017142857142857144 0.005
3 0.9333333333333332 0.3939285714285714 0.017142857142857144 0.005
3 0.9528571428571428 0.3921428571428571 0.006666666666666666 0.004285714285714286
3 0.9966666666666666 0.3960714285714286 0.006666666666666666 0.005
3 0.9809523809523809 0.3921428571428571 0.005714285714285714 0.004285714285714286
3 0.989047619047619 0.3914285714285714 0.0047619047619047615 0.002857142857142857
3 0.9971428571428571 0.3942857142857143 0.005714285714285714 0.004761904761904762
3 0.9975 0.39285714285714285 0.005 0.004761904761904762
3 0.9971428571428571 0.3914285714285714 0.005714285714285714 0.004761904761904762
3 0.9957142857142857 0.3871428571428571 0.0047619047619047615 0.002857142857142857
3 0.9823809523809524 0.3875 0.002857142857142857 0.002142857142857143
3 0.9861904761904761 0.3875 0.002857142857142857 0.002142857142857143
3 0.966190476190476 0.39 0.0047619047619047615 0.002857142857142857
3 0.9614285714285714 0.3871428571428571 0.0047619047619047615 0.002857142857142857
3 0.968095238095238 0.38857142857142857 0.0047619047619047615 0.002857142857142857