7 0.508095238095238 0.5035714285714286 0.050476190476190466 0.05857142857142857
7 0.4295238095238095 0.3867857142857143 0.02857142857142857 0.045
7 0.33904761904761904 0.3464285714285714 0.026666666666666665 0.03428571428571429
7 0.20619047619047617 0.20214285714285715 0.018095238095238095 0.02
7 0.35666666666666663 0.20142857142857143 0.014285714285714285 0.02
7 0.5580952380952381 0.2475 0.013333333333333332 0.023571428571428573
7 0.5752380952380952 0.24785714285714286 0.022857142857142857 0.025714285714285714
7 0.5952380952380952 0.25035714285714283 0.013333333333333332 0.023571428571428573
7 0.6190476190476191 0.26321428571428573 0.019047619047619046 0.027857142857142858
8 0.6671428571428571 0.25357142857142856 0.02 0.02
1 0.6138095238095238 0.25785714285714284 0.035238095238095235 0.017142857142857144
1 0.7342857142857143 0.26857142857142857 0.02857142857142857 0.02857142857142857
1 0.7371428571428571 0.26821428571428574 0.0419047619047619 0.025
7 0.9476190476190475 0.2307142857142857 0.017142857142857144 0.027142857142857142
8 0.9709523809523809 0.22464285714285714 0.01619047619047619 0.017857142857142856