11 0.4790609137055838 0.4060714285714286 0.03426395939086294 0.029285714285714286
11 0.54251269035533 0.4425 0.03680203045685279 0.034999999999999996
11 0.43337563451776645 0.08535714285714285 0.01649746192893401 0.012142857142857141
3 0.36865482233502533 0.016071428571428573 0.01649746192893401 0.009285714285714286
3 0.3870558375634518 0.0067857142857142855 0.01269035532994924 0.007857142857142858
3 0.4473350253807107 0.0064285714285714285 0.011421319796954314 0.007142857142857143
3 0.4359137055837563 0.033928571428571426 0.01649746192893401 0.009285714285714286
3 0.45558375634517767 0.0325 0.01269035532994924 0.007857142857142858
3 0.48223350253807107 0.012857142857142857 0.01269035532994924 0.008571428571428572
3 0.4739847715736041 0.052142857142857144 0.013959390862944163 0.008571428571428572
3 0.4530456852791878 0.06964285714285715 0.015228426395939087 0.009285714285714286
3 0.42576142131979694 0.07428571428571429 0.01649746192893401 0.008571428571428572
3 0.4727157360406091 0.12714285714285714 0.021573604060913708 0.012857142857142857
3 0.4517766497461929 0.17428571428571427 0.02030456852791878 0.014285714285714285
3 0.5596446700507614 0.18535714285714286 0.03553299492385787 0.013571428571428571
3 0.5767766497461929 0.23607142857142854 0.026649746192893398 0.016428571428571428
11 0.4758883248730964 0.07964285714285714 0.017766497461928935 0.013571428571428571
2 0.4949238578680203 0.03607142857142857 0.02538071065989848 0.023571428571428573
3 0.6446700507614213 0.18035714285714285 0.048223350253807105 0.012142857142857141
3 0.7360406091370558 0.17428571428571427 0.02284263959390863 0.011428571428571429
3 0.7557106598984772 0.1607142857142857 0.024111675126903553 0.012857142857142857
3 0.7715736040609137 0.1475 0.02538071065989848 0.010714285714285714
3 0.7918781725888324 0.1357142857142857 0.02538071065989848 0.011428571428571429
3 0.8591370558375635 0.1232142857142857 0.03299492385786802 0.010714285714285714
3 0.9086294416243655 0.12035714285714284 0.04060913705583756 0.009285714285714286
3 0.774746192893401 0.1025 0.019035532994923856 0.013571428571428571
3 0.7734771573604061 0.09142857142857143 0.01649746192893401 0.012857142857142857
3 0.8451776649746193 0.07178571428571429 0.027918781725888325 0.009285714285714286
3 0.7861675126903553 0.11249999999999999 0.024111675126903553 0.013571428571428571
3 0.8578680203045684 0.11035714285714286 0.03553299492385787 0.010714285714285714
3 0.7899746192893401 0.0757142857142857 0.021573604060913708 0.011428571428571429
3 0.9796954314720813 0.10107142857142858 0.02538071065989848 0.009285714285714286
11 0.9060913705583756 0.048928571428571425 0.027918781725888325 0.010714285714285714
3 0.8724619289340101 0.17928571428571427 0.024111675126903553 0.017142857142857144
3 0.7956852791878173 0.1825 0.02538071065989848 0.017857142857142856
3 0.8496192893401016 0.21749999999999997 0.026649746192893398 0.015000000000000001
3 0.9029187817258884 0.21321428571428572 0.02918781725888325 0.015000000000000001
3 0.8217005076142133 0.1825 0.024111675126903553 0.017857142857142856
3 0.9720812182741116 0.17642857142857143 0.027918781725888325 0.017142857142857144
3 0.9720812182741116 0.2032142857142857 0.027918781725888325 0.016428571428571428
10 0.9985714285714286 0.10913705583756345 0.002857142857142857 0.015228426395939087
3 1 0.09961928934010152 0 0.008883248730964468
3 0.9967857142857143 0.09454314720812183 0.0064285714285714285 0.008883248730964468
3 0.9975 0.08946700507614214 0.005 0.008883248730964468
3 0.9942857142857143 0.07233502538071065 0.011428571428571429 0.007614213197969543
3 0.9714467005076142 0.06107142857142857 0.03426395939086294 0.0064285714285714285
3 0.9651015228426396 0.05892857142857143 0.03426395939086294 0.007857142857142858
3 0.9612944162436547 0.05464285714285714 0.03426395939086294 0.007857142857142858
3 0.9562182741116751 0.05178571428571428 0.03426395939086294 0.007857142857142858
3 0.9511421319796954 0.04964285714285714 0.03426395939086294 0.007857142857142858
3 0.9422588832487309 0.044642857142857144 0.03426395939086294 0.007857142857142858
3 0.940989847715736 0.04107142857142857 0.03426395939086294 0.007857142857142858
4 0.91751269035533 0.026071428571428572 0.03807106598984771 0.017857142857142856
4 0.8878571428571429 0.007614213197969543 0.03428571428571429 0.015228426395939087
11 0.9168781725888324 0.0064285714285714285 0.013959390862944163 0.01
3 0.9612944162436547 0.03464285714285714 0.019035532994923856 0.009285714285714286
3 0.9758883248730964 0.02857142857142857 0.017766497461928935 0.01
7 0.8458121827411167 0.1907142857142857 0.008883248730964468 0.01
7 0.8305837563451777 0.1907142857142857 0.008883248730964468 0.011428571428571429
7 0.6947969543147209 0.1907142857142857 0.008883248730964468 0.011428571428571429
7 0.9092639593908629 0.2932142857142857 0.011421319796954314 0.012142857142857141
7 0.6357868020304569 0.19142857142857142 0.007614213197969543 0.012857142857142857
8 0.5323604060913706 0.1757142857142857 0.011421319796954314 0.008571428571428572
1 0.5317258883248731 0.17892857142857144 0.007614213197969543 0.009285714285714286
8 0.6389593908629442 0.3821428571428572 0.013959390862944163 0.011428571428571429
8 0.6383248730964467 0.37785714285714284 0.017766497461928935 0.011428571428571429
1 0.6186548223350253 0.3410714285714285 0.019035532994923856 0.010714285714285714
7 0.5875634517766498 0.3885714285714285 0.01015228426395939 0.015714285714285715
3 0.5399746192893401 0.39535714285714285 0.0317258883248731 0.03214285714285715
3 0.5355329949238579 0.2832142857142857 0.027918781725888325 0.02214285714285714
3 0.5279187817258884 0.315 0.02030456852791878 0.02142857142857143
3 0.4118020304568528 0.4803571428571428 0.03934010152284264 0.03785714285714285
3 0.2455583756345178 0.5296428571428571 0.04695431472081218 0.043571428571428567
3 0.5437817258883249 0.5003571428571428 0.0317258883248731 0.039285714285714285
7 0.625 0.4714285714285714 0.013959390862944163 0.014285714285714285
7 0.6199238578680203 0.47357142857142853 0.011421319796954314 0.012857142857142857