3 0.9606666666666667 0.63325 0.076 0.1195
3 0.8826666666666666 0.51925 0.072 0.1055
3 0.8666666666666666 0.3965 0.06933333333333333 0.068
3 0.7506666666666666 0.19475 0.056 0.0355
3 0.727 0.14175 0.05533333333333333 0.0405
3 0.5606666666666666 0.3265 0.076 0.064
3 0.5603333333333332 0.27675 0.07666666666666666 0.0545
3 0.608 0.05925 0.029333333333333333 0.0255
3 0.7083333333333333 0.11125 0.062 0.0305
3 0.5493333333333332 0.19725 0.03733333333333333 0.0525
3 0.5443333333333332 0.099 0.03133333333333333 0.034
3 0.5716666666666667 0.4735 0.098 0.094
3 0.581 0.587 0.13 0.101
3 0.5656666666666667 0.381 0.09666666666666665 0.07
3 0.5913333333333333 0.696 0.1613333333333333 0.107
3 0.5573333333333332 0.15825 0.072 0.0465
3 0.7076666666666667 0.09375 0.05933333333333333 0.0285
11 0.701 0.06875 0.028666666666666663 0.0285
3 0.5403333333333332 0.06775 0.028666666666666663 0.0355
11 0.8913333333333333 0.0945 0.06 0.028
10 0.544 0.04225 0.033333333333333326 0.0345
10 0.682 0.018 0.0415 0.036
7 0.01225 0.27066666666666667 0.0245 0.024666666666666667
8 0.6886666666666666 0.0235 0.010666666666666666 0.01
9 0.6613333333333332 0.08075 0.012 0.0165
1 0.65 0.0975 0.008 0.015
5 0.658 0.11625 0.010666666666666666 0.0155
7 0.6606666666666666 0.075 0.009333333333333332 0.017
7 0.65 0.09325 0.008 0.0165
7 0.658 0.11225 0.009333333333333332 0.0165
1 0.9813333333333333 0.06775 0.008 0.0105
9 0.975 0.064 0.011333333333333332 0.011
7 0.945 0.41725 0.012666666666666666 0.0155
7 0.9463333333333332 0.4035 0.012666666666666666 0.015
7 0.937 0.4 0.020666666666666663 0.021
11 0.9033333333333332 0.20475 0.049333333333333326 0.0515