11 0.05761904761904761 0.1975 0.027619047619047616 0.030714285714285715
3 0.07619047619047618 0.19714285714285715 0.022857142857142857 0.027142857142857142
3 0.7171428571428572 0.075 0.03428571428571429 0.014285714285714285
3 0.956190476190476 0.15357142857142858 0.022857142857142857 0.02857142857142857
3 0.9838095238095238 0.13142857142857142 0.017142857142857144 0.025714285714285714
3 0.9914285714285714 0.15857142857142856 0.017142857142857144 0.01904761904761905
10 0.9638095238095238 0.1957142857142857 0.030476190476190476 0.03142857142857143
3 0.9228571428571428 0.23 0.022857142857142857 0.037142857142857144
10 0.9542857142857143 0.2957142857142857 0.019047619047619046 0.03142857142857143
3 0.9747619047619046 0.30857142857142855 0.021904761904761903 0.027142857142857142
10 0.9071428571428571 0.35428571428571426 0.09428571428571429 0.03142857142857143
3 0.9461904761904761 0.3782142857142857 0.037142857142857144 0.017857142857142856
3 0.6480952380952381 0.385 0.035238095238095235 0.015714285714285715
3 0.6209523809523809 0.34714285714285714 0.03619047619047619 0.015714285714285715
3 0.5047619047619047 0.3657142857142857 0.03809523809523809 0.014285714285714285
3 0.5452380952380952 0.3157142857142857 0.023809523809523805 0.02857142857142857
3 0.4576190476190476 0.37142857142857144 0.035238095238095235 0.014285714285714285
3 0.3 0.3385714285714286 0.03428571428571429 0.02
3 0.3133333333333333 0.3939285714285714 0.03809523809523809 0.016428571428571428
3 0.3557142857142857 0.3875 0.039047619047619046 0.016428571428571428
5 0.1280952380952381 0.43 0.018095238095238095 0.007142857142857143
5 0.14476190476190476 0.43642857142857144 0.019047619047619046 0.005714285714285714
5 0.1661904761904762 0.44607142857142856 0.01619047619047619 0.0064285714285714285
5 0.04428571428571428 0.48142857142857143 0.02 0.005714285714285714
5 0.4576190476190476 0.4446428571428571 0.018095238095238095 0.0064285714285714285
5 0.5861904761904762 0.4592857142857143 0.01619047619047619 0.007142857142857143
5 0.9790476190476189 0.24785714285714286 0.013333333333333332 0.011428571428571429
5 0.9928571428571429 0.2985714285714286 0.010476190476190476 0.008571428571428572