7 0.10095238095238093 0.13714285714285715 0.019047619047619046 0.018571428571428572
7 0.09333333333333332 0.14035714285714285 0.009523809523809523 0.010714285714285714
7 0.08428571428571428 0.13535714285714287 0.01619047619047619 0.017857142857142856
8 0.3966666666666666 0.1407142857142857 0.010476190476190476 0.014285714285714285
8 0.46619047619047616 0.13178571428571428 0.006666666666666666 0.009285714285714286
8 0.4633333333333333 0.1325 0.01238095238095238 0.016428571428571428
7 0.520952380952381 0.09071428571428572 0.013333333333333332 0.018571428571428572
7 0.54 0.09428571428571429 0.011428571428571429 0.018571428571428572
1 0.5776190476190476 0.09142857142857143 0.023809523809523805 0.015714285714285715
7 0.7461904761904761 0.09 0.008571428571428572 0.018571428571428572
7 0.739047619047619 0.365 0.017142857142857144 0.015714285714285715
5 0.71 0.37285714285714283 0.02952380952380952 0.018571428571428572
5 0.7 0.3607142857142857 0.03238095238095238 0.018571428571428572
5 0.6933333333333334 0.34964285714285714 0.03809523809523809 0.016428571428571428
8 0.8033333333333332 0.3442857142857143 0.014285714285714285 0.011428571428571429
5 0.8038095238095238 0.3489285714285714 0.017142857142857144 0.03357142857142857
5 0.79 0.315 0.027619047619047616 0.022857142857142857
5 0.8047619047619047 0.30857142857142855 0.026666666666666665 0.022857142857142857
5 0.8223809523809523 0.30428571428571427 0.027619047619047616 0.022857142857142857
5 0.7638095238095237 0.38607142857142857 0.02476190476190476 0.027857142857142858
5 0.7842857142857143 0.38 0.021904761904761903 0.027142857142857142
5 0.8009523809523809 0.37464285714285717 0.02476190476190476 0.02642857142857143
1 0.8114285714285714 0.37285714285714283 0.019047619047619046 0.02
5 0.8304761904761904 0.3360714285714286 0.03238095238095238 0.016428571428571428
5 0.8371428571428572 0.3457142857142857 0.03238095238095238 0.017142857142857144
5 0.8442857142857143 0.355 0.039047619047619046 0.02142857142857143
5 0.8571428571428571 0.3653571428571429 0.03238095238095238 0.017857142857142856
5 0.8647619047619046 0.37464285714285717 0.03428571428571429 0.023571428571428573
1 0.8676190476190475 0.38321428571428573 0.026666666666666665 0.009285714285714286
5 0.8823809523809524 0.3889285714285714 0.035238095238095235 0.015
1 0.8895238095238095 0.39571428571428574 0.02095238095238095 0.014285714285714285
5 0.8961904761904761 0.40214285714285714 0.03428571428571429 0.015714285714285715
5 0.9095238095238095 0.4110714285714286 0.03428571428571429 0.017857142857142856
5 0.9247619047619047 0.42178571428571426 0.04 0.019285714285714285
5 0.9342857142857143 0.4375 0.03809523809523809 0.020714285714285713
5 0.9576190476190475 0.4442857142857143 0.037142857142857144 0.02857142857142857
5 0.9985714285714286 0.490952380952381 0.002857142857142857 0.02857142857142857
5 0.9857142857142858 0.30107142857142855 0.02476190476190476 0.02214285714285714
7 0.9828571428571429 0.29642857142857143 0.015238095238095238 0.02142857142857143
5 0.9261904761904761 0.2639285714285714 0.023809523809523805 0.020714285714285713
5 0.9390476190476189 0.25857142857142856 0.02095238095238095 0.02
5 0.9552380952380952 0.2557142857142857 0.022857142857142857 0.02142857142857143
5 0.9847619047619046 0.24464285714285713 0.02476190476190476 0.02642857142857143
5 0.9953571428571428 0.24285714285714285 0.009285714285714286 0.021904761904761906