11 0.12142857142857143 0.02095238095238095 0.05071428571428571 0.0419047619047619
3 0.11523809523809522 0.06642857142857143 0.05714285714285714 0.04857142857142857
3 0.10047619047619047 0.11214285714285714 0.0638095238095238 0.054285714285714284
11 0.0819047619047619 0.16 0.06857142857142857 0.06857142857142857
3 0.06238095238095238 0.235 0.07523809523809523 0.07714285714285714
3 0.15 0.25785714285714284 0.07714285714285714 0.08428571428571428
3 0.2947619047619047 0.1975 0.0619047619047619 0.07642857142857143
7 0.3495238095238095 0.19964285714285715 0.026666666666666665 0.04214285714285714
7 0.34 0.09392857142857143 0.02476190476190476 0.029285714285714286
7 0.35333333333333333 0.08607142857142858 0.022857142857142857 0.030714285714285715
3 0.03964285714285714 0.3361904761904762 0.07928571428571428 0.09619047619047619
2 0.4182142857142857 0.01380952380952381 0.060714285714285714 0.02761904761904762
3 0.4709523809523809 0.1475 0.05809523809523809 0.05928571428571429
11 0.5452380952380952 0.03785714285714286 0.0619047619047619 0.05
3 0.58 0.08071428571428571 0.05523809523809523 0.04428571428571428
3 0.6295238095238095 0.07321428571428572 0.05142857142857143 0.04214285714285714
3 0.7128571428571429 0.021785714285714287 0.09047619047619047 0.029285714285714286
3 0.7504761904761904 0.04428571428571428 0.08761904761904761 0.03857142857142857
3 0.7119047619047619 0.24535714285714286 0.08666666666666667 0.07214285714285715
3 0.6423809523809523 0.3314285714285714 0.07523809523809523 0.08714285714285715
3 0.8290476190476189 0.29642857142857143 0.09047619047619047 0.07571428571428572
3 0.8776190476190475 0.2475 0.09619047619047619 0.08214285714285714
11 0.7466666666666666 0.3142857142857143 0.08761904761904761 0.07571428571428572
11 0.7757142857142857 0.22892857142857143 0.07904761904761905 0.08071428571428571
5 0.8338095238095238 0.10214285714285715 0.054285714285714284 0.03428571428571429
3 0.869047619047619 0.13285714285714287 0.1019047619047619 0.04428571428571428
3 0.9038095238095237 0.16178571428571428 0.10476190476190475 0.04214285714285714
3 0.9310714285714285 0.5733333333333334 0.13785714285714284 0.14666666666666667
3 0.7685714285714286 0.49892857142857144 0.10857142857142857 0.11928571428571429
10 0.8423809523809523 0.4278571428571429 0.1457142857142857 0.1357142857142857
7 0.7614285714285715 0.5967857142857143 0.03142857142857143 0.04071428571428572
3 0.030357142857142857 0.43857142857142856 0.060714285714285714 0.09333333333333334
3 0.02 0.5557142857142857 0.04 0.1457142857142857
3 0.016785714285714286 0.6985714285714286 0.03357142857142857 0.09904761904761905
11 0.9932142857142857 0.5795238095238096 0.013571428571428571 0.17047619047619048
3 0.9161904761904761 0.7057142857142857 0.14095238095238094 0.08714285714285715
3 0.9989285714285714 0.7271428571428571 0.002142857142857143 0.04285714285714286