3 0.91025 0.7106666666666667 0.1795 0.07733333333333334
3 0.90975 0.6083333333333333 0.1805 0.10066666666666667
3 0.90125 0.5156666666666667 0.1975 0.07933333333333334
3 0.88625 0.42633333333333334 0.2275 0.07733333333333334
3 0.889 0.35525 0.21266666666666667 0.0695
3 0.8753333333333333 0.29475 0.18 0.0595
3 0.843 0.20525 0.174 0.0635
3 0.8383333333333333 0.127 0.15 0.059
3 0.8266666666666667 0.06425 0.112 0.0515
3 0.1623333333333333 0.69025 0.31266666666666665 0.1005
3 0.205 0.56725 0.2646666666666666 0.0935
7 0.42033333333333334 0.62 0.042 0.054
3 0.2646666666666666 0.4745 0.25066666666666665 0.075
3 0.30133333333333334 0.4 0.23466666666666666 0.072
3 0.3643333333333333 0.3345 0.206 0.072
3 0.3486666666666666 0.274 0.18933333333333333 0.063
3 0.36766666666666664 0.2295 0.18466666666666665 0.057
3 0.3823333333333333 0.1855 0.15133333333333332 0.051
3 0.395 0.1305 0.214 0.075
3 0.4403333333333333 0.0695 0.146 0.044
3 0.4496666666666666 0.02775 0.11 0.0385
3 0.472 0.008333333333333333 0.0975 0.016666666666666666
7 0.244 0.0985 0.024 0.042