5 0.009642857142857142 0.3426395939086294 0.019285714285714285 0.024111675126903553
3 0.052030456852791875 0.35321428571428565 0.07106598984771574 0.05785714285714286
5 0.09454314720812182 0.365 0.02918781725888325 0.025714285714285714
5 0.14720812182741116 0.36178571428571427 0.027918781725888325 0.027857142857142858
11 0.0525 0.40482233502538073 0.105 0.04060913705583756
3 0.08692893401015228 0.44571428571428573 0.1281725888324873 0.03428571428571429
3 0.030357142857142857 0.5019035532994924 0.060714285714285714 0.06345177664974619
3 0.04631979695431472 0.5139285714285714 0.08756345177664974 0.05785714285714286
3 0.2036802030456853 0.4585714285714286 0.07233502538071065 0.05714285714285714
11 0.26776649746192893 0.45714285714285713 0.07106598984771574 0.06142857142857142
11 0.33058375634517767 0.4496428571428571 0.06218274111675127 0.065
5 0.4060913705583757 0.4771428571428571 0.02538071065989848 0.02857142857142857
5 0.41243654822335024 0.4407142857142857 0.02284263959390863 0.02857142857142857
5 0.4530456852791878 0.3864285714285714 0.048223350253807105 0.017142857142857144
5 0.4568527918781726 0.37714285714285717 0.04060913705583756 0.017142857142857144
5 0.34390862944162437 0.3196428571428571 0.048223350253807105 0.013571428571428571
5 0.35850253807106597 0.29857142857142854 0.049492385786802026 0.011428571428571429
5 0.36421319796954316 0.28857142857142853 0.048223350253807105 0.011428571428571429
4 0.38515228426395937 0.2742857142857143 0.011421319796954314 0.008571428571428572
4 0.3883248730964467 0.26428571428571423 0.01015228426395939 0.008571428571428572
4 0.3889593908629442 0.25142857142857145 0.008883248730964468 0.007142857142857143
4 0.40418781725888325 0.1932142857142857 0.008883248730964468 0.016428571428571428
4 0.39340101522842635 0.23142857142857143 0.007614213197969543 0.008571428571428572
3 0.5025380710659899 0.12142857142857143 0.03807106598984771 0.03142857142857143
7 0.600253807106599 0.03571428571428571 0.01015228426395939 0.014285714285714285
8 0.7442893401015228 0.030357142857142857 0.008883248730964468 0.013571428571428571
7 0.8394670050761421 0.06964285714285715 0.008883248730964468 0.012142857142857141
11 0.6199238578680203 0.15642857142857142 0.03426395939086294 0.03571428571428571
11 0.5894670050761421 0.18535714285714286 0.08756345177664974 0.023571428571428573
3 0.58248730964467 0.2039285714285714 0.08883248730964467 0.023571428571428573
3 0.5812182741116751 0.22285714285714286 0.08121827411167512 0.024285714285714282
3 0.5862944162436549 0.24214285714285713 0.08883248730964467 0.024285714285714282
11 0.5793147208121827 0.30857142857142855 0.10786802030456853 0.030000000000000002
3 0.5748730964467005 0.2842857142857143 0.09898477157360405 0.02857142857142857
11 0.5799492385786802 0.26285714285714284 0.10152284263959392 0.02857142857142857
1 0.9957142857142857 0.47906091370558374 0.008571428571428572 0.012690355329949238
8 0.9960714285714286 0.4739847715736041 0.007857142857142858 0.013959390862944163
8 0.9416243654822335 0.3564285714285714 0.007614213197969543 0.015714285714285715
8 0.8464467005076142 0.1357142857142857 0.01015228426395939 0.015714285714285715
8 0.8534263959390863 0.13642857142857143 0.00634517766497462 0.012857142857142857
8 0.8718274111675126 0.13607142857142857 0.015228426395939087 0.013571428571428571
8 0.8934010152284264 0.13535714285714287 0.01015228426395939 0.013571428571428571
8 0.8730964467005077 0.15821428571428572 0.02030456852791878 0.009285714285714286
7 0.8413705583756345 0.1607142857142857 0.007614213197969543 0.012857142857142857
7 0.9022842639593908 0.2646428571428571 0.01015228426395939 0.013571428571428571
7 0.9276649746192894 0.2767857142857143 0.01015228426395939 0.012142857142857141
8 0.9016497461928934 0.21571428571428572 0.01649746192893401 0.008571428571428572
7 0.9041878172588833 0.21607142857142855 0.008883248730964468 0.010714285714285714