5 0.8973333333333332 0.7075 0.017333333333333333 0.037
5 0.933 0.71 0.01933333333333333 0.034
5 0.8166666666666667 0.72475 0.021333333333333333 0.0265
9 0.792 0.67 0.06266666666666666 0.02
1 0.799 0.6585 0.04066666666666666 0.011
1 0.8056666666666666 0.635 0.03933333333333333 0.01
1 0.8033333333333332 0.627 0.03733333333333333 0.009
1 0.801 0.61875 0.038 0.0135
1 0.8046666666666666 0.6115 0.033333333333333326 0.01
1 0.8016666666666666 0.6035 0.03533333333333333 0.012
1 0.8013333333333332 0.5935 0.03733333333333333 0.01
1 0.8016666666666666 0.58625 0.03666666666666667 0.0095
1 0.798 0.57875 0.03733333333333333 0.0115
1 0.8026666666666666 0.5495 0.03733333333333333 0.01
1 0.802 0.542 0.03733333333333333 0.011
1 0.7793333333333332 0.506 0.016 0.027
5 0.8113333333333332 0.56625 0.033333333333333326 0.0095
5 0.8193333333333332 0.55825 0.036 0.0115
5 0.839 0.521 0.014 0.028
5 0.8126666666666666 0.5315 0.034666666666666665 0.012
5 0.8143333333333332 0.5225 0.03 0.015
5 0.8013333333333332 0.5185 0.033333333333333326 0.017
5 0.814 0.48525 0.034666666666666665 0.0175
5 0.8206666666666667 0.47675 0.029333333333333333 0.0135
9 0.9303333333333332 0.494 0.01933333333333333 0.035
5 0.792 0.466 0.029333333333333333 0.011
5 0.8083333333333332 0.45325 0.034 0.0205
9 0.842 0.4425 0.021333333333333333 0.038
7 0.847 0.4675 0.015333333333333332 0.017
7 0.8946666666666666 0.466 0.014666666666666666 0.016
7 0.912 0.37525 0.014666666666666666 0.0165
7 0.8526666666666667 0.35575 0.013333333333333332 0.0185
7 0.825 0.36275 0.01 0.0145
7 0.8696666666666666 0.336 0.015333333333333332 0.017
1 0.886 0.36725 0.012 0.0195
8 0.888 0.361 0.009333333333333332 0.018
5 0.8466666666666667 0.351 0.02 0.017
11 0.7906666666666666 0.3495 0.06666666666666665 0.037
3 0.96 0.3506666666666667 0.08 0.026
3 0.935 0.263 0.05133333333333333 0.03
3 0.8686666666666666 0.2805 0.07333333333333333 0.024
3 0.99875 0.094 0.0025 0.02
3 0.99675 0.08433333333333333 0.0065 0.016666666666666666
3 0.99625 0.07466666666666667 0.0075 0.015333333333333332
10 0.907 0.089 0.06733333333333333 0.031
3 0.8986666666666666 0.07 0.058666666666666666 0.022
3 0.9073333333333332 0.06075 0.05466666666666666 0.0185
3 0.98325 0.03266666666666666 0.0335 0.018666666666666668
0 0.779 0.28075 0.04466666666666667 0.0275
3 0.691 0.27725 0.07133333333333333 0.0245
3 0.5736666666666667 0.34225 0.07533333333333334 0.0275
3 0.602 0.27525 0.06933333333333333 0.0265
11 0.494 0.338 0.068 0.028
3 0.5066666666666666 0.272 0.072 0.025
3 0.4056666666666666 0.33825 0.07933333333333333 0.0265
3 0.24 0.33525 0.076 0.0255
3 0.258 0.2715 0.06933333333333333 0.023
3 0.18033333333333332 0.27025 0.07133333333333333 0.0225
7 0.20766666666666667 0.281 0.015333333333333332 0.016
3 0.02975 0.32966666666666666 0.0595 0.02666666666666667
3 0.08633333333333333 0.269 0.07 0.023
3 0.02275 0.26866666666666666 0.0455 0.02266666666666667
3 0.433 0.223 0.03666666666666667 0.03
3 0.371 0.17675 0.058 0.0205
3 0.3813333333333333 0.15825 0.057333333333333326 0.0215
3 0.5136666666666666 0.1665 0.06066666666666667 0.019
7 0.4273333333333333 0.17125 0.009333333333333332 0.0155
7 0.4313333333333333 0.167 0.010666666666666666 0.015
3 0.4766666666666666 0.148 0.032 0.026
3 0.48 0.09575 0.030666666666666665 0.0245
5 0.4283333333333333 0.088 0.015333333333333332 0.012
3 0.459 0.07525 0.04733333333333333 0.0185
3 0.47766666666666663 0.05825 0.048666666666666664 0.0155
10 0.5273333333333332 0.06625 0.03866666666666666 0.0345
9 0.553 0.0815 0.018 0.019
3 0.488 0.04925 0.044 0.0155
3 0.4973333333333333 0.04175 0.042666666666666665 0.0165
3 0.5086666666666666 0.03525 0.041333333333333326 0.0145
3 0.5213333333333332 0.02825 0.042666666666666665 0.0155
5 0.5993333333333333 0.14825 0.010666666666666666 0.0165
1 0.6073333333333333 0.14975 0.006666666666666666 0.0135
5 0.505 0.14275 0.01 0.0125
5 0.521 0.14325 0.012666666666666666 0.0165
1 0.5296666666666666 0.1445 0.007333333333333333 0.013
5 0.5373333333333332 0.143 0.006666666666666666 0.014
5 0.543 0.145 0.007333333333333333 0.013
5 0.5176666666666666 0.1245 0.014 0.015
5 0.527 0.124 0.008666666666666666 0.015
1 0.5356666666666666 0.125 0.01 0.014
1 0.5423333333333332 0.12675 0.006 0.0145
1 0.5473333333333332 0.12775 0.006666666666666666 0.0125
1 0.5573333333333332 0.1265 0.008 0.015
1 0.567 0.128 0.007333333333333333 0.015
1 0.5743333333333333 0.12725 0.007333333333333333 0.0145
1 0.579 0.12725 0.007333333333333333 0.0135
1 0.5846666666666667 0.128 0.008 0.014
1 0.5913333333333333 0.12725 0.008 0.0135
5 0.5956666666666667 0.12725 0.012666666666666666 0.0145
9 0.564 0.09275 0.012 0.0135
4 0.311 0.0305 0.06866666666666665 0.045
1 0.219 0.38625 0.03 0.0105
1 0.2063333333333333 0.4 0.03266666666666666 0.013
1 0.18666666666666665 0.4265 0.033333333333333326 0.011
1 0.18133333333333332 0.4375 0.029333333333333333 0.01
1 0.14966666666666667 0.48375 0.03666666666666667 0.0125
5 0.13866666666666666 0.505 0.033333333333333326 0.017
5 0.18433333333333332 0.4495 0.042 0.011
5 0.981 0.6876666666666666 0.038 0.02