3 0.3661904761904762 0.525 0.10571428571428572 0.037142857142857144
3 0.83 0.5117857142857143 0.050476190476190466 0.03785714285714286
3 0.9939285714285714 0.4614285714285714 0.012142857142857143 0.025714285714285714
3 0.9828571428571429 0.43476190476190474 0.03428571428571429 0.02095238095238095
3 0.7104761904761905 0.4032142857142857 0.04952380952380952 0.02214285714285714
3 0.6247619047619047 0.3796428571428571 0.04761904761904761 0.017857142857142856
3 0.41047619047619044 0.43642857142857144 0.05142857142857143 0.027142857142857142
3 0.3271428571428571 0.49142857142857144 0.09047619047619047 0.03
3 0.23047619047619045 0.5042857142857143 0.05142857142857143 0.03857142857142857
3 0.21333333333333332 0.4675 0.05142857142857143 0.035
3 0.13190476190476189 0.4625 0.04857142857142857 0.03357142857142857
7 0.7938095238095237 0.4707142857142857 0.01619047619047619 0.02142857142857143
7 0.8104761904761904 0.455 0.011428571428571429 0.022857142857142857
7 0.4995238095238095 0.5175 0.01619047619047619 0.019285714285714285
7 0.4361904761904762 0.47928571428571426 0.015238095238095238 0.024285714285714285
7 0.509047619047619 0.4825 0.01238095238095238 0.023571428571428573
7 0.03571428571428571 0.6696428571428571 0.02 0.03785714285714286
7 0.9042857142857142 0.4225 0.01619047619047619 0.016428571428571428
8 0.85 0.455 0.014285714285714285 0.017142857142857144
8 0.5333333333333333 0.4575 0.017142857142857144 0.019285714285714285
5 0.5338095238095237 0.4635714285714286 0.01619047619047619 0.018571428571428572
1 0.85 0.46035714285714285 0.02 0.016428571428571428
3 0.15476190476190477 0.6196428571428572 0.16095238095238093 0.055
3 0.19238095238095237 0.5839285714285715 0.14285714285714285 0.047857142857142855
3 0.04607142857142857 0.6004761904761905 0.09214285714285714 0.049523809523809526
3 0.03321428571428572 0.550952380952381 0.06642857142857143 0.03619047619047619
3 0.0375 0.5228571428571429 0.075 0.037142857142857144
3 0.9628571428571429 0.42678571428571427 0.04761904761904761 0.02214285714285714
3 0.8338095238095238 0.4207142857142857 0.05809523809523809 0.025714285714285714
3 0.8390476190476189 0.3917857142857143 0.043809523809523805 0.013571428571428571
3 0.6852380952380952 0.3796428571428571 0.04095238095238095 0.016428571428571428
7 0.19904761904761903 0.4175 0.013333333333333332 0.019285714285714285
3 0.309047619047619 0.4760714285714286 0.09047619047619047 0.02642857142857143
3 0.3080952380952381 0.46464285714285714 0.09047619047619047 0.02642857142857143
3 0.2957142857142857 0.4546428571428571 0.08285714285714285 0.025
3 0.28095238095238095 0.445 0.0838095238095238 0.022857142857142857
3 0.2714285714285714 0.43392857142857144 0.07619047619047618 0.020714285714285713
3 0.2571428571428571 0.4232142857142857 0.08761904761904761 0.019285714285714285
3 0.24571428571428572 0.415 0.06857142857142857 0.02142857142857143
3 0.2357142857142857 0.4089285714285714 0.0638095238095238 0.023571428571428573
3 0.23476190476190473 0.40464285714285714 0.0638095238095238 0.023571428571428573
3 0.22857142857142856 0.395 0.06666666666666667 0.018571428571428572
3 0.22476190476190475 0.3892857142857143 0.06095238095238095 0.017142857142857144
11 0.2038095238095238 0.37392857142857144 0.06095238095238095 0.020714285714285713
4 0.17761904761904762 0.34035714285714286 0.0676190476190476 0.04071428571428572
4 0.13047619047619047 0.295 0.0419047619047619 0.04857142857142857
11 0.2704761904761904 0.3417857142857143 0.030476190476190476 0.020714285714285713
3 0.25285714285714284 0.335 0.02 0.011428571428571429
11 0.24428571428571427 0.3267857142857143 0.025714285714285714 0.015
3 0.22238095238095237 0.3117857142857143 0.02 0.012142857142857143
3 0.20095238095238094 0.30142857142857143 0.017142857142857144 0.01
3 0.2523809523809524 0.3117857142857143 0.019047619047619046 0.012142857142857143
3 0.239047619047619 0.30607142857142855 0.019047619047619046 0.013571428571428571
7 0.3666666666666666 0.38357142857142856 0.011428571428571429 0.02
4 0.1519047619047619 0.2307142857142857 0.037142857142857144 0.018571428571428572
4 0.11761904761904761 0.22 0.023809523809523805 0.012857142857142857
4 0.21666666666666665 0.24714285714285714 0.03142857142857143 0.012857142857142857
3 0.18857142857142858 0.24142857142857144 0.009523809523809523 0.004285714285714286
3 0.20714285714285716 0.25785714285714284 0.008571428571428572 0.005714285714285714
3 0.1895238095238095 0.24928571428571428 0.009523809523809523 0.005714285714285714
3 0.17619047619047618 0.2475 0.009523809523809523 0.0035714285714285713
3 0.17523809523809522 0.2417857142857143 0.005714285714285714 0.0035714285714285713
3 0.22190476190476188 0.2646428571428571 0.009523809523809523 0.0064285714285714285
3 0.24095238095238095 0.26535714285714285 0.011428571428571429 0.0064285714285714285
3 0.27285714285714285 0.2725 0.01238095238095238 0.0064285714285714285
3 0.2623809523809524 0.2732142857142857 0.01238095238095238 0.0064285714285714285
3 0.2523809523809524 0.27535714285714286 0.011428571428571429 0.005
3 0.25 0.26964285714285713 0.008571428571428572 0.0064285714285714285
3 0.25857142857142856 0.26321428571428573 0.01238095238095238 0.005
3 0.32285714285714284 0.28464285714285714 0.015238095238095238 0.0064285714285714285
3 0.30761904761904757 0.2782142857142857 0.013333333333333332 0.005
3 0.2938095238095238 0.2764285714285714 0.008571428571428572 0.007142857142857143
3 0.3547619047619047 0.29392857142857143 0.02 0.007857142857142858
3 0.3866666666666666 0.3028571428571429 0.02095238095238095 0.008571428571428572
3 0.39809523809523806 0.2978571428571429 0.013333333333333332 0.007142857142857143
3 0.2838095238095238 0.2664285714285714 0.02095238095238095 0.007142857142857143
3 0.3271428571428571 0.2775 0.01619047619047619 0.0064285714285714285
3 0.45238095238095233 0.31535714285714284 0.017142857142857144 0.010714285714285714
3 0.44190476190476186 0.30107142857142855 0.022857142857142857 0.012142857142857143
3 0.5052380952380952 0.31 0.02952380952380952 0.008571428571428572
3 0.5428571428571428 0.3414285714285714 0.026666666666666665 0.011428571428571429
3 0.5885714285714285 0.3535714285714286 0.02857142857142857 0.014285714285714285
3 0.49047619047619045 0.32321428571428573 0.019047619047619046 0.010714285714285714
4 0.49809523809523804 0.33035714285714285 0.02857142857142857 0.007857142857142858
5 0.3666666666666666 0.30714285714285716 0.009523809523809523 0.007142857142857143
8 0.3657142857142857 0.305 0.005714285714285714 0.007142857142857143
4 0.299047619047619 0.2910714285714286 0.009523809523809523 0.007857142857142858
3 0.8161904761904761 0.385 0.04 0.015714285714285715
11 0.7552380952380952 0.3989285714285714 0.03619047619047619 0.020714285714285713
7 0.6557142857142857 0.7385714285714285 0.027619047619047616 0.02142857142857143
1 0.9423809523809523 0.4117857142857143 0.018095238095238095 0.012142857142857143
1 0.9242857142857143 0.40785714285714286 0.01619047619047619 0.008571428571428572