3 0.4819047619047619 0.041428571428571426 0.06285714285714286 0.06714285714285714
3 0.4576190476190476 0.1125 0.04476190476190476 0.075
3 0.45714285714285713 0.2042857142857143 0.043809523809523805 0.07857142857142857
3 0.44619047619047614 0.30607142857142855 0.050476190476190466 0.075
11 0.44619047619047614 0.4067857142857143 0.050476190476190466 0.08214285714285714
3 0.4342857142857143 0.5732142857142857 0.05333333333333333 0.085
3 0.6385714285714286 0.5571428571428572 0.04857142857142857 0.08428571428571428
3 0.7638095238095237 0.5303571428571429 0.04761904761904761 0.08214285714285714
5 0.8552380952380951 0.6317857142857143 0.03238095238095238 0.012142857142857143
5 0.8633333333333332 0.6214285714285714 0.03142857142857143 0.014285714285714285
5 0.8552380952380951 0.5714285714285714 0.02857142857142857 0.017142857142857144
5 0.8523809523809524 0.5567857142857143 0.03809523809523809 0.012142857142857143
5 0.8571428571428571 0.5428571428571428 0.03428571428571429 0.01
5 0.8519047619047618 0.5289285714285714 0.035238095238095235 0.015
3 0.6438095238095237 0.4617857142857143 0.045714285714285714 0.07928571428571428
11 0.639047619047619 0.37 0.04761904761904761 0.07857142857142857
11 0.7657142857142857 0.3442857142857143 0.04 0.07
11 0.7361904761904761 0.2671428571428571 0.08761904761904761 0.06428571428571428
11 0.7371428571428571 0.18964285714285714 0.045714285714285714 0.06928571428571428
5 0.85 0.19214285714285714 0.018095238095238095 0.032857142857142856
5 0.9095238095238095 0.018571428571428572 0.03619047619047619 0.017142857142857144
7 0.8157142857142857 0.0825 0.014285714285714285 0.019285714285714285
3 0.5704761904761905 0.2625 0.0419047619047619 0.08785714285714286
3 0.6423809523809523 0.20285714285714285 0.04476190476190476 0.07714285714285714
3 0.7142857142857143 0.13428571428571429 0.09523809523809522 0.055714285714285716
3 0.6419047619047619 0.11642857142857142 0.045714285714285714 0.06857142857142857
3 0.7195238095238095 0.05392857142857143 0.09428571428571429 0.04214285714285714
1 0.6885714285714286 0.03214285714285714 0.03238095238095238 0.01
1 0.69 0.024642857142857143 0.03333333333333333 0.013571428571428571
11 0.7617857142857143 0.012380952380952381 0.06642857142857143 0.024761904761904763
3 0.6404761904761904 0.7360714285714286 0.04285714285714286 0.025