3 0.6438095238095237 0.5185714285714286 0.07809523809523809 0.06
11 0.6480952380952381 0.6075 0.0676190476190476 0.07642857142857143
7 0.73 0.6492857142857142 0.014285714285714285 0.014285714285714285
7 0.7461904761904761 0.6289285714285714 0.01238095238095238 0.015
7 0.7519047619047617 0.715 0.01238095238095238 0.01
7 0.7819047619047618 0.7328571428571429 0.015238095238095238 0.014285714285714285
7 0.7619047619047618 0.5653571428571429 0.015238095238095238 0.009285714285714286
7 0.7819047619047618 0.46464285714285714 0.017142857142857144 0.016428571428571428
7 0.6938095238095238 0.41964285714285715 0.01238095238095238 0.009285714285714286
7 0.6914285714285714 0.43464285714285716 0.011428571428571429 0.015
7 0.8652380952380951 0.38107142857142856 0.014285714285714285 0.013571428571428571
7 0.8242857142857143 0.35714285714285715 0.01238095238095238 0.014285714285714285
7 0.858095238095238 0.32821428571428574 0.017142857142857144 0.02214285714285714
7 0.7990476190476189 0.24357142857142858 0.013333333333333332 0.018571428571428572
7 0.8123809523809523 0.2257142857142857 0.011428571428571429 0.017142857142857144
7 0.8014285714285714 0.22107142857142856 0.01619047619047619 0.016428571428571428
7 0.8147619047619047 0.21392857142857144 0.01238095238095238 0.020714285714285713