3 0.04758883248730964 0.3564285714285714 0.03426395939086294 0.018571428571428572
3 0.1116751269035533 0.2807142857142857 0.04060913705583756 0.017142857142857144
3 0.25317258883248733 0.21571428571428572 0.04187817258883249 0.017142857142857144
3 0.2975888324873096 0.20285714285714285 0.04187817258883249 0.014285714285714285
3 0.3375634517766497 0.18857142857142858 0.03553299492385787 0.012857142857142857
5 0.366751269035533 0.17928571428571427 0.01269035532994924 0.007142857142857143
8 0.366751269035533 0.17714285714285713 0.01015228426395939 0.005714285714285714
7 0.11548223350253807 0.17607142857142855 0.01015228426395939 0.007857142857142858
7 0.1300761421319797 0.17535714285714285 0.008883248730964468 0.009285714285714286
7 0.14086294416243655 0.17678571428571427 0.007614213197969543 0.007857142857142858
7 0.15038071065989847 0.17357142857142854 0.008883248730964468 0.008571428571428572
7 0.12119289340101523 0.1825 0.008883248730964468 0.007857142857142858
3 0.9701776649746193 0.3057142857142857 0.02918781725888325 0.027142857142857142
3 0.9549492385786802 0.21214285714285713 0.021573604060913708 0.02
3 0.9714467005076142 0.18857142857142858 0.019035532994923856 0.015714285714285715
3 0.9422588832487309 0.15785714285714283 0.019035532994923856 0.012857142857142857
3 0.9327411167512691 0.13357142857142856 0.02030456852791878 0.011428571428571429
3 0.8775380710659899 0.08071428571428571 0.013959390862944163 0.008571428571428572
3 0.8654822335025381 0.06857142857142857 0.015228426395939087 0.007142857142857143
3 0.9213197969543147 0.04964285714285714 0.015228426395939087 0.007857142857142858