3 0.6706852791878173 0.4582142857142857 0.03934010152284264 0.03357142857142857
3 0.7461928934010152 0.4621428571428571 0.03807106598984771 0.03857142857142857
3 0.3013959390862944 0.5360714285714285 0.0901015228426396 0.023571428571428573
7 0.44543147208121825 0.5214285714285714 0.015228426395939087 0.018571428571428572
3 0.7189086294416244 0.5075 0.049492385786802026 0.04071428571428572
3 0.7398477157360406 0.12142857142857143 0.015228426395939087 0.011428571428571429
11 0.7487309644670052 0.1475 0.02284263959390863 0.023571428571428573
11 0.7265228426395939 0.22964285714285712 0.024111675126903553 0.019285714285714285
2 0.6897208121827411 0.21 0.03680203045685279 0.049999999999999996
7 0.6256345177664975 0.2875 0.007614213197969543 0.009285714285714286
7 0.6186548223350253 0.2867857142857143 0.00634517766497462 0.010714285714285714
7 0.6446700507614213 0.29035714285714287 0.01269035532994924 0.010714285714285714
7 0.6307106598984772 0.2842857142857143 0.007614213197969543 0.01
7 0.5539340101522843 0.4539285714285714 0.011421319796954314 0.015000000000000001
3 0.28426395939086296 0.14464285714285713 0.027918781725888325 0.013571428571428571
3 0.6554568527918782 0.020714285714285713 0.01649746192893401 0.007142857142857143
7 0.8921319796954316 0.09321428571428571 0.007614213197969543 0.007857142857142858
7 0.7151015228426396 0.024642857142857143 0.0038071065989847717 0.005
7 0.7296954314720812 0.027499999999999997 0.005076142131979695 0.0064285714285714285
3 0.6440355329949239 0.012499999999999999 0.008883248730964468 0.005
3 0.6269035532994923 0.01107142857142857 0.01015228426395939 0.005
3 0.633248730964467 0.008214285714285714 0.01269035532994924 0.005
7 0.608502538071066 0.004642857142857143 0.00634517766497462 0.005
11 0.5799492385786802 0.004642857142857143 0.015228426395939087 0.0064285714285714285
11 0.5970812182741116 0.003928571428571429 0.011421319796954314 0.0064285714285714285