3 0.45431472081218277 0.37035714285714283 0.04568527918781726 0.05071428571428571
3 0.5545685279187818 0.3842857142857143 0.04060913705583756 0.047142857142857146
3 0.623730964467005 0.3782142857142857 0.044416243654822336 0.04928571428571429
3 0.682741116751269 0.37535714285714283 0.0583756345177665 0.05785714285714286
3 0.7722081218274113 0.3692857142857142 0.05710659898477158 0.05142857142857143
3 0.8318527918781725 0.3767857142857143 0.05964467005076142 0.05071428571428571
3 0.8965736040609137 0.3764285714285714 0.04695431472081218 0.045714285714285714
11 0.950507614213198 0.3792857142857143 0.04060913705583756 0.04428571428571428
11 0.9878571428571429 0.38071065989847713 0.024285714285714285 0.044416243654822336
11 0.21573604060913706 0.26535714285714285 0.08883248730964467 0.020714285714285713
3 0.5723350253807107 0.2596428571428572 0.08883248730964467 0.020714285714285713
3 0.9732142857142857 0.26078680203045684 0.05357142857142857 0.02030456852791878
11 0.3039340101522843 0.3660714285714286 0.05964467005076142 0.05785714285714286
10 0.3730964467005076 0.37107142857142855 0.07360406091370558 0.06928571428571428
10 0.8439086294416244 0.2582142857142857 0.1269035532994924 0.024999999999999998
3 0.70748730964467 0.26107142857142857 0.09517766497461928 0.020714285714285713