5 0.4066666666666666 0.01 0.03238095238095238 0.012857142857142857
5 0.3938095238095238 0.02035714285714286 0.03333333333333333 0.012142857142857143
5 0.33809523809523806 0.07142857142857142 0.03619047619047619 0.012857142857142857
3 0.35523809523809524 0.10178571428571428 0.06476190476190476 0.04357142857142857
3 0.27904761904761904 0.16035714285714286 0.07428571428571429 0.05071428571428571
7 0.41333333333333333 0.07857142857142857 0.015238095238095238 0.024285714285714285
7 0.4042857142857143 0.07428571428571429 0.010476190476190476 0.022857142857142857
7 0.4109523809523809 0.06821428571428571 0.01238095238095238 0.019285714285714285
7 0.31666666666666665 0.2225 0.027619047619047616 0.030714285714285715
7 0.46619047619047616 0.06571428571428571 0.010476190476190476 0.02857142857142857
3 0.6460714285714285 0.01 0.029285714285714286 0.02
3 0.6119047619047618 0.03321428571428572 0.04095238095238095 0.03785714285714286
3 0.5804761904761905 0.020714285714285713 0.039047619047619046 0.03571428571428571
3 0.530952380952381 0.018214285714285714 0.039047619047619046 0.023571428571428573
3 0.5109523809523809 0.036071428571428574 0.07904761904761905 0.029285714285714286
10 0.5628571428571428 0.06285714285714286 0.05523809523809523 0.055714285714285716
3 0.5257142857142857 0.11285714285714285 0.05904761904761904 0.04428571428571428
3 0.4957142857142857 0.15892857142857142 0.0619047619047619 0.060714285714285714
3 0.4409523809523809 0.14107142857142857 0.05523809523809523 0.04928571428571429
3 0.46 0.22214285714285714 0.06476190476190476 0.06285714285714286
11 0.4057142857142857 0.19142857142857142 0.06666666666666667 0.055714285714285716
3 0.37285714285714283 0.24535714285714286 0.07714285714285714 0.08071428571428571
11 0.4209523809523809 0.2932142857142857 0.07809523809523809 0.09071428571428572
3 0.4995238095238095 0.2953571428571429 0.09047619047619047 0.08071428571428571
3 0.3276190476190476 0.31857142857142856 0.09333333333333332 0.08857142857142856
3 0.20714285714285716 0.21642857142857144 0.13047619047619047 0.04285714285714286
3 0.10761904761904761 0.25821428571428573 0.14476190476190476 0.055
7 0.2857142857142857 0.40035714285714286 0.02857142857142857 0.039285714285714285
3 0.2885714285714286 0.5971428571428572 0.1219047619047619 0.14714285714285713
3 0.18619047619047616 0.5996428571428571 0.15523809523809523 0.15642857142857142
3 0.08619047619047618 0.595 0.12285714285714286 0.11571428571428571
3 0.8176190476190475 0.29392857142857143 0.0619047619047619 0.075
3 0.9025 0.010952380952380953 0.039285714285714285 0.021904761904761906
3 0.9119047619047618 0.036071428571428574 0.039047619047619046 0.03214285714285714
11 0.8771428571428571 0.04428571428571428 0.043809523809523805 0.04428571428571428
3 0.9223809523809523 0.07357142857142857 0.037142857142857144 0.03
3 0.9328571428571428 0.1175 0.04285714285714286 0.03357142857142857
3 0.9690476190476189 0.044642857142857144 0.04095238095238095 0.03785714285714286
3 0.9542857142857143 0.019642857142857142 0.03238095238095238 0.035
3 0.9 0.15285714285714286 0.045714285714285714 0.047142857142857146
3 0.9466666666666667 0.15678571428571428 0.04761904761904761 0.03785714285714286
3 0.9896428571428572 0.15 0.020714285714285713 0.047619047619047616
3 0.9775 0.11047619047619048 0.045 0.04666666666666667
7 0.8661904761904761 0.13714285714285715 0.018095238095238095 0.03142857142857143
7 0.8776190476190475 0.10892857142857143 0.01238095238095238 0.029285714285714286
7 0.8576190476190475 0.1075 0.014285714285714285 0.02642857142857143
7 0.9996428571428572 0.048095238095238094 0.0007142857142857143 0.01904761904761905
3 0.8666666666666666 0.20357142857142857 0.03428571428571429 0.04428571428571428
3 0.9746428571428571 0.2947619047619048 0.05071428571428571 0.06380952380952382
3 0.9860714285714286 0.3719047619047619 0.027857142857142858 0.08476190476190476
3 0.9967857142857143 0.5090476190476191 0.0064285714285714285 0.1180952380952381