3 0.0375 0.47906091370558374 0.075 0.06852791878172589
3 0.10088832487309646 0.46428571428571425 0.07741116751269035 0.06285714285714286
3 0.1637055837563452 0.4467857142857143 0.07360406091370558 0.056428571428571425
3 0.34581218274111675 0.5528571428571428 0.08502538071065989 0.017142857142857144
11 0.5475888324873097 0.495 0.11548223350253807 0.05142857142857143
11 0.4181472081218274 0.4875 0.12309644670050761 0.04928571428571429
5 0.5920050761421319 0.42 0.049492385786802026 0.018571428571428572
8 0.5939086294416244 0.4189285714285714 0.02284263959390863 0.013571428571428571
11 0.7189086294416244 0.39035714285714285 0.10786802030456853 0.045
11 0.8128172588832486 0.4064285714285714 0.10532994923857869 0.048571428571428564
11 0.9092639593908629 0.3246428571428571 0.09263959390862944 0.043571428571428567
3 0.8591370558375635 0.23499999999999996 0.09644670050761421 0.045714285714285714
3 0.7671319796954316 0.26428571428571423 0.10279187817258882 0.03428571428571429
10 0.623730964467005 0.27964285714285714 0.16878172588832485 0.07357142857142857
10 0.4111675126903553 0.37535714285714283 0.20304568527918784 0.075
10 0.40482233502538073 0.33071428571428574 0.25126903553299496 0.0757142857142857
10 0.43654822335025384 0.2782142857142857 0.2893401015228426 0.08928571428571429
6 0.0932741116751269 0.3575 0.08756345177664974 0.026428571428571426