7 0.13809523809523808 0.4325 0.02857142857142857 0.035
7 0.28095238095238095 0.43964285714285717 0.02476190476190476 0.039285714285714285
7 0.4409523809523809 0.43785714285714283 0.026666666666666665 0.03571428571428571
7 0.26142857142857145 0.44571428571428573 0.01619047619047619 0.027142857142857142
8 0.21333333333333332 0.44035714285714284 0.03428571428571429 0.029285714285714286
8 0.21904761904761902 0.4514285714285714 0.03619047619047619 0.032857142857142856
8 0.21571428571428572 0.4546428571428571 0.037142857142857144 0.035
8 0.5038095238095237 0.4714285714285714 0.04 0.032857142857142856
8 0.508095238095238 0.4664285714285714 0.025714285714285714 0.03857142857142857
8 0.5695238095238094 0.45285714285714285 0.019047619047619046 0.03428571428571429
8 0.7976190476190476 0.475 0.04476190476190476 0.03428571428571429
8 0.93 0.4742857142857143 0.04476190476190476 0.04285714285714286