3 0.9290476190476189 0.5853571428571429 0.1038095238095238 0.045
3 0.8152380952380952 0.5910714285714286 0.0838095238095238 0.047857142857142855
7 0.29047619047619044 0.485 0.011428571428571429 0.02
7 0.3061904761904762 0.4810714285714286 0.010476190476190476 0.020714285714285713
7 0.38047619047619047 0.47785714285714287 0.010476190476190476 0.022857142857142857
7 0.5447619047619048 0.46464285714285714 0.009523809523809523 0.019285714285714285
10 0.5085714285714286 0.4521428571428571 0.06857142857142857 0.03
8 0.8390476190476189 0.4332142857142857 0.005714285714285714 0.007857142857142858
0 0.8423809523809523 0.4357142857142857 0.02 0.007142857142857143
3 0.8338095238095238 0.4421428571428571 0.039047619047619046 0.012857142857142857
3 0.7914285714285715 0.44607142857142856 0.0419047619047619 0.013571428571428571
10 0.7780952380952381 0.43857142857142856 0.05333333333333333 0.017142857142857144
3 0.7385714285714285 0.45357142857142857 0.04285714285714286 0.014285714285714285
3 0.7166666666666666 0.4667857142857143 0.052380952380952375 0.017857142857142856
3 0.6880952380952381 0.4617857142857143 0.04857142857142857 0.017857142857142856
7 0.6433333333333333 0.44607142857142856 0.006666666666666666 0.016428571428571428
7 0.6361904761904762 0.4475 0.007619047619047619 0.016428571428571428
7 0.6261904761904762 0.4471428571428571 0.0047619047619047615 0.015714285714285715
7 0.6128571428571429 0.4496428571428571 0.0047619047619047615 0.015
7 0.6014285714285714 0.45035714285714284 0.006666666666666666 0.016428571428571428
7 0.5933333333333333 0.4514285714285714 0.005714285714285714 0.015714285714285715
7 0.5961904761904762 0.45285714285714285 0.007619047619047619 0.015714285714285715
7 0.6057142857142858 0.45107142857142857 0.005714285714285714 0.015