7 0.6242857142857143 0.6585714285714286 0.07523809523809523 0.18142857142857144
8 0.2476190476190476 0.46464285714285714 0.05333333333333333 0.04642857142857143
8 0.24238095238095236 0.44571428571428573 0.06952380952380952 0.06
8 0.3976190476190476 0.2792857142857143 0.02952380952380952 0.03857142857142857
7 0.9080952380952381 0.2525 0.02952380952380952 0.05071428571428571
7 0.9842857142857143 0.2225 0.021904761904761903 0.047857142857142855
7 0.03142857142857143 0.21357142857142858 0.015238095238095238 0.015714285714285715
7 0.2757142857142857 0.185 0.01238095238095238 0.017142857142857144
3 0.29428571428571426 0.17 0.03809523809523809 0.011428571428571429
3 0.2319047619047619 0.1732142857142857 0.035238095238095235 0.010714285714285714
7 0.2576190476190476 0.16464285714285715 0.006666666666666666 0.007857142857142858
7 0.2438095238095238 0.16964285714285715 0.007619047619047619 0.012142857142857143
3 0.2038095238095238 0.1682142857142857 0.02857142857142857 0.012142857142857143
3 0.22 0.1657142857142857 0.022857142857142857 0.014285714285714285
3 0.2533333333333333 0.1632142857142857 0.03238095238095238 0.010714285714285714
3 0.27095238095238094 0.16071428571428573 0.025714285714285714 0.011428571428571429
3 0.2857142857142857 0.15821428571428572 0.030476190476190476 0.009285714285714286
3 0.35238095238095235 0.17 0.04952380952380952 0.012857142857142857
4 0.5214285714285715 0.15571428571428572 0.09238095238095237 0.018571428571428572
7 0.6204761904761904 0.20964285714285713 0.008571428571428572 0.013571428571428571
7 0.46952380952380945 0.19357142857142856 0.009523809523809523 0.012857142857142857