7 0.06285714285714286 0.23892857142857143 0.009523809523809523 0.013571428571428571
3 0.03809523809523809 0.21678571428571428 0.04 0.010714285714285714
3 0.29238095238095235 0.21857142857142858 0.030476190476190476 0.011428571428571429
10 0.3376190476190476 0.22178571428571428 0.050476190476190466 0.015
3 0.24095238095238095 0.22214285714285714 0.043809523809523805 0.011428571428571429
3 0.27666666666666667 0.22214285714285714 0.035238095238095235 0.012857142857142857
5 0.3376190476190476 0.2375 0.023809523809523805 0.0064285714285714285
8 0.3385714285714286 0.23464285714285715 0.008571428571428572 0.0064285714285714285
7 0.4252380952380952 0.21142857142857144 0.006666666666666666 0.01
3 0.6619047619047619 0.3896428571428571 0.02857142857142857 0.025
3 0.568095238095238 0.39321428571428574 0.03142857142857143 0.027857142857142858
3 0.6171428571428571 0.36428571428571427 0.026666666666666665 0.025714285714285714
3 0.5266666666666666 0.31357142857142856 0.02857142857142857 0.025714285714285714
3 0.5771428571428572 0.3492857142857143 0.02857142857142857 0.025714285714285714
3 0.618095238095238 0.3414285714285714 0.02476190476190476 0.02
3 0.6571428571428571 0.3275 0.022857142857142857 0.02214285714285714
3 0.5833333333333333 0.3264285714285714 0.025714285714285714 0.02
3 0.6233333333333333 0.31892857142857145 0.023809523809523805 0.017857142857142856
3 0.6 0.2 0.009523809523809523 0.01
3 0.6185714285714285 0.1982142857142857 0.01238095238095238 0.012142857142857143
3 0.6090476190476191 0.1725 0.01238095238095238 0.009285714285714286
3 0.6385714285714286 0.195 0.01238095238095238 0.01
3 0.6495238095238095 0.10928571428571429 0.007619047619047619 0.004285714285714286
3 0.6571428571428571 0.105 0.007619047619047619 0.005714285714285714
3 0.6514285714285715 0.09392857142857143 0.005714285714285714 0.0035714285714285713
3 0.6566666666666666 0.08892857142857143 0.008571428571428572 0.005
3 0.649047619047619 0.09964285714285714 0.006666666666666666 0.0064285714285714285
4 0.6514285714285715 0.06714285714285714 0.017142857142857144 0.012857142857142857
4 0.6338095238095237 0.10892857142857143 0.02 0.017857142857142856
4 0.6442857142857142 0.08214285714285714 0.014285714285714285 0.01
4 0.64 0.09321428571428571 0.013333333333333332 0.010714285714285714
3 0.8095238095238094 0.2225 0.03619047619047619 0.012142857142857143
11 0.5876190476190476 0.30642857142857144 0.02476190476190476 0.02
3 0.5919047619047618 0.2907142857142857 0.023809523809523805 0.014285714285714285
3 0.5961904761904762 0.2767857142857143 0.02095238095238095 0.016428571428571428
3 0.6319047619047619 0.2725 0.02 0.013571428571428571
3 0.6266666666666666 0.28785714285714287 0.02095238095238095 0.015714285714285715
3 0.6242857142857143 0.3025 0.021904761904761903 0.015
3 0.6580952380952381 0.2767857142857143 0.02095238095238095 0.015
3 0.6571428571428571 0.29178571428571426 0.022857142857142857 0.016428571428571428
3 0.6576190476190475 0.3092857142857143 0.023809523809523805 0.018571428571428572
3 0.638095238095238 0.18607142857142858 0.013333333333333332 0.009285714285714286
3 0.6190476190476191 0.18892857142857142 0.013333333333333332 0.007857142857142858
3 0.6071428571428571 0.18142857142857144 0.014285714285714285 0.007142857142857143
3 0.6009523809523809 0.19178571428571428 0.011428571428571429 0.007857142857142858
3 0.6019047619047618 0.18714285714285714 0.011428571428571429 0.007142857142857143
5 0.7457142857142857 0.24571428571428572 0.007619047619047619 0.011428571428571429
5 0.7695238095238095 0.26142857142857145 0.005714285714285714 0.01
5 0.7909523809523809 0.26571428571428574 0.006666666666666666 0.01
5 0.7538095238095237 0.27071428571428574 0.006666666666666666 0.011428571428571429
5 0.7728571428571429 0.2532142857142857 0.006666666666666666 0.009285714285714286
5 0.7342857142857143 0.19321428571428573 0.005714285714285714 0.007857142857142858
5 0.5176190476190476 0.19678571428571429 0.0047619047619047615 0.009285714285714286
5 0.7238095238095238 0.18142857142857144 0.005714285714285714 0.01
5 0.7138095238095238 0.1775 0.006666666666666666 0.010714285714285714
3 0.6633333333333333 0.17214285714285715 0.01238095238095238 0.007142857142857143
5 0.698095238095238 0.1357142857142857 0.005714285714285714 0.007142857142857143
5 0.7085714285714285 0.13642857142857143 0.005714285714285714 0.01
8 0.7457142857142857 0.24321428571428572 0.005714285714285714 0.007857142857142858
8 0.7728571428571429 0.25142857142857145 0.0047619047619047615 0.004285714285714286
8 0.7909523809523809 0.2625 0.0047619047619047615 0.0064285714285714285
8 0.77 0.26035714285714284 0.006666666666666666 0.0064285714285714285
8 0.7538095238095237 0.26785714285714285 0.0047619047619047615 0.007142857142857143
8 0.518095238095238 0.195 0.005714285714285714 0.005714285714285714
8 0.7338095238095238 0.19142857142857142 0.0047619047619047615 0.004285714285714286
8 0.7238095238095238 0.1792857142857143 0.005714285714285714 0.005714285714285714
8 0.7142857142857143 0.175 0.0038095238095238095 0.004285714285714286
8 0.698095238095238 0.13535714285714287 0.0038095238095238095 0.005
8 0.709047619047619 0.13607142857142857 0.0047619047619047615 0.005
7 0.3985714285714286 0.20607142857142857 0.006666666666666666 0.007857142857142858
7 0.6147619047619047 0.14 0.0047619047619047615 0.005714285714285714
3 0.6809523809523809 0.10107142857142858 0.007619047619047619 0.005
5 0.6952380952380952 0.1225 0.0038095238095238095 0.0064285714285714285
8 0.6952380952380952 0.12142857142857143 0.0038095238095238095 0.002857142857142857
7 0.8523809523809524 0.2375 0.0038095238095238095 0.0064285714285714285
7 0.8476190476190475 0.2375 0.0038095238095238095 0.007857142857142858
7 0.8390476190476189 0.23714285714285716 0.0038095238095238095 0.008571428571428572
7 0.8366666666666666 0.23857142857142857 0.0047619047619047615 0.008571428571428572
7 0.8028571428571428 0.21357142857142858 0.0038095238095238095 0.005714285714285714
7 0.8119047619047618 0.21464285714285714 0.002857142857142857 0.0064285714285714285
3 0.9071428571428571 0.20785714285714285 0.04095238095238095 0.027142857142857142
3 0.9914285714285714 0.2695238095238095 0.017142857142857144 0.013333333333333334