5 0.14007421150278293 0.1445720250521921 0.022263450834879406 0.009394572025052193
5 0.07282003710575138 0.14900835073068894 0.026901669758812616 0.007828810020876828
5 0.2564935064935065 0.14900835073068894 0.02504638218923933 0.01096033402922756
5 0.37059369202226344 0.14718162839248436 0.028756957328385898 0.007306889352818372
5 0.46011131725417437 0.15135699373695202 0.018552875695732836 0.012526096033402925
1 0.47959183673469385 0.14744258872651358 0.012987012987012986 0.007828810020876828
5 0.87291280148423 0.39665970772442594 0.04452690166975881 0.015657620041753657
8 0.8515769944341371 0.38021920668058456 0.018552875695732836 0.012004175365344469
1 0.8436920222634507 0.3593423799582464 0.032467532467532464 0.01722338204592902
7 0.8566790352504637 0.3423799582463466 0.012059369202226345 0.014613778705636744
9 0.9359925788497218 0.2620041753653445 0.03525046382189239 0.017745302713987474
8 0.8682745825602969 0.26565762004175364 0.011131725417439703 0.010438413361169102
8 0.8780148423005566 0.2630480167014614 0.013914656771799629 0.009394572025052193
7 0.8886827458256029 0.2575678496868476 0.012987012987012986 0.016179540709812108
9 0.8910018552875696 0.23982254697286018 0.03617810760667903 0.008872651356993737
9 0.8603896103896104 0.21216075156576203 0.04545454545454545 0.02244258872651357
5 0.9243970315398886 0.18528183716075158 0.02133580705009276 0.009394572025052193
1 0.9457328385899814 0.16701461377870563 0.026901669758812616 0.009394572025052193
8 0.9211502782931354 0.18110647181628395 0.011131725417439703 0.010438413361169102
7 0.9466604823747681 0.1664926931106472 0.012059369202226345 0.013569937369519834
7 0.8520408163265305 0.15631524008350733 0.008348794063079777 0.008872651356993737
7 0.8552875695732838 0.15448851774530273 0.007421150278293135 0.010438413361169102
3 0.9994780793319415 0.1266233766233766 0.0010438413361169101 0.017625231910946195
9 0.8576066790352503 0.16049060542797497 0.02504638218923933 0.0151356993736952
7 0.8794063079777364 0.09759916492693112 0.007421150278293135 0.011482254697286014
5 0.8882189239332096 0.09812108559498957 0.015769944341372914 0.008350730688935283
7 0.9137291280148423 0.0709812108559499 0.007421150278293135 0.010438413361169102
7 0.9086270871985157 0.0709812108559499 0.008348794063079777 0.009394572025052193
1 0.9063079777365491 0.07228601252609605 0.009276437847866418 0.007828810020876828
1 0.8636363636363635 0.059498956158663886 0.016697588126159554 0.0062630480167014625
0 0.9160482374768089 0.052713987473903975 0.013914656771799629 0.012526096033402925
5 0.8956400742115027 0.04618997912317328 0.017625231910946195 0.006784968684759917
5 0.8937847866419294 0.033663883089770356 0.012059369202226345 0.006784968684759917
5 0.9030612244897959 0.03340292275574113 0.01020408163265306 0.007306889352818372
7 0.9058441558441559 0.03157620041753654 0.006493506493506493 0.008872651356993737
8 0.8854359925788496 0.03288100208768267 0.008348794063079777 0.007306889352818372
8 0.8831168831168831 0.031054279749478084 0.0055658627087198514 0.008872651356993737
7 0.8756957328385899 0.03209812108559499 0.0055658627087198514 0.005741127348643007
7 0.8733766233766233 0.03157620041753654 0.006493506493506493 0.007828810020876828
0 0.9290352504638218 0.027661795407098125 0.013914656771799629 0.009394572025052193
9 0.8835807050092764 0.024008350730688938 0.023191094619666047 0.009394572025052193
8 0.8803339517625232 0.02374739039665971 0.0055658627087198514 0.005741127348643007
0 0.9276437847866418 0.016440501043841337 0.011131725417439703 0.009916492693110648
7 0.9281076066790351 0.011482254697286014 0.004638218923933209 0.007306889352818372
3 0.971243042671614 0.058977035490605435 0.04452690166975881 0.012526096033402925
3 0.997651356993737 0.0575139146567718 0.004697286012526096 0.012059369202226345
11 0.9953027139874739 0.04777365491651206 0.009394572025052192 0.011131725417439703
3 0.9958246346555324 0.04313543599257885 0.008350730688935281 0.01020408163265306
3 0.9921711899791231 0.036178107606679034 0.015657620041753653 0.01020408163265306
3 0.9911273486430062 0.03385899814471243 0.017745302713987474 0.011131725417439703
3 0.9703153988868274 0.04671189979123174 0.04267161410018552 0.01096033402922756
9 0.956864564007421 0.0425365344467641 0.028756957328385898 0.008872651356993737
3 0.9786641929499071 0.04097077244258873 0.02968460111317254 0.008872651356993737
0 0.9638218923933208 0.03131524008350731 0.025974025974025972 0.010438413361169102
0 0.9903444676409185 0.026901669758812616 0.019311064718162838 0.01020408163265306
7 0.9452690166975881 0.01957202505219207 0.007421150278293135 0.008872651356993737
3 0.9508348794063078 0.00861169102296451 0.03339517625231911 0.007828810020876828
3 0.9596474953617811 0.013308977035490607 0.017625231910946195 0.006784968684759917
3 0.9843423799582464 0.013450834879406308 0.031315240083507306 0.008348794063079777
3 0.9846033402922756 0.00927643784786642 0.030793319415448852 0.0074211502782931356
3 0.9573283858998144 0.0075678496868476 0.03153988868274583 0.006784968684759917
0 0.948051948051948 0.004697286012526097 0.016697588126159554 0.0062630480167014625
0 0.9906054279749478 0.015769944341372914 0.018789144050104383 0.0074211502782931356