1 0.8436920222634507 0.38178496868476 0.038033395176252316 0.038100208768267224
8 0.686456400742115 0.3585594989561587 0.04081632653061224 0.02922755741127349
8 0.7342300556586271 0.3786534446764092 0.032467532467532464 0.028705636743215034
7 0.7894248608534322 0.3596033402922756 0.02411873840445269 0.042797494780793324
7 0.7597402597402597 0.3434237995824635 0.018552875695732836 0.027139874739039668
7 0.7796846011131725 0.3115866388308977 0.017625231910946195 0.042797494780793324
7 0.75 0.308455114822547 0.034322820037105746 0.03757828810020877
8 0.74860853432282 0.2961899791231733 0.016697588126159554 0.016179540709812108
8 0.9466604823747681 0.270615866388309 0.015769944341372914 0.018267223382045932
11 0.9346011131725417 0.2700939457202506 0.08627087198515769 0.07254697286012526
5 0.87152133580705 0.16440501043841338 0.015769944341372914 0.019832985386221295
7 0.8144712430426715 0.10046972860125263 0.009276437847866418 0.020354906054279753
5 0.7012987012987013 0.08716075156576202 0.027829313543599257 0.010438413361169102
0 0.7407235621521335 0.08950939457202506 0.01948051948051948 0.020354906054279753
7 0.7328385899814471 0.1012526096033403 0.007421150278293135 0.013569937369519834
9 0.7003710575139146 0.09942588726513571 0.022263450834879406 0.016179540709812108
1 0.6739332096474954 0.10334029227557412 0.02504638218923933 0.010438413361169102
1 0.6173469387755103 0.1333507306889353 0.012059369202226345 0.016179540709812108
5 0.6317254174397031 0.2580897703549061 0.055658627087198514 0.018267223382045932
9 0.7003710575139146 0.40318371607515663 0.21521335807050093 0.042275574112734866
10 0.7179962894248608 0.0746346555323591 0.03153988868274583 0.018789144050104387
0 0.7838589981447124 0.06445720250521922 0.02040816326530612 0.01722338204592902
3 0.7532467532467532 0.060020876826722344 0.057513914656771796 0.012526096033402925
7 0.8358070500927643 0.0255741127348643 0.0055658627087198514 0.0062630480167014625
5 0.836734693877551 0.028183716075156576 0.0055658627087198514 0.0062630480167014625
11 0.9438775510204082 0.024269311064718167 0.03617810760667903 0.009916492693110648
7 0.8807977736549164 0.03627348643006263 0.006493506493506493 0.007828810020876828
3 0.9721706864564007 0.03966597077244259 0.025974025974025972 0.011482254697286014
5 0.47031539888682744 0.48930062630480176 0.12430426716141 0.0454070981210856
3 0.32003710575139144 0.49008350730688943 0.1595547309833024 0.07620041753653445
8 0.87152133580705 0.15762004175365346 0.013914656771799629 0.016701461377870565
9 0.861317254174397 0.04723382045929019 0.015769944341372914 0.008872651356993737
8 0.8603896103896104 0.04410229645093946 0.008348794063079777 0.008872651356993737
5 0.8756957328385899 0.02505219206680585 0.009276437847866418 0.007306889352818372
5 0.858534322820037 0.01931106471816284 0.006493506493506493 0.0062630480167014625
8 0.8580705009276437 0.016962421711899794 0.0055658627087198514 0.006784968684759917
8 0.8752319109461967 0.02244258872651357 0.008348794063079777 0.0062630480167014625
9 0.9318181818181818 0.030793319415448855 0.026901669758812616 0.008350730688935283