7 0.55 0.27035714285714285 0.021904761904761903 0.029285714285714286
7 0.6966666666666667 0.21464285714285714 0.018095238095238095 0.02214285714285714
7 0.5171428571428571 0.2257142857142857 0.022857142857142857 0.03142857142857143
8 0.11666666666666665 0.13035714285714287 0.01238095238095238 0.017857142857142856
7 0.4361904761904762 0.13892857142857143 0.013333333333333332 0.019285714285714285
7 0.6738095238095237 0.16285714285714287 0.01619047619047619 0.024285714285714285
1 0.6909523809523809 0.15357142857142858 0.03142857142857143 0.014285714285714285
7 0.859047619047619 0.1525 0.017142857142857144 0.025
7 0.9242857142857143 0.18321428571428572 0.014285714285714285 0.029285714285714286
7 0.9152380952380952 0.22178571428571428 0.019047619047619046 0.029285714285714286
7 0.9242857142857143 0.2367857142857143 0.018095238095238095 0.03214285714285714
7 0.9557142857142857 0.2742857142857143 0.02 0.03571428571428571
7 0.9166666666666666 0.2807142857142857 0.021904761904761903 0.03571428571428571
7 0.8761904761904761 0.24321428571428572 0.019047619047619046 0.030714285714285715
7 0.8566666666666666 0.2367857142857143 0.01238095238095238 0.02642857142857143
7 0.8423809523809523 0.23642857142857143 0.014285714285714285 0.02857142857142857
7 0.8323809523809523 0.2317857142857143 0.015238095238095238 0.02642857142857143
7 0.8747619047619046 0.2282142857142857 0.01619047619047619 0.027857142857142858
7 0.8371428571428572 0.2857142857142857 0.022857142857142857 0.03142857142857143
7 0.8204761904761904 0.2792857142857143 0.01619047619047619 0.03
7 0.8114285714285714 0.27035714285714285 0.015238095238095238 0.027857142857142858
7 0.8052380952380952 0.25857142857142856 0.01619047619047619 0.027142857142857142
7 0.7847619047619047 0.2592857142857143 0.015238095238095238 0.02142857142857143
7 0.7252380952380952 0.24321428571428572 0.02 0.027857142857142858
7 0.6571428571428571 0.26107142857142857 0.015238095238095238 0.029285714285714286
7 0.6719047619047619 0.26785714285714285 0.018095238095238095 0.032857142857142856
7 0.8676190476190475 0.20107142857142857 0.013333333333333332 0.029285714285714286
7 0.8495238095238095 0.20607142857142857 0.017142857142857144 0.035
7 0.8333333333333333 0.20107142857142857 0.013333333333333332 0.02642857142857143
7 0.8385714285714285 0.18035714285714285 0.01238095238095238 0.025
8 0.85 0.17892857142857144 0.01619047619047619 0.02214285714285714
8 0.7919047619047618 0.22678571428571428 0.018095238095238095 0.023571428571428573
8 0.6223809523809524 0.21214285714285713 0.014285714285714285 0.02
8 0.6495238095238095 0.21285714285714286 0.017142857142857144 0.024285714285714285
8 0.82 0.21535714285714286 0.015238095238095238 0.019285714285714285
8 0.8204761904761904 0.21214285714285713 0.01238095238095238 0.018571428571428572
8 0.8190476190476189 0.2092857142857143 0.015238095238095238 0.02
8 0.8109523809523809 0.20535714285714285 0.01238095238095238 0.016428571428571428
8 0.7695238095238095 0.20357142857142857 0.019047619047619046 0.017142857142857144
7 0.7771428571428571 0.17642857142857143 0.017142857142857144 0.03
7 0.759047619047619 0.18071428571428572 0.013333333333333332 0.02857142857142857
7 0.8128571428571428 0.15285714285714286 0.01619047619047619 0.022857142857142857
7 0.8085714285714286 0.19107142857142856 0.015238095238095238 0.020714285714285713
7 0.7252380952380952 0.29464285714285715 0.018095238095238095 0.023571428571428573