7 0.4966666666666666 0.48428571428571426 0.027619047619047616 0.05
8 0.5233333333333333 0.5028571428571429 0.04476190476190476 0.03571428571428571
7 0.6942857142857143 0.4882142857142857 0.02476190476190476 0.055
1 0.4442857142857143 0.5057142857142857 0.04285714285714286 0.03571428571428571
8 0.9333333333333332 0.5382142857142858 0.043809523809523805 0.055
7 0.9071428571428571 0.5278571428571428 0.03333333333333333 0.06428571428571428
1 0.9814285714285714 0.540952380952381 0.037142857142857144 0.047619047619047616
1 0.9228571428571428 0.4860714285714286 0.05523809523809523 0.02642857142857143
1 0.93 0.48428571428571426 0.04857142857142857 0.022857142857142857
1 0.9771428571428571 0.49476190476190474 0.045714285714285714 0.024761904761904763
1 0.9753571428571428 0.4847619047619048 0.04928571428571429 0.024761904761904763
8 0.9195238095238095 0.4782142857142857 0.025714285714285714 0.03357142857142857
8 0.9280952380952381 0.47285714285714286 0.023809523809523805 0.032857142857142856
11 0.7904761904761903 0.4421428571428571 0.07238095238095238 0.03142857142857143
3 0.7738095238095237 0.4407142857142857 0.07333333333333332 0.025714285714285714
2 0.7776190476190475 0.4282142857142857 0.19142857142857142 0.045
11 0.6576190476190475 0.4710714285714286 0.11523809523809522 0.052142857142857144
3 0.5666666666666667 0.46214285714285713 0.08761904761904761 0.03
11 0.6071428571428571 0.4467857142857143 0.08857142857142856 0.035
3 0.5247619047619048 0.44142857142857145 0.06857142857142857 0.024285714285714285
3 0.4261904761904762 0.4328571428571429 0.07142857142857142 0.024285714285714285