7 0.5733333333333334 0.7317857142857143 0.011428571428571429 0.020714285714285713
7 0.5838095238095238 0.7278571428571429 0.009523809523809523 0.02
3 0.8423809523809523 0.6939285714285715 0.04476190476190476 0.025
3 0.899047619047619 0.6789285714285714 0.045714285714285714 0.020714285714285713
3 0.9185714285714286 0.6707142857142857 0.04285714285714286 0.024285714285714285
7 0.8742857142857143 0.7342857142857143 0.011428571428571429 0.02
7 0.8752380952380951 0.6432142857142857 0.009523809523809523 0.013571428571428571
3 0.9538095238095238 0.5464285714285714 0.027619047619047616 0.012857142857142857
3 0.6795238095238094 0.5553571428571429 0.027619047619047616 0.013571428571428571
2 0.5533333333333333 0.6503571428571429 0.10285714285714286 0.04357142857142857
4 0.5252380952380952 0.4253571428571429 0.12285714285714286 0.023571428571428573
4 0.061785714285714284 0.43238095238095237 0.12357142857142857 0.02857142857142857
3 0.03 0.45 0.018095238095238095 0.005714285714285714