3 0.09666666666666665 0.349 0.13866666666666666 0.054
3 0.477 0.4325 0.14733333333333332 0.07
3 0.41333333333333333 0.484 0.13866666666666666 0.085
3 0.657 0.48425 0.15 0.0695
3 0.8066666666666666 0.3675 0.132 0.057
3 0.95575 0.4046666666666667 0.0885 0.05733333333333333
3 0.632 0.32625 0.13066666666666665 0.0665
3 0.47833333333333333 0.30025 0.1313333333333333 0.0455
3 0.3496666666666666 0.27075 0.11266666666666665 0.0525
3 0.24333333333333332 0.24275 0.08933333333333333 0.0475
3 0.03675 0.19266666666666668 0.0735 0.04466666666666667
9 0.796 0.24425 0.072 0.0335
7 0.7016666666666667 0.1435 0.016666666666666663 0.032
7 0.773 0.15275 0.015333333333333332 0.0265
7 0.8273333333333333 0.18275 0.017333333333333333 0.0305
7 0.7373333333333333 0.17575 0.016 0.0285
7 0.6123333333333333 0.232 0.016666666666666663 0.032
7 0.737 0.29 0.016666666666666663 0.032
7 0.7386666666666666 0.2475 0.017333333333333333 0.027
8 0.659 0.1755 0.016666666666666663 0.021
8 0.76 0.2615 0.025333333333333333 0.018
7 0.576 0.346 0.02 0.029
7 0.6246666666666666 0.353 0.018666666666666665 0.022
7 0.675 0.368 0.018 0.022
7 0.741 0.4005 0.018 0.022
7 0.6413333333333333 0.44125 0.018666666666666665 0.0225
7 0.5576666666666666 0.49925 0.01933333333333333 0.0235
7 0.5136666666666666 0.4865 0.018 0.019
7 0.028 0.31075 0.042666666666666665 0.0255
8 0.022666666666666665 0.307 0.018666666666666665 0.014
11 0.874 0.5405 0.14933333333333332 0.071
11 0.5056666666666666 0.37125 0.11666666666666665 0.0595
11 0.1313333333333333 0.21225 0.112 0.0695