4 0.6985714285714286 0.25142857142857145 0.06 0.05857142857142857
3 0.7252380952380952 0.27 0.0047619047619047615 0.004285714285714286
3 0.7433333333333332 0.27071428571428574 0.006666666666666666 0.004285714285714286
3 0.7528571428571429 0.27285714285714285 0.006666666666666666 0.005714285714285714
3 0.7485714285714286 0.2814285714285714 0.005714285714285714 0.004285714285714286
3 0.7576190476190475 0.2860714285714286 0.006666666666666666 0.0064285714285714285
3 0.7723809523809523 0.2789285714285714 0.007619047619047619 0.0064285714285714285
3 0.7685714285714286 0.29214285714285715 0.007619047619047619 0.005714285714285714
3 0.7857142857142857 0.29035714285714287 0.007619047619047619 0.0064285714285714285
3 0.7704761904761903 0.31214285714285717 0.009523809523809523 0.007142857142857143
3 0.728095238095238 0.31642857142857145 0.008571428571428572 0.005714285714285714
3 0.8080952380952381 0.30428571428571427 0.010476190476190476 0.007142857142857143
3 0.7995238095238094 0.3157142857142857 0.010476190476190476 0.007142857142857143
3 0.836190476190476 0.31535714285714284 0.013333333333333332 0.007857142857142858
11 0.8333333333333333 0.3275 0.013333333333333332 0.009285714285714286
3 0.699047619047619 0.32571428571428573 0.005714285714285714 0.005714285714285714
7 0.6776190476190476 0.3275 0.0047619047619047615 0.0035714285714285713
3 0.718095238095238 0.33107142857142857 0.007619047619047619 0.0064285714285714285
3 0.7304761904761905 0.3296428571428571 0.007619047619047619 0.0064285714285714285
3 0.7247619047619047 0.36857142857142855 0.009523809523809523 0.008571428571428572
7 0.6823809523809523 0.38107142857142856 0.0047619047619047615 0.005
7 0.6904761904761905 0.3817857142857143 0.005714285714285714 0.005
7 0.69 0.38857142857142857 0.006666666666666666 0.005714285714285714
7 0.6838095238095238 0.3914285714285714 0.005714285714285714 0.005714285714285714
3 0.7014285714285714 0.39321428571428574 0.018095238095238095 0.012142857142857143
3 0.729047619047619 0.40964285714285714 0.01238095238095238 0.010714285714285714
7 0.6847619047619047 0.4175 0.005714285714285714 0.0064285714285714285
3 0.7804761904761903 0.38642857142857145 0.014285714285714285 0.011428571428571429
3 0.7628571428571429 0.4225 0.015238095238095238 0.013571428571428571
3 0.7371428571428571 0.4407142857142857 0.013333333333333332 0.014285714285714285
3 0.8471428571428572 0.3457142857142857 0.01619047619047619 0.01
11 0.8423809523809523 0.36 0.014285714285714285 0.012857142857142857
3 0.8257142857142857 0.3703571428571429 0.013333333333333332 0.010714285714285714
3 0.8719047619047618 0.3585714285714286 0.014285714285714285 0.011428571428571429
3 0.9542857142857143 0.43642857142857144 0.026666666666666665 0.02
7 0.6104761904761904 0.3989285714285714 0.0038095238095238095 0.0035714285714285713
7 0.6095238095238095 0.4367857142857143 0.005714285714285714 0.0064285714285714285
7 0.6038095238095238 0.4207142857142857 0.005714285714285714 0.005714285714285714
7 0.6014285714285714 0.4225 0.0047619047619047615 0.005
7 0.599047619047619 0.4210714285714286 0.005714285714285714 0.005
7 0.34523809523809523 0.5535714285714286 0.0047619047619047615 0.002857142857142857
7 0.3419047619047619 0.5560714285714285 0.0038095238095238095 0.0035714285714285713
7 0.2847619047619047 0.5864285714285714 0.007619047619047619 0.002857142857142857
7 0.11666666666666665 0.7060714285714286 0.006666666666666666 0.0035714285714285713
7 0.18285714285714286 0.6625 0.005714285714285714 0.0035714285714285713
7 0.10523809523809523 0.7167857142857142 0.006666666666666666 0.005
7 0.10285714285714286 0.7207142857142858 0.0038095238095238095 0.002857142857142857
7 0.09952380952380951 0.7228571428571429 0.0047619047619047615 0.004285714285714286
7 0.09619047619047619 0.7253571428571428 0.0038095238095238095 0.002142857142857143
7 0.09333333333333332 0.7275 0.007619047619047619 0.002142857142857143
3 0.75 0.48142857142857143 0.018095238095238095 0.02
7 0.6842857142857143 0.4903571428571429 0.010476190476190476 0.009285714285714286
7 0.8090476190476189 0.5160714285714286 0.027619047619047616 0.023571428571428573
7 0.7652380952380952 0.5439285714285714 0.021904761904761903 0.02642857142857143
3 0.7928571428571428 0.5478571428571428 0.023809523809523805 0.027142857142857142
3 0.8219047619047618 0.5446428571428571 0.02476190476190476 0.02642857142857143
3 0.8042857142857143 0.5775 0.027619047619047616 0.03214285714285714
3 0.7828571428571428 0.6153571428571428 0.02857142857142857 0.03642857142857143
3 0.8147619047619047 0.6132142857142857 0.02952380952380952 0.03357142857142857
3 0.8257142857142857 0.6539285714285714 0.03238095238095238 0.039285714285714285
3 0.8104761904761904 0.7075 0.03428571428571429 0.05071428571428571
11 0.8514285714285714 0.71 0.03809523809523809 0.05142857142857143
11 0.836190476190476 0.5771428571428572 0.03238095238095238 0.03142857142857143
11 0.8519047619047618 0.6125 0.037142857142857144 0.03785714285714286
11 0.8795238095238095 0.5917857142857142 0.037142857142857144 0.03785714285714286
11 0.900952380952381 0.6357142857142857 0.0419047619047619 0.04428571428571428
11 0.8728571428571429 0.6614285714285715 0.04285714285714286 0.04428571428571428
11 0.9309523809523809 0.6839285714285714 0.04857142857142857 0.052142857142857144
10 0.8909523809523809 0.7139285714285715 0.07523809523809523 0.07071428571428572
3 0.9647619047619046 0.7346428571428572 0.04761904761904761 0.029285714285714286
3 0.9871428571428571 0.7095238095238096 0.025714285714285714 0.06095238095238095
3 0.9828571428571429 0.5280952380952381 0.03428571428571429 0.030476190476190476
3 0.9846428571428572 0.4895238095238095 0.030714285714285715 0.02761904761904762
7 0.9442857142857143 0.17357142857142857 0.0047619047619047615 0.004285714285714286
3 1 0.19238095238095237 0 0.012380952380952381
3 0.9953571428571428 0.19380952380952382 0.009285714285714286 0.012380952380952381
3 0.9928571428571429 0.19380952380952382 0.014285714285714285 0.012380952380952381
3 0.9614285714285714 0.1982142857142857 0.01238095238095238 0.0064285714285714285
7 0.8547619047619046 0.2175 0.0047619047619047615 0.005
3 0.8642857142857143 0.2025 0.008571428571428572 0.0064285714285714285
3 0.8623809523809524 0.20214285714285715 0.010476190476190476 0.007142857142857143
3 0.8595238095238095 0.20214285714285715 0.010476190476190476 0.007142857142857143
3 0.8566666666666666 0.20214285714285715 0.010476190476190476 0.007142857142857143
3 0.8495238095238095 0.20285714285714285 0.009523809523809523 0.007142857142857143
3 0.8442857142857143 0.21892857142857142 0.008571428571428572 0.0064285714285714285
3 0.8404761904761904 0.22071428571428572 0.010476190476190476 0.007142857142857143
3 0.8385714285714285 0.21964285714285714 0.01238095238095238 0.007857142857142858
3 0.8357142857142857 0.2175 0.01238095238095238 0.007857142857142858
4 0.77 0.21607142857142858 0.050476190476190466 0.029285714285714286
7 0.8814285714285715 0.2807142857142857 0.006666666666666666 0.005714285714285714
7 0.8833333333333332 0.28 0.0047619047619047615 0.005714285714285714
1 0.8795238095238095 0.285 0.008571428571428572 0.004285714285714286
8 0.8495238095238095 0.28285714285714286 0.0038095238095238095 0.002857142857142857
1 0.85 0.2842857142857143 0.006666666666666666 0.004285714285714286