3 0.2523333333333333 0.0105 0.014 0.008
3 0.245 0.01575 0.011333333333333332 0.0075
3 0.236 0.0225 0.016 0.007
7 0.227 0.0235 0.003333333333333333 0.006
3 0.22333333333333333 0.02925 0.017333333333333333 0.0075
3 0.18266666666666664 0.03925 0.02 0.0055
3 0.1713333333333333 0.0555 0.016 0.009
1 0.1923333333333333 0.05775 0.004666666666666666 0.0045
8 0.19133333333333333 0.05575 0.004 0.0065
3 0.16566666666666666 0.0855 0.016666666666666663 0.01
3 0.06066666666666667 0.11225 0.025333333333333333 0.0135
5 0.09033333333333333 0.09575 0.004666666666666666 0.0065
7 0.318 0.178 0.008 0.011
7 0.31366666666666665 0.18 0.007333333333333333 0.01
8 0.312 0.17425 0.005333333333333333 0.0085
7 0.1673333333333333 0.186 0.005333333333333333 0.01
11 0.2053333333333333 0.16825 0.021333333333333333 0.0155
3 0.1693333333333333 0.17475 0.030666666666666665 0.0145
11 0.145 0.244 0.024666666666666663 0.021
7 0.017666666666666664 0.13525 0.007333333333333333 0.0095
7 0.014 0.1355 0.008 0.01
3 0.025333333333333333 0.15525 0.025333333333333333 0.0145
3 0.01325 0.182 0.0265 0.017333333333333333
7 0.4116666666666666 0.5075 0.012666666666666666 0.015
7 0.5526666666666666 0.43875 0.008 0.0155
3 0.3113333333333333 0.382 0.07333333333333333 0.022
3 0.4116666666666666 0.3505 0.06066666666666667 0.021
3 0.4063333333333333 0.379 0.06733333333333333 0.02
3 0.483 0.3765 0.06466666666666666 0.023
3 0.5666666666666667 0.372 0.06533333333333333 0.021
3 0.6516666666666666 0.334 0.058 0.019
10 0.7946666666666666 0.28825 0.072 0.0285
10 0.7846666666666666 0.26075 0.048 0.0255
3 0.7213333333333333 0.44675 0.033333333333333326 0.0375
3 0.9483333333333333 0.45975 0.04733333333333333 0.0425
3 0.8026666666666666 0.34375 0.056 0.0185
8 0.865 0.28 0.006 0.007
8 0.8653333333333333 0.2725 0.006666666666666666 0.009
8 0.878 0.274 0.012 0.011
7 0.884 0.2795 0.005333333333333333 0.012
7 0.8963333333333332 0.27775 0.007333333333333333 0.0125
3 0.92 0.28725 0.05333333333333333 0.0195