7 0.4995238095238095 0.6689285714285714 0.010476190476190476 0.025
7 0.5114285714285715 0.6667857142857143 0.009523809523809523 0.02642857142857143
3 0.18904761904761902 0.5171428571428571 0.04095238095238095 0.01
3 0.1938095238095238 0.5132142857142857 0.03142857142857143 0.007857142857142858
3 0.21571428571428572 0.4975 0.037142857142857144 0.009285714285714286
3 0.22952380952380952 0.4925 0.03619047619047619 0.0064285714285714285
3 0.22809523809523807 0.4907142857142857 0.02952380952380952 0.007142857142857143
3 0.22666666666666666 0.48892857142857143 0.03238095238095238 0.007857142857142858
3 0.23285714285714285 0.48392857142857143 0.027619047619047616 0.007857142857142858
2 0.23619047619047617 0.4785714285714286 0.03809523809523809 0.011428571428571429
3 0.22809523809523807 0.475 0.027619047619047616 0.008571428571428572
3 0.23047619047619045 0.4717857142857143 0.02476190476190476 0.009285714285714286
3 0.24571428571428572 0.4689285714285714 0.02857142857142857 0.007857142857142858
3 0.25190476190476185 0.4639285714285714 0.010476190476190476 0.0064285714285714285
3 0.26666666666666666 0.4635714285714286 0.009523809523809523 0.005714285714285714
10 0.23666666666666666 0.4607142857142857 0.006666666666666666 0.007142857142857143
3 0.19904761904761903 0.4782142857142857 0.011428571428571429 0.007857142857142858
3 0.3723809523809523 0.4575 0.009523809523809523 0.005
3 0.3580952380952381 0.45107142857142857 0.009523809523809523 0.005
3 0.518095238095238 0.5135714285714286 0.02476190476190476 0.012857142857142857
10 0.4433333333333333 0.4739285714285714 0.035238095238095235 0.02214285714285714
2 0.539047619047619 0.4682142857142857 0.03238095238095238 0.017857142857142856
3 0.5447619047619048 0.45714285714285713 0.011428571428571429 0.005714285714285714
3 0.5366666666666666 0.45571428571428574 0.01619047619047619 0.005714285714285714
3 0.5557142857142857 0.45714285714285713 0.01238095238095238 0.005714285714285714
3 0.5614285714285714 0.4589285714285714 0.014285714285714285 0.005
11 0.5709523809523809 0.4575 0.018095238095238095 0.007857142857142858
3 0.5542857142857143 0.4660714285714286 0.015238095238095238 0.005
3 0.5666666666666667 0.46714285714285714 0.017142857142857144 0.005714285714285714
3 0.5657142857142857 0.4725 0.017142857142857144 0.007857142857142858
3 0.5961904761904762 0.46035714285714285 0.015238095238095238 0.0064285714285714285
3 0.6123809523809524 0.4610714285714286 0.015238095238095238 0.0064285714285714285
3 0.6228571428571429 0.4617857142857143 0.015238095238095238 0.0064285714285714285
3 0.6404761904761904 0.4639285714285714 0.01238095238095238 0.0064285714285714285
2 0.6495238095238095 0.4625 0.02095238095238095 0.010714285714285714
11 0.6376190476190476 0.47464285714285714 0.02 0.010714285714285714
11 0.6476190476190475 0.4760714285714286 0.02095238095238095 0.009285714285714286
3 0.6547619047619048 0.4807142857142857 0.02 0.007142857142857143
3 0.6642857142857143 0.4807142857142857 0.02 0.007142857142857143
3 0.6757142857142857 0.4835714285714286 0.02 0.007142857142857143
3 0.6880952380952381 0.4835714285714286 0.02 0.007142857142857143
3 0.6995238095238094 0.4857142857142857 0.02 0.007142857142857143
3 0.7109523809523809 0.4857142857142857 0.02 0.007142857142857143
3 0.708095238095238 0.4785714285714286 0.02 0.008571428571428572
3 0.728095238095238 0.4875 0.02 0.009285714285714286
10 0.7880952380952381 0.48642857142857143 0.021904761904761903 0.014285714285714285
10 0.7723809523809523 0.4878571428571429 0.019047619047619046 0.008571428571428572
3 0.7742857142857142 0.5035714285714286 0.02476190476190476 0.011428571428571429
3 0.7980952380952381 0.505 0.02095238095238095 0.011428571428571429
3 0.8166666666666667 0.5075 0.021904761904761903 0.010714285714285714
3 0.8352380952380952 0.5092857142857142 0.019047619047619046 0.011428571428571429
2 0.8704761904761904 0.5046428571428572 0.03428571428571429 0.02214285714285714
3 0.8942857142857142 0.5142857142857142 0.022857142857142857 0.012857142857142857
3 0.9028571428571428 0.4957142857142857 0.015238095238095238 0.011428571428571429
3 0.9204761904761903 0.5171428571428571 0.023809523809523805 0.012857142857142857
3 0.9576190476190475 0.5207142857142857 0.03333333333333333 0.011428571428571429
3 0.9903571428571428 0.59 0.019285714285714285 0.021904761904761906
3 0.9657142857142857 0.5835714285714285 0.05142857142857143 0.02
3 0.9333333333333332 0.5757142857142857 0.043809523809523805 0.018571428571428572
3 0.8995238095238095 0.5657142857142857 0.050476190476190466 0.025714285714285714
11 0.9257142857142857 0.7164285714285714 0.08 0.05714285714285714
3 0.7776190476190475 0.655 0.06952380952380952 0.03857142857142857