3 0.9589285714285715 0.4142857142857143 0.08214285714285714 0.04285714285714286
3 0.26476190476190475 0.40785714285714286 0.11809523809523809 0.045714285714285714
3 0.4 0.39035714285714285 0.13333333333333333 0.04642857142857143
11 0.4395238095238095 0.5364285714285715 0.1361904761904762 0.06428571428571428
3 0.45714285714285713 0.6425 0.07619047619047618 0.11642857142857142
3 0.768095238095238 0.45357142857142857 0.13047619047619047 0.06142857142857143
3 0.7523809523809524 0.5225 0.11809523809523809 0.08214285714285714
3 0.7842857142857143 0.5910714285714286 0.11714285714285715 0.09357142857142857
3 0.8238095238095238 0.6839285714285714 0.1276190476190476 0.10357142857142858
3 0.7614285714285715 0.3578571428571429 0.10571428571428572 0.054285714285714284
3 0.7233333333333333 0.3314285714285714 0.11142857142857143 0.055714285714285716
3 0.4585714285714286 0.3289285714285714 0.054285714285714284 0.075
3 0.4566666666666666 0.2621428571428571 0.04476190476190476 0.055714285714285716
3 0.7042857142857143 0.2575 0.09619047619047619 0.045
3 0.46 0.20035714285714284 0.05142857142857143 0.04357142857142857
3 0.45952380952380945 0.15392857142857144 0.04285714285714286 0.03785714285714286
3 0.45952380952380945 0.11142857142857143 0.04285714285714286 0.04285714285714286
3 0.4009523809523809 0.09178571428571429 0.0419047619047619 0.04357142857142857
3 0.6842857142857143 0.23107142857142857 0.09047619047619047 0.039285714285714285
3 0.45952380952380945 0.04107142857142857 0.0619047619047619 0.03642857142857143
3 0.6352380952380952 0.016428571428571428 0.05714285714285714 0.02
3 0.6414285714285715 0.032857142857142856 0.06952380952380952 0.02
3 0.6457142857142857 0.05357142857142857 0.07809523809523809 0.02857142857142857
3 0.6452380952380952 0.07821428571428571 0.08095238095238094 0.023571428571428573
11 0.6557142857142857 0.09964285714285714 0.08666666666666667 0.04214285714285714
3 0.6685714285714286 0.13214285714285715 0.09333333333333332 0.03
3 0.6776190476190476 0.155 0.09619047619047619 0.027142857142857142
3 0.6776190476190476 0.1757142857142857 0.08666666666666667 0.02857142857142857
3 0.6861904761904761 0.2 0.09428571428571429 0.03428571428571429