3 0.48966666666666664 0.49 0.21133333333333332 0.105
3 0.275 0.44425 0.22333333333333333 0.1095
3 0.11 0.4185 0.21066666666666667 0.081
11 0.083 0.36666666666666664 0.166 0.09333333333333334
3 0.308 0.3215 0.172 0.066
3 0.4973333333333333 0.28975 0.164 0.0495
11 0.6586666666666666 0.264 0.15466666666666665 0.053
3 0.708 0.24225 0.12666666666666665 0.0455
3 0.8013333333333332 0.219 0.1333333333333333 0.042
3 0.95275 0.20966666666666667 0.0945 0.04666666666666667
3 0.9213333333333332 0.18975 0.108 0.0425
3 0.97625 0.16633333333333333 0.0475 0.04066666666666666
3 0.9263333333333332 0.145 0.08333333333333333 0.04
10 0.99275 0.016 0.0145 0.032
1 0.18166666666666667 0.26475 0.03 0.0325
1 0.21133333333333332 0.26475 0.022666666666666665 0.0335
5 0.296 0.24675 0.021333333333333333 0.0305
5 0.3506666666666666 0.2335 0.028 0.034
7 0.6223333333333333 0.165 0.018 0.032
7 0.522 0.2585 0.028 0.034
7 0.5773333333333333 0.28875 0.03866666666666666 0.0385
7 0.8756666666666666 0.1325 0.014 0.03
7 0.8493333333333333 0.1335 0.010666666666666666 0.028
5 0.8256666666666667 0.149 0.020666666666666663 0.024