3 0.4506666666666666 0.64875 0.092 0.1035
11 0.7543333333333333 0.6255 0.09666666666666665 0.083
3 0.5273333333333332 0.44425 0.057333333333333326 0.0485
3 0.48266666666666663 0.38675 0.033333333333333326 0.0325
3 0.645 0.404 0.05266666666666667 0.033
3 0.5156666666666666 0.31075 0.028666666666666663 0.0275
3 0.5006666666666666 0.27225 0.017333333333333333 0.0155
7 0.2663333333333333 0.61175 0.022 0.0465
10 0.06633333333333333 0.642 0.13 0.095
3 0.6396666666666666 0.2275 0.028666666666666663 0.009
7 0.6273333333333333 0.2365 0.004 0.008
1 0.6276666666666666 0.2385 0.008666666666666666 0.005
10 0.5483333333333332 0.24075 0.018 0.0135
10 0.521 0.234 0.03 0.012
9 0.485 0.2295 0.008666666666666666 0.009
3 0.5696666666666667 0.2295 0.02333333333333333 0.008
3 0.5843333333333333 0.225 0.02333333333333333 0.009
10 0.48833333333333334 0.21575 0.012666666666666666 0.0135
8 0.6086666666666666 0.23975 0.004 0.0075
1 0.6076666666666666 0.24275 0.004666666666666666 0.0065
6 0.592 0.2165 0.014666666666666666 0.01
3 0.5223333333333332 0.2235 0.011333333333333332 0.007
3 0.5366666666666666 0.22175 0.016 0.0095
8 0.5366666666666666 0.226 0.009333333333333332 0.007
1 0.536 0.22675 0.008 0.0045
3 0.513 0.21875 0.011333333333333332 0.0075
10 0.5026666666666666 0.2145 0.017333333333333333 0.014
3 0.5366666666666666 0.21225 0.012 0.0055
3 0.502 0.2075 0.030666666666666665 0.005
11 0.5293333333333332 0.19 0.010666666666666666 0.009
3 0.5483333333333332 0.19375 0.016666666666666663 0.0055
3 0.534 0.19525 0.009333333333333332 0.0035
7 0.511 0.19575 0.004666666666666666 0.0055
10 0.5026666666666666 0.17575 0.008 0.0085
3 0.521 0.1835 0.006 0.005
3 0.5073333333333333 0.186 0.008 0.005
4 0.49566666666666664 0.1925 0.01 0.027
3 0.5086666666666666 0.2025 0.008 0.006
3 0.5053333333333333 0.204 0.006666666666666666 0.007
4 0.5206666666666666 0.1695 0.032 0.019
3 0.5663333333333332 0.19425 0.012666666666666666 0.0055
11 0.07533333333333334 0.38275 0.07866666666666666 0.0195
3 0.12066666666666666 0.36075 0.06 0.0185
3 0.1443333333333333 0.35075 0.066 0.0175
3 0.154 0.3405 0.048 0.014
3 0.1723333333333333 0.33125 0.054 0.0105
3 0.09566666666666666 0.31825 0.03933333333333333 0.0195
3 0.12 0.29975 0.036 0.0195
7 0.15433333333333332 0.319 0.012666666666666666 0.018
3 0.10766666666666666 0.28975 0.048666666666666664 0.0125
3 0.1623333333333333 0.2775 0.038 0.013
5 0.23166666666666666 0.25775 0.007333333333333333 0.0085
0 0.23966666666666667 0.25925 0.011333333333333332 0.0115
5 0.06733333333333333 0.32275 0.014666666666666666 0.0105
5 0.04733333333333333 0.33125 0.025333333333333333 0.0085
3 0.258 0.24175 0.025333333333333333 0.0125
3 0.317 0.25225 0.054 0.0235
8 0.301 0.2265 0.006 0.008
1 0.29933333333333334 0.22775 0.010666666666666666 0.0045
8 0.274 0.2385 0.008 0.01
5 0.2733333333333333 0.2415 0.005333333333333333 0.008
1 0.138 0.282 0.02 0.012
1 0.11633333333333333 0.2815 0.018 0.01
4 0.48433333333333334 0.186 0.007333333333333333 0.007
8 0.48666666666666664 0.20175 0.004 0.0035
5 0.487 0.203 0.002 0.003
7 0.537 0.18525 0.003333333333333333 0.0045