5 0.617 0.69225 0.03666666666666667 0.0835
5 0.559 0.27925 0.014 0.0175
5 0.5846666666666667 0.27475 0.017333333333333333 0.0165
5 0.497 0.256 0.026 0.015
5 0.6453333333333332 0.2125 0.006666666666666666 0.012
8 0.308 0.5895 0.03866666666666666 0.042
8 0.558 0.27475 0.012 0.0205
8 0.5786666666666667 0.266 0.006666666666666666 0.014
8 0.6453333333333332 0.208 0.008 0.011
8 0.631 0.308 0.012666666666666666 0.017
8 0.6873333333333332 0.42875 0.016 0.0305
8 0.6616666666666666 0.43 0.01933333333333333 0.029
8 0.6303333333333333 0.32975 0.01933333333333333 0.0165
8 0.6373333333333333 0.3425 0.016 0.016
8 0.6286666666666666 0.3485 0.012 0.022
8 0.9056666666666666 0.19925 0.008666666666666666 0.0105
7 0.096 0.5705 0.03866666666666666 0.047
7 0.135 0.57075 0.04733333333333333 0.0455
7 0.4516666666666666 0.46775 0.03133333333333333 0.0445
7 0.495 0.4885 0.024666666666666663 0.038
7 0.4593333333333333 0.41825 0.017333333333333333 0.0435
7 0.47633333333333333 0.417 0.01933333333333333 0.038
7 0.569 0.3785 0.016666666666666663 0.036
7 0.584 0.37125 0.017333333333333333 0.0355
7 0.5303333333333332 0.3475 0.015333333333333332 0.032
7 0.48166666666666663 0.345 0.015333333333333332 0.034
7 0.5076666666666666 0.34225 0.015333333333333332 0.0305
7 0.6056666666666666 0.52775 0.03133333333333333 0.0405
7 0.4556666666666666 0.3345 0.014 0.031
7 0.48833333333333334 0.3165 0.014 0.028
7 0.6396666666666666 0.366 0.015333333333333332 0.037
7 0.5853333333333333 0.331 0.016 0.028
7 0.5596666666666666 0.315 0.01 0.023
7 0.574 0.3165 0.013333333333333332 0.027
7 0.5616666666666666 0.304 0.007333333333333333 0.018
7 0.577 0.29925 0.014 0.0205
7 0.572 0.309 0.013333333333333332 0.024
7 0.5893333333333333 0.2645 0.010666666666666666 0.018
7 0.6133333333333333 0.2805 0.008 0.024
7 0.639 0.28725 0.01 0.0215
7 0.6373333333333333 0.27675 0.009333333333333332 0.0215
7 0.6233333333333333 0.23375 0.009333333333333332 0.0195
7 0.6243333333333333 0.22475 0.01 0.0185
8 0.6406666666666666 0.25625 0.009333333333333332 0.0135
8 0.625 0.2705 0.012666666666666666 0.013
8 0.5986666666666667 0.221 0.008 0.013
7 0.5726666666666667 0.226 0.006666666666666666 0.015
8 0.5096666666666666 0.2525 0.015333333333333332 0.018
1 0.496 0.5015 0.068 0.024
3 0.2783333333333333 0.4635 0.142 0.065
3 0.3733333333333333 0.41875 0.128 0.0555
5 0.7006666666666667 0.3905 0.018666666666666665 0.034
1 0.451 0.2435 0.02333333333333333 0.019
8 0.6103333333333333 0.23175 0.011333333333333332 0.0135
4 0.638 0.14225 0.03866666666666666 0.0395
4 0.7073333333333333 0.13425 0.06266666666666666 0.0305
7 0.5683333333333332 0.68775 0.01933333333333333 0.0335
11 0.6616666666666666 0.183 0.01933333333333333 0.02
7 0.6356666666666666 0.17525 0.007333333333333333 0.0135
7 0.6253333333333333 0.17475 0.006666666666666666 0.0135
3 0.646 0.1695 0.02 0.014
3 0.716 0.15475 0.018666666666666665 0.0095
3 0.7283333333333333 0.16125 0.01933333333333333 0.0105
3 0.7443333333333333 0.16875 0.01933333333333333 0.0125
3 0.7556666666666666 0.16575 0.018 0.0125
3 0.7273333333333333 0.17025 0.025333333333333333 0.0125
3 0.732 0.17925 0.02 0.0125
3 0.7796666666666666 0.19675 0.024666666666666663 0.0145
3 0.801 0.17975 0.024666666666666663 0.0135
3 0.7876666666666666 0.1715 0.02333333333333333 0.012
3 0.8163333333333332 0.19925 0.03133333333333333 0.0205
11 0.8303333333333333 0.183 0.038 0.015
10 0.8423333333333333 0.1915 0.04333333333333333 0.027
10 0.8783333333333333 0.194 0.04733333333333333 0.026
3 0.868 0.21075 0.06133333333333333 0.0175
7 0.8536666666666666 0.224 0.01 0.02
7 0.9186666666666666 0.20775 0.006666666666666666 0.0205
7 0.9293333333333332 0.21 0.006666666666666666 0.014
7 0.9336666666666666 0.21675 0.007333333333333333 0.0185
7 0.925 0.2225 0.008666666666666666 0.02
7 0.903 0.21725 0.007333333333333333 0.0225
7 0.9806666666666666 0.239 0.005333333333333333 0.019
7 0.848 0.19925 0.005333333333333333 0.0175
3 0.97475 0.21366666666666667 0.0505 0.018
10 0.97675 0.20233333333333334 0.0465 0.018666666666666668
11 0.98325 0.26866666666666666 0.0335 0.03933333333333333
5 0.7863333333333332 0.62225 0.03666666666666667 0.0535
0 0.9646666666666667 0.2445 0.029333333333333333 0.016