3 0.7990476190476189 0.40035714285714286 0.026666666666666665 0.020714285714285713
10 0.8028571428571428 0.46035714285714285 0.03809523809523809 0.03214285714285714
10 0.6952380952380952 0.30714285714285716 0.02095238095238095 0.02142857142857143
10 0.6619047619047619 0.2667857142857143 0.02857142857142857 0.025
10 0.6014285714285714 0.21964285714285714 0.03333333333333333 0.02642857142857143
10 0.539047619047619 0.1767857142857143 0.017142857142857144 0.015
10 0.5166666666666666 0.16428571428571428 0.018095238095238095 0.015714285714285715
5 0.8961904761904761 0.5360714285714285 0.015238095238095238 0.016428571428571428
3 0.4342857142857143 0.32857142857142857 0.013333333333333332 0.012857142857142857
3 0.4152380952380952 0.33107142857142857 0.017142857142857144 0.012142857142857143
3 0.40619047619047616 0.2042857142857143 0.018095238095238095 0.005714285714285714
3 0.4085714285714286 0.22392857142857142 0.022857142857142857 0.0064285714285714285
3 0.37047619047619046 0.21285714285714286 0.009523809523809523 0.007142857142857143
3 0.4047619047619047 0.21571428571428572 0.02095238095238095 0.005714285714285714
3 0.4109523809523809 0.21892857142857142 0.02 0.0064285714285714285
3 0.4047619047619047 0.2017857142857143 0.019047619047619046 0.0035714285714285713
3 0.40238095238095234 0.19857142857142857 0.018095238095238095 0.004285714285714286
3 0.4009523809523809 0.19535714285714287 0.017142857142857144 0.005
3 0.41 0.2332142857142857 0.021904761904761903 0.0064285714285714285
3 0.3842857142857143 0.1725 0.018095238095238095 0.005
3 0.5061904761904762 0.15 0.006666666666666666 0.004285714285714286
3 0.44619047619047614 0.1375 0.0047619047619047615 0.0035714285714285713
10 0.5228571428571429 0.12821428571428573 0.005714285714285714 0.005
2 0.5947619047619047 0.2546428571428571 0.02 0.02214285714285714
3 0.5571428571428572 0.19178571428571428 0.009523809523809523 0.005
10 0.6666666666666666 0.22107142857142856 0.015238095238095238 0.013571428571428571
10 0.8223809523809523 0.23892857142857143 0.06 0.019285714285714285