3 0.7523809523809524 0.7207142857142858 0.07428571428571429 0.05714285714285714
3 0.9696428571428571 0.6480952380952381 0.060714285714285714 0.06095238095238095
3 0.44142857142857145 0.37464285714285717 0.07333333333333332 0.11071428571428571
3 0.4638095238095238 0.26535714285714285 0.06476190476190476 0.09071428571428572
3 0.47952380952380946 0.15321428571428572 0.0619047619047619 0.09214285714285714
3 0.7319047619047618 0.1457142857142857 0.054285714285714284 0.08285714285714285
3 0.9517857142857142 0.24095238095238095 0.09642857142857143 0.049523809523809526
3 0.7233333333333333 0.04928571428571429 0.054285714285714284 0.07285714285714286
11 0.6123809523809524 0.2282142857142857 0.06095238095238095 0.11214285714285714
11 0.9503571428571429 0.29333333333333333 0.09928571428571428 0.05047619047619047
3 0.9489285714285715 0.40904761904761905 0.10214285714285715 0.05523809523809524
8 0.5352380952380952 0.1392857142857143 0.022857142857142857 0.025714285714285714
5 0.5342857142857143 0.145 0.02095238095238095 0.03857142857142857
8 0.5219047619047619 0.4982142857142857 0.02476190476190476 0.02214285714285714
8 0.5257142857142857 0.48642857142857143 0.02095238095238095 0.02
5 0.5228571428571429 0.49714285714285716 0.026666666666666665 0.04
8 0.5019047619047619 0.6632142857142858 0.026666666666666665 0.023571428571428573
5 0.5028571428571429 0.66 0.02857142857142857 0.04428571428571428
7 0.8204761904761904 0.355 0.023809523809523805 0.022857142857142857
7 0.8866666666666666 0.36857142857142855 0.022857142857142857 0.02857142857142857
1 0.7366666666666666 0.3460714285714286 0.03333333333333333 0.03357142857142857
8 0.7404761904761904 0.34285714285714286 0.023809523809523805 0.02142857142857143
6 0.889047619047619 0.3517857142857143 0.01619047619047619 0.013571428571428571
7 0.8857142857142857 0.17785714285714285 0.019047619047619046 0.02857142857142857
5 0.9609523809523809 0.17464285714285716 0.04952380952380952 0.025
5 0.9732142857142857 0.018095238095238095 0.05357142857142857 0.02761904761904762