2 0.8861904761904761 0.6160714285714286 0.17809523809523808 0.2664285714285714
3 0.8738095238095237 0.4235714285714286 0.08666666666666667 0.054285714285714284
3 0.02035714285714286 0.5542857142857143 0.04071428571428572 0.045714285714285714
3 0.12 0.5060714285714286 0.1580952380952381 0.052142857142857144
3 0.3138095238095238 0.48214285714285715 0.12857142857142856 0.04857142857142857
11 0.48 0.45285714285714285 0.10857142857142857 0.05
3 0.599047619047619 0.4357142857142857 0.08952380952380952 0.03857142857142857
3 0.7133333333333333 0.42 0.0838095238095238 0.03571428571428571
3 0.968095238095238 0.38607142857142857 0.050476190476190466 0.04214285714285714
11 0.12 0.3082142857142857 0.07238095238095238 0.019285714285714285
11 0.16333333333333333 0.29714285714285715 0.04476190476190476 0.015714285714285715
3 0.2095238095238095 0.2925 0.045714285714285714 0.016428571428571428
3 0.28095238095238095 0.27285714285714285 0.05333333333333333 0.018571428571428572
3 0.32285714285714284 0.2664285714285714 0.043809523809523805 0.015714285714285715
3 0.2776190476190476 0.19678571428571429 0.01238095238095238 0.009285714285714286
3 0.3661904761904762 0.23464285714285715 0.04095238095238095 0.009285714285714286
3 0.3976190476190476 0.22857142857142856 0.04095238095238095 0.011428571428571429
3 0.3757142857142857 0.21785714285714286 0.03142857142857143 0.01
4 0.34047619047619043 0.22178571428571428 0.035238095238095235 0.013571428571428571
11 0.32904761904761903 0.20857142857142857 0.03142857142857143 0.011428571428571429
3 0.30666666666666664 0.2017857142857143 0.02095238095238095 0.007857142857142858
4 0.31238095238095237 0.2075 0.011428571428571429 0.007857142857142858
3 0.36047619047619045 0.2082142857142857 0.02952380952380952 0.009285714285714286
3 0.3323809523809524 0.19642857142857142 0.022857142857142857 0.008571428571428572
4 0.3519047619047619 0.20142857142857143 0.023809523809523805 0.007142857142857143
4 0.3223809523809524 0.1767857142857143 0.023809523809523805 0.0064285714285714285
3 0.3338095238095238 0.18571428571428572 0.021904761904761903 0.007142857142857143
4 0.30142857142857143 0.18535714285714286 0.023809523809523805 0.010714285714285714
7 0.46285714285714286 0.25035714285714283 0.007619047619047619 0.013571428571428571
7 0.47238095238095235 0.25214285714285717 0.007619047619047619 0.011428571428571429
7 0.5047619047619047 0.24964285714285714 0.005714285714285714 0.012142857142857143
2 0.51 0.23607142857142857 0.0638095238095238 0.019285714285714285
3 0.46714285714285714 0.21964285714285714 0.027619047619047616 0.009285714285714286
3 0.45809523809523806 0.21642857142857144 0.03238095238095238 0.01
3 0.44619047619047614 0.2117857142857143 0.02952380952380952 0.009285714285714286
4 0.42666666666666664 0.2042857142857143 0.02476190476190476 0.008571428571428572
5 0.8190476190476189 0.33285714285714285 0.019047619047619046 0.02
3 0.8671428571428571 0.3246428571428571 0.05809523809523809 0.02642857142857143
3 0.6414285714285715 0.2507142857142857 0.027619047619047616 0.017142857142857144
3 0.7357142857142858 0.28 0.039047619047619046 0.02
3 0.9 0.30642857142857144 0.06476190476190476 0.02857142857142857
4 0.81 0.29714285714285715 0.035238095238095235 0.02142857142857143
4 0.9380952380952381 0.2835714285714286 0.06857142857142857 0.032857142857142856
3 0.6823809523809523 0.2639285714285714 0.02 0.012142857142857143
4 0.4676190476190476 0.18892857142857142 0.019047619047619046 0.010714285714285714
4 0.48952380952380947 0.2017857142857143 0.015238095238095238 0.015
4 0.52 0.20857142857142857 0.02857142857142857 0.017142857142857144
8 0.8209523809523809 0.3325 0.017142857142857144 0.016428571428571428
3 0.9903571428571428 0.32095238095238093 0.019285714285714285 0.02857142857142857