3 0.48921319796954316 0.09607142857142857 0.008883248730964468 0.005
7 0.44162436548223344 0.12392857142857143 0.0025380710659898475 0.005
7 0.45748730964467005 0.1225 0.0038071065989847717 0.0064285714285714285
3 0.4397208121827411 0.1525 0.026649746192893398 0.007857142857142858
10 0.5171319796954315 0.13107142857142856 0.013959390862944163 0.010714285714285714
10 0.5158629441624366 0.12071428571428572 0.01649746192893401 0.018571428571428572
6 0.5444162436548223 0.11857142857142856 0.015228426395939087 0.012857142857142857
11 0.5133248730964467 0.14392857142857143 0.01649746192893401 0.012142857142857141
6 0.5088832487309645 0.15535714285714286 0.02030456852791878 0.015000000000000001
11 0.5964467005076142 0.16499999999999998 0.03299492385786802 0.01
10 0.4968274111675127 0.1682142857142857 0.01649746192893401 0.023571428571428573
7 0.618020304568528 0.1525 0.005076142131979695 0.0064285714285714285
7 0.6186548223350253 0.15928571428571428 0.0038071065989847717 0.005714285714285714
7 0.6186548223350253 0.14714285714285713 0.0038071065989847717 0.007142857142857143
7 0.6269035532994923 0.16107142857142856 0.0025380710659898475 0.0064285714285714285
7 0.6313451776649747 0.1525 0.0038071065989847717 0.005
7 0.6116751269035533 0.15357142857142855 0.005076142131979695 0.004285714285714286
7 0.6357868020304569 0.14928571428571427 0.005076142131979695 0.004285714285714286
4 0.6192893401015228 0.14607142857142857 0.005076142131979695 0.0035714285714285713
7 0.6421319796954315 0.18142857142857144 0.005076142131979695 0.007142857142857143
7 0.5450507614213198 0.18357142857142858 0.0038071065989847717 0.005714285714285714
7 0.3496192893401015 0.2517857142857143 0.00634517766497462 0.010714285714285714
7 0.36548223350253806 0.25071428571428567 0.007614213197969543 0.01
11 0.5615482233502538 0.2646428571428571 0.024111675126903553 0.016428571428571428
7 0.641497461928934 0.19749999999999998 0.0038071065989847717 0.0064285714285714285
7 0.6421319796954315 0.2064285714285714 0.005076142131979695 0.008571428571428572
7 0.6370558375634517 0.21035714285714283 0.005076142131979695 0.009285714285714286
7 0.618020304568528 0.205 0.005076142131979695 0.008571428571428572
7 0.625 0.21071428571428572 0.0038071065989847717 0.008571428571428572
7 0.6281725888324873 0.20678571428571427 0.005076142131979695 0.007857142857142858
7 0.6478426395939086 0.20678571428571427 0.0038071065989847717 0.009285714285714286
7 0.6446700507614213 0.21464285714285714 0.007614213197969543 0.009285714285714286
7 0.6510152284263959 0.215 0.005076142131979695 0.008571428571428572
4 0.625 0.21928571428571428 0.011421319796954314 0.01
7 0.6243654822335025 0.22785714285714287 0.005076142131979695 0.007142857142857143
7 0.626269035532995 0.23285714285714285 0.00634517766497462 0.005714285714285714
7 0.6395939086294417 0.23035714285714287 0.005076142131979695 0.007857142857142858
7 0.6370558375634517 0.2232142857142857 0.005076142131979695 0.007857142857142858
7 0.6446700507614213 0.22428571428571428 0.007614213197969543 0.007142857142857143
7 0.6453045685279188 0.22107142857142856 0.0038071065989847717 0.007857142857142858
7 0.6472081218274112 0.2332142857142857 0.005076142131979695 0.007857142857142858
7 0.6554568527918782 0.23785714285714285 0.00634517766497462 0.008571428571428572
7 0.6465736040609137 0.23928571428571427 0.0038071065989847717 0.01
7 0.641497461928934 0.23892857142857143 0.00634517766497462 0.007857142857142858
5 0.626269035532995 0.2407142857142857 0.00634517766497462 0.007142857142857143
7 0.6567258883248731 0.24678571428571427 0.00634517766497462 0.009285714285714286
7 0.66751269035533 0.24678571428571427 0.005076142131979695 0.009285714285714286
7 0.6782994923857868 0.24357142857142855 0.00634517766497462 0.008571428571428572
7 0.6294416243654822 0.2521428571428571 0.005076142131979695 0.008571428571428572
7 0.633248730964467 0.26678571428571424 0.005076142131979695 0.009285714285714286
7 0.6307106598984772 0.2589285714285714 0.005076142131979695 0.007857142857142858
7 0.7131979695431472 0.27321428571428574 0.005076142131979695 0.010714285714285714
7 0.7271573604060914 0.2625 0.005076142131979695 0.009285714285714286
7 0.7360406091370558 0.27071428571428574 0.005076142131979695 0.01
7 0.7512690355329948 0.29857142857142854 0.005076142131979695 0.011428571428571429
7 0.7493654822335025 0.3057142857142857 0.00634517766497462 0.011428571428571429
7 0.7677664974619288 0.31571428571428567 0.007614213197969543 0.012857142857142857
7 0.7411167512690355 0.3214285714285714 0.007614213197969543 0.012857142857142857
7 0.7468274111675126 0.32 0.00634517766497462 0.011428571428571429
7 0.7810913705583756 0.3214285714285714 0.00634517766497462 0.01
7 0.7544416243654822 0.35357142857142854 0.008883248730964468 0.012857142857142857
7 0.7493654822335025 0.3610714285714286 0.008883248730964468 0.012142857142857141
7 0.7341370558375635 0.35928571428571426 0.00634517766497462 0.014285714285714285
7 0.7093908629441624 0.36357142857142855 0.01269035532994924 0.01
7 0.6928934010152283 0.3746428571428571 0.007614213197969543 0.016428571428571428
7 0.6967005076142132 0.37892857142857145 0.01015228426395939 0.013571428571428571
7 0.6859137055837563 0.39 0.008883248730964468 0.015714285714285715
7 0.6878172588832487 0.39107142857142857 0.007614213197969543 0.013571428571428571
7 0.7208121827411168 0.41535714285714287 0.007614213197969543 0.010714285714285714
7 0.8115482233502538 0.40678571428571425 0.008883248730964468 0.015000000000000001
7 0.8248730964467005 0.40535714285714286 0.01015228426395939 0.015000000000000001
7 0.9010152284263959 0.41535714285714287 0.01269035532994924 0.015000000000000001
3 0.565989847715736 0.33249999999999996 0.030456852791878174 0.02214285714285714
3 0.5222081218274112 0.3607142857142857 0.0317258883248731 0.024285714285714282
11 0.574238578680203 0.3607142857142857 0.03426395939086294 0.030000000000000002
7 0.0317258883248731 0.4128571428571428 0.015228426395939087 0.014285714285714285
7 0.03934010152284264 0.4107142857142857 0.01269035532994924 0.014285714285714285
7 0.1319796954314721 0.43107142857142855 0.01015228426395939 0.013571428571428571
7 0.13324873096446702 0.43535714285714283 0.01015228426395939 0.010714285714285714
7 0.1751269035532995 0.42071428571428565 0.01269035532994924 0.015714285714285715
7 0.2233502538071066 0.4139285714285714 0.01269035532994924 0.015000000000000001
7 0.24238578680203046 0.40857142857142853 0.01015228426395939 0.014285714285714285
7 0.2753807106598985 0.3682142857142857 0.01015228426395939 0.013571428571428571
7 0.2703045685279188 0.41107142857142853 0.01015228426395939 0.016428571428571428
7 0.2760152284263959 0.41178571428571425 0.011421319796954314 0.013571428571428571
7 0.30076142131979694 0.4107142857142857 0.01015228426395939 0.015714285714285715
7 0.3013959390862944 0.41035714285714286 0.008883248730964468 0.015000000000000001
6 0.3147208121827411 0.4132142857142857 0.02030456852791878 0.010714285714285714
7 0.27411167512690354 0.42428571428571427 0.01015228426395939 0.012857142857142857
7 0.28616751269035534 0.42428571428571427 0.011421319796954314 0.012857142857142857
7 0.291243654822335 0.4228571428571428 0.008883248730964468 0.01
7 0.2982233502538071 0.4278571428571428 0.01015228426395939 0.014285714285714285
7 0.3096446700507614 0.42607142857142855 0.01269035532994924 0.013571428571428571
7 0.3312182741116751 0.42071428571428565 0.017766497461928935 0.014285714285714285
7 0.3331218274111675 0.41357142857142853 0.013959390862944163 0.011428571428571429
6 0.34454314720812185 0.41607142857142854 0.019035532994923856 0.009285714285714286
7 0.35406091370558374 0.4189285714285714 0.01269035532994924 0.015000000000000001
7 0.3730964467005076 0.39678571428571424 0.01269035532994924 0.015000000000000001
7 0.3730964467005076 0.43964285714285717 0.01015228426395939 0.013571428571428571
7 0.3788071065989848 0.42107142857142854 0.013959390862944163 0.015000000000000001
7 0.3743654822335026 0.41035714285714286 0.015228426395939087 0.016428571428571428
7 0.383248730964467 0.41678571428571426 0.01269035532994924 0.015000000000000001
7 0.3788071065989848 0.4139285714285714 0.008883248730964468 0.013571428571428571
7 0.3883248730964467 0.40035714285714286 0.01015228426395939 0.013571428571428571
7 0.4029187817258883 0.4114285714285714 0.011421319796954314 0.012857142857142857
7 0.4022842639593909 0.4089285714285714 0.007614213197969543 0.013571428571428571
7 0.4067258883248731 0.40678571428571425 0.011421319796954314 0.013571428571428571
7 0.053299492385786795 0.5578571428571428 0.01269035532994924 0.007142857142857143
7 0.06789340101522842 0.5407142857142857 0.019035532994923856 0.018571428571428572
7 0.10025380710659898 0.5278571428571428 0.01269035532994924 0.018571428571428572
7 0.11611675126903553 0.5246428571428571 0.01649746192893401 0.019285714285714285
7 0.10659898477157359 0.5153571428571428 0.01269035532994924 0.015000000000000001
7 0.10723350253807105 0.4853571428571428 0.013959390862944163 0.019285714285714285
7 0.12373096446700507 0.48464285714285715 0.013959390862944163 0.017857142857142856
7 0.1751269035532995 0.5485714285714286 0.015228426395939087 0.014285714285714285
7 0.17195431472081218 0.5407142857142857 0.013959390862944163 0.018571428571428572
7 0.18274111675126903 0.5196428571428571 0.015228426395939087 0.017857142857142856
7 0.3699238578680203 0.5525 0.01649746192893401 0.017857142857142856
7 0.22906091370558376 0.5310714285714285 0.013959390862944163 0.019285714285714285
7 0.2455583756345178 0.5353571428571429 0.013959390862944163 0.019285714285714285
7 0.39149746192893403 0.5164285714285713 0.01649746192893401 0.018571428571428572
7 0.2760152284263959 0.45749999999999996 0.01649746192893401 0.016428571428571428
7 0.21383248730964466 0.49607142857142855 0.013959390862944163 0.017857142857142856
7 0.25253807106598986 0.48428571428571426 0.01015228426395939 0.017142857142857144
7 0.28236040609137053 0.4928571428571428 0.011421319796954314 0.017142857142857144
7 0.2506345177664975 0.5071428571428571 0.011421319796954314 0.015714285714285715
7 0.25444162436548223 0.5110714285714286 0.013959390862944163 0.016428571428571428
7 0.3001269035532995 0.5057142857142857 0.013959390862944163 0.02
7 0.4219543147208122 0.46785714285714286 0.011421319796954314 0.015714285714285715
7 0.42512690355329946 0.45428571428571424 0.015228426395939087 0.017142857142857144
7 0.48223350253807107 0.47428571428571425 0.01269035532994924 0.017142857142857144
7 0.5272842639593909 0.4707142857142857 0.019035532994923856 0.018571428571428572
7 0.7239847715736041 0.5053571428571428 0.008883248730964468 0.016428571428571428
7 0.6846446700507614 0.4714285714285714 0.011421319796954314 0.015714285714285715
7 0.6947969543147209 0.45535714285714285 0.01649746192893401 0.019285714285714285
7 0.6522842639593909 0.4946428571428571 0.01015228426395939 0.020714285714285713
7 0.6218274111675127 0.4910714285714286 0.01269035532994924 0.016428571428571428
7 0.5881979695431472 0.4946428571428571 0.013959390862944163 0.019285714285714285
7 0.5704314720812182 0.4896428571428571 0.011421319796954314 0.016428571428571428
7 0.7734771573604061 0.4421428571428571 0.008883248730964468 0.015714285714285715
7 0.8217005076142133 0.46499999999999997 0.008883248730964468 0.012857142857142857
7 0.7950507614213198 0.4721428571428571 0.008883248730964468 0.014285714285714285
7 0.7760152284263959 0.4764285714285714 0.008883248730964468 0.012857142857142857
7 0.8134517766497462 0.4753571428571428 0.005076142131979695 0.013571428571428571
7 0.8356598984771574 0.45892857142857135 0.011421319796954314 0.017857142857142856
7 0.8236040609137056 0.4585714285714286 0.015228426395939087 0.015714285714285715
7 0.833756345177665 0.45428571428571424 0.01015228426395939 0.018571428571428572
7 0.6307106598984772 0.4092857142857143 0.005076142131979695 0.012857142857142857
7 0.6129441624365483 0.40142857142857147 0.01269035532994924 0.014285714285714285
7 0.608502538071066 0.3992857142857143 0.008883248730964468 0.01
7 0.6110406091370558 0.42571428571428566 0.011421319796954314 0.014285714285714285
7 0.6015228426395939 0.425 0.01269035532994924 0.014285714285714285
7 0.5989847715736041 0.4128571428571428 0.007614213197969543 0.015714285714285715
7 0.5989847715736041 0.41178571428571425 0.01015228426395939 0.017857142857142856
7 0.5748730964467005 0.4189285714285714 0.01269035532994924 0.013571428571428571
7 0.567258883248731 0.41178571428571425 0.015228426395939087 0.015000000000000001
7 0.5843908629441624 0.40035714285714286 0.013959390862944163 0.013571428571428571
7 0.5818527918781726 0.3914285714285714 0.01649746192893401 0.014285714285714285
7 0.5710659898477157 0.3867857142857143 0.01015228426395939 0.013571428571428571
7 0.5526649746192893 0.3842857142857143 0.008883248730964468 0.012857142857142857
7 0.5501269035532994 0.38607142857142857 0.011421319796954314 0.013571428571428571
7 0.5450507614213198 0.4089285714285714 0.008883248730964468 0.013571428571428571
7 0.5184010152284264 0.39321428571428574 0.00634517766497462 0.015000000000000001
7 0.5 0.4235714285714286 0.01015228426395939 0.015714285714285715
7 0.5126903553299492 0.42 0.007614213197969543 0.011428571428571429
7 0.5368020304568528 0.4146428571428571 0.01015228426395939 0.013571428571428571
7 0.5 0.4057142857142857 0.01269035532994924 0.014285714285714285
7 0.4847715736040609 0.39535714285714285 0.01269035532994924 0.013571428571428571
7 0.4809644670050761 0.4164285714285714 0.01269035532994924 0.012857142857142857
7 0.434010152284264 0.42178571428571426 0.02030456852791878 0.015000000000000001
7 0.5348984771573604 0.39 0.008883248730964468 0.012857142857142857
7 0.5374365482233502 0.3885714285714285 0.008883248730964468 0.012857142857142857
7 0.567258883248731 0.4114285714285714 0.015228426395939087 0.014285714285714285
7 0.5399746192893401 0.39999999999999997 0.008883248730964468 0.014285714285714285
7 0.5291878172588832 0.41214285714285714 0.01269035532994924 0.014285714285714285
7 0.5304568527918782 0.3992857142857143 0.01269035532994924 0.014285714285714285
7 0.5393401015228426 0.40035714285714286 0.01015228426395939 0.013571428571428571
7 0.5107868020304569 0.4092857142857143 0.011421319796954314 0.014285714285714285
7 0.5107868020304569 0.41535714285714287 0.008883248730964468 0.015000000000000001
7 0.49873096446700504 0.4010714285714286 0.01015228426395939 0.013571428571428571
7 0.47842639593908626 0.4089285714285714 0.01269035532994924 0.013571428571428571
7 0.47652284263959394 0.40714285714285714 0.013959390862944163 0.014285714285714285
7 0.35913705583756345 0.41214285714285714 0.007614213197969543 0.008571428571428572
7 0.41751269035532995 0.41928571428571426 0.01015228426395939 0.015714285714285715
7 0.4187817258883249 0.39535714285714285 0.007614213197969543 0.012142857142857141
7 0.43718274111675126 0.3935714285714285 0.008883248730964468 0.012857142857142857
7 0.4467005076142132 0.3960714285714286 0.01269035532994924 0.013571428571428571
7 0.4562182741116751 0.3985714285714285 0.008883248730964468 0.011428571428571429
7 0.45558375634517767 0.39785714285714285 0.01015228426395939 0.014285714285714285
7 0.4593908629441624 0.4178571428571428 0.01269035532994924 0.015714285714285715
7 0.440989847715736 0.4128571428571428 0.01649746192893401 0.015714285714285715
4 0.4200507614213198 0.40678571428571425 0.007614213197969543 0.010714285714285714
7 0.43845177664974616 0.4089285714285714 0.011421319796954314 0.015000000000000001
7 0.44860406091370564 0.4092857142857143 0.008883248730964468 0.014285714285714285
7 0.4479695431472081 0.40285714285714286 0.01269035532994924 0.014285714285714285