7 0.29949238578680204 0.0225 0.007614213197969543 0.0064285714285714285
7 0.31408629441624364 0.027142857142857142 0.00634517766497462 0.004285714285714286
3 0.5856598984771574 0.12928571428571428 0.019035532994923856 0.017142857142857144
3 0.5628172588832487 0.12392857142857143 0.019035532994923856 0.015000000000000001
3 0.5418781725888324 0.12214285714285714 0.02030456852791878 0.017142857142857144
3 0.5177664974619289 0.11642857142857142 0.017766497461928935 0.017142857142857144
3 0.49746192893401014 0.11392857142857143 0.02030456852791878 0.016428571428571428
3 0.47461928934010156 0.10714285714285715 0.02030456852791878 0.015714285714285715
11 0.44923857868020306 0.10142857142857142 0.02284263959390863 0.018571428571428572
11 0.40862944162436543 0.16357142857142856 0.017766497461928935 0.015714285714285715
3 0.4581218274111675 0.17535714285714285 0.015228426395939087 0.013571428571428571
3 0.47842639593908626 0.17750000000000002 0.02030456852791878 0.013571428571428571
3 0.49873096446700504 0.18035714285714285 0.017766497461928935 0.015000000000000001
3 0.5450507614213198 0.1910714285714286 0.019035532994923856 0.015000000000000001
3 0.5678934010152283 0.19535714285714284 0.019035532994923856 0.016428571428571428
3 0.5901015228426396 0.19999999999999998 0.017766497461928935 0.014285714285714285
11 0.20177664974619292 0.20857142857142857 0.03299492385786802 0.011428571428571429
11 0.5723350253807107 0.2982142857142857 0.02284263959390863 0.016428571428571428
10 0.05520304568527918 0.4714285714285714 0.049492385786802026 0.018571428571428572
3 0.3876903553299492 0.4582142857142857 0.0317258883248731 0.012142857142857141
11 0.4130710659898477 0.5328571428571428 0.03680203045685279 0.012857142857142857
3 0.4447969543147208 0.5510714285714285 0.03680203045685279 0.013571428571428571
3 0.32614213197969544 0.5182142857142857 0.04060913705583756 0.015000000000000001
3 0.333756345177665 0.5075 0.03299492385786802 0.012142857142857141
3 0.31218274111675126 0.5407142857142857 0.03553299492385787 0.011428571428571429
11 0.3451776649746193 0.4967857142857143 0.04060913705583756 0.013571428571428571
11 0.3553299492385787 0.48392857142857143 0.03807106598984771 0.013571428571428571
11 0.375 0.4685714285714286 0.03934010152284264 0.011428571428571429
3 0.3032994923857868 0.5521428571428572 0.03807106598984771 0.014285714285714285
3 0.4352791878172589 0.5582142857142857 0.03807106598984771 0.0064285714285714285
3 0.7315989847715736 0.5010714285714286 0.02918781725888325 0.010714285714285714
3 0.8204314720812182 0.5164285714285713 0.03680203045685279 0.012857142857142857
3 0.8705583756345178 0.5121428571428571 0.03807106598984771 0.012857142857142857
3 0.8286802030456853 0.5042857142857142 0.03807106598984771 0.012857142857142857
3 0.8451776649746193 0.4725 0.03553299492385787 0.013571428571428571
3 0.8845177664974619 0.4907142857142857 0.03299492385786802 0.011428571428571429
3 0.8756345177664975 0.5 0.03299492385786802 0.012857142857142857
3 0.891497461928934 0.47964285714285715 0.03426395939086294 0.012142857142857141
3 0.8927664974619288 0.4685714285714286 0.03426395939086294 0.011428571428571429
3 0.9086294416243655 0.4489285714285714 0.03299492385786802 0.012142857142857141
3 0.8642131979695432 0.43999999999999995 0.030456852791878174 0.01
3 0.8769035532994923 0.40678571428571425 0.03553299492385787 0.012142857142857141
3 0.8832487309644669 0.39714285714285713 0.030456852791878174 0.01
3 0.7550761421319797 0.375 0.03299492385786802 0.01
3 0.6694162436548223 0.3871428571428571 0.026649746192893398 0.01
3 0.6389593908629442 0.43821428571428567 0.03680203045685279 0.012142857142857141
3 0.6389593908629442 0.42607142857142855 0.03934010152284264 0.013571428571428571
3 0.6878172588832487 0.49178571428571427 0.03553299492385787 0.013571428571428571
3 0.6941624365482233 0.4789285714285714 0.03553299492385787 0.012142857142857141
3 0.700507614213198 0.46785714285714286 0.03807106598984771 0.012857142857142857
3 0.7512690355329948 0.45499999999999996 0.03553299492385787 0.012857142857142857
3 0.7645939086294417 0.43285714285714283 0.02918781725888325 0.01
3 0.7785532994923858 0.41214285714285714 0.0317258883248731 0.012857142857142857
3 0.7836294416243655 0.4032142857142857 0.03426395939086294 0.012142857142857141
3 0.7880710659898478 0.39249999999999996 0.03553299492385787 0.012142857142857141
3 0.75 0.3857142857142857 0.03553299492385787 0.011428571428571429
11 0.7341370558375635 0.41535714285714287 0.03680203045685279 0.010714285714285714
11 0.7138324873096447 0.4478571428571428 0.03426395939086294 0.012857142857142857
11 0.7189086294416244 0.4367857142857142 0.0317258883248731 0.012142857142857141
11 0.7265228426395939 0.4271428571428571 0.03426395939086294 0.012857142857142857
11 0.6230964467005077 0.45964285714285713 0.03807106598984771 0.012142857142857141
11 0.7969543147208121 0.3814285714285714 0.03553299492385787 0.012857142857142857
11 0.8756345177664975 0.4189285714285714 0.03553299492385787 0.012142857142857141
11 0.8699238578680203 0.42964285714285716 0.03426395939086294 0.012142857142857141
11 0.9098984771573604 0.43785714285714283 0.03299492385786802 0.011428571428571429
3 0.6294416243654822 0.13499999999999998 0.017766497461928935 0.012857142857142857
3 0.6110406091370558 0.20142857142857143 0.01649746192893401 0.014285714285714285
3 0.7468274111675126 0.22964285714285712 0.019035532994923856 0.016428571428571428
3 0.8191624365482234 0.245 0.021573604060913708 0.018571428571428572
3 0.6560913705583756 0.21214285714285713 0.02284263959390863 0.017142857142857144
3 0.7201776649746192 0.15535714285714286 0.019035532994923856 0.016428571428571428
3 0.6522842639593909 0.13999999999999999 0.017766497461928935 0.014285714285714285
3 0.6751269035532994 0.14607142857142857 0.02030456852791878 0.017857142857142856
3 0.8153553299492385 0.17535714285714285 0.021573604060913708 0.016428571428571428
3 0.8362944162436547 0.17785714285714285 0.02284263959390863 0.015714285714285715
3 0.8578680203045684 0.18178571428571427 0.017766497461928935 0.016428571428571428
3 0.8813451776649746 0.18678571428571428 0.021573604060913708 0.017857142857142856
7 0.7715736040609137 0.11642857142857142 0.005076142131979695 0.004285714285714286
7 0.9403553299492385 0.14892857142857144 0.007614213197969543 0.0035714285714285713
3 0.6960659898477157 0.32 0.021573604060913708 0.018571428571428572
3 0.7208121827411168 0.32285714285714284 0.02030456852791878 0.015714285714285715
3 0.7538071065989848 0.3282142857142857 0.02030456852791878 0.016428571428571428
3 0.7868020304568527 0.33499999999999996 0.02030456852791878 0.02
3 0.8248730964467005 0.34035714285714286 0.02030456852791878 0.017857142857142856
3 0.8559644670050761 0.34964285714285714 0.021573604060913708 0.019285714285714285
3 0.8756345177664975 0.3482142857142857 0.015228426395939087 0.015000000000000001
3 0.9086294416243655 0.35678571428571426 0.02538071065989848 0.020714285714285713
3 0.9928571428571429 0.37182741116751267 0.014285714285714285 0.017766497461928935
11 0.9796954314720813 0.3682142857142857 0.02538071065989848 0.020714285714285713
11 0.9600253807106599 0.3653571428571428 0.019035532994923856 0.019285714285714285
11 0.9441624365482234 0.3603571428571428 0.02030456852791878 0.019285714285714285