5 0.4676190476190476 0.08678571428571429 0.019047619047619046 0.03642857142857143
7 0.4652380952380952 0.07857142857142857 0.01619047619047619 0.014285714285714285
3 0.6332142857142857 0.015238095238095238 0.04214285714285714 0.030476190476190476
7 0.7042857142857143 0.1325 0.018095238095238095 0.025
11 0.8442857142857143 0.14142857142857143 0.09238095238095237 0.04
3 0.8342857142857143 0.06857142857142857 0.10476190476190475 0.04
3 0.8233333333333333 0.03428571428571429 0.1038095238095238 0.04
7 0.7295238095238095 0.2282142857142857 0.017142857142857144 0.023571428571428573
3 0.6347619047619047 0.24357142857142858 0.054285714285714284 0.07857142857142857
3 0.5704761904761905 0.28714285714285714 0.045714285714285714 0.07857142857142857
3 0.40380952380952373 0.15535714285714286 0.05333333333333333 0.08071428571428571
9 0.4357142857142857 0.3171428571428571 0.03333333333333333 0.03428571428571429
8 0.4333333333333333 0.2982142857142857 0.019047619047619046 0.016428571428571428
3 0.38619047619047614 0.34785714285714286 0.04857142857142857 0.08428571428571428
3 0.49714285714285716 0.3985714285714286 0.05142857142857143 0.09142857142857143
3 0.3752380952380952 0.455 0.05523809523809523 0.09285714285714286
3 0.3638095238095238 0.6967857142857142 0.06476190476190476 0.10214285714285715
5 0.8861904761904761 0.22535714285714287 0.018095238095238095 0.029285714285714286
7 0.9076190476190475 0.2282142857142857 0.017142857142857144 0.013571428571428571
5 0.8771428571428571 0.3442857142857143 0.043809523809523805 0.024285714285714285
5 0.8747619047619046 0.36642857142857144 0.04476190476190476 0.02
3 0.8657142857142858 0.4442857142857143 0.1276190476190476 0.04428571428571428
7 0.7780952380952381 0.5917857142857142 0.022857142857142857 0.02214285714285714
3 0.8971428571428571 0.6 0.1295238095238095 0.04
3 0.7066666666666667 0.6564285714285715 0.06285714285714286 0.10571428571428572
3 0.650952380952381 0.7257142857142858 0.05809523809523809 0.047142857142857146
3 0.51 0.7221428571428572 0.05809523809523809 0.04857142857142857