7 0.06333333333333332 0.72125 0.004 0.0075
7 0.09133333333333332 0.705 0.005333333333333333 0.009
7 0.11533333333333333 0.7005 0.005333333333333333 0.009
11 0.105 0.68525 0.03133333333333333 0.0155
3 0.1643333333333333 0.69525 0.022 0.0175
3 0.15666666666666665 0.6365 0.029333333333333333 0.01
3 0.1623333333333333 0.6285 0.028666666666666663 0.008
8 0.1993333333333333 0.694 0.004 0.006
5 0.1993333333333333 0.69575 0.004 0.0065
5 0.21033333333333332 0.676 0.008666666666666666 0.008
8 0.20866666666666667 0.67475 0.004 0.0065
3 0.2313333333333333 0.67775 0.02 0.0155
3 0.25866666666666666 0.676 0.021333333333333333 0.016
3 0.21466666666666664 0.65575 0.016 0.0145
3 0.24566666666666664 0.6475 0.01933333333333333 0.015
3 0.2633333333333333 0.64675 0.017333333333333333 0.0135
3 0.2853333333333333 0.63825 0.014666666666666666 0.0135
3 0.2763333333333333 0.61825 0.014 0.0145
3 0.2563333333333333 0.59825 0.016666666666666663 0.0125
3 0.209 0.592 0.028666666666666663 0.009
3 0.217 0.5845 0.02733333333333333 0.008
3 0.22266666666666665 0.57525 0.025333333333333333 0.0075
7 0.41566666666666663 0.5555 0.003333333333333333 0.006
3 0.436 0.55 0.013333333333333332 0.009
3 0.44266666666666665 0.536 0.010666666666666666 0.008
3 0.41 0.53325 0.012 0.0085
3 0.3466666666666666 0.545 0.013333333333333332 0.01
3 0.267 0.54275 0.02333333333333333 0.0065
3 0.312 0.47375 0.02 0.0065
2 0.3506666666666666 0.519 0.02 0.024
2 0.3246666666666666 0.52175 0.021333333333333333 0.0195
3 0.34 0.514 0.009333333333333332 0.009
8 0.36666666666666664 0.49175 0.004 0.0035
5 0.367 0.493 0.004666666666666666 0.004
3 0.443 0.48825 0.011333333333333332 0.0075
3 0.37966666666666665 0.469 0.01 0.006
2 0.4083333333333333 0.43975 0.012666666666666666 0.0115
3 0.4553333333333333 0.45975 0.008 0.0055
3 0.447 0.4525 0.007333333333333333 0.006
3 0.4616666666666666 0.45025 0.011333333333333332 0.0065
3 0.457 0.4445 0.008666666666666666 0.006
3 0.4746666666666666 0.43325 0.009333333333333332 0.0065
4 0.4603333333333333 0.3925 0.006 0.005
4 0.453 0.3995 0.014 0.007
3 0.5143333333333333 0.3795 0.008666666666666666 0.006
4 0.5913333333333333 0.367 0.024 0.006