3 0.99575 0.5766666666666667 0.0085 0.04
3 0.96825 0.5266666666666666 0.0635 0.03133333333333333
3 0.904 0.45825 0.076 0.0275
3 0.98725 0.4256666666666667 0.0255 0.02
3 0.7936666666666666 0.37925 0.05 0.0175
11 0.886 0.33325 0.04533333333333333 0.0185
3 0.834 0.339 0.032 0.013
3 0.7796666666666666 0.34175 0.028666666666666663 0.0135
3 0.8286666666666667 0.33175 0.03733333333333333 0.0115
3 0.7123333333333333 0.32325 0.04066666666666666 0.0135
7 0.7643333333333333 0.32025 0.004666666666666666 0.0095
7 0.795 0.312 0.004666666666666666 0.009
3 0.7753333333333332 0.311 0.032 0.011
9 0.8383333333333333 0.31425 0.011333333333333332 0.0075
3 0.7683333333333333 0.307 0.034 0.009
11 0.7703333333333332 0.30225 0.028666666666666663 0.0115
11 0.6916666666666667 0.3115 0.038 0.012
3 0.687 0.30675 0.03133333333333333 0.0065
11 0.5253333333333332 0.31725 0.013333333333333332 0.0135
3 0.49566666666666664 0.409 0.024666666666666663 0.019
11 0.5403333333333332 0.399 0.02333333333333333 0.023
3 0.7926666666666666 0.27625 0.018666666666666665 0.0065
3 0.8063333333333332 0.27525 0.016666666666666663 0.0065
3 0.6673333333333332 0.27675 0.010666666666666666 0.0075
10 0.704 0.26275 0.049333333333333326 0.0135
8 0.6513333333333332 0.26875 0.004 0.0055
5 0.6506666666666666 0.271 0.009333333333333332 0.004
3 0.6306666666666666 0.267 0.024 0.006
11 0.5733333333333333 0.2685 0.02 0.009
3 0.507 0.26825 0.018 0.0065
3 0.48733333333333334 0.26475 0.014666666666666666 0.0065
3 0.524 0.2635 0.018666666666666665 0.006
3 0.5366666666666666 0.26225 0.014666666666666666 0.0055
3 0.41466666666666663 0.269 0.018666666666666665 0.006
3 0.42666666666666664 0.2645 0.014666666666666666 0.007
11 0.367 0.26775 0.016666666666666663 0.0085
11 0.385 0.2615 0.01 0.008
11 0.399 0.26175 0.008666666666666666 0.0065
11 0.41 0.2615 0.009333333333333332 0.008
3 0.41133333333333333 0.239 0.005333333333333333 0.004