3 0.32095238095238093 0.7267857142857143 0.33904761904761904 0.045
3 0.3466666666666667 0.6282142857142857 0.3161904761904762 0.10928571428571429
3 0.39952380952380945 0.5128571428571429 0.2752380952380952 0.09571428571428571
6 0.10476190476190475 0.65 0.10285714285714286 0.09857142857142857
5 0.08476190476190476 0.6957142857142857 0.10857142857142857 0.045714285714285714
1 0.28809523809523807 0.3417857142857143 0.07523809523809523 0.039285714285714285
3 0.41047619047619044 0.3007142857142857 0.21904761904761902 0.07714285714285714
3 0.4957142857142857 0.12142857142857143 0.16857142857142857 0.05285714285714286
3 0.9019047619047618 0.13071428571428573 0.1580952380952381 0.054285714285714284
3 0.8685714285714285 0.06892857142857142 0.14476190476190476 0.04928571428571429
3 0.9271428571428572 0.3823809523809524 0.1457142857142857 0.07809523809523809
3 0.9389285714285714 0.31333333333333335 0.12214285714285714 0.07904761904761905
3 0.9228571428571428 0.26095238095238094 0.15428571428571428 0.06761904761904762
3 0.8710714285714286 0.019523809523809523 0.13071428571428573 0.039047619047619046
7 0.7476190476190475 0.09428571428571429 0.022857142857142857 0.047142857142857146
7 0.6433333333333333 0.0825 0.02 0.04214285714285714
7 0.6047619047619047 0.023571428571428573 0.019047619047619046 0.04
8 0.6052380952380951 0.014285714285714285 0.008571428571428572 0.02