3 0.636 0.083 0.036 0.064
3 0.6563333333333332 0.173 0.05133333333333333 0.064
3 0.627 0.31875 0.04333333333333333 0.0615
3 0.622 0.47275 0.057333333333333326 0.0595
3 0.7933333333333332 0.45475 0.068 0.0475
3 0.7996666666666666 0.534 0.07133333333333333 0.049
3 0.7976666666666666 0.5875 0.07133333333333333 0.049
3 0.7976666666666666 0.65625 0.06333333333333332 0.0595
3 0.7923333333333332 0.7245 0.06466666666666666 0.05
3 0.804 0.34475 0.06266666666666666 0.0525
3 0.8073333333333332 0.28125 0.06266666666666666 0.0525
3 0.7953333333333332 0.238 0.064 0.052
3 0.8633333333333333 0.136 0.052 0.047
3 0.875 0.09175 0.06333333333333332 0.0305
3 0.885 0.05475 0.07266666666666666 0.0295
3 0.8696666666666666 0.01625 0.07266666666666666 0.0295
3 0.254 0.54075 0.03733333333333333 0.0595
3 0.24833333333333332 0.72175 0.03933333333333333 0.0555
9 0.19866666666666666 0.408 0.056 0.02
9 0.18266666666666664 0.42775 0.033333333333333326 0.0295
5 0.202 0.4475 0.032 0.015
5 0.17666666666666667 0.29325 0.012 0.0235
5 0.10833333333333332 0.09 0.024666666666666663 0.019
1 0.097 0.09775 0.026 0.0155
10 0.6073333333333333 0.3865 0.034666666666666665 0.065
10 0.812 0.18075 0.08533333333333333 0.0465
1 0.138 0.05025 0.030666666666666665 0.0105
9 0.498 0.239 0.021333333333333333 0.035
8 0.541 0.18975 0.01 0.0105
7 0.5596666666666666 0.2515 0.012666666666666666 0.009
7 0.5976666666666667 0.261 0.011333333333333332 0.009
7 0.9616666666666667 0.37925 0.016666666666666663 0.0085
7 0.9496666666666667 0.461 0.012666666666666666 0.007
7 0.953 0.4945 0.008666666666666666 0.006
7 0.9593333333333333 0.5035 0.016 0.01
7 0.8943333333333332 0.615 0.008666666666666666 0.007
7 0.64 0.1705 0.010666666666666666 0.008