8 0.6543333333333332 0.68275 0.04066666666666666 0.0555
5 0.6596666666666666 0.68975 0.05133333333333333 0.0625
7 0.7053333333333333 0.65575 0.032 0.0555
7 0.738 0.628 0.030666666666666665 0.053
7 0.8743333333333333 0.64475 0.026 0.0475
9 0.8816666666666666 0.691 0.03933333333333333 0.08
7 0.818 0.6135 0.028 0.052
7 0.9013333333333332 0.60575 0.026666666666666665 0.0495
5 0.793 0.507 0.024666666666666663 0.048
7 0.743 0.52925 0.022 0.0525
7 0.753 0.51275 0.024666666666666663 0.0495
7 0.7696666666666666 0.494 0.024666666666666663 0.05
7 0.888 0.50425 0.028 0.0475
7 0.902 0.47475 0.026666666666666665 0.0425
7 0.8213333333333332 0.436 0.02 0.04
7 0.9496666666666667 0.43775 0.016666666666666663 0.0415
7 0.94 0.437 0.017333333333333333 0.033
5 0.8946666666666666 0.3905 0.058666666666666666 0.031
11 0.8763333333333333 0.3545 0.066 0.056
11 0.7646666666666666 0.324 0.108 0.05
5 0.7936666666666666 0.35475 0.038 0.0245
11 0.749 0.362 0.11266666666666665 0.054
11 0.7103333333333333 0.383 0.13266666666666665 0.051
11 0.6936666666666667 0.41375 0.18333333333333332 0.0615
7 0.6863333333333332 0.3635 0.018 0.033
7 0.669 0.3665 0.014 0.032
7 0.615 0.31425 0.012666666666666666 0.0315
7 0.654 0.27375 0.013333333333333332 0.0255
7 0.664 0.255 0.010666666666666666 0.027
7 0.621 0.21075 0.011333333333333332 0.0225
7 0.5516666666666666 0.17025 0.008666666666666666 0.0135
8 0.7053333333333333 0.25575 0.010666666666666666 0.0185
8 0.477 0.25625 0.014 0.0165
8 0.49666666666666665 0.252 0.013333333333333332 0.015
7 0.4363333333333333 0.2605 0.012666666666666666 0.024
7 0.41433333333333333 0.26225 0.014 0.0265
7 0.377 0.258 0.015333333333333332 0.026
7 0.3276666666666666 0.325 0.02333333333333333 0.036
7 0.356 0.31675 0.017333333333333333 0.0325
8 0.3926666666666666 0.283 0.018666666666666665 0.023
7 0.4066666666666666 0.2735 0.016 0.027
1 0.36866666666666664 0.23825 0.022666666666666665 0.0185
5 0.421 0.251 0.034 0.021
11 0.4533333333333333 0.24275 0.08133333333333333 0.0315
3 0.383 0.3215 0.08333333333333333 0.037
11 0.5496666666666666 0.3175 0.10066666666666665 0.046
11 0.5543333333333332 0.29875 0.098 0.0435
11 0.48466666666666663 0.28925 0.08133333333333333 0.0405
11 0.5986666666666667 0.24675 0.058666666666666666 0.0335
5 0.5313333333333332 0.364 0.026666666666666665 0.025
11 0.422 0.40125 0.1413333333333333 0.0635
11 0.3976666666666666 0.5495 0.166 0.081
11 0.304 0.53725 0.184 0.0945
11 0.22666666666666666 0.4945 0.2013333333333333 0.089
7 0.08366666666666665 0.43825 0.01933333333333333 0.0445
7 0.13 0.40125 0.028 0.0405
7 0.13466666666666666 0.39375 0.025333333333333333 0.0395
7 0.22033333333333333 0.34275 0.020666666666666663 0.0335
7 0.2793333333333333 0.33125 0.018666666666666665 0.0305
8 0.2693333333333333 0.3225 0.014666666666666666 0.019
1 0.186 0.34975 0.033333333333333326 0.0215
11 0.5343333333333332 0.215 0.082 0.032
3 0.5433333333333332 0.20825 0.058666666666666666 0.0205
3 0.5733333333333333 0.204 0.058666666666666666 0.023
3 0.5996666666666667 0.1995 0.05933333333333333 0.02
10 0.6126666666666666 0.189 0.06266666666666666 0.028
11 0.6276666666666666 0.186 0.054 0.021
3 0.6766666666666666 0.22375 0.050666666666666665 0.0265
3 0.7826666666666666 0.23175 0.08533333333333333 0.0305
10 0.7943333333333332 0.20225 0.08066666666666665 0.0305
3 0.7093333333333333 0.21025 0.04666666666666666 0.0225
3 0.745 0.1935 0.03533333333333333 0.018
3 0.7453333333333333 0.17725 0.029333333333333333 0.0175
3 0.776 0.18175 0.034666666666666665 0.0185
3 0.8226666666666667 0.17875 0.048 0.0185
8 0.776 0.26175 0.013333333333333332 0.0195
3 0.8606666666666666 0.17425 0.049333333333333326 0.0155
8 0.8256666666666667 0.16875 0.01 0.0125
5 0.827 0.1715 0.018 0.01
3 0.8096666666666666 0.158 0.05133333333333333 0.013
3 0.8383333333333333 0.154 0.048666666666666664 0.014
3 0.789 0.1465 0.042 0.012
11 0.6516666666666666 0.17925 0.05933333333333333 0.0235
11 0.669 0.176 0.04466666666666667 0.019
3 0.6733333333333332 0.173 0.050666666666666665 0.015
3 0.6823333333333332 0.1675 0.05133333333333333 0.015
10 0.7163333333333333 0.1465 0.058 0.018
3 0.7226666666666667 0.14275 0.050666666666666665 0.0145
3 0.671 0.142 0.038 0.011
3 0.602 0.163 0.050666666666666665 0.018
3 0.5476666666666666 0.1615 0.028666666666666663 0.017
3 0.5083333333333333 0.1615 0.03133333333333333 0.017
3 0.49766666666666665 0.1435 0.03666666666666667 0.011
10 0.502 0.12975 0.11866666666666666 0.0325