3 0.876 0.62775 0.16 0.1175
7 0.8693333333333333 0.51325 0.017333333333333333 0.0315
7 0.876 0.506 0.014666666666666666 0.026
8 0.853 0.50775 0.022 0.0135
6 0.8563333333333333 0.51475 0.02733333333333333 0.0165
3 0.94775 0.46166666666666667 0.1045 0.07733333333333334
3 0.964 0.428 0.072 0.07333333333333333
11 0.968 0.37866666666666665 0.064 0.08533333333333333
3 0.8833333333333333 0.34075 0.07466666666666666 0.0655
3 0.7646666666666666 0.37775 0.08 0.0715
3 0.6576666666666666 0.3055 0.07266666666666666 0.055
3 0.7486666666666666 0.24675 0.06666666666666665 0.0455
3 0.785 0.20475 0.048666666666666664 0.0355
11 0.8206666666666667 0.16975 0.048 0.0405
7 0.7883333333333332 0.14725 0.012666666666666666 0.0225
7 0.8753333333333333 0.07025 0.009333333333333332 0.0145
1 0.8733333333333333 0.08025 0.010666666666666666 0.0135
3 0.9093333333333332 0.0945 0.036 0.026
11 0.9273333333333332 0.077 0.033333333333333326 0.027
3 0.9486666666666667 0.0655 0.028 0.019
3 0.9603333333333333 0.053 0.028666666666666663 0.017
3 0.9733333333333333 0.0425 0.024 0.02
3 0.98775 0.03266666666666666 0.0245 0.017333333333333333
3 0.99475 0.02033333333333333 0.0105 0.013333333333333334
3 0.99825 0.013666666666666667 0.0035 0.014666666666666666