5 0.4495238095238095 0.01607142857142857 0.007619047619047619 0.0064285714285714285
8 0.4504761904761905 0.014285714285714285 0.0038095238095238095 0.004285714285714286
8 0.4042857142857143 0.32321428571428573 0.0047619047619047615 0.0035714285714285713
5 0.40380952380952373 0.32571428571428573 0.005714285714285714 0.01
3 0.3904761904761905 0.41678571428571426 0.019047619047619046 0.030714285714285715
5 0.39476190476190476 0.5078571428571429 0.006666666666666666 0.01
8 0.39476190476190476 0.505 0.0047619047619047615 0.004285714285714286
5 0.1933333333333333 0.495 0.009523809523809523 0.007142857142857143
5 0.24857142857142858 0.5028571428571429 0.009523809523809523 0.005714285714285714
5 0.6642857142857143 0.6817857142857143 0.018095238095238095 0.010714285714285714
8 0.659047619047619 0.6792857142857143 0.007619047619047619 0.004285714285714286
3 0.5028571428571429 0.6007142857142858 0.03428571428571429 0.027142857142857142
3 0.5552380952380952 0.1717857142857143 0.03619047619047619 0.023571428571428573
3 0.6119047619047618 0.09571428571428571 0.04095238095238095 0.012857142857142857
3 0.5147619047619048 0.06571428571428571 0.04095238095238095 0.017142857142857144
7 0.5585714285714286 0.18857142857142858 0.0047619047619047615 0.007142857142857143
3 0.888095238095238 0.054285714285714284 0.03333333333333333 0.015714285714285715
3 0.8176190476190475 0.11321428571428571 0.04095238095238095 0.015
3 0.9542857142857143 0.06714285714285714 0.03619047619047619 0.015714285714285715
3 0.9628571428571429 0.10857142857142857 0.043809523809523805 0.012857142857142857
7 0.9023809523809523 0.025357142857142856 0.002857142857142857 0.005
7 0.9385714285714286 0.002857142857142857 0.0064285714285714285 0.005714285714285714
7 0.9852380952380951 0.006071428571428571 0.002857142857142857 0.0035714285714285713
7 0.9423809523809523 0.3467857142857143 0.0047619047619047615 0.009285714285714286
11 0.878095238095238 0.7071428571428572 0.03428571428571429 0.012857142857142857
3 0.97 0.6857142857142857 0.035238095238095235 0.024285714285714285
3 0.9033333333333332 0.7382142857142857 0.037142857142857144 0.02214285714285714
5 0.8314285714285714 0.7092857142857143 0.011428571428571429 0.008571428571428572
5 0.8533333333333333 0.7371428571428571 0.011428571428571429 0.008571428571428572
8 0.83 0.7075 0.006666666666666666 0.0035714285714285713
8 0.8519047619047618 0.735 0.006666666666666666 0.004285714285714286