11 0.2752380952380952 0.04357142857142857 0.07809523809523809 0.06428571428571428
7 0.17857142857142858 0.30392857142857144 0.04666666666666666 0.045
7 0.04523809523809524 0.6353571428571428 0.07714285714285714 0.03642857142857143
8 0.3352380952380952 0.6775 0.04761904761904761 0.030714285714285715
7 0.4957142857142857 0.7178571428571429 0.02952380952380952 0.047142857142857146
0 0.41666666666666663 0.6960714285714286 0.16285714285714287 0.10357142857142858
8 0.846190476190476 0.7282142857142857 0.04857142857142857 0.029285714285714286
7 0.6857142857142857 0.5714285714285714 0.02857142857142857 0.03
7 0.6319047619047619 0.5792857142857143 0.03142857142857143 0.037142857142857144
5 0.46952380952380945 0.5392857142857143 0.07428571428571429 0.07142857142857142
0 0.4719047619047619 0.39285714285714285 0.09809523809523808 0.12571428571428572
7 0.36 0.18892857142857142 0.02095238095238095 0.03785714285714286
7 0.4361904761904762 0.19607142857142856 0.02476190476190476 0.03785714285714286
7 0.5138095238095237 0.18642857142857142 0.01619047619047619 0.03428571428571429
7 0.5509523809523809 0.21821428571428572 0.021904761904761903 0.035
7 0.6638095238095237 0.2357142857142857 0.019047619047619046 0.037142857142857144
8 0.6480952380952381 0.2617857142857143 0.03333333333333333 0.03214285714285714
5 0.6466666666666666 0.2667857142857143 0.02857142857142857 0.04357142857142857
10 0.5628571428571428 0.14392857142857143 0.08952380952380952 0.11214285714285714
6 0.7771428571428571 0.10142857142857142 0.05523809523809523 0.07285714285714286
11 0.9728571428571429 0.12904761904761905 0.054285714285714284 0.08952380952380952
0 0.8319047619047618 0.2814285714285714 0.08666666666666667 0.03428571428571429
10 0.9689285714285715 0.3738095238095238 0.062142857142857146 0.21619047619047618