3 0.46 0.6792857142857143 0.19809523809523807 0.08285714285714285
3 0.4409523809523809 0.5828571428571429 0.18666666666666665 0.07428571428571429
3 0.4057142857142857 0.37607142857142856 0.17333333333333334 0.06642857142857143
3 0.40047619047619043 0.31392857142857145 0.17047619047619048 0.06642857142857143
3 0.5514285714285714 0.08642857142857142 0.11428571428571428 0.08285714285714285
3 0.38619047619047614 0.13178571428571428 0.15904761904761905 0.06928571428571428
3 0.7571428571428571 0.055 0.15238095238095237 0.06285714285714286
3 0.7861904761904761 0.15357142857142858 0.16095238095238093 0.06857142857142857
3 0.8433333333333333 0.3325 0.17619047619047618 0.07071428571428572
3 0.9275 0.6123809523809524 0.145 0.08095238095238096
7 0.3161904761904762 0.5692857142857143 0.043809523809523805 0.02142857142857143
0 0.3019047619047619 0.5764285714285714 0.04761904761904761 0.07571428571428572
7 0.01607142857142857 0.14904761904761904 0.03214285714285714 0.023809523809523808