3 0.7214285714285714 0.2857142857142857 0.0619047619047619 0.10714285714285714
3 0.7319047619047618 0.445 0.0619047619047619 0.09285714285714286
10 0.8190476190476189 0.3942857142857143 0.07619047619047618 0.13142857142857142
3 0.1238095238095238 0.20142857142857143 0.12571428571428572 0.04
11 0.3161904761904762 0.265 0.05523809523809523 0.08285714285714285
10 0.3052380952380952 0.3792857142857143 0.08857142857142856 0.13428571428571429
11 0.3333333333333333 0.64 0.06095238095238095 0.11
4 0.509047619047619 0.5328571428571428 0.01619047619047619 0.02857142857142857
4 0.5595238095238094 0.5657142857142857 0.025714285714285714 0.04285714285714286
8 0.4476190476190476 0.10357142857142858 0.017142857142857144 0.025714285714285714
8 0.5304761904761904 0.06392857142857143 0.017142857142857144 0.019285714285714285
8 0.25190476190476185 0.12678571428571428 0.021904761904761903 0.02214285714285714
8 0.22047619047619044 0.09571428571428571 0.025714285714285714 0.017142857142857144
8 0.24190476190476187 0.20214285714285715 0.02857142857142857 0.017142857142857144
8 0.9180952380952381 0.6857142857142857 0.019047619047619046 0.017142857142857144
8 0.9542857142857143 0.18964285714285714 0.015238095238095238 0.013571428571428571
8 0.9910714285714286 0.09238095238095238 0.017857142857142856 0.01619047619047619
7 0.18904761904761902 0.075 0.027619047619047616 0.017142857142857144
7 0.19476190476190475 0.06821428571428571 0.037142857142857144 0.016428571428571428
7 0.2689285714285714 0.012380952380952381 0.03142857142857143 0.024761904761904763
7 0.25392857142857145 0.010952380952380953 0.029285714285714286 0.021904761904761906
7 0.3038095238095238 0.10678571428571429 0.02476190476190476 0.02214285714285714
7 0.2257142857142857 0.16214285714285714 0.030476190476190476 0.02
7 0.2557142857142857 0.1625 0.027619047619047616 0.013571428571428571
7 0.23666666666666666 0.3117857142857143 0.02952380952380952 0.012142857142857143
7 0.22904761904761903 0.4135714285714286 0.02 0.011428571428571429
7 0.19809523809523807 0.37642857142857145 0.030476190476190476 0.01
7 0.1938095238095238 0.11857142857142858 0.03333333333333333 0.014285714285714285
6 0.45238095238095233 0.09857142857142857 0.03238095238095238 0.05285714285714286
1 0.5376190476190476 0.06857142857142857 0.03333333333333333 0.01
7 0.8942857142857142 0.1667857142857143 0.02095238095238095 0.013571428571428571
7 0.28047619047619043 0.23964285714285713 0.027619047619047616 0.019285714285714285
7 0.2885714285714286 0.22464285714285714 0.02095238095238095 0.009285714285714286
4 0.15047619047619046 0.2985714285714286 0.03619047619047619 0.024285714285714285
7 0.23857142857142857 0.43964285714285717 0.025714285714285714 0.010714285714285714
7 0.050476190476190466 0.5357142857142857 0.03619047619047619 0.014285714285714285
7 0.08809523809523809 0.55 0.052380952380952375 0.015714285714285715
7 0.3395238095238095 0.5614285714285714 0.02952380952380952 0.014285714285714285
7 0.13904761904761903 0.41678571428571426 0.026666666666666665 0.010714285714285714
0 0.2838095238095238 0.6046428571428571 0.03428571428571429 0.052142857142857144
7 0.17666666666666667 0.7142857142857143 0.02952380952380952 0.01
7 0.35047619047619044 0.7167857142857142 0.011428571428571429 0.015
0 0.33285714285714285 0.5246428571428572 0.056190476190476187 0.045
9 0.9775 0.07809523809523809 0.045 0.05047619047619047
9 0.9723809523809523 0.21107142857142858 0.03809523809523809 0.045
7 0.9917857142857143 0.18857142857142858 0.016428571428571428 0.017142857142857144
7 0.9814285714285714 0.18285714285714286 0.02 0.017142857142857144
7 0.9385714285714286 0.1225 0.027619047619047616 0.02214285714285714