3 0.600253807106599 0.21714285714285714 0.030456852791878174 0.04
3 0.4866751269035533 0.5175 0.03934010152284264 0.05499999999999999
3 0.5329949238578681 0.4203571428571429 0.04060913705583756 0.045
3 0.5120558375634517 0.21571428571428572 0.03426395939086294 0.032857142857142856
3 0.5298223350253808 0.06142857142857142 0.02918781725888325 0.025714285714285714
11 0.5057106598984772 0.12607142857142856 0.03680203045685279 0.03214285714285715
11 0.6535532994923858 0.2032142857142857 0.03553299492385787 0.04071428571428572
11 0.6224619289340101 0.315 0.03934010152284264 0.04428571428571428
11 0.4790609137055838 0.31392857142857145 0.03680203045685279 0.04071428571428572
11 0.6510152284263959 0.44035714285714284 0.04568527918781726 0.05071428571428571
11 0.6967005076142132 0.38285714285714284 0.043147208121827416 0.05285714285714285
2 0.6846446700507614 0.2932142857142857 0.044416243654822336 0.060714285714285714
2 0.4682142857142857 0.03426395939086294 0.05357142857142857 0.06852791878172589
7 0.7265228426395939 0.1392857142857143 0.008883248730964468 0.01
7 0.7144670050761421 0.14464285714285713 0.01015228426395939 0.010714285714285714
7 0.7151015228426396 0.13714285714285715 0.011421319796954314 0.008571428571428572