2 0.9614285714285714 0.29441624365482233 0.07714285714285714 0.030456852791878174
2 0.940989847715736 0.23785714285714285 0.05964467005076142 0.025714285714285714
2 0.9696428571428571 0.2430203045685279 0.060714285714285714 0.027918781725888325
2 0.9867857142857143 0.24873096446700507 0.02642857142857143 0.027918781725888325
10 0.9942857142857143 0.27918781725888325 0.011428571428571429 0.021573604060913704
10 0.995 0.2715736040609137 0.01 0.021573604060913704
10 0.9435279187817259 0.2842857142857143 0.10532994923857869 0.02
10 0.5710659898477157 0.265 0.09137055837563451 0.022857142857142857
2 0.8102791878172588 0.24142857142857144 0.05964467005076142 0.02857142857142857
2 0.8521573604060915 0.22642857142857142 0.06472081218274112 0.030000000000000002
10 0.8432741116751268 0.24678571428571427 0.05964467005076142 0.026428571428571426
10 0.8667512690355329 0.25107142857142856 0.05583756345177665 0.02214285714285714
10 0.8838832487309645 0.2292857142857143 0.052030456852791875 0.024285714285714282
10 0.9098984771573604 0.23750000000000002 0.05583756345177665 0.026428571428571426
11 0.19606598984771573 0.10464285714285715 0.021573604060913708 0.0064285714285714285
3 0.5926395939086294 0.11964285714285713 0.02538071065989848 0.0064285714285714285
3 0.6053299492385787 0.11821428571428572 0.02284263959390863 0.0064285714285714285
3 0.626269035532995 0.11535714285714285 0.019035532994923856 0.0064285714285714285
3 0.631979695431472 0.11357142857142856 0.017766497461928935 0.005714285714285714
3 0.6421319796954315 0.11214285714285714 0.02030456852791878 0.005714285714285714
11 0.6148477157360407 0.11607142857142856 0.021573604060913708 0.007857142857142858
10 0.12944162436548223 0.30178571428571427 0.0583756345177665 0.024999999999999998
3 0.9378172588832486 0.17607142857142855 0.02538071065989848 0.009285714285714286
7 0.9796954314720813 0.2671428571428571 0.005076142131979695 0.01
7 0.9276649746192894 0.2714285714285714 0.007614213197969543 0.01
7 0.9346446700507615 0.2714285714285714 0.008883248730964468 0.011428571428571429
7 0.9181472081218275 0.27535714285714286 0.008883248730964468 0.010714285714285714
3 0.7157360406091371 0.15714285714285714 0.030456852791878174 0.008571428571428572
3 0.7366751269035533 0.16785714285714287 0.0317258883248731 0.008571428571428572
3 0.7766497461928934 0.10535714285714286 0.017766497461928935 0.0064285714285714285
3 0.7918781725888324 0.10535714285714286 0.01269035532994924 0.0064285714285714285
3 0.8026649746192894 0.10607142857142857 0.01649746192893401 0.0064285714285714285
3 0.8293147208121827 0.09678571428571428 0.01649746192893401 0.005
3 0.8439086294416244 0.0975 0.017766497461928935 0.0064285714285714285
2 0.8172588832487309 0.06821428571428571 0.03807106598984771 0.009285714285714286
3 0.6579949238578681 0.060000000000000005 0.01649746192893401 0.004285714285714286
3 0.7208121827411168 0.06535714285714285 0.01015228426395939 0.0035714285714285713
3 0.7379441624365483 0.06178571428571428 0.011421319796954314 0.0035714285714285713
3 0.6738578680203046 0.052142857142857144 0.015228426395939087 0.004285714285714286
3 0.8109137055837563 0.055714285714285716 0.017766497461928935 0.002857142857142857
2 0.66751269035533 0.06749999999999999 0.03807106598984771 0.007857142857142858
2 0.8718274111675126 0.06142857142857142 0.03807106598984771 0.008571428571428572
2 0.8718274111675126 0.0642857142857143 0.03553299492385787 0.008571428571428572
10 0.8565989847715736 0.06749999999999999 0.03299492385786802 0.007857142857142858
2 0.99 0.07423857868020305 0.02 0.01015228426395939
2 0.9985714285714286 0.07423857868020305 0.002857142857142857 0.013959390862944163