3 0.9614285714285714 0.37182741116751267 0.07714285714285714 0.024111675126903553
3 0.9728571428571429 0.3229695431472081 0.054285714285714284 0.021573604060913704
3 0.9592857142857143 0.2893401015228426 0.08142857142857143 0.024111675126903553
3 0.9689285714285715 0.4581218274111675 0.062142857142857146 0.021573604060913704
3 0.9607142857142857 0.5222081218274112 0.07857142857142857 0.027918781725888325
3 0.7760152284263959 0.4185714285714286 0.08502538071065989 0.02142857142857143
11 0.7798223350253807 0.3889285714285714 0.07487309644670051 0.019285714285714285
3 0.7785532994923858 0.3614285714285714 0.0901015228426396 0.025714285714285714
3 0.7798223350253807 0.3221428571428571 0.06979695431472081 0.03571428571428571
3 0.8857868020304568 0.23892857142857143 0.043147208121827416 0.047857142857142855
3 0.8362944162436547 0.24928571428571428 0.048223350253807105 0.049999999999999996
3 0.791243654822335 0.2342857142857143 0.06218274111675127 0.048571428571428564
3 0.9617857142857142 0.1833756345177665 0.07642857142857143 0.017766497461928935
3 0.9575 0.15418781725888325 0.085 0.02284263959390863
3 0.9632142857142857 0.13007614213197968 0.07357142857142857 0.021573604060913704
3 0.7804568527918782 0.18964285714285714 0.07868020304568528 0.042142857142857135
11 0.7829949238578681 0.14357142857142857 0.0634517766497462 0.03428571428571429
3 0.7982233502538072 0.11428571428571428 0.08629441624365483 0.027142857142857142
3 0.7931472081218275 0.08928571428571429 0.07106598984771574 0.04
3 0.8020304568527918 0.047142857142857146 0.08375634517766498 0.04428571428571428
3 0.9617857142857142 0.05012690355329949 0.07642857142857143 0.021573604060913704
3 0.9625 0.07804568527918782 0.075 0.021573604060913704
3 0.9617857142857142 0.1034263959390863 0.07642857142857143 0.025380710659898477
3 0.9721428571428572 0.022208121827411168 0.055714285714285716 0.02284263959390863
3 0.7917857142857143 0.01649746192893401 0.08142857142857143 0.03299492385786802
11 0.9454314720812182 0.21785714285714286 0.07868020304568528 0.04
11 0.9454314720812182 0.5539285714285714 0.08121827411167512 0.015000000000000001
7 0.8686548223350254 0.025714285714285714 0.013959390862944163 0.011428571428571429