7 0.61 0.5939285714285715 0.01238095238095238 0.010714285714285714
5 0.7366666666666666 0.5671428571428572 0.02 0.012857142857142857
8 0.8109523809523809 0.55 0.010476190476190476 0.01
8 0.8071428571428572 0.49214285714285716 0.021904761904761903 0.014285714285714285
5 0.7252380952380952 0.48928571428571427 0.025714285714285714 0.024285714285714285
7 0.6019047619047618 0.5292857142857142 0.009523809523809523 0.005714285714285714
7 0.5509523809523809 0.5192857142857142 0.010476190476190476 0.008571428571428572
7 0.5538095238095238 0.5125 0.008571428571428572 0.0064285714285714285
7 0.7023809523809523 0.4635714285714286 0.01238095238095238 0.008571428571428572
7 0.6295238095238095 0.44642857142857145 0.009523809523809523 0.007142857142857143
7 0.6042857142857143 0.4092857142857143 0.006666666666666666 0.004285714285714286
7 0.5876190476190476 0.3985714285714286 0.007619047619047619 0.005714285714285714
7 0.7061904761904761 0.39964285714285713 0.008571428571428572 0.010714285714285714
7 0.719047619047619 0.4057142857142857 0.009523809523809523 0.007142857142857143
3 0.7857142857142857 0.44357142857142856 0.08952380952380952 0.05285714285714286
3 0.8109523809523809 0.4085714285714286 0.08666666666666667 0.055714285714285716
1 0.37714285714285717 0.5489285714285714 0.030476190476190476 0.010714285714285714
7 0.429047619047619 0.4953571428571429 0.01238095238095238 0.009285714285714286
7 0.4185714285714286 0.47035714285714286 0.01619047619047619 0.009285714285714286
7 0.40380952380952373 0.4664285714285714 0.013333333333333332 0.007142857142857143
7 0.38190476190476186 0.4642857142857143 0.019047619047619046 0.007142857142857143
7 0.39904761904761904 0.42857142857142855 0.017142857142857144 0.01
7 0.36476190476190473 0.38392857142857145 0.013333333333333332 0.007857142857142858
8 0.33809523809523806 0.355 0.015238095238095238 0.01
7 0.4752380952380952 0.30857142857142855 0.015238095238095238 0.01
7 0.30761904761904757 0.6503571428571429 0.017142857142857144 0.010714285714285714
7 0.35523809523809524 0.6342857142857142 0.017142857142857144 0.011428571428571429
7 0.3695238095238095 0.6128571428571429 0.017142857142857144 0.01
7 0.30952380952380953 0.6321428571428571 0.02095238095238095 0.015714285714285715
7 0.23285714285714285 0.5917857142857142 0.023809523809523805 0.013571428571428571
7 0.239047619047619 0.5271428571428571 0.02095238095238095 0.011428571428571429
1 0.15 0.5825 0.01619047619047619 0.02642857142857143
8 0.14666666666666664 0.56 0.022857142857142857 0.014285714285714285
8 0.07619047619047618 0.6557142857142857 0.02476190476190476 0.011428571428571429
7 0.71 0.17821428571428571 0.01238095238095238 0.012142857142857143
11 0.7585714285714286 0.15857142857142856 0.06571428571428571 0.06142857142857143
7 0.6919047619047619 0.09607142857142857 0.018095238095238095 0.015