10 0.25142857142857145 0.6946428571428571 0.18666666666666665 0.10928571428571429
10 0.47333333333333333 0.7260714285714286 0.09714285714285714 0.04642857142857143
11 0.6752380952380952 0.7092857142857143 0.1238095238095238 0.08
3 0.35523809523809524 0.5889285714285715 0.10857142857142857 0.06785714285714285
11 0.4747619047619047 0.4592857142857143 0.1038095238095238 0.054285714285714284
11 0.18523809523809523 0.39 0.12857142857142856 0.07142857142857142
11 0.26857142857142857 0.32035714285714284 0.10095238095238093 0.060714285714285714
11 0.40809523809523807 0.20535714285714285 0.09238095238095237 0.05071428571428571
3 0.23 0.3575 0.10952380952380951 0.060714285714285714
3 0.349047619047619 0.2725 0.1038095238095238 0.05928571428571429
7 0.07285714285714286 0.25821428571428573 0.025714285714285714 0.017857142857142856
7 0.2552380952380952 0.16642857142857143 0.013333333333333332 0.012857142857142857
7 0.2476190476190476 0.15964285714285714 0.02095238095238095 0.02214285714285714
3 0.5138095238095237 0.42178571428571426 0.1038095238095238 0.056428571428571425
3 0.5957142857142858 0.3242857142857143 0.10571428571428572 0.05714285714285714
3 0.7947619047619047 0.2985714285714286 0.1019047619047619 0.05714285714285714
3 0.8333333333333333 0.23357142857142857 0.08952380952380952 0.05285714285714286
11 0.6533333333333333 0.26285714285714284 0.08571428571428572 0.04857142857142857
11 0.53 0.1 0.08666666666666667 0.05
3 0.6885714285714286 0.2317857142857143 0.09904761904761904 0.04642857142857143
3 0.7314285714285714 0.175 0.09333333333333332 0.047142857142857146
3 0.7523809523809524 0.14821428571428572 0.08571428571428572 0.045
10 0.5566666666666666 0.06857142857142857 0.07523809523809523 0.047142857142857146
11 0.5985714285714285 0.03464285714285714 0.08095238095238094 0.04928571428571429
3 0.6203571428571428 0.018095238095238095 0.06571428571428571 0.03619047619047619
3 0.6514285714285715 0.010952380952380953 0.07428571428571429 0.021904761904761906
3 0.8946428571428572 0.010952380952380953 0.07928571428571428 0.021904761904761906
1 0.9161904761904761 0.09285714285714286 0.015238095238095238 0.02
11 0.8366666666666666 0.06 0.09809523809523808 0.05
3 0.8152380952380952 0.08428571428571428 0.07619047619047618 0.03857142857142857
11 0.7938095238095237 0.10357142857142858 0.08857142857142856 0.05142857142857143