7 0.3780148423005566 0.24634655532359084 0.032467532467532464 0.04175365344467641
5 0.6637291280148423 0.3384655532359082 0.05658627087198515 0.037056367432150315
7 0.7198515769944341 0.3332463465553236 0.03710575139146567 0.03914405010438414
7 0.7564935064935064 0.3355949895615867 0.03617810760667903 0.03862212943632568
8 0.75 0.3629958246346555 0.041743970315398886 0.03496868475991649
5 0.7546382189239332 0.36482254697286015 0.07884972170686455 0.028183716075156576
7 0.7717996289424861 0.3149791231732777 0.03710575139146567 0.030793319415448855
5 0.8376623376623377 0.34655532359081426 0.05380333951762523 0.046972860125260966
8 0.9188311688311688 0.26644050104384137 0.032467532467532464 0.03183716075156577
9 0.9216141001855287 0.26174321503131526 0.04545454545454545 0.0652400835073069
7 0.9146567717996289 0.45772442588726514 0.04267161410018552 0.04070981210855951
0 0.7513914656771798 0.5153966597077245 0.08719851576994433 0.09237995824634657
0 0.9684237995824635 0.5287569573283859 0.06315240083507306 0.06586270871985157
9 0.7397959183673469 0.32959290187891443 0.13821892393320964 0.04331941544885178
10 0.9947807933194155 0.11317254174397032 0.010438413361169102 0.06215213358070501
0 0.8515769944341371 0.1260438413361169 0.057513914656771796 0.0454070981210856
9 0.8668831168831168 0.09342379958246348 0.04359925788497217 0.04384133611691024
8 0.8761595547309833 0.10829853862212944 0.02133580705009276 0.021398747390396662
8 0.8701298701298701 0.057933194154488526 0.016697588126159554 0.014613778705636744
8 0.8654916512059369 0.05401878914405011 0.022263450834879406 0.020354906054279753
5 0.8673469387755101 0.0558455114822547 0.022263450834879406 0.020876826722338204