3 0.6887755102040816 0.4926931106471817 0.08998144712430427 0.07828810020876828
3 0.7513914656771798 0.35829853862212946 0.06122448979591836 0.04749478079331942
3 0.8617810760667903 0.13700417536534448 0.02040816326530612 0.020354906054279753
5 0.9744897959183674 0.42771398747390404 0.02504638218923933 0.023486430062630483
8 0.9744897959183674 0.4235386221294364 0.02133580705009276 0.018267223382045932
0 0.8256029684601113 0.4258872651356994 0.04267161410018552 0.042797494780793324
7 0.9860853432282003 0.25495824634655534 0.011131725417439703 0.016179540709812108
7 0.9721706864564007 0.2513048016701462 0.009276437847866418 0.016179540709812108
0 0.9856215213358069 0.24921711899791235 0.02504638218923933 0.021398747390396662
7 0.9791280148423005 0.20328810020876828 0.008348794063079777 0.01304801670146138
10 0.8112244897959183 0.23329853862212946 0.05287569573283859 0.048016701461377875
5 0.9550092764378478 0.17954070981210857 0.013914656771799629 0.010438413361169102
8 0.9531539888682745 0.17640918580375783 0.01020408163265306 0.010438413361169102
9 0.9906054279749478 0.18228200371057515 0.018789144050104383 0.015769944341372914
0 0.8998144712430427 0.11038622129436326 0.01484230055658627 0.01096033402922756
0 0.8747680890538032 0.09368475991649271 0.012987012987012986 0.009916492693110648
3 0.9675324675324675 0.11717118997912318 0.03339517625231911 0.009916492693110648
8 0.9415584415584415 0.11847599164926932 0.007421150278293135 0.005219206680584551
5 0.9415584415584415 0.1210855949895616 0.009276437847866418 0.008350730688935283
3 0.8167903525046382 0.07489561586638832 0.017625231910946195 0.008872651356993737
3 0.7295918367346939 0.06654488517745304 0.02133580705009276 0.007828810020876828
3 0.7230983302411873 0.06419624217118998 0.028756957328385898 0.007306889352818372
5 0.9067717996289425 0.08272442588726514 0.004638218923933209 0.005741127348643007
8 0.9063079777365491 0.08115866388308977 0.0055658627087198514 0.005741127348643007
3 0.5927643784786641 0.053235908141962426 0.03153988868274583 0.008350730688935283
3 0.8919294990723562 0.0634133611691023 0.013914656771799629 0.006784968684759917
3 0.922077922077922 0.060020876826722344 0.012987012987012986 0.007306889352818372
3 0.9406307977736549 0.06132567849686848 0.012987012987012986 0.006784968684759917
11 0.919294990723562 0.0511482254697286 0.012987012987012986 0.008350730688935283
0 0.9619666048237476 0.06210855949895617 0.011131725417439703 0.007306889352818372
7 0.9772727272727272 0.08455114822546973 0.004638218923933209 0.007306889352818372
7 0.9642857142857142 0.08455114822546973 0.004638218923933209 0.0062630480167014625
8 0.9512987012987013 0.08742171189979124 0.006493506493506493 0.005741127348643007
5 0.9512987012987013 0.08898747390396661 0.004638218923933209 0.005741127348643007
7 0.962430426716141 0.045146137787056374 0.004638218923933209 0.005741127348643007
5 0.9067717996289425 0.057672233820459294 0.004638218923933209 0.003653444676409186
8 0.9067717996289425 0.056106471816283934 0.004638218923933209 0.003653444676409186
5 0.9461966604823747 0.03549060542797495 0.0037105751391465673 0.0031315240083507312
8 0.9466604823747681 0.03392484342379959 0.0027829313543599257 0.0031315240083507312
10 0.9035250463821891 0.03914405010438414 0.016697588126159554 0.012526096033402925
11 0.9494434137291279 0.02165970772442589 0.008348794063079777 0.004697286012526097
3 0.9471243042671613 0.016179540709812108 0.007421150278293135 0.0031315240083507312
4 0.9591836734693877 0.03966597077244259 0.012987012987012986 0.004175365344467641
3 0.9341372912801483 0.00965553235908142 0.012987012987012986 0.003653444676409186
10 0.9350649350649349 0.020093945720250524 0.011131725417439703 0.007828810020876828
4 0.9090909090909091 0.02296450939457203 0.012987012987012986 0.019832985386221295
7 0.9262523191094619 0.014874739039665972 0.0027829313543599257 0.003653444676409186
3 0.9512987012987013 0.027139874739039668 0.006493506493506493 0.004175365344467641
5 0.6094619666048237 0.3368997912317328 0.02040816326530612 0.02244258872651357
5 0.9782003710575139 0.11430062630480167 0.01020408163265306 0.005219206680584551
5 0.9526901669758813 0.030532359081419626 0.007421150278293135 0.003653444676409186