3 0.9728571428571429 0.5533333333333333 0.054285714285714284 0.0838095238095238
11 0.9104761904761903 0.4539285714285714 0.09523809523809522 0.065
10 0.6076190476190476 0.5757142857142857 0.15428571428571428 0.15
3 0.5109523809523809 0.43785714285714283 0.08285714285714285 0.06857142857142857
3 0.478095238095238 0.36392857142857143 0.07428571428571429 0.05928571428571429
11 0.43 0.2978571428571429 0.0619047619047619 0.04857142857142857
3 0.6847619047619047 0.27535714285714286 0.06095238095238095 0.045
10 0.7638095238095237 0.30357142857142855 0.11047619047619046 0.08142857142857143
3 0.4047619047619047 0.2507142857142857 0.05904761904761904 0.045714285714285714
3 0.38809523809523805 0.21142857142857144 0.06571428571428571 0.03142857142857143
3 0.35619047619047617 0.17285714285714285 0.0419047619047619 0.03142857142857143
3 0.4185714285714286 0.13857142857142857 0.04285714285714286 0.03142857142857143
3 0.34 0.14857142857142858 0.03809523809523809 0.024285714285714285
3 0.3314285714285714 0.12035714285714286 0.0419047619047619 0.03214285714285714
11 0.30857142857142855 0.10571428571428572 0.06285714285714286 0.025714285714285714
3 0.5723809523809523 0.06642857142857143 0.06285714285714286 0.022857142857142857
3 0.2742857142857143 0.08035714285714286 0.05904761904761904 0.023571428571428573
3 0.2938095238095238 0.06714285714285714 0.02952380952380952 0.02
3 0.2819047619047619 0.052142857142857144 0.02857142857142857 0.018571428571428572
3 0.2747619047619047 0.03892857142857143 0.021904761904761903 0.013571428571428571
3 0.2652380952380952 0.027857142857142858 0.021904761904761903 0.012857142857142857
3 0.2595238095238095 0.01892857142857143 0.027619047619047616 0.013571428571428571
3 0.39619047619047615 0.0175 0.05523809523809523 0.013571428571428571
3 0.3985714285714286 0.024285714285714285 0.052380952380952375 0.014285714285714285
3 0.40380952380952373 0.03142857142857143 0.05714285714285714 0.015714285714285715
3 0.41238095238095235 0.04214285714285714 0.05523809523809523 0.015714285714285715
3 0.42142857142857143 0.045 0.052380952380952375 0.018571428571428572
3 0.44 0.05892857142857143 0.06476190476190476 0.019285714285714285
3 0.46238095238095234 0.06678571428571428 0.054285714285714284 0.019285714285714285
3 0.46952380952380945 0.08321428571428571 0.06666666666666667 0.016428571428571428
3 0.4647619047619047 0.095 0.06095238095238095 0.02142857142857143
3 0.4828571428571429 0.105 0.05714285714285714 0.02142857142857143
3 0.5052380952380952 0.12035714285714286 0.05809523809523809 0.023571428571428573
3 0.5219047619047619 0.13785714285714284 0.05523809523809523 0.025714285714285714
3 0.5385714285714286 0.14642857142857144 0.06571428571428571 0.027142857142857142
3 0.5519047619047619 0.16357142857142856 0.06952380952380952 0.02857142857142857
3 0.5704761904761905 0.18035714285714285 0.07428571428571429 0.027857142857142858
3 0.5947619047619047 0.19357142857142856 0.0676190476190476 0.03142857142857143
3 0.618095238095238 0.21535714285714286 0.05714285714285714 0.035
3 0.6547619047619048 0.24821428571428572 0.056190476190476187 0.04071428571428572
3 0.8080952380952381 0.3792857142857143 0.08285714285714285 0.07142857142857142