10 0.5204761904761904 0.5214285714285715 0.22761904761904758 0.07857142857142857
3 0.09952380952380951 0.6710714285714285 0.11904761904761904 0.055
3 0.7138095238095238 0.5535714285714286 0.10952380952380951 0.047142857142857146
5 0.8395238095238095 0.5460714285714285 0.054285714285714284 0.019285714285714285
11 0.6271428571428571 0.24285714285714285 0.04285714285714286 0.03857142857142857
11 0.6985714285714286 0.27285714285714285 0.04857142857142857 0.04857142857142857
3 0.7309523809523809 0.26321428571428573 0.04095238095238095 0.03642857142857143
3 0.7614285714285715 0.25857142857142856 0.04095238095238095 0.041428571428571426
3 0.8009523809523809 0.25 0.043809523809523805 0.05142857142857143
3 0.8338095238095238 0.24642857142857144 0.04285714285714286 0.047142857142857146
3 0.87 0.24035714285714285 0.04095238095238095 0.04214285714285714
11 0.8828571428571429 0.19428571428571428 0.05904761904761904 0.02857142857142857
3 0.9085714285714286 0.2342857142857143 0.03809523809523809 0.04857142857142857
11 0.9452380952380952 0.22607142857142856 0.037142857142857144 0.047857142857142855
11 0.9814285714285714 0.22464285714285714 0.037142857142857144 0.03785714285714286
11 0.9960714285714286 0.2123809523809524 0.007857142857142858 0.0419047619047619
3 0.9889285714285714 0.31285714285714283 0.02214285714285714 0.02761904761904762
11 0.9333333333333332 0.3192857142857143 0.06285714285714286 0.03
3 0.8561904761904761 0.335 0.06666666666666667 0.03
3 0.9519047619047618 0.6742857142857143 0.09238095238095237 0.047142857142857146