3 0.769 0.32875 0.08333333333333333 0.0255
3 0.665 0.32425 0.08066666666666665 0.0285
3 0.556 0.31975 0.08133333333333333 0.0275
3 0.97075 0.3363333333333333 0.0585 0.02666666666666667
3 0.283 0.314 0.07533333333333334 0.023
3 0.10633333333333334 0.3085 0.074 0.023
11 0.5443333333333332 0.2165 0.04333333333333333 0.014
3 0.656 0.1855 0.032 0.009
3 0.01975 0.3446666666666667 0.0395 0.027333333333333334
3 0.03325 0.30666666666666664 0.0665 0.02266666666666667
7 0.071 0.3645 0.02333333333333333 0.021
7 0.21366666666666664 0.3195 0.014 0.019
1 0.01875 0.4676666666666667 0.0375 0.02266666666666667
5 0.089 0.43725 0.048666666666666664 0.0255
1 0.095 0.429 0.03666666666666667 0.018
1 0.10966666666666666 0.42125 0.03933333333333333 0.0175
1 0.15233333333333332 0.39925 0.038 0.0175
1 0.1733333333333333 0.38975 0.03866666666666666 0.0175
3 0.2323333333333333 0.355 0.08733333333333333 0.027
3 0.20266666666666666 0.311 0.076 0.021
3 0.42166666666666663 0.363 0.094 0.029
3 0.48666666666666664 0.29025 0.042666666666666665 0.0205
3 0.4363333333333333 0.2635 0.056666666666666664 0.018
3 0.453 0.2555 0.054 0.016
3 0.5826666666666667 0.2605 0.06133333333333333 0.018
3 0.5486666666666666 0.2515 0.034666666666666665 0.016
3 0.565 0.21 0.04333333333333333 0.012
3 0.5756666666666667 0.206 0.03933333333333333 0.013
3 0.586 0.203 0.036 0.013
3 0.5996666666666667 0.20125 0.034 0.0125
3 0.6106666666666666 0.1985 0.034666666666666665 0.012
3 0.679 0.1795 0.03133333333333333 0.009
10 0.613 0.211 0.03933333333333333 0.026
9 0.6336666666666666 0.22125 0.01933333333333333 0.0125
5 0.672 0.2525 0.009333333333333332 0.011
1 0.68 0.254 0.006666666666666666 0.011
1 0.6696666666666666 0.24175 0.012666666666666666 0.0145
5 0.5133333333333333 0.223 0.013333333333333332 0.009
3 0.347 0.16625 0.01933333333333333 0.0065
3 0.359 0.1645 0.01933333333333333 0.006
3 0.36366666666666664 0.16325 0.018 0.0055
3 0.35333333333333333 0.16075 0.02 0.0065
3 0.3406666666666666 0.1605 0.017333333333333333 0.007
11 0.5263333333333332 0.363 0.08066666666666665 0.035
3 0.6236666666666666 0.37025 0.09133333333333332 0.0315
8 0.756 0.4685 0.026666666666666665 0.025
8 0.761 0.453 0.016666666666666663 0.029
0 0.876 0.33225 0.05333333333333333 0.0315
11 0.9773333333333333 0.21325 0.041333333333333326 0.0115
10 0.97625 0.22533333333333333 0.0475 0.02666666666666667
9 0.967 0.23575 0.026 0.0095
11 0.9016666666666666 0.3805 0.08733333333333333 0.04
5 0.9786666666666666 0.3855 0.025333333333333333 0.019
5 0.947 0.476 0.05 0.028
5 0.925 0.487 0.04733333333333333 0.025
5 0.9743333333333333 0.50025 0.04466666666666667 0.0225
5 0.9653333333333333 0.511 0.05333333333333333 0.032
1 0.9176666666666666 0.53425 0.024666666666666663 0.0365
5 0.976 0.5356666666666666 0.048 0.029333333333333333
5 0.957 0.54675 0.054 0.0265
5 0.97575 0.554 0.0485 0.024
5 0.97475 0.5626666666666666 0.0505 0.024666666666666667
1 0.9636666666666667 0.57475 0.062 0.0225
1 0.9696666666666667 0.58725 0.06066666666666667 0.0225
5 0.983 0.5983333333333334 0.034 0.025333333333333333
5 0.979 0.6086666666666667 0.042 0.028666666666666667
1 0.96825 0.6196666666666667 0.0635 0.028
1 0.968 0.6256666666666667 0.064 0.027333333333333334
1 0.97275 0.6363333333333333 0.0545 0.027333333333333334
1 0.97325 0.6486666666666666 0.0535 0.027333333333333334
1 0.97525 0.6636666666666666 0.0495 0.028
1 0.97775 0.6776666666666666 0.0445 0.023333333333333334
1 0.97675 0.6916666666666667 0.0465 0.03266666666666666
1 0.98175 0.7026666666666667 0.0365 0.029333333333333333
1 0.982 0.718 0.036 0.037333333333333336
7 0.6086666666666666 0.1635 0.004 0.008
7 0.42533333333333334 0.1935 0.004 0.007
7 0.441 0.1965 0.007333333333333333 0.01
8 0.447 0.1995 0.004666666666666666 0.006