1 0.4828571428571429 0.5782142857142857 0.06476190476190476 0.05357142857142857
3 0.729047619047619 0.525 0.11904761904761904 0.13714285714285715
3 0.6752380952380952 0.3467857142857143 0.10857142857142857 0.09785714285714285
3 0.579047619047619 0.16964285714285715 0.05904761904761904 0.05357142857142857
3 0.4719047619047619 0.30428571428571427 0.07523809523809523 0.07428571428571429
3 0.45 0.22285714285714286 0.0638095238095238 0.06
3 0.41714285714285715 0.15821428571428572 0.05904761904761904 0.05357142857142857
3 0.40619047619047616 0.10678571428571429 0.04666666666666666 0.04214285714285714
3 0.4047619047619047 0.07 0.04952380952380952 0.04
7 0.32 0.12928571428571428 0.022857142857142857 0.032857142857142856
3 0.5314285714285715 0.0925 0.05142857142857143 0.04357142857142857
3 0.5157142857142857 0.05714285714285714 0.04476190476190476 0.03
3 0.34 0.009642857142857142 0.03238095238095238 0.015
3 0.6695238095238095 0.06785714285714285 0.09523809523809522 0.027142857142857142
3 0.6852380952380952 0.08607142857142858 0.1019047619047619 0.025
3 0.7095238095238094 0.09892857142857144 0.10666666666666666 0.03642857142857143
3 0.7447619047619046 0.12928571428571428 0.09904761904761904 0.032857142857142856
3 0.8033333333333332 0.1717857142857143 0.07333333333333332 0.05785714285714286
3 0.8795238095238095 0.22428571428571428 0.1419047619047619 0.04428571428571428
3 0.9119047619047618 0.2639285714285714 0.15142857142857144 0.05071428571428571
3 0.9317857142857143 0.30666666666666664 0.13642857142857143 0.05238095238095238
3 0.9489285714285715 0.35285714285714287 0.10214285714285715 0.06285714285714286
7 0.5457142857142857 0.23142857142857143 0.022857142857142857 0.045714285714285714
7 0.5866666666666666 0.2914285714285714 0.019047619047619046 0.03857142857142857
7 0.6028571428571429 0.2860714285714286 0.026666666666666665 0.04071428571428572
3 0.9085714285714286 0.17142857142857143 0.08571428571428572 0.06285714285714286
3 0.9767857142857143 0.10047619047619048 0.04642857142857143 0.03333333333333333
3 0.9557142857142857 0.08428571428571428 0.08857142857142856 0.030476190476190476
7 0.8466666666666666 0.10464285714285715 0.015238095238095238 0.035
7 0.8595238095238095 0.11071428571428571 0.014285714285714285 0.03
7 0.79 0.07785714285714286 0.021904761904761903 0.03571428571428571
7 0.7642857142857142 0.0375 0.018095238095238095 0.03214285714285714
7 0.8160714285714286 0.013333333333333334 0.015 0.02666666666666667
3 0.9238095238095237 0.04 0.0838095238095238 0.027142857142857142
3 0.8614285714285714 0.02035714285714286 0.07333333333333332 0.023571428571428573
3 0.9338095238095238 0.055 0.08666666666666667 0.03142857142857143
1 0.3033333333333333 0.3628571428571429 0.03333333333333333 0.05285714285714286
11 0.9971428571428571 0.6952380952380952 0.005714285714285714 0.10761904761904761
10 0.5304761904761904 0.4685714285714286 0.1352380952380952 0.16714285714285715
11 0.96 0.4 0.08 0.08285714285714285
10 0.9582142857142857 0.14666666666666667 0.08357142857142857 0.08476190476190476
3 0.06333333333333332 0.023214285714285715 0.04666666666666666 0.03214285714285714
11 0.41238095238095235 0.04178571428571429 0.07047619047619047 0.027857142857142858
11 0.8833333333333332 0.030714285714285715 0.09047619047619047 0.03571428571428571
8 0.30476190476190473 0.3539285714285714 0.026666666666666665 0.03214285714285714
8 0.4833333333333333 0.5775 0.027619047619047616 0.047857142857142855