3 0.5357142857142857 0.7192857142857143 0.23523809523809522 0.06
3 0.3809523809523809 0.4157142857142857 0.07047619047619047 0.022857142857142857
10 0.6552380952380952 0.41464285714285715 0.08761904761904761 0.030714285714285715
3 0.7219047619047618 0.42928571428571427 0.07809523809523809 0.02
3 0.5047619047619047 0.3992857142857143 0.02857142857142857 0.011428571428571429
11 0.46904761904761905 0.39785714285714285 0.035238095238095235 0.012857142857142857
3 0.4542857142857143 0.38821428571428573 0.02476190476190476 0.007857142857142858
11 0.10571428571428572 0.4035714285714286 0.05714285714285714 0.015714285714285715
11 0.14809523809523809 0.3925 0.04285714285714286 0.012142857142857143
8 0.0938095238095238 0.38821428571428573 0.008571428571428572 0.009285714285714286
5 0.0938095238095238 0.3925 0.021904761904761903 0.007857142857142858
3 0.9925 0.4423809523809524 0.015 0.023809523809523808
4 0.769047619047619 0.38035714285714284 0.12285714285714286 0.012142857142857143