5 0.16809523809523808 0.053214285714285714 0.03142857142857143 0.017857142857142856
3 0.4057142857142857 0.02214285714285714 0.0819047619047619 0.03
3 0.39809523809523806 0.04428571428571428 0.05142857142857143 0.02857142857142857
3 0.36714285714285716 0.06964285714285715 0.050476190476190466 0.03785714285714286
3 0.33809523809523806 0.105 0.06095238095238095 0.04285714285714286
3 0.2342857142857143 0.11714285714285715 0.07047619047619047 0.037142857142857144
3 0.2985714285714286 0.14821428571428572 0.07523809523809523 0.05357142857142857
3 0.14904761904761904 0.17107142857142857 0.1019047619047619 0.04928571428571429
7 0.45476190476190476 0.235 0.014285714285714285 0.032857142857142856
11 0.2476190476190476 0.19142857142857142 0.08952380952380952 0.06285714285714286
3 0.27904761904761904 0.23607142857142857 0.09714285714285714 0.07642857142857143
3 0.17238095238095236 0.2667857142857143 0.11238095238095237 0.08214285714285714
3 0.05821428571428571 0.2280952380952381 0.11642857142857142 0.06
5 0.08428571428571428 0.3171428571428571 0.04095238095238095 0.018571428571428572
3 0.07142857142857142 0.37142857142857144 0.14285714285714285 0.11333333333333333
11 0.09761904761904762 0.46214285714285713 0.17619047619047618 0.14857142857142858
5 0.7433333333333332 0.5989285714285715 0.09809523809523808 0.04214285714285714
3 0.4876190476190476 0.5803571428571429 0.11238095238095237 0.16642857142857143
11 0.5371428571428571 0.4035714285714286 0.09333333333333332 0.11714285714285715
7 0.6928571428571428 0.41285714285714287 0.027619047619047616 0.037142857142857144
11 0.5585714285714286 0.28535714285714286 0.06952380952380952 0.08642857142857142
11 0.5823809523809523 0.19964285714285715 0.04476190476190476 0.06357142857142857
3 0.5961904761904762 0.14642857142857144 0.04952380952380952 0.04428571428571428
11 0.5895238095238095 0.09535714285714286 0.08952380952380952 0.04214285714285714
11 0.6453571428571429 0.005238095238095238 0.05785714285714286 0.010476190476190476
3 0.7538095238095237 0.09964285714285714 0.04285714285714286 0.03785714285714286
3 0.8385714285714285 0.10035714285714285 0.050476190476190466 0.039285714285714285
3 0.8042857142857143 0.30642857142857144 0.07904761904761905 0.08
5 0.9366666666666666 0.175 0.02 0.03142857142857143
1 0.9595238095238094 0.22178571428571428 0.04095238095238095 0.02642857142857143
5 0.84 0.3846428571428571 0.02476190476190476 0.04642857142857143
3 0.8252380952380952 0.47285714285714286 0.1038095238095238 0.13714285714285715
5 0.8838095238095237 0.6410714285714286 0.05904761904761904 0.06642857142857143
7 0.9875 0.4480952380952381 0.025 0.054285714285714284