3 0.889047619047619 0.6289285714285714 0.17619047619047618 0.10642857142857143
3 0.7980952380952381 0.4957142857142857 0.08571428571428572 0.10857142857142857
3 0.779047619047619 0.3889285714285714 0.09523809523809522 0.09071428571428572
3 0.46238095238095234 0.46535714285714286 0.15714285714285714 0.062142857142857146
3 0.4614285714285714 0.40214285714285714 0.15904761904761905 0.05857142857142857
3 0.42380952380952375 0.5471428571428572 0.17904761904761904 0.07142857142857142
3 0.37142857142857144 0.6089285714285714 0.15238095238095237 0.056428571428571425
3 0.2842857142857143 0.6753571428571429 0.1876190476190476 0.07071428571428572
3 0.7885714285714286 0.22964285714285715 0.05142857142857143 0.08357142857142857
3 0.7719047619047618 0.14285714285714285 0.07333333333333332 0.05857142857142857
3 0.7723809523809523 0.07821428571428571 0.08 0.065
3 0.7776190476190475 0.026071428571428572 0.07333333333333332 0.05071428571428571
3 0.4828571428571429 0.29428571428571426 0.13142857142857142 0.054285714285714284
3 0.4876190476190476 0.2507142857142857 0.12571428571428572 0.047142857142857146
3 0.5004761904761904 0.2117857142857143 0.11523809523809522 0.04642857142857143
3 0.5076190476190476 0.1792857142857143 0.10666666666666666 0.041428571428571426
3 0.5280952380952381 0.14892857142857144 0.12476190476190475 0.04357142857142857
3 0.5414285714285715 0.10571428571428572 0.1019047619047619 0.04857142857142857
3 0.5485714285714286 0.06821428571428571 0.09523809523809522 0.04642857142857143
3 0.5528571428571428 0.02642857142857143 0.1 0.045714285714285714