7 0.06142857142857143 0.44892857142857145 0.04095238095238095 0.060714285714285714
7 0.2995238095238095 0.4025 0.03142857142857143 0.055
7 0.6519047619047619 0.41928571428571426 0.023809523809523805 0.05142857142857143
7 0.6195238095238095 0.4407142857142857 0.03142857142857143 0.06428571428571428
7 0.5661904761904761 0.44035714285714284 0.039047619047619046 0.055
7 0.4052380952380952 0.39071428571428574 0.025714285714285714 0.04857142857142857
7 0.38047619047619047 0.3867857142857143 0.027619047619047616 0.047857142857142855
7 0.3595238095238095 0.4067857142857143 0.025714285714285714 0.04928571428571429
7 0.3595238095238095 0.3967857142857143 0.025714285714285714 0.05071428571428571
7 0.33666666666666667 0.37857142857142856 0.035238095238095235 0.04857142857142857
7 0.29619047619047617 0.3732142857142857 0.02095238095238095 0.035
7 0.3052380952380952 0.37285714285714283 0.023809523809523805 0.045714285714285714
7 0.3933333333333333 0.28035714285714286 0.011428571428571429 0.025
7 0.4 0.2839285714285714 0.013333333333333332 0.027857142857142858
8 0.20190476190476186 0.3725 0.045714285714285714 0.030714285714285715
8 0.44571428571428573 0.2732142857142857 0.022857142857142857 0.017857142857142856
5 0.4504761904761905 0.2807142857142857 0.02476190476190476 0.02142857142857143
8 0.53 0.4664285714285714 0.04285714285714286 0.041428571428571426
8 0.5404761904761904 0.4832142857142857 0.056190476190476187 0.029285714285714286
1 0.5976190476190476 0.4957142857142857 0.08666666666666667 0.041428571428571426
1 0.748095238095238 0.49178571428571427 0.08857142857142856 0.047857142857142855
5 0.8314285714285714 0.5032142857142857 0.09333333333333332 0.039285714285714285
1 0.8352380952380952 0.34464285714285714 0.02476190476190476 0.03642857142857143
7 0.9119047619047618 0.43535714285714283 0.027619047619047616 0.056428571428571425
7 0.9104761904761903 0.42607142857142855 0.022857142857142857 0.060714285714285714
3 0.6323809523809524 0.18464285714285714 0.04952380952380952 0.009285714285714286
3 0.6952380952380952 0.18357142857142858 0.0419047619047619 0.012857142857142857
3 0.7623809523809524 0.18392857142857144 0.04095238095238095 0.013571428571428571
3 0.7719047619047618 0.1825 0.04095238095238095 0.010714285714285714
3 0.6152380952380951 0.1792857142857143 0.022857142857142857 0.01
3 0.6219047619047618 0.1775 0.015238095238095238 0.009285714285714286
3 0.6376190476190476 0.18107142857142858 0.02 0.009285714285714286
11 0.6423809523809523 0.1767857142857143 0.025714285714285714 0.012142857142857143
3 0.6557142857142857 0.17892857142857144 0.014285714285714285 0.007857142857142858
3 0.6695238095238095 0.17821428571428571 0.013333333333333332 0.010714285714285714
3 0.6852380952380952 0.17857142857142858 0.021904761904761903 0.012857142857142857
3 0.7076190476190476 0.1792857142857143 0.015238095238095238 0.011428571428571429
3 0.719047619047619 0.18071428571428572 0.022857142857142857 0.014285714285714285
3 0.739047619047619 0.18071428571428572 0.015238095238095238 0.012857142857142857
3 0.759047619047619 0.1792857142857143 0.019047619047619046 0.012857142857142857
3 0.6109523809523809 0.1682142857142857 0.02 0.010714285714285714
3 0.6304761904761904 0.16857142857142857 0.019047619047619046 0.01
3 0.6495238095238095 0.16964285714285715 0.019047619047619046 0.0064285714285714285
3 0.650952380952381 0.165 0.025714285714285714 0.01
3 0.6685714285714286 0.17035714285714285 0.019047619047619046 0.010714285714285714
3 0.6685714285714286 0.16607142857142856 0.02476190476190476 0.009285714285714286
3 0.69 0.16964285714285715 0.025714285714285714 0.010714285714285714
3 0.7114285714285714 0.1692857142857143 0.022857142857142857 0.011428571428571429
3 0.75 0.17 0.021904761904761903 0.012857142857142857
3 0.7685714285714286 0.17 0.02095238095238095 0.012857142857142857
3 0.7780952380952381 0.16642857142857143 0.019047619047619046 0.007142857142857143
3 0.7942857142857143 0.16392857142857142 0.02476190476190476 0.010714285714285714
3 0.8157142857142857 0.1675 0.025714285714285714 0.009285714285714286
3 0.836190476190476 0.1707142857142857 0.03428571428571429 0.012857142857142857