3 0.05658627087198515 0.3870041753653445 0.04081632653061224 0.006784968684759917
7 0.07374768089053803 0.3984864300626305 0.006493506493506493 0.007828810020876828
7 0.062152133580705 0.3984864300626305 0.0055658627087198514 0.007828810020876828
7 0.05473098330241187 0.39900835073068897 0.0055658627087198514 0.007828810020876828
7 0.034322820037105746 0.3987473903966598 0.0055658627087198514 0.008350730688935283
7 0.03014842300556586 0.4021398747390397 0.004638218923933209 0.008872651356993737
7 0.019016697588126158 0.3974425887265136 0.01020408163265306 0.009916492693110648
7 0.0199443413729128 0.4078810020876827 0.008348794063079777 0.008872651356993737
7 0.04081632653061224 0.37134655532359084 0.007421150278293135 0.005741127348643007
3 0.011221294363256785 0.3719851576994434 0.02244258872651357 0.0074211502782931356
11 0.10482374768089053 0.38883089770354906 0.03896103896103896 0.0062630480167014625
3 0.11363636363636363 0.38752609603340293 0.04359925788497217 0.006784968684759917
5 0.0909090909090909 0.384133611691023 0.01484230055658627 0.005219206680584551
7 0.09276437847866419 0.3830897703549061 0.0055658627087198514 0.008350730688935283
7 0.057050092764378474 0.3731732776617954 0.006493506493506493 0.0062630480167014625
7 0.09879406307977735 0.37578288100208773 0.004638218923933209 0.005219206680584551
5 0.09879406307977735 0.37708768267223386 0.01020408163265306 0.003653444676409186
3 0.14564007421150277 0.37056367432150317 0.02411873840445269 0.0062630480167014625
10 0.1790352504638219 0.36743215031315246 0.02968460111317254 0.008350730688935283
3 0.20593692022263452 0.36612734864300633 0.025974025974025972 0.006784968684759917
9 0.19155844155844154 0.38048016701461385 0.02133580705009276 0.005219206680584551
7 0.186456400742115 0.3794363256784969 0.007421150278293135 0.0062630480167014625
3 0.17625231910946196 0.3896137787056368 0.03896103896103896 0.007828810020876828
3 0.2263450834879406 0.38752609603340293 0.03896103896103896 0.007828810020876828
7 0.2435064935064935 0.3940501043841337 0.008348794063079777 0.0062630480167014625
7 0.2541743970315399 0.3940501043841337 0.007421150278293135 0.008350730688935283
7 0.2857142857142857 0.3937891440501044 0.007421150278293135 0.005741127348643007
7 0.3344155844155844 0.39457202505219213 0.008348794063079777 0.008350730688935283
7 0.34554730983302406 0.39431106471816285 0.006493506493506493 0.008872651356993737
7 0.21799628942486085 0.37030271398747394 0.007421150278293135 0.006784968684759917
7 0.2982374768089054 0.3593423799582464 0.006493506493506493 0.007828810020876828
7 0.2597402597402597 0.37291231732776625 0.0055658627087198514 0.006784968684759917
7 0.2680890538033395 0.37291231732776625 0.0055658627087198514 0.006784968684759917
7 0.2889610389610389 0.37447807933194155 0.006493506493506493 0.006784968684759917
2 0.28014842300556586 0.3862212943632568 0.08905380333951762 0.014613778705636744
7 0.3580705009276438 0.393267223382046 0.0055658627087198514 0.006784968684759917
7 0.3307050092764378 0.3773486430062631 0.006493506493506493 0.007306889352818372
3 0.13729128014842298 0.36482254697286015 0.03153988868274583 0.007306889352818372
3 0.5955473098330242 0.38726513569937376 0.02968460111317254 0.0062630480167014625
7 0.699443413729128 0.39796450939457206 0.007421150278293135 0.008872651356993737
7 0.725417439703154 0.3984864300626305 0.007421150278293135 0.007828810020876828
7 0.7328385899814471 0.3987473903966598 0.0055658627087198514 0.009394572025052193
7 0.7397959183673469 0.3984864300626305 0.004638218923933209 0.007828810020876828
7 0.74582560296846 0.3987473903966598 0.0037105751391465673 0.0062630480167014625
7 0.6688311688311688 0.39796450939457206 0.0055658627087198514 0.008872651356993737
7 0.6567717996289425 0.3987473903966598 0.007421150278293135 0.008350730688935283
7 0.5932282003710575 0.39692066805845516 0.006493506493506493 0.006784968684759917
7 0.5445269016697588 0.3971816283924844 0.0055658627087198514 0.007306889352818372
7 0.5343228200371057 0.39665970772442594 0.0055658627087198514 0.008350730688935283
3 0.7101113172541744 0.3953549060542798 0.034322820037105746 0.007828810020876828
3 0.7017625231910947 0.3885699373695199 0.032467532467532464 0.006784968684759917
3 0.8047309833024118 0.3909185803757829 0.03061224489795918 0.0062630480167014625
7 0.7685528756957327 0.3995302713987474 0.006493506493506493 0.008872651356993737
7 0.8056586270871985 0.39979123173277664 0.006493506493506493 0.008350730688935283
3 0.7829313543599257 0.39770354906054284 0.03339517625231911 0.008350730688935283
3 0.8882189239332096 0.3984864300626305 0.034322820037105746 0.006784968684759917
3 0.9076994434137291 0.3971816283924844 0.03617810760667903 0.007306889352818372
3 0.8937847866419294 0.39222338204592905 0.032467532467532464 0.006784968684759917
7 0.7875695732838589 0.38361169102296455 0.0055658627087198514 0.007306889352818372
7 0.7671614100185528 0.384133611691023 0.007421150278293135 0.007306889352818372
7 0.8464749536178108 0.4003131524008351 0.004638218923933209 0.0062630480167014625
7 0.8506493506493505 0.4000521920668059 0.0055658627087198514 0.006784968684759917
7 0.858534322820037 0.3838726513569938 0.008348794063079777 0.006784968684759917
9 0.87291280148423 0.38909185803757834 0.02040816326530612 0.006784968684759917
7 0.8701298701298701 0.3870041753653445 0.007421150278293135 0.008872651356993737
7 0.887291280148423 0.38439457202505223 0.004638218923933209 0.006784968684759917
3 0.9846033402922756 0.39239332096474955 0.030793319415448852 0.006493506493506494
7 0.9962894248608535 0.3859603340292276 0.0055658627087198514 0.006784968684759917
7 0.9870129870129869 0.38569937369519836 0.0055658627087198514 0.0062630480167014625
7 0.9656771799628941 0.38569937369519836 0.009276437847866418 0.007306889352818372
7 0.9536178107606679 0.38439457202505223 0.0055658627087198514 0.006784968684759917
7 0.9930426716141001 0.40318371607515663 0.006493506493506493 0.007828810020876828
7 0.9461966604823747 0.4018789144050105 0.0055658627087198514 0.007306889352818372
7 0.9596474953617811 0.4026617954070982 0.004638218923933209 0.007828810020876828
7 0.9030612244897959 0.4016179540709812 0.006493506493506493 0.007828810020876828
7 0.887291280148423 0.4003131524008351 0.004638218923933209 0.007306889352818372
7 0.9197588126159554 0.40135699373695205 0.006493506493506493 0.007306889352818372
3 0.87152133580705 0.32724425887265135 0.006493506493506493 0.004175365344467641
3 0.8780148423005566 0.3262004175365345 0.006493506493506493 0.004175365344467641
3 0.4461966604823748 0.3909185803757829 0.03896103896103896 0.0062630480167014625
7 0.4369202226345083 0.3810020876826723 0.007421150278293135 0.007306889352818372
7 0.3821892393320965 0.37995824634655534 0.0055658627087198514 0.007306889352818372
7 0.5055658627087198 0.380741127348643 0.0037105751391465673 0.005741127348643007
7 0.5018552875695732 0.3810020876826723 0.007421150278293135 0.0062630480167014625
7 0.49211502782931354 0.38126304801670147 0.006493506493506493 0.006784968684759917
7 0.4809833024118738 0.37995824634655534 0.006493506493506493 0.007306889352818372
7 0.47217068645640076 0.37969728601252617 0.0055658627087198514 0.006784968684759917
7 0.49953617810760664 0.39613778705636743 0.004638218923933209 0.007306889352818372
7 0.4809833024118738 0.395615866388309 0.004638218923933209 0.007306889352818372
7 0.49397031539888675 0.39587682672233826 0.006493506493506493 0.007828810020876828