2 0.045 0.5107868020304569 0.09 0.03934010152284264
2 0.16624365482233502 0.4803571428571428 0.17258883248730966 0.052142857142857144
3 0.05710659898477158 0.48178571428571426 0.053299492385786795 0.020714285714285713
3 0.12944162436548223 0.46428571428571425 0.07106598984771574 0.025714285714285714
3 0.217005076142132 0.4478571428571428 0.0583756345177665 0.022857142857142857
3 0.32550761421319796 0.44857142857142857 0.06472081218274112 0.024285714285714282
3 0.3229695431472081 0.42214285714285715 0.06472081218274112 0.024285714285714282
3 0.416243654822335 0.4010714285714286 0.06852791878172589 0.024999999999999998
10 0.43718274111675126 0.42464285714285716 0.0901015228426396 0.03357142857142857
5 0.48540609137055835 0.3896428571428571 0.02918781725888325 0.009285714285714286
3 0.5336294416243654 0.39999999999999997 0.06472081218274112 0.024285714285714282
3 0.5532994923857868 0.37392857142857144 0.06091370558375635 0.023571428571428573
3 0.6097715736040609 0.38249999999999995 0.052030456852791875 0.019285714285714285
3 0.6865482233502538 0.36714285714285716 0.06598984771573604 0.024285714285714282
3 0.6852791878172589 0.3414285714285714 0.06598984771573604 0.024285714285714282
3 0.8210659898477157 0.31107142857142855 0.06852791878172589 0.024999999999999998
10 0.8591370558375635 0.32857142857142857 0.09390862944162436 0.032857142857142856
3 0.9371827411167514 0.285 0.06218274111675127 0.022857142857142857
10 0.9757142857142858 0.2918781725888325 0.04857142857142857 0.04949238578680203
10 0.8420050761421319 0.20714285714285713 0.16624365482233502 0.054285714285714284
3 0.40418781725888325 0.36 0.06725888324873097 0.024285714285714282
3 0.32423857868020306 0.34928571428571425 0.06725888324873097 0.025714285714285714
3 0.2569796954314721 0.3939285714285714 0.06472081218274112 0.023571428571428573
3 0.048223350253807105 0.42928571428571427 0.0583756345177665 0.024285714285714282