3 0.53 0.36642857142857144 0.054285714285714284 0.08
3 0.7176190476190476 0.4707142857142857 0.04857142857142857 0.08142857142857143
11 0.7233333333333333 0.5592857142857143 0.04666666666666666 0.07571428571428572
7 0.8147619047619047 0.6503571428571429 0.01619047619047619 0.016428571428571428
7 0.8161904761904761 0.6896428571428571 0.019047619047619046 0.016428571428571428
5 0.8319047619047618 0.6217857142857143 0.02 0.030714285714285715
7 0.8242857142857143 0.38142857142857145 0.01619047619047619 0.02
5 0.8323809523809523 0.3335714285714286 0.019047619047619046 0.03
7 0.8014285714285714 0.32392857142857145 0.01619047619047619 0.015
3 0.7233333333333333 0.3032142857142857 0.04095238095238095 0.065
7 0.7980952380952381 0.2317857142857143 0.015238095238095238 0.017857142857142856
7 0.8195238095238094 0.2357142857142857 0.01238095238095238 0.017142857142857144
8 0.7785714285714286 0.2082142857142857 0.014285714285714285 0.017857142857142856
1 0.7761904761904761 0.21214285714285713 0.013333333333333332 0.025714285714285714
7 0.8104761904761904 0.2082142857142857 0.017142857142857144 0.020714285714285713
7 0.828095238095238 0.19321428571428573 0.014285714285714285 0.013571428571428571
7 0.8147619047619047 0.16464285714285715 0.014285714285714285 0.016428571428571428
5 0.7342857142857143 0.2125 0.03428571428571429 0.055
7 0.8171428571428572 0.12285714285714286 0.013333333333333332 0.02142857142857143
7 0.8066666666666666 0.1 0.013333333333333332 0.02142857142857143
7 0.7433333333333332 0.13428571428571429 0.010476190476190476 0.015714285714285715
5 0.7471428571428571 0.115 0.039047619047619046 0.02
8 0.7447619047619046 0.11285714285714285 0.013333333333333332 0.011428571428571429
7 0.8104761904761904 0.0775 0.011428571428571429 0.019285714285714285
7 0.739047619047619 0.06428571428571428 0.015238095238095238 0.018571428571428572
5 0.748095238095238 0.06535714285714286 0.010476190476190476 0.02642857142857143
7 0.728095238095238 0.09035714285714286 0.01619047619047619 0.017857142857142856
8 0.7242857142857143 0.0825 0.01238095238095238 0.009285714285714286
8 0.6819047619047619 0.07714285714285714 0.017142857142857144 0.012857142857142857
8 0.6995238095238094 0.07392857142857143 0.014285714285714285 0.013571428571428571
8 0.6190476190476191 0.07964285714285714 0.011428571428571429 0.016428571428571428
7 0.5628571428571428 0.10464285714285715 0.013333333333333332 0.020714285714285713
5 0.6057142857142858 0.06928571428571428 0.04 0.014285714285714285
11 0.5904761904761905 0.13178571428571428 0.08952380952380952 0.03214285714285714
7 0.5266666666666666 0.15892857142857142 0.015238095238095238 0.017857142857142856
7 0.46619047619047616 0.17785714285714285 0.014285714285714285 0.024285714285714285
4 0.3914285714285714 0.10107142857142858 0.1219047619047619 0.060714285714285714