3 0.42766666666666664 0.29725 0.012666666666666666 0.0085
7 0.4973333333333333 0.37 0.005333333333333333 0.013
7 0.49 0.37425 0.005333333333333333 0.0085
3 0.344 0.41075 0.030666666666666665 0.0285
11 0.37866666666666665 0.41 0.028 0.024
11 0.408 0.4065 0.025333333333333333 0.027
3 0.45 0.4305 0.042666666666666665 0.025
3 0.41666666666666663 0.45875 0.056 0.0295
11 0.274 0.458 0.056 0.031
3 0.6163333333333333 0.431 0.04466666666666667 0.023
3 0.6833333333333332 0.458 0.06133333333333333 0.026
3 0.7163333333333333 0.4265 0.056666666666666664 0.022
3 0.7453333333333333 0.41975 0.052 0.0205
11 0.8986666666666666 0.4715 0.06933333333333333 0.027
3 0.9533333333333333 0.6375 0.07066666666666666 0.065
7 1 0.3283333333333333 0 0.011333333333333334
7 0.9806666666666666 0.29 0.004 0.008
7 0.9396666666666667 0.31975 0.004666666666666666 0.0105
7 0.9493333333333333 0.31475 0.004 0.0095
7 0.956 0.3185 0.004 0.011
7 0.959 0.32725 0.007333333333333333 0.0085
10 0.99325 0.28833333333333333 0.0135 0.018666666666666668
7 0.96 0.317 0.005333333333333333 0.008
8 0.95 0.32125 0.008 0.0065
7 0.8883333333333333 0.2785 0.003333333333333333 0.007
7 0.8963333333333332 0.27825 0.003333333333333333 0.0075
7 0.9 0.2795 0.0026666666666666666 0.007
7 0.873 0.27375 0.003333333333333333 0.0075
7 0.9073333333333332 0.28 0.0026666666666666666 0.006
8 0.6356666666666666 0.28325 0.003333333333333333 0.0055
8 0.7206666666666667 0.29075 0.004 0.0045
8 0.7083333333333333 0.29175 0.004666666666666666 0.0035
8 0.6843333333333332 0.28775 0.003333333333333333 0.0045
8 0.709 0.28975 0.004666666666666666 0.0045
4 0.6563333333333332 0.2535 0.09666666666666665 0.012
10 0.7813333333333332 0.31425 0.056 0.0175
6 0.675 0.21175 0.046 0.0745