7 0.6614100185528756 0.5313152400835073 0.012987012987012986 0.010438413361169102
7 0.6655844155844156 0.5268789144050104 0.01020408163265306 0.009916492693110648
5 0.6595547309833024 0.5407098121085595 0.012987012987012986 0.013569937369519834
8 0.8534322820037106 0.4271920668058456 0.011131725417439703 0.009916492693110648
8 0.7342300556586271 0.44911273486430064 0.013914656771799629 0.014091858037578288
5 0.7351576994434137 0.4530271398747391 0.017625231910946195 0.017745302713987474
5 0.8520408163265305 0.43632567849686854 0.017625231910946195 0.015657620041753657
3 0.9981732776617954 0.08302411873840446 0.0036534446764091857 0.00927643784786642
3 0.9763450834879406 0.0738517745302714 0.012059369202226345 0.008872651356993737
3 0.7314471243042672 0.05036534446764092 0.013914656771799629 0.006784968684759917
3 0.7411873840445269 0.04384133611691024 0.012987012987012986 0.0062630480167014625
3 0.7184601113172542 0.018267223382045932 0.012059369202226345 0.005219206680584551
3 0.7481447124304267 0.01931106471816284 0.013914656771799629 0.0062630480167014625
3 0.7546382189239332 0.029488517745302718 0.015769944341372914 0.004697286012526097
4 0.708256029684601 0.030793319415448855 0.06957328385899814 0.016701461377870565