3 0.96425 0.5916666666666667 0.0715 0.11733333333333333
3 0.8936666666666666 0.49875 0.086 0.0895
3 0.7683333333333333 0.46725 0.12866666666666665 0.0755
3 0.896 0.36225 0.050666666666666665 0.0425
3 0.907 0.333 0.05 0.036
11 0.9063333333333332 0.29725 0.03266666666666666 0.0305
11 0.793 0.35025 0.05133333333333333 0.0415
3 0.6843333333333332 0.41625 0.12733333333333333 0.0365
3 0.99625 0.224 0.0075 0.018
3 0.9716666666666667 0.21575 0.022 0.0145
3 0.994 0.20466666666666666 0.012 0.014666666666666666
10 0.2753333333333333 0.40925 0.1 0.0835
11 0.068 0.3635 0.06533333333333333 0.036
11 0.026666666666666665 0.34525 0.04533333333333333 0.0445
10 0.5656666666666667 0.33625 0.086 0.0655
3 0.9103333333333332 0.26325 0.03 0.0285
11 0.919 0.24675 0.02333333333333333 0.0235
3 0.927 0.2275 0.020666666666666663 0.014
3 0.934 0.21025 0.021333333333333333 0.0155
11 0.99925 0.253 0.0015 0.027333333333333334
3 0.99825 0.243 0.0035 0.019333333333333334
11 0.99625 0.196 0.0075 0.013333333333333334
3 0.98925 0.19466666666666665 0.0215 0.010666666666666666
3 0.958 0.20375 0.026666666666666665 0.0135
3 0.9406666666666667 0.19575 0.022666666666666665 0.0135
11 0.963 0.1935 0.03533333333333333 0.016
3 0.9563333333333333 0.184 0.024666666666666663 0.011
3 0.936 0.18225 0.017333333333333333 0.0105
11 0.9403333333333332 0.17475 0.012666666666666666 0.0095
3 0.8646666666666666 0.19975 0.03866666666666666 0.0105
11 0.8663333333333333 0.18825 0.03266666666666666 0.0105
3 0.8483333333333333 0.19125 0.028666666666666663 0.0105
3 0.8356666666666667 0.19425 0.026 0.0105
11 0.7736666666666666 0.24825 0.03666666666666667 0.0185
8 0.015666666666666666 0.2765 0.011333333333333332 0.014
1 0.015 0.28225 0.015333333333333332 0.0135
8 0.010666666666666666 0.26625 0.009333333333333332 0.0095
8 0.02033333333333333 0.26725 0.008666666666666666 0.0095
8 0.195 0.37125 0.014 0.0135
7 0.16966666666666666 0.36675 0.014 0.0225
7 0.448 0.435 0.021333333333333333 0.032
5 0.359 0.44075 0.022 0.0255
10 0.7466666666666666 0.6555 0.144 0.188
1 0.849 0.6 0.03 0.052
7 0.8583333333333333 0.577 0.020666666666666663 0.043
7 0.813 0.5875 0.02733333333333333 0.037
7 0.8133333333333332 0.551 0.018666666666666665 0.039
7 0.7863333333333332 0.55925 0.01933333333333333 0.0395
7 0.9353333333333332 0.41475 0.016 0.0325
7 0.7746666666666666 0.43325 0.014666666666666666 0.0345
7 0.7466666666666666 0.431 0.014666666666666666 0.035
7 0.854 0.411 0.021333333333333333 0.029
1 0.851 0.416 0.048666666666666664 0.024
7 0.6403333333333333 0.39475 0.012666666666666666 0.0325
7 0.624 0.3765 0.012 0.026
7 0.662 0.37975 0.016 0.0275
7 0.7516666666666666 0.39525 0.01933333333333333 0.0255
1 0.751 0.4045 0.038 0.019
5 0.998 0.46 0.004 0.029333333333333333
7 0.989 0.4236666666666667 0.022 0.03133333333333333
7 0.9826666666666666 0.418 0.016 0.03
7 0.99275 0.405 0.0145 0.03
8 0.7823333333333332 0.39975 0.018 0.0185
7 0.9766666666666667 0.28725 0.010666666666666666 0.0195
3 0.94825 0.7226666666666667 0.1035 0.054