5 0.6042857142857143 0.6953571428571429 0.010476190476190476 0.017857142857142856
8 0.6038095238095238 0.6953571428571429 0.011428571428571429 0.009285714285714286
7 0.6604761904761904 0.6546428571428572 0.01238095238095238 0.012142857142857143
7 0.6223809523809524 0.6185714285714285 0.01238095238095238 0.011428571428571429
5 0.6033333333333333 0.5992857142857143 0.01238095238095238 0.02
8 0.6028571428571429 0.6003571428571428 0.013333333333333332 0.012142857142857143
3 0.6704761904761904 0.5603571428571429 0.03428571428571429 0.05785714285714286
7 0.6152380952380951 0.5714285714285714 0.009523809523809523 0.011428571428571429
7 0.6223809523809524 0.5717857142857142 0.008571428571428572 0.012142857142857143
1 0.5938095238095238 0.5664285714285714 0.010476190476190476 0.02
7 0.6071428571428571 0.5389285714285714 0.010476190476190476 0.010714285714285714
7 0.6204761904761904 0.5389285714285714 0.01238095238095238 0.013571428571428571
5 0.5876190476190476 0.5 0.011428571428571429 0.02142857142857143
3 0.6657142857142857 0.4207142857142857 0.03428571428571429 0.05714285714285714
7 0.6376190476190476 0.36642857142857144 0.008571428571428572 0.011428571428571429
5 0.5023809523809524 0.37857142857142856 0.01619047619047619 0.025714285714285714
11 0.5423809523809523 0.3485714285714286 0.06571428571428571 0.022857142857142857
4 0.5452380952380952 0.3271428571428571 0.050476190476190466 0.012857142857142857
7 0.6190476190476191 0.06642857142857143 0.011428571428571429 0.014285714285714285
7 0.6033333333333333 0.06571428571428571 0.008571428571428572 0.014285714285714285
7 0.6066666666666666 0.0525 0.009523809523809523 0.012142857142857143
7 0.6119047619047618 0.046785714285714285 0.008571428571428572 0.013571428571428571
7 0.59 0.01607142857142857 0.010476190476190476 0.016428571428571428
7 0.5038095238095237 0.048928571428571425 0.011428571428571429 0.010714285714285714