4 0.546 0.057 0.19866666666666666 0.027
4 0.7663333333333333 0.062 0.1753333333333333 0.028
4 0.93675 0.018 0.1265 0.024
11 0.5986666666666667 0.577 0.06533333333333333 0.046
11 0.5783333333333333 0.48825 0.048666666666666664 0.0415
11 0.6543333333333332 0.514 0.05133333333333333 0.045
11 0.979 0.392 0.042 0.022
11 0.6656666666666666 0.3635 0.056666666666666664 0.021
3 0.23 0.404 0.06133333333333333 0.027
3 0.28 0.4775 0.06133333333333333 0.03
3 0.6836666666666666 0.43525 0.04333333333333333 0.0335
3 0.6456666666666666 0.44825 0.05266666666666667 0.0385
3 0.715 0.42325 0.05 0.0365
3 0.7376666666666666 0.47325 0.05133333333333333 0.0365
3 0.7083333333333333 0.48425 0.05133333333333333 0.0335
3 0.763 0.4025 0.048666666666666664 0.032
3 0.9036666666666666 0.366 0.04466666666666667 0.026
3 0.785 0.444 0.048666666666666664 0.028
3 0.2363333333333333 0.388 0.054 0.022
3 0.4126666666666666 0.35975 0.057333333333333326 0.0175
3 0.6016666666666667 0.356 0.02333333333333333 0.029
10 0.247 0.439 0.08066666666666665 0.051
10 0.2273333333333333 0.43425 0.072 0.0315
10 0.2696666666666666 0.4555 0.07133333333333333 0.028
10 0.587 0.40225 0.05533333333333333 0.0365
10 0.6076666666666666 0.47325 0.04733333333333333 0.0405
10 0.631 0.46325 0.04333333333333333 0.0375
10 0.687 0.49975 0.086 0.0565
10 0.7663333333333333 0.455 0.07266666666666666 0.048
10 0.8313333333333333 0.4775 0.072 0.047
10 0.8123333333333332 0.432 0.08066666666666665 0.05
10 0.8313333333333333 0.41775 0.06933333333333333 0.0355
10 0.8643333333333333 0.41225 0.056666666666666664 0.0335
3 0.373 0.6425 0.04466666666666667 0.067
9 0.22466666666666665 0.527 0.044 0.025
7 0.328 0.49375 0.009333333333333332 0.0165
5 0.295 0.623 0.048666666666666664 0.025
11 0.995 0.13833333333333334 0.01 0.008666666666666666
11 0.99425 0.13333333333333333 0.0115 0.012666666666666666
11 0.9106666666666666 0.07275 0.022666666666666665 0.0065
3 0.9323333333333332 0.07225 0.015333333333333332 0.0055
7 0.841 0.66225 0.01933333333333333 0.0155
7 0.37366666666666665 0.70475 0.01933333333333333 0.0155
4 0.5003333333333333 0.3385 0.10333333333333333 0.036