3 0.10142857142857142 0.09678571428571428 0.01619047619047619 0.013571428571428571
3 0.2057142857142857 0.09428571428571429 0.015238095238095238 0.018571428571428572
5 0.18142857142857144 0.09642857142857143 0.008571428571428572 0.011428571428571429
3 0.2595238095238095 0.08892857142857143 0.014285714285714285 0.017857142857142856
3 0.2876190476190476 0.08964285714285715 0.013333333333333332 0.016428571428571428
7 0.31190476190476185 0.08571428571428572 0.0047619047619047615 0.005714285714285714
3 0.3438095238095238 0.08571428571428572 0.015238095238095238 0.017142857142857144
5 0.4066666666666666 0.08035714285714286 0.007619047619047619 0.0064285714285714285
3 0.4147619047619047 0.0925 0.02952380952380952 0.012142857142857143
3 0.4352380952380952 0.1075 0.03619047619047619 0.010714285714285714
3 0.37285714285714283 0.08357142857142857 0.014285714285714285 0.017142857142857144
3 0.4875 0.006666666666666667 0.013571428571428571 0.013333333333333334
3 0.48714285714285716 0.02214285714285714 0.01238095238095238 0.015714285714285715
3 0.4876190476190476 0.03678571428571428 0.013333333333333332 0.016428571428571428
3 0.48857142857142855 0.055 0.011428571428571429 0.017142857142857144
10 0.48857142857142855 0.09285714285714286 0.019047619047619046 0.04
3 0.4919047619047619 0.13071428571428573 0.014285714285714285 0.017142857142857144
3 0.4923809523809523 0.1492857142857143 0.015238095238095238 0.018571428571428572
3 0.4933333333333333 0.17035714285714285 0.015238095238095238 0.019285714285714285
7 0.5042857142857143 0.17357142857142857 0.0047619047619047615 0.007142857142857143
3 0.4928571428571429 0.19321428571428573 0.01619047619047619 0.016428571428571428
3 0.49809523809523804 0.23392857142857143 0.013333333333333332 0.020714285714285713
10 0.529047619047619 0.24678571428571427 0.023809523809523805 0.062142857142857146
3 0.4219047619047619 0.2767857142857143 0.015238095238095238 0.02214285714285714
3 0.4047619047619047 0.27964285714285714 0.017142857142857144 0.020714285714285713
3 0.3876190476190476 0.2789285714285714 0.015238095238095238 0.019285714285714285
3 0.4295238095238095 0.2617857142857143 0.02857142857142857 0.010714285714285714
3 0.42 0.24214285714285713 0.015238095238095238 0.02
3 0.40238095238095234 0.24285714285714285 0.01619047619047619 0.02
3 0.38476190476190475 0.24321428571428572 0.015238095238095238 0.02214285714285714
3 0.3019047619047619 0.24571428571428572 0.015238095238095238 0.02
11 0.2857142857142857 0.24464285714285713 0.019047619047619046 0.023571428571428573
3 0.19428571428571428 0.2282142857142857 0.02857142857142857 0.016428571428571428
3 0.25 0.24928571428571428 0.01619047619047619 0.02142857142857143
3 0.2338095238095238 0.25035714285714283 0.014285714285714285 0.017857142857142856
3 0.21857142857142858 0.24964285714285714 0.014285714285714285 0.02214285714285714
3 0.19285714285714287 0.2517857142857143 0.03142857142857143 0.009285714285714286
3 0.1933333333333333 0.2621428571428571 0.02857142857142857 0.01
3 0.15238095238095237 0.22535714285714287 0.017142857142857144 0.020714285714285713
3 0.09761904761904762 0.22892857142857143 0.02 0.020714285714285713
3 0.055714285714285716 0.2325 0.02 0.020714285714285713
5 0.06904761904761904 0.2275 0.008571428571428572 0.0064285714285714285
3 0.037619047619047614 0.23392857142857143 0.01619047619047619 0.019285714285714285
3 0.011904761904761902 0.2307142857142857 0.02 0.02
3 0.05809523809523809 0.40214285714285714 0.02095238095238095 0.025714285714285714
5 0.0838095238095238 0.3975 0.005714285714285714 0.007857142857142858
3 0.09619047619047619 0.3989285714285714 0.019047619047619046 0.02214285714285714
3 0.13238095238095238 0.39714285714285713 0.017142857142857144 0.02142857142857143
3 0.1495238095238095 0.39714285714285713 0.019047619047619046 0.024285714285714285
3 0.16904761904761903 0.395 0.02 0.024285714285714285
5 0.19285714285714287 0.3821428571428571 0.006666666666666666 0.007142857142857143
5 0.20142857142857143 0.38321428571428573 0.006666666666666666 0.007857142857142858
3 0.22142857142857142 0.38571428571428573 0.018095238095238095 0.024285714285714285
3 0.22619047619047616 0.42857142857142855 0.01619047619047619 0.024285714285714285
5 0.17809523809523808 0.42428571428571427 0.02095238095238095 0.005714285714285714
11 0.3538095238095238 0.36607142857142855 0.01619047619047619 0.02214285714285714
3 0.5252380952380952 0.4225 0.014285714285714285 0.02642857142857143
8 0.5038095238095237 0.31857142857142856 0.0038095238095238095 0.002857142857142857
5 0.5038095238095237 0.3192857142857143 0.0038095238095238095 0.008571428571428572
3 0.5428571428571428 0.5067857142857143 0.015238095238095238 0.029285714285714286
11 0.41619047619047617 0.5360714285714285 0.030476190476190476 0.010714285714285714
5 0.4142857142857143 0.5189285714285714 0.013333333333333332 0.009285714285714286
5 0.36857142857142855 0.5285714285714286 0.005714285714285714 0.007142857142857143
3 0.32571428571428573 0.5596428571428571 0.04 0.016428571428571428
3 0.3233333333333333 0.5764285714285714 0.039047619047619046 0.012857142857142857
3 0.32380952380952377 0.5932142857142857 0.03809523809523809 0.016428571428571428
9 0.5128571428571429 0.6017857142857143 0.008571428571428572 0.012142857142857143
3 0.2814285714285714 0.615 0.037142857142857144 0.014285714285714285
3 0.2833333333333333 0.5985714285714285 0.04095238095238095 0.015714285714285715
3 0.2814285714285714 0.58 0.039047619047619046 0.014285714285714285
5 0.2623809523809524 0.5671428571428572 0.006666666666666666 0.01
5 0.25 0.5678571428571428 0.008571428571428572 0.011428571428571429
3 0.19238095238095237 0.5875 0.0419047619047619 0.015
3 0.19 0.6207142857142857 0.04285714285714286 0.015714285714285715
3 0.14666666666666664 0.6264285714285714 0.0419047619047619 0.015714285714285715
5 0.11809523809523809 0.6 0.007619047619047619 0.008571428571428572
3 0.0175 0.6352380952380953 0.035 0.014285714285714285
1 0.11666666666666665 0.6492857142857142 0.008571428571428572 0.011428571428571429
5 0.04857142857142857 0.7317857142857143 0.011428571428571429 0.012142857142857143
3 0.1457142857142857 0.7128571428571429 0.02476190476190476 0.03428571428571429
3 0.23619047619047617 0.7117857142857142 0.022857142857142857 0.03642857142857143
3 0.2857142857142857 0.6989285714285715 0.02095238095238095 0.03214285714285714
10 0.5371428571428571 0.6053571428571428 0.02095238095238095 0.04071428571428572
3 0.6733333333333333 0.0067857142857142855 0.026666666666666665 0.010714285714285714
3 0.7233333333333333 0.007857142857142858 0.027619047619047616 0.01
3 0.7261904761904762 0.014285714285714285 0.027619047619047616 0.012857142857142857
7 0.8609523809523809 0.055357142857142855 0.005714285714285714 0.007857142857142858
7 0.8452380952380952 0.055714285714285716 0.002857142857142857 0.007142857142857143
8 0.8857142857142857 0.07857142857142857 0.005714285714285714 0.004285714285714286
7 0.7996428571428571 0.0019047619047619048 0.002857142857142857 0.0038095238095238095
3 0.9423809523809523 0.64 0.04476190476190476 0.015714285714285715
3 0.9509523809523809 0.6621428571428571 0.035238095238095235 0.014285714285714285
3 0.9889285714285714 0.6595238095238095 0.02214285714285714 0.015238095238095238
3 0.8823809523809524 0.7192857142857143 0.021904761904761903 0.03428571428571429
3 0.9028571428571428 0.7203571428571428 0.02476190476190476 0.03785714285714286
3 0.9428571428571428 0.7167857142857142 0.02476190476190476 0.03785714285714286
3 0.9671428571428572 0.7146428571428571 0.025714285714285714 0.03642857142857143
3 0.9876190476190475 0.715 0.022857142857142857 0.037142857142857144