3 0.743 0.631 0.08866666666666666 0.083
9 0.96425 0.5966666666666667 0.0715 0.04733333333333333
7 0.8786666666666666 0.7315 0.022666666666666665 0.036
7 0.844 0.7285 0.024 0.042
8 0.8246666666666667 0.6755 0.025333333333333333 0.027
8 0.8143333333333332 0.67625 0.03 0.0255
5 0.8213333333333332 0.67975 0.049333333333333326 0.0265
7 0.6436666666666666 0.58575 0.018 0.0325
7 0.7843333333333332 0.557 0.015333333333333332 0.031
7 0.649 0.518 0.014 0.025
3 0.6423333333333333 0.5105 0.07533333333333334 0.04
3 0.612 0.48125 0.07466666666666666 0.0355
3 0.5703333333333332 0.47025 0.07133333333333333 0.0315
3 0.6043333333333333 0.4425 0.07666666666666666 0.027
3 0.5823333333333333 0.42775 0.08066666666666665 0.0225
3 0.5773333333333333 0.413 0.06933333333333333 0.022
3 0.559 0.402 0.07133333333333333 0.023
3 0.5473333333333332 0.38875 0.06266666666666666 0.0185
5 0.6753333333333332 0.43175 0.03733333333333333 0.0215
1 0.644 0.384 0.016 0.015
10 0.2866666666666666 0.69975 0.08933333333333333 0.0995
3 0.4503333333333333 0.59425 0.06333333333333332 0.0765
3 0.31166666666666665 0.60825 0.074 0.0855
3 0.3173333333333333 0.522 0.057333333333333326 0.056
3 0.3316666666666666 0.4755 0.04333333333333333 0.039
3 0.3293333333333333 0.43525 0.050666666666666665 0.0485
7 0.29666666666666663 0.4145 0.013333333333333332 0.02
3 0.3423333333333333 0.41125 0.034 0.0265
3 0.3506666666666666 0.37675 0.028 0.0225
3 0.423 0.371 0.026 0.019
3 0.4656666666666666 0.37025 0.026 0.0195
3 0.5393333333333332 0.3675 0.06133333333333333 0.019
3 0.518 0.35125 0.042666666666666665 0.0165
3 0.518 0.341 0.04666666666666666 0.014
3 0.361 0.339 0.02333333333333333 0.015
3 0.519 0.3305 0.022 0.013
7 0.529 0.31825 0.007333333333333333 0.0115
5 0.5126666666666666 0.32075 0.017333333333333333 0.0095
11 0.48033333333333333 0.323 0.03933333333333333 0.017
8 0.3833333333333333 0.34975 0.009333333333333332 0.0125
5 0.3843333333333333 0.353 0.01 0.011
3 0.36566666666666664 0.32475 0.022 0.0165
3 0.4933333333333333 0.31475 0.048 0.0115
3 0.4756666666666666 0.3125 0.038 0.011
3 0.47433333333333333 0.30375 0.03266666666666666 0.0115
11 0.4323333333333333 0.30325 0.01933333333333333 0.0155
11 0.04625 0.6006666666666667 0.0925 0.03666666666666667
3 0.06625 0.5743333333333334 0.1325 0.03666666666666667
10 0.084 0.539 0.15866666666666665 0.057
3 0.1323333333333333 0.48525 0.09133333333333332 0.0325
3 0.15233333333333332 0.4625 0.09 0.026
11 0.1723333333333333 0.4395 0.09133333333333332 0.028
3 0.178 0.42875 0.08933333333333333 0.0235
3 0.191 0.41425 0.082 0.0215
3 0.10766666666666666 0.3995 0.04333333333333333 0.022
3 0.14066666666666666 0.3675 0.036 0.019
3 0.18433333333333332 0.36225 0.03133333333333333 0.0205
3 0.4103333333333333 0.2915 0.015333333333333332 0.011
3 0.37966666666666665 0.29525 0.03266666666666666 0.0105
7 0.3653333333333333 0.2925 0.006666666666666666 0.009
3 0.382 0.286 0.013333333333333332 0.01
11 0.3653333333333333 0.2905 0.013333333333333332 0.01
4 0.28633333333333333 0.28175 0.12866666666666665 0.0415
8 0.438 0.28575 0.005333333333333333 0.0075
8 0.44566666666666666 0.28 0.006 0.006
5 0.43766666666666665 0.288 0.007333333333333333 0.005
5 0.4453333333333333 0.2825 0.005333333333333333 0.005
3 0.478 0.2925 0.036 0.01
3 0.478 0.287 0.030666666666666665 0.009
3 0.4703333333333333 0.28525 0.03 0.0085
3 0.473 0.28025 0.012666666666666666 0.0075
3 0.4686666666666666 0.276 0.013333333333333332 0.009
3 0.454 0.27225 0.025333333333333333 0.0095
7 0.49866666666666665 0.28925 0.005333333333333333 0.0115
1 0.553 0.31075 0.015333333333333332 0.0085
1 0.5206666666666666 0.2985 0.016 0.008
3 0.492 0.267 0.024 0.008
3 0.5236666666666666 0.2675 0.028666666666666663 0.01
3 0.3703333333333333 0.2745 0.02733333333333333 0.009
7 0.41466666666666663 0.26775 0.004 0.0075
4 0.3913333333333333 0.22475 0.21466666666666664 0.0705
3 0.4533333333333333 0.2645 0.018666666666666665 0.006
3 0.3823333333333333 0.26375 0.012666666666666666 0.0055