3 0.559047619047619 0.2914285714285714 0.06476190476190476 0.037142857142857144
3 0.63 0.26 0.05809523809523809 0.032857142857142856
3 0.48714285714285716 0.29428571428571426 0.06952380952380952 0.03428571428571429
3 0.5642857142857143 0.26321428571428573 0.0638095238095238 0.03357142857142857
3 0.6476190476190475 0.235 0.05523809523809523 0.02857142857142857
3 0.7209523809523809 0.23035714285714284 0.045714285714285714 0.025
3 0.7752380952380952 0.20535714285714285 0.045714285714285714 0.027857142857142858
3 0.9538095238095238 0.18785714285714286 0.04285714285714286 0.018571428571428572
5 0.9271428571428572 0.45964285714285713 0.03333333333333333 0.015
5 0.3519047619047619 0.3117857142857143 0.037142857142857144 0.012142857142857143
8 0.35047619047619044 0.3032142857142857 0.017142857142857144 0.023571428571428573
8 0.9314285714285714 0.4514285714285714 0.02095238095238095 0.018571428571428572