3 0.6266666666666666 0.6507142857142857 0.08 0.1
3 0.6028571428571429 0.5389285714285714 0.07619047619047618 0.07928571428571428
3 0.2847619047619047 0.6057142857142858 0.07428571428571429 0.09285714285714286
3 0.2552380952380952 0.7203571428571428 0.06857142857142857 0.05785714285714286
3 0.2376190476190476 0.5503571428571429 0.1019047619047619 0.08785714285714286
3 0.44380952380952376 0.5125 0.07047619047619047 0.10214285714285715
3 0.12142857142857143 0.41464285714285715 0.10571428571428572 0.03642857142857143
3 0.24476190476190474 0.40714285714285714 0.11238095238095237 0.037142857142857144
3 0.2947619047619047 0.38 0.09619047619047619 0.032857142857142856
3 0.3457142857142857 0.3575 0.0819047619047619 0.03214285714285714
3 0.3495238095238095 0.3217857142857143 0.10095238095238093 0.035
3 0.14809523809523809 0.47464285714285714 0.10761904761904761 0.03357142857142857
3 0.6914285714285714 0.4517857142857143 0.1238095238095238 0.04642857142857143
3 0.6147619047619047 0.36428571428571427 0.09619047619047619 0.041428571428571426
3 0.5638095238095238 0.3182142857142857 0.0419047619047619 0.047857142857142855
3 0.5495238095238094 0.2817857142857143 0.06285714285714286 0.039285714285714285
3 0.5523809523809523 0.22321428571428573 0.03619047619047619 0.035
3 0.54 0.19285714285714287 0.043809523809523805 0.025714285714285714
3 0.5419047619047619 0.16642857142857143 0.0419047619047619 0.02857142857142857
3 0.54 0.1457142857142857 0.0419047619047619 0.025714285714285714
3 0.5528571428571428 0.125 0.04857142857142857 0.017142857142857144
3 0.5480952380952381 0.08964285714285715 0.025714285714285714 0.025
3 0.589047619047619 0.095 0.027619047619047616 0.02
3 0.549047619047619 0.07321428571428572 0.025714285714285714 0.016428571428571428
3 0.5471428571428572 0.060714285714285714 0.023809523809523805 0.014285714285714285
3 0.5485714285714286 0.046785714285714285 0.019047619047619046 0.015
3 0.5471428571428572 0.03464285714285714 0.02 0.015
3 0.5676190476190476 0.025357142857142856 0.0419047619047619 0.017857142857142856
3 0.5252380952380952 0.021785714285714287 0.03142857142857143 0.017857142857142856
11 0.5519047619047619 0.009285714285714286 0.037142857142857144 0.017142857142857144
3 0.3633333333333333 0.2925 0.06952380952380952 0.023571428571428573
3 0.3609523809523809 0.2571428571428571 0.0838095238095238 0.025714285714285714
3 0.37 0.23857142857142857 0.0676190476190476 0.02
3 0.37142857142857144 0.22535714285714287 0.07809523809523809 0.020714285714285713
3 0.3766666666666666 0.21071428571428572 0.06571428571428571 0.017142857142857144
3 0.38904761904761903 0.20035714285714284 0.07523809523809523 0.020714285714285713
3 0.3942857142857143 0.18214285714285713 0.06476190476190476 0.02142857142857143
3 0.3966666666666666 0.16785714285714284 0.06 0.018571428571428572
3 0.40238095238095234 0.15071428571428572 0.06571428571428571 0.02142857142857143
11 0.4033333333333333 0.13642857142857143 0.050476190476190466 0.02142857142857143
3 0.40619047619047616 0.12678571428571428 0.052380952380952375 0.017857142857142856
3 0.41380952380952374 0.11321428571428571 0.05809523809523809 0.019285714285714285
3 0.4209523809523809 0.1025 0.05333333333333333 0.019285714285714285
11 0.42666666666666664 0.08607142857142858 0.06095238095238095 0.02642857142857143
3 0.42809523809523803 0.07357142857142857 0.054285714285714284 0.015714285714285715
3 0.4357142857142857 0.06642857142857143 0.04666666666666666 0.014285714285714285
3 0.43809523809523804 0.0575 0.045714285714285714 0.015
3 0.4471428571428571 0.05285714285714286 0.037142857142857144 0.012857142857142857
3 0.439047619047619 0.04535714285714286 0.04761904761904761 0.015
3 0.44904761904761903 0.04 0.04476190476190476 0.012857142857142857
3 0.44476190476190475 0.03321428571428572 0.043809523809523805 0.013571428571428571
3 0.4376190476190476 0.02892857142857143 0.04285714285714286 0.013571428571428571
3 0.44857142857142857 0.017857142857142856 0.0419047619047619 0.012857142857142857
3 0.37142857142857144 0.02035714285714286 0.04952380952380952 0.017857142857142856
3 0.4633333333333333 0.011428571428571429 0.037142857142857144 0.011428571428571429
11 0.8290476190476189 0.12857142857142856 0.04857142857142857 0.027142857142857142
5 0.9204761904761903 0.31857142857142856 0.035238095238095235 0.018571428571428572
5 0.9552380952380952 0.3107142857142857 0.030476190476190476 0.015714285714285715
5 0.966190476190476 0.325 0.03333333333333333 0.012857142857142857
5 0.9390476190476189 0.20107142857142857 0.013333333333333332 0.016428571428571428
5 0.9257142857142857 0.18178571428571427 0.011428571428571429 0.015
7 0.8571428571428571 0.08392857142857142 0.009523809523809523 0.017857142857142856
3 0.8 0.08 0.03619047619047619 0.02857142857142857