3 0.7715736040609137 0.033928571428571426 0.02284263959390863 0.03071428571428571
3 0.7144670050761421 0.05499999999999999 0.02538071065989848 0.032857142857142856
3 0.7677664974619288 0.10928571428571428 0.02538071065989848 0.02857142857142857
3 0.7614213197969543 0.14607142857142857 0.02284263959390863 0.03071428571428571
2 0.7011421319796954 0.2114285714285714 0.02918781725888325 0.04285714285714286
3 0.6897208121827411 0.25107142857142856 0.026649746192893398 0.03357142857142857
3 0.7373096446700507 0.40035714285714286 0.05076142131979696 0.013571428571428571
3 0.7468274111675126 0.42142857142857143 0.05456852791878173 0.014285714285714285
3 0.8286802030456853 0.40035714285714286 0.0583756345177665 0.015000000000000001
11 0.9295685279187818 0.4007142857142857 0.05964467005076142 0.012857142857142857
10 0.5355329949238579 0.505 0.053299492385786795 0.07428571428571429
3 0.5279187817258884 0.5525 0.02284263959390863 0.017857142857142856
7 0.6776649746192893 0.3082142857142857 0.01015228426395939 0.0064285714285714285
7 0.6947969543147209 0.3142857142857143 0.008883248730964468 0.005714285714285714
7 0.6338832487309645 0.42642857142857143 0.01649746192893401 0.007142857142857143
7 0.6478426395939086 0.4164285714285714 0.013959390862944163 0.007142857142857143
7 0.6668781725888324 0.40142857142857147 0.008883248730964468 0.007142857142857143
7 0.6560913705583756 0.3864285714285714 0.01015228426395939 0.005714285714285714
7 0.6554568527918782 0.36214285714285716 0.008883248730964468 0.005714285714285714
7 0.625 0.42071428571428565 0.011421319796954314 0.007142857142857143
7 0.6294416243654822 0.4082142857142857 0.01015228426395939 0.0064285714285714285
7 0.6148477157360407 0.40857142857142853 0.011421319796954314 0.007142857142857143
7 0.633248730964467 0.3960714285714286 0.01269035532994924 0.007857142857142858
7 0.623730964467005 0.37714285714285717 0.013959390862944163 0.008571428571428572
7 0.567258883248731 0.31321428571428567 0.01015228426395939 0.0064285714285714285
7 0.9631979695431473 0.32999999999999996 0.01015228426395939 0.007142857142857143
7 0.8356598984771574 0.21785714285714286 0.011421319796954314 0.007142857142857143
7 0.8032994923857867 0.17892857142857144 0.007614213197969543 0.009285714285714286
7 0.8204314720812182 0.1457142857142857 0.008883248730964468 0.007142857142857143
7 0.8096446700507615 0.1414285714285714 0.007614213197969543 0.005714285714285714
7 0.8331218274111676 0.07535714285714286 0.008883248730964468 0.0064285714285714285
7 0.8166243654822335 0.05035714285714286 0.011421319796954314 0.009285714285714286
7 0.8267766497461928 0.05035714285714286 0.008883248730964468 0.009285714285714286
7 0.8109137055837563 0.021071428571428567 0.01015228426395939 0.009285714285714286