5 0.3314285714285714 0.6203571428571428 0.005714285714285714 0.010714285714285714
1 0.27285714285714285 0.6246428571428572 0.0047619047619047615 0.009285714285714286
1 0.2838095238095238 0.6253571428571428 0.0038095238095238095 0.009285714285714286
1 0.2985714285714286 0.6235714285714286 0.002857142857142857 0.008571428571428572
1 0.3033333333333333 0.6242857142857143 0.002857142857142857 0.008571428571428572
1 0.14666666666666664 0.6289285714285714 0.005714285714285714 0.007857142857142858
1 0.17095238095238094 0.6282142857142857 0.002857142857142857 0.009285714285714286
1 0.18666666666666665 0.6282142857142857 0.0038095238095238095 0.009285714285714286
1 0.23095238095238094 0.6260714285714286 0.0047619047619047615 0.009285714285714286
1 0.21666666666666665 0.6260714285714286 0.0047619047619047615 0.009285714285714286
1 0.22476190476190475 0.6253571428571428 0.005714285714285714 0.010714285714285714
5 0.2033333333333333 0.6242857142857143 0.006666666666666666 0.011428571428571429
1 0.34714285714285714 0.6257142857142857 0.01619047619047619 0.007142857142857143
5 0.18 0.6278571428571429 0.005714285714285714 0.01
3 0.46619047619047616 0.7371428571428571 0.018095238095238095 0.022857142857142857
11 0.46904761904761905 0.7014285714285714 0.01619047619047619 0.027142857142857142
3 0.40285714285714286 0.7210714285714286 0.04 0.013571428571428571
3 0.40619047619047616 0.7046428571428571 0.039047619047619046 0.015
3 0.4076190476190476 0.6842857142857143 0.0419047619047619 0.014285714285714285
3 0.41380952380952374 0.6353571428571428 0.037142857142857144 0.012142857142857143
3 0.41047619047619044 0.6517857142857143 0.0419047619047619 0.015
5 0.3833333333333333 0.6096428571428572 0.01238095238095238 0.002142857142857143
5 0.38285714285714284 0.5992857142857143 0.013333333333333332 0.004285714285714286
7 0.2814285714285714 0.46535714285714286 0.01238095238095238 0.0035714285714285713
3 0.9842857142857143 0.04178571428571429 0.027619047619047616 0.010714285714285714
3 0.9875 0.049523809523809526 0.025 0.010476190476190476
3 0.99 0.056666666666666664 0.02 0.011428571428571429
3 0.9975 0.06857142857142857 0.005 0.010476190476190476
3 0.9967857142857143 0.08238095238095237 0.0064285714285714285 0.010476190476190476
3 0.9985714285714286 0.09047619047619047 0.002857142857142857 0.010476190476190476
3 0.9857142857142858 0.16535714285714287 0.017142857142857144 0.019285714285714285
3 0.9960714285714286 0.16428571428571428 0.007857142857142858 0.01904761904761905
3 0.9967857142857143 0.17904761904761904 0.0064285714285714285 0.010476190476190476
3 0.9985714285714286 0.18714285714285714 0.002857142857142857 0.010476190476190476
3 0.9985714285714286 0.19666666666666666 0.002857142857142857 0.010476190476190476
3 0.9867857142857143 0.28523809523809524 0.02642857142857143 0.010476190476190476
3 0.9857142857142858 0.29619047619047617 0.02857142857142857 0.012380952380952381
3 0.9889285714285714 0.3076190476190476 0.02214285714285714 0.010476190476190476
3 0.7780952380952381 0.025 0.026666666666666665 0.011428571428571429
3 0.7814285714285715 0.04321428571428571 0.025714285714285714 0.010714285714285714
5 0.7780952380952381 0.0525 0.009523809523809523 0.005
5 0.7952380952380952 0.06535714285714286 0.009523809523809523 0.005
3 0.7976190476190476 0.08107142857142857 0.025714285714285714 0.010714285714285714
3 0.7095238095238094 0.07892857142857143 0.022857142857142857 0.010714285714285714
3 0.8042857142857143 0.12392857142857143 0.027619047619047616 0.012142857142857143
3 0.8071428571428572 0.14142857142857143 0.025714285714285714 0.01
3 0.8119047619047618 0.1575 0.027619047619047616 0.010714285714285714
3 0.8114285714285714 0.16607142857142856 0.02857142857142857 0.010714285714285714
3 0.8147619047619047 0.17607142857142857 0.027619047619047616 0.010714285714285714
5 0.78 0.18464285714285714 0.005714285714285714 0.012142857142857143
3 0.8276190476190475 0.2017857142857143 0.02857142857142857 0.010714285714285714
3 0.7785714285714286 0.20964285714285713 0.023809523809523805 0.009285714285714286
3 0.7819047619047618 0.22035714285714286 0.026666666666666665 0.009285714285714286
3 0.7814285714285715 0.23214285714285715 0.03142857142857143 0.011428571428571429
3 0.7804761904761903 0.2417857142857143 0.02952380952380952 0.010714285714285714
3 0.7852380952380952 0.2517857142857143 0.027619047619047616 0.010714285714285714
11 0.8585714285714285 0.2725 0.027619047619047616 0.010714285714285714
3 0.5009523809523809 0.009642857142857142 0.011428571428571429 0.016428571428571428
3 0.499047619047619 0.04107142857142857 0.011428571428571429 0.016428571428571428
3 0.5347619047619048 0.029642857142857144 0.01238095238095238 0.016428571428571428
3 0.5761904761904761 0.04285714285714286 0.009523809523809523 0.014285714285714285
3 0.5385714285714286 0.07678571428571429 0.01238095238095238 0.016428571428571428
3 0.499047619047619 0.05785714285714286 0.011428571428571429 0.014285714285714285
3 0.5014285714285714 0.07321428571428572 0.01238095238095238 0.016428571428571428
3 0.5371428571428571 0.11 0.011428571428571429 0.015714285714285715
3 0.5738095238095238 0.13107142857142856 0.025714285714285714 0.010714285714285714
3 0.5761904761904761 0.1442857142857143 0.011428571428571429 0.014285714285714285
3 0.54 0.1325 0.02857142857142857 0.012142857142857143
5 0.4942857142857143 0.17142857142857143 0.009523809523809523 0.004285714285714286
5 0.6014285714285714 0.18214285714285713 0.010476190476190476 0.004285714285714286
3 0.6090476190476191 0.21392857142857144 0.014285714285714285 0.020714285714285713
3 0.5785714285714286 0.21714285714285714 0.014285714285714285 0.02
3 0.5004761904761904 0.2082142857142857 0.027619047619047616 0.010714285714285714
3 0.5747619047619047 0.19785714285714287 0.014285714285714285 0.018571428571428572
4 0.5585714285714286 0.0125 0.02 0.005
4 0.5542857142857143 0.05142857142857143 0.013333333333333332 0.007142857142857143
4 0.5552380952380952 0.08428571428571428 0.013333333333333332 0.005714285714285714
5 0.6261904761904762 0.24 0.010476190476190476 0.004285714285714286
9 0.6523809523809523 0.2725 0.007619047619047619 0.012142857142857143
3 0.49714285714285716 0.24785714285714286 0.02476190476190476 0.011428571428571429
3 0.5014285714285714 0.27071428571428574 0.02952380952380952 0.011428571428571429
3 0.6123809523809524 0.2567857142857143 0.015238095238095238 0.019285714285714285
3 0.6142857142857143 0.2782142857142857 0.013333333333333332 0.020714285714285713
3 0.6309523809523809 0.27785714285714286 0.01619047619047619 0.02142857142857143
3 0.5976190476190476 0.28 0.01619047619047619 0.02142857142857143
3 0.5938095238095238 0.2592857142857143 0.014285714285714285 0.02
3 0.578095238095238 0.26071428571428573 0.013333333333333332 0.018571428571428572
11 0.6533333333333333 0.325 0.011428571428571429 0.017142857142857144
3 0.009047619047619047 0.15464285714285714 0.014285714285714285 0.02214285714285714
3 0.04047619047619047 0.20035714285714284 0.018095238095238095 0.019285714285714285
3 0.07047619047619047 0.1992857142857143 0.019047619047619046 0.018571428571428572
3 0.08619047619047618 0.19857142857142857 0.018095238095238095 0.02
3 0.10095238095238093 0.20035714285714284 0.019047619047619046 0.019285714285714285
3 0.13 0.1975 0.01619047619047619 0.017857142857142856
3 0.14619047619047618 0.19464285714285715 0.018095238095238095 0.017857142857142856
3 0.16142857142857142 0.19464285714285715 0.018095238095238095 0.019285714285714285
3 0.17904761904761904 0.19357142857142856 0.017142857142857144 0.018571428571428572
3 0.20047619047619045 0.19285714285714287 0.01619047619047619 0.017142857142857144
3 0.2176190476190476 0.19178571428571428 0.014285714285714285 0.019285714285714285
3 0.23619047619047617 0.19107142857142856 0.017142857142857144 0.019285714285714285
3 0.2238095238095238 0.2282142857142857 0.017142857142857144 0.019285714285714285
3 0.20857142857142857 0.22857142857142856 0.017142857142857144 0.018571428571428572
3 0.1938095238095238 0.23 0.01619047619047619 0.018571428571428572
3 0.17809523809523808 0.23035714285714284 0.019047619047619046 0.019285714285714285
3 0.16333333333333333 0.2317857142857143 0.018095238095238095 0.019285714285714285
3 0.14047619047619048 0.25 0.018095238095238095 0.02
11 0.13047619047619047 0.2317857142857143 0.02095238095238095 0.020714285714285713
3 0.1019047619047619 0.2325 0.017142857142857144 0.013571428571428571
3 0.10952380952380951 0.25285714285714284 0.019047619047619046 0.02
3 0.15523809523809523 0.29178571428571426 0.02095238095238095 0.020714285714285713
3 0.13714285714285715 0.29214285714285715 0.02095238095238095 0.02142857142857143
3 0.11809523809523809 0.2932142857142857 0.019047619047619046 0.019285714285714285
3 0.09809523809523808 0.2932142857142857 0.02095238095238095 0.02214285714285714
3 0.15142857142857144 0.31535714285714284 0.019047619047619046 0.02214285714285714
3 0.1419047619047619 0.3539285714285714 0.02095238095238095 0.020714285714285713
3 0.12238095238095237 0.355 0.021904761904761903 0.02
3 0.08428571428571428 0.3603571428571429 0.02 0.020714285714285713
3 0.0638095238095238 0.35928571428571426 0.02095238095238095 0.02142857142857143
3 0.04 0.3628571428571429 0.022857142857142857 0.02142857142857143
3 0.02095238095238095 0.36392857142857143 0.026666666666666665 0.020714285714285713
3 0.004642857142857143 0.29714285714285715 0.009285714285714286 0.02
3 0.008928571428571428 0.31761904761904763 0.017857142857142856 0.02095238095238095
3 0.030476190476190476 0.2982142857142857 0.022857142857142857 0.020714285714285713
3 0.09571428571428571 0.25214285714285717 0.018095238095238095 0.02
3 0.07904761904761905 0.25392857142857145 0.019047619047619046 0.02214285714285714
3 0.0638095238095238 0.2532142857142857 0.02095238095238095 0.019285714285714285
3 0.04857142857142857 0.25535714285714284 0.017142857142857144 0.019285714285714285
3 0.032857142857142856 0.2557142857142857 0.021904761904761903 0.018571428571428572
3 0.04047619047619047 0.2367857142857143 0.02 0.016428571428571428
3 0.055714285714285716 0.23642857142857143 0.021904761904761903 0.018571428571428572
3 0.08619047619047618 0.2342857142857143 0.02 0.018571428571428572
3 0.1819047619047619 0.35535714285714287 0.017142857142857144 0.02214285714285714
3 0.19428571428571428 0.2885714285714286 0.019047619047619046 0.02142857142857143
8 0.21285714285714286 0.16857142857142857 0.0047619047619047615 0.004285714285714286
1 0.21380952380952378 0.1692857142857143 0.008571428571428572 0.002857142857142857
3 0.97 0.1382142857142857 0.023809523809523805 0.009285714285714286
5 0.6628571428571428 0.2978571428571429 0.009523809523809523 0.002857142857142857