3 0.17142857142857143 0.5757142857142857 0.030476190476190476 0.015714285714285715
3 0.2980952380952381 0.5317857142857143 0.03238095238095238 0.009285714285714286
3 0.3052380952380952 0.5278571428571428 0.027619047619047616 0.007142857142857143
3 0.33904761904761904 0.5078571428571429 0.02857142857142857 0.007142857142857143
3 0.35333333333333333 0.5028571428571429 0.03238095238095238 0.007142857142857143
3 0.35333333333333333 0.4992857142857143 0.030476190476190476 0.005714285714285714
3 0.3557142857142857 0.4967857142857143 0.02952380952380952 0.005
3 0.3609523809523809 0.4942857142857143 0.022857142857142857 0.007142857142857143
3 0.3666666666666666 0.49178571428571427 0.02095238095238095 0.005
2 0.3719047619047619 0.4860714285714286 0.03142857142857143 0.010714285714285714
7 0.34714285714285714 0.48678571428571427 0.002857142857142857 0.0064285714285714285
7 0.3447619047619047 0.4853571428571429 0.0019047619047619048 0.0064285714285714285
3 0.34047619047619043 0.48857142857142855 0.008571428571428572 0.008571428571428572
3 0.3719047619047619 0.47964285714285715 0.023809523809523805 0.007857142857142858
3 0.37857142857142856 0.4764285714285714 0.018095238095238095 0.005714285714285714
3 0.3795238095238095 0.4739285714285714 0.014285714285714285 0.005
3 0.38047619047619047 0.47285714285714286 0.01619047619047619 0.005714285714285714
3 0.39571428571428574 0.4725 0.021904761904761903 0.0064285714285714285
3 0.39 0.47 0.014285714285714285 0.007142857142857143
3 0.40380952380952373 0.4660714285714286 0.007619047619047619 0.0064285714285714285
3 0.41666666666666663 0.4660714285714286 0.006666666666666666 0.005
10 0.3904761904761905 0.4632142857142857 0.007619047619047619 0.0064285714285714285
3 0.4857142857142857 0.4207142857142857 0.0038095238095238095 0.002857142857142857
3 0.47714285714285715 0.4382142857142857 0.005714285714285714 0.0035714285714285713
3 0.4652380952380952 0.4064285714285714 0.002857142857142857 0.0014285714285714286
3 0.46714285714285714 0.405 0.002857142857142857 0.0014285714285714286
3 0.4823809523809523 0.4164285714285714 0.002857142857142857 0.0014285714285714286
3 0.48380952380952374 0.4142857142857143 0.0038095238095238095 0.0014285714285714286
10 0.4828571428571429 0.4575 0.009523809523809523 0.007857142857142858
3 0.5095238095238095 0.44857142857142857 0.007619047619047619 0.004285714285714286
3 0.52 0.455 0.007619047619047619 0.004285714285714286
11 0.4876190476190476 0.5128571428571429 0.009523809523809523 0.01
3 0.5661904761904761 0.5203571428571429 0.014285714285714285 0.009285714285714286
3 0.5895238095238095 0.5546428571428571 0.02095238095238095 0.013571428571428571
3 0.6338095238095237 0.5671428571428572 0.021904761904761903 0.012857142857142857
3 0.5995238095238095 0.59 0.023809523809523805 0.017142857142857144
3 0.46 0.6314285714285715 0.02095238095238095 0.024285714285714285
3 0.6514285714285715 0.6203571428571428 0.02857142857142857 0.019285714285714285
0 0.4961904761904762 0.675 0.02857142857142857 0.032857142857142856
6 0.5971428571428572 0.6771428571428572 0.043809523809523805 0.06142857142857143
3 0.6495238095238095 0.6578571428571428 0.030476190476190476 0.024285714285714285
3 0.69 0.6614285714285715 0.035238095238095235 0.024285714285714285
10 0.6238095238095237 0.7310714285714286 0.045714285714285714 0.03642857142857143
10 0.47619047619047616 0.7328571428571429 0.043809523809523805 0.032857142857142856
7 0.2376190476190476 0.6478571428571429 0.006666666666666666 0.017142857142857144
1 0.8642857142857143 0.7389285714285714 0.023809523809523805 0.013571428571428571
1 0.8371428571428572 0.7160714285714286 0.022857142857142857 0.010714285714285714
1 0.8304761904761904 0.7121428571428572 0.019047619047619046 0.011428571428571429
3 0.5971428571428572 0.45285714285714285 0.007619047619047619 0.004285714285714286
2 0.6023809523809524 0.45285714285714285 0.010476190476190476 0.011428571428571429
3 0.6138095238095238 0.4567857142857143 0.01238095238095238 0.005
3 0.6190476190476191 0.45785714285714285 0.015238095238095238 0.005714285714285714
3 0.6309523809523809 0.4585714285714286 0.02 0.007142857142857143
3 0.6561904761904762 0.4635714285714286 0.011428571428571429 0.004285714285714286
3 0.6647619047619048 0.4642857142857143 0.013333333333333332 0.004285714285714286
3 0.6742857142857143 0.4667857142857143 0.015238095238095238 0.005
11 0.6857142857142857 0.46714285714285714 0.019047619047619046 0.008571428571428572
11 0.6542857142857142 0.4757142857142857 0.015238095238095238 0.007142857142857143
3 0.6633333333333333 0.4789285714285714 0.01238095238095238 0.0064285714285714285
3 0.6714285714285714 0.4807142857142857 0.019047619047619046 0.007142857142857143
3 0.6638095238095237 0.4875 0.015238095238095238 0.007857142857142858
2 0.6385714285714286 0.4825 0.027619047619047616 0.017857142857142856
3 0.7085714285714285 0.4717857142857143 0.015238095238095238 0.0064285714285714285
3 0.7223809523809523 0.4732142857142857 0.014285714285714285 0.005
3 0.7314285714285714 0.47535714285714287 0.019047619047619046 0.0064285714285714285
3 0.6985714285714286 0.5039285714285714 0.01619047619047619 0.007857142857142858
11 0.7276190476190476 0.49464285714285716 0.026666666666666665 0.010714285714285714
11 0.7361904761904761 0.49642857142857144 0.02476190476190476 0.008571428571428572
3 0.7376190476190475 0.5035714285714286 0.02 0.008571428571428572
3 0.748095238095238 0.5039285714285714 0.02 0.007857142857142858
3 0.7585714285714286 0.5064285714285715 0.018095238095238095 0.008571428571428572
3 0.7671428571428571 0.5085714285714286 0.014285714285714285 0.008571428571428572
3 0.7761904761904761 0.5125 0.019047619047619046 0.009285714285714286
3 0.79 0.5039285714285714 0.025714285714285714 0.010714285714285714
3 0.7885714285714286 0.5125 0.02095238095238095 0.009285714285714286
3 0.8047619047619047 0.5153571428571428 0.022857142857142857 0.009285714285714286
3 0.83 0.5178571428571429 0.021904761904761903 0.01
3 0.846190476190476 0.5210714285714285 0.018095238095238095 0.007857142857142858
10 0.8638095238095238 0.5189285714285714 0.026666666666666665 0.012142857142857143
3 0.9590476190476189 0.5367857142857143 0.02476190476190476 0.010714285714285714
3 0.9828571428571429 0.5392857142857143 0.02476190476190476 0.01
3 0.9953571428571428 0.5423809523809524 0.009285714285714286 0.014285714285714285
3 0.9747619047619046 0.57 0.03333333333333333 0.015714285714285715
3 0.9476190476190475 0.5671428571428572 0.030476190476190476 0.015714285714285715
2 0.9261904761904761 0.5521428571428572 0.04666666666666666 0.024285714285714285
3 0.8919047619047618 0.5546428571428571 0.02952380952380952 0.015
3 0.8733333333333332 0.5525 0.030476190476190476 0.015
3 0.8538095238095238 0.5467857142857143 0.027619047619047616 0.013571428571428571
3 0.8309523809523809 0.5428571428571428 0.02952380952380952 0.011428571428571429
3 0.8785714285714286 0.6439285714285714 0.0619047619047619 0.023571428571428573
3 0.9052380952380952 0.6625 0.056190476190476187 0.02214285714285714
3 0.9323809523809523 0.6771428571428572 0.06285714285714286 0.024285714285714285
3 0.9628571428571429 0.6932142857142857 0.05904761904761904 0.025
3 0.9767857142857143 0.71 0.04642857142857143 0.030476190476190476