7 0.7969543147208121 0.16892857142857143 0.02284263959390863 0.019285714285714285
7 0.7804568527918782 0.1682142857142857 0.017766497461928935 0.016428571428571428
7 0.7595177664974619 0.21964285714285714 0.01649746192893401 0.017857142857142856
7 0.7442893401015228 0.22892857142857143 0.013959390862944163 0.019285714285714285
7 0.7296954314720812 0.23249999999999998 0.02284263959390863 0.017857142857142856
7 0.7258883248730964 0.21999999999999997 0.02030456852791878 0.014285714285714285
7 0.9714467005076142 0.07214285714285713 0.011421319796954314 0.014285714285714285
7 0.7227157360406091 0.2464285714285714 0.01649746192893401 0.02
7 0.7455583756345178 0.24928571428571428 0.019035532994923856 0.02
7 0.7404822335025381 0.3435714285714286 0.019035532994923856 0.018571428571428572
7 0.7525380710659899 0.33249999999999996 0.01269035532994924 0.019285714285714285
7 0.7442893401015228 0.3221428571428571 0.019035532994923856 0.018571428571428572
7 0.7100253807106599 0.3457142857142857 0.019035532994923856 0.02
7 0.7131979695431472 0.3360714285714285 0.02030456852791878 0.016428571428571428
7 0.7093908629441624 0.3264285714285714 0.01269035532994924 0.014285714285714285
7 0.7208121827411168 0.32499999999999996 0.02284263959390863 0.014285714285714285
7 0.7119289340101522 0.3117857142857143 0.015228426395939087 0.015000000000000001
7 0.7151015228426396 0.305 0.021573604060913708 0.022857142857142857
7 0.9746192893401016 0.4789285714285714 0.02030456852791878 0.016428571428571428