3 0.6646666666666666 0.02725 0.008 0.0075
7 0.6483333333333332 0.04125 0.004666666666666666 0.0085
3 0.804 0.04825 0.010666666666666666 0.0075
3 0.7743333333333332 0.06375 0.020666666666666663 0.0095
3 0.6376666666666666 0.08625 0.01 0.0105
3 0.637 0.096 0.011333333333333332 0.011
3 0.6356666666666666 0.10525 0.014 0.0125
7 0.6843333333333332 0.09925 0.004666666666666666 0.0085
7 0.6983333333333333 0.0955 0.004666666666666666 0.009
3 0.8363333333333333 0.11625 0.014 0.0105
3 0.6316666666666666 0.1385 0.014 0.014
3 0.6276666666666666 0.14775 0.012666666666666666 0.0135
3 0.628 0.15875 0.014666666666666666 0.0145
3 0.621 0.20325 0.015333333333333332 0.0135
8 0.604 0.2545 0.008 0.009
10 0.6186666666666666 0.26875 0.034666666666666665 0.0285
3 0.608 0.29275 0.024 0.0285
3 0.6056666666666666 0.3225 0.02333333333333333 0.028
3 0.606 0.37975 0.05466666666666666 0.0315
11 0.5923333333333333 0.41325 0.02733333333333333 0.0405
3 0.588 0.48125 0.05466666666666666 0.0415
3 0.5826666666666667 0.521 0.05333333333333333 0.049
3 0.578 0.5635 0.06533333333333333 0.049
3 0.5673333333333332 0.632 0.07066666666666666 0.064
3 0.559 0.7115 0.08466666666666665 0.065
3 0.77 0.5905 0.03733333333333333 0.055
7 0.8233333333333333 0.52675 0.009333333333333332 0.0145
7 0.709 0.45875 0.007333333333333333 0.0155
11 0.7336666666666666 0.44175 0.05 0.0305
3 0.7353333333333333 0.41575 0.04533333333333333 0.0285
5 0.99725 0.39066666666666666 0.0055 0.013333333333333334
3 0.986 0.37233333333333335 0.028 0.03266666666666666
3 0.7283333333333333 0.36775 0.038 0.0335
11 0.861 0.32875 0.04466666666666667 0.0205
3 0.7233333333333333 0.338 0.044 0.028
3 0.7256666666666667 0.32 0.03933333333333333 0.028
11 0.7266666666666667 0.29775 0.02 0.0225
10 0.7233333333333333 0.2465 0.022666666666666665 0.031
7 0.711 0.2335 0.004666666666666666 0.01
3 0.7136666666666667 0.20525 0.015333333333333332 0.0165
3 0.7113333333333333 0.19 0.014666666666666666 0.015
3 0.7633333333333333 0.178 0.033333333333333326 0.012
10 0.8276666666666667 0.18525 0.026 0.0305
3 0.8396666666666667 0.1765 0.03 0.016
3 0.8273333333333333 0.1645 0.036 0.012
11 0.8956666666666666 0.22175 0.022 0.0205
7 0.8943333333333332 0.19875 0.004666666666666666 0.0115
7 0.901 0.20125 0.004666666666666666 0.0115
7 0.9066666666666666 0.19825 0.005333333333333333 0.0115
7 0.915 0.201 0.007333333333333333 0.012
7 0.9016666666666666 0.19525 0.006 0.0125
3 0.907 0.18475 0.020666666666666663 0.0175
5 0.8523333333333333 0.15725 0.014 0.0075
8 0.8856666666666666 0.1395 0.007333333333333333 0.008
7 0.09466666666666666 0.49175 0.025333333333333333 0.0095
7 0.21166666666666667 0.472 0.016666666666666663 0.016
7 0.20266666666666666 0.45225 0.017333333333333333 0.0135
5 0.8856666666666666 0.152 0.008666666666666666 0.007