10 0.7771428571428571 0.065 0.02857142857142857 0.03857142857142857
10 0.8014285714285714 0.06607142857142857 0.025714285714285714 0.03214285714285714
10 0.31476190476190474 0.4525 0.04666666666666666 0.055
10 0.5395238095238095 0.28 0.0676190476190476 0.022857142857142857
10 0.5419047619047619 0.2525 0.05904761904761904 0.020714285714285713
10 0.24 0.7178571428571429 0.08571428571428572 0.06
2 0.6114285714285714 0.5278571428571428 0.08761904761904761 0.13714285714285715
3 0.6842857142857143 0.3435714285714286 0.027619047619047616 0.03142857142857143
11 0.6361904761904762 0.4421428571428571 0.03238095238095238 0.041428571428571426
6 0.8704761904761904 0.48214285714285715 0.06095238095238095 0.11142857142857143
3 0.239047619047619 0.5385714285714286 0.06476190476190476 0.037142857142857144
3 0.2914285714285714 0.48214285714285715 0.0419047619047619 0.041428571428571426
3 0.1219047619047619 0.5007142857142857 0.05904761904761904 0.025714285714285714
3 0.17714285714285713 0.6175 0.06285714285714286 0.04642857142857143
3 0.1219047619047619 0.685 0.06857142857142857 0.045714285714285714
3 0.2695238095238095 0.6085714285714285 0.05904761904761904 0.05285714285714286
3 0.3595238095238095 0.415 0.039047619047619046 0.03571428571428571
3 0.38142857142857145 0.37357142857142855 0.037142857142857144 0.03
6 0.18 0.7114285714285714 0.045714285714285714 0.04428571428571428
6 0.29523809523809524 0.57 0.05333333333333333 0.03428571428571429
6 0.2338095238095238 0.6360714285714286 0.056190476190476187 0.039285714285714285
6 0.21571428571428572 0.6757142857142857 0.052380952380952375 0.05285714285714286
6 0.30714285714285716 0.5417857142857143 0.04666666666666666 0.03642857142857143
6 0.36428571428571427 0.44142857142857145 0.056190476190476187 0.02
3 0.4309523809523809 0.18285714285714286 0.035238095238095235 0.012857142857142857
3 0.5833333333333333 0.12607142857142858 0.02952380952380952 0.012142857142857143
10 0.5738095238095238 0.14142857142857143 0.03333333333333333 0.01
3 0.6142857142857143 0.03785714285714286 0.011428571428571429 0.008571428571428572
3 0.6414285714285715 0.055 0.023809523809523805 0.008571428571428572
3 0.6314285714285715 0.065 0.02476190476190476 0.011428571428571429
3 0.6542857142857142 0.05142857142857143 0.02476190476190476 0.008571428571428572
3 0.6585714285714286 0.047857142857142855 0.023809523809523805 0.008571428571428572
3 0.5942857142857143 0.03964285714285714 0.011428571428571429 0.009285714285714286
3 0.5328571428571428 0.10357142857142858 0.027619047619047616 0.01
3 0.5366666666666666 0.095 0.023809523809523805 0.008571428571428572
3 0.6147619047619047 0.07178571428571429 0.03142857142857143 0.009285714285714286
3 0.6104761904761904 0.07678571428571429 0.02857142857142857 0.007857142857142858
3 0.5985714285714285 0.11392857142857143 0.023809523809523805 0.012142857142857143
1 0.5609523809523809 0.11 0.005714285714285714 0.01
8 0.5604761904761905 0.10857142857142857 0.006666666666666666 0.005714285714285714
7 0.9514285714285714 0.007857142857142858 0.0038095238095238095 0.007142857142857143
3 0.9595238095238094 0.07214285714285715 0.014285714285714285 0.008571428571428572
6 0.8823809523809524 0.17464285714285716 0.037142857142857144 0.04071428571428572
7 0.9133333333333332 0.31214285714285717 0.009523809523809523 0.011428571428571429
7 0.9914285714285714 0.3325 0.011428571428571429 0.013571428571428571
7 1 0.3028571428571429 0 0.013333333333333334
7 0.9933333333333332 0.285 0.007619047619047619 0.012857142857142857
7 0.96 0.30428571428571427 0.009523809523809523 0.015714285714285715
7 0.9538095238095238 0.2932142857142857 0.01238095238095238 0.015
7 0.9152380952380952 0.28285714285714286 0.007619047619047619 0.014285714285714285
7 0.9361904761904761 0.27785714285714286 0.007619047619047619 0.012857142857142857
6 0.8709523809523809 0.4860714285714286 0.050476190476190466 0.11214285714285714
9 0.33095238095238094 0.41214285714285714 0.02952380952380952 0.022857142857142857
6 0.6028571428571429 0.255 0.02857142857142857 0.02