8 0.5961904761904762 0.6946428571428571 0.022857142857142857 0.015
8 0.5976190476190476 0.6953571428571429 0.021904761904761903 0.016428571428571428
7 0.6857142857142857 0.6578571428571428 0.019047619047619046 0.015714285714285715
8 0.2509523809523809 0.2978571428571429 0.014285714285714285 0.014285714285714285
1 0.2533333333333333 0.3025 0.02476190476190476 0.012142857142857143
11 0.4333333333333333 0.345 0.04 0.05
10 0.63 0.04857142857142857 0.0619047619047619 0.037142857142857144
10 0.739047619047619 0.030357142857142857 0.07238095238095238 0.04357142857142857
10 0.6746428571428571 0.016666666666666666 0.06357142857142857 0.03333333333333333
7 0.8085714285714286 0.0625 0.007619047619047619 0.015
7 0.7895238095238095 0.06392857142857143 0.005714285714285714 0.015
7 0.6695238095238095 0.06464285714285714 0.005714285714285714 0.013571428571428571
8 0.6895238095238094 0.06321428571428571 0.007619047619047619 0.013571428571428571
5 0.69 0.06535714285714286 0.014285714285714285 0.012142857142857143
3 0.728095238095238 0.4521428571428571 0.1038095238095238 0.03428571428571429
0 0.83 0.5153571428571428 0.07904761904761905 0.03642857142857143
8 0.848095238095238 0.5225 0.01238095238095238 0.017857142857142856
7 0.9414285714285714 0.6228571428571429 0.02 0.015714285714285715