3 0.6457142857142857 0.44035714285714284 0.05523809523809523 0.08785714285714286
3 0.08047619047619047 0.19035714285714286 0.1 0.035
3 0.08714285714285715 0.4617857142857143 0.14 0.04928571428571429
3 0.06857142857142857 0.5078571428571429 0.13142857142857142 0.03428571428571429
3 0.03535714285714286 0.6695238095238095 0.07071428571428572 0.040952380952380955
3 0.05107142857142857 0.6152380952380953 0.10214285714285715 0.039047619047619046
3 0.05952380952380952 0.5503571428571429 0.11714285714285715 0.05071428571428571
3 0.12571428571428572 0.38357142857142856 0.10666666666666666 0.041428571428571426
3 0.41714285714285715 0.26285714285714284 0.10666666666666666 0.03857142857142857
3 0.14857142857142858 0.09928571428571428 0.09714285714285714 0.025714285714285714
3 0.0175 0.15523809523809523 0.035 0.021904761904761906
3 0.04178571428571429 0.12904761904761905 0.08357142857142857 0.029523809523809525
11 0.10238095238095236 0.15642857142857142 0.09238095238095237 0.03
11 0.15238095238095237 0.12571428571428572 0.11047619047619046 0.032857142857142856
11 0.18619047619047616 0.07464285714285715 0.07142857142857142 0.02642857142857143
3 0.13904761904761903 0.03214285714285714 0.08 0.025714285714285714
3 0.04285714285714286 0.07785714285714286 0.0838095238095238 0.02857142857142857
8 0.8304761904761904 0.3082142857142857 0.02095238095238095 0.019285714285714285
8 0.8866666666666666 0.18714285714285714 0.011428571428571429 0.02
8 0.738095238095238 0.17464285714285716 0.015238095238095238 0.017857142857142856
8 0.559047619047619 0.25535714285714284 0.017142857142857144 0.017857142857142856
8 0.21476190476190474 0.1707142857142857 0.021904761904761903 0.018571428571428572
5 0.559047619047619 0.2592857142857143 0.030476190476190476 0.014285714285714285
5 0.7404761904761904 0.1792857142857143 0.04095238095238095 0.017142857142857144
1 0.8838095238095237 0.19392857142857142 0.030476190476190476 0.020714285714285713
1 0.8266666666666667 0.31357142857142856 0.03809523809523809 0.014285714285714285
1 0.22 0.1792857142857143 0.02857142857142857 0.022857142857142857
7 0.09904761904761904 0.27285714285714285 0.02476190476190476 0.024285714285714285
7 0.40047619047619043 0.37142857142857144 0.021904761904761903 0.02142857142857143
7 0.49476190476190474 0.3578571428571429 0.008571428571428572 0.015714285714285715
7 0.5885714285714285 0.30392857142857144 0.011428571428571429 0.020714285714285713
7 0.5342857142857143 0.32392857142857145 0.011428571428571429 0.02214285714285714
7 0.5576190476190476 0.2932142857142857 0.02 0.027857142857142858
7 0.5038095238095237 0.06142857142857143 0.011428571428571429 0.027142857142857142
7 0.4376190476190476 0.009642857142857142 0.010476190476190476 0.016428571428571428
7 0.409047619047619 0.19392857142857142 0.014285714285714285 0.020714285714285713
7 0.43380952380952376 0.04285714285714286 0.01619047619047619 0.012857142857142857
7 0.4009523809523809 0.19464285714285715 0.019047619047619046 0.027857142857142858
7 0.42380952380952375 0.03892857142857143 0.019047619047619046 0.020714285714285713
7 0.49476190476190474 0.3439285714285714 0.014285714285714285 0.019285714285714285