3 0.5095177664974619 0.5021428571428571 0.08248730964467005 0.02857142857142857
3 0.6954314720812182 0.45285714285714285 0.0634517766497462 0.027142857142857142
3 0.6161167512690355 0.4482142857142857 0.06725888324873097 0.027857142857142858
3 0.7722081218274113 0.375 0.0317258883248731 0.022857142857142857
3 0.7144670050761421 0.30607142857142855 0.030456852791878174 0.017857142857142856
3 0.7607868020304568 0.3407142857142857 0.02918781725888325 0.02
3 0.6281725888324873 0.25285714285714284 0.02284263959390863 0.012857142857142857
11 0.6694162436548223 0.26107142857142857 0.0317258883248731 0.016428571428571428
7 0.5342639593908629 0.39249999999999996 0.01015228426395939 0.012142857142857141
7 0.5444162436548223 0.39249999999999996 0.01269035532994924 0.012142857142857141
7 0.5621827411167513 0.365 0.01269035532994924 0.012857142857142857
3 0.833756345177665 0.2857142857142857 0.027918781725888325 0.014285714285714285
3 0.8559644670050761 0.28785714285714287 0.0317258883248731 0.012857142857142857
3 0.9957142857142857 0.21129441624365483 0.008571428571428572 0.01015228426395939
3 0.8362944162436547 0.16285714285714287 0.02538071065989848 0.007142857142857143
3 0.8730964467005077 0.1607142857142857 0.02284263959390863 0.008571428571428572
3 0.7753807106598984 0.16178571428571428 0.027918781725888325 0.007857142857142858
3 0.8007614213197969 0.16499999999999998 0.02538071065989848 0.007142857142857143
3 0.99 0.19860406091370558 0.02 0.012690355329949238
3 0.9982142857142857 0.1916243654822335 0.0035714285714285713 0.013959390862944163
3 0.743020304568528 0.1807142857142857 0.01649746192893401 0.011428571428571429
3 0.7563451776649746 0.18035714285714285 0.017766497461928935 0.010714285714285714
3 0.7671319796954316 0.17857142857142858 0.021573604060913708 0.012857142857142857
3 0.7804568527918782 0.17785714285714285 0.02284263959390863 0.012857142857142857
3 0.79251269035533 0.17785714285714285 0.019035532994923856 0.008571428571428572
3 0.8077411167512691 0.17750000000000002 0.019035532994923856 0.007857142857142858
3 0.8191624365482234 0.17750000000000002 0.019035532994923856 0.009285714285714286
3 0.8350253807106599 0.17142857142857143 0.02538071065989848 0.008571428571428572
3 0.7449238578680203 0.17428571428571427 0.02030456852791878 0.01
3 0.756979695431472 0.17535714285714285 0.01649746192893401 0.010714285714285714
3 0.7703045685279187 0.17357142857142854 0.02030456852791878 0.01
3 0.7956852791878173 0.17392857142857143 0.02030456852791878 0.010714285714285714
3 0.8083756345177665 0.17214285714285713 0.017766497461928935 0.008571428571428572
3 0.8515228426395939 0.15928571428571428 0.02030456852791878 0.008571428571428572
10 0.7239847715736041 0.16357142857142856 0.06218274111675127 0.02
10 0.8140862944162437 0.15642857142857142 0.03934010152284264 0.014285714285714285
10 0.9308375634517766 0.15321428571428572 0.12055837563451777 0.013571428571428571
2 0.9289340101522843 0.15392857142857141 0.06852791878172589 0.017857142857142856
2 0.7201776649746192 0.2825 0.026649746192893398 0.024999999999999998
8 0.21827411167512692 0.48821428571428566 0.02030456852791878 0.012142857142857141