3 0.41285714285714287 0.5139285714285714 0.08285714285714285 0.09785714285714285
3 0.39476190476190476 0.4010714285714286 0.0619047619047619 0.06642857142857143
3 0.24857142857142858 0.42178571428571426 0.06666666666666667 0.06642857142857143
3 0.61 0.36964285714285716 0.1019047619047619 0.05785714285714286
3 0.6580952380952381 0.3960714285714286 0.11047619047619046 0.06357142857142857
3 0.729047619047619 0.4175 0.10952380952380951 0.06642857142857143
3 0.92 0.559047619047619 0.16 0.08666666666666667
3 0.828095238095238 0.5039285714285714 0.15523809523809523 0.07214285714285715
7 0.7604761904761904 0.5271428571428571 0.023809523809523805 0.03857142857142857
7 0.98 0.6339285714285714 0.02857142857142857 0.04071428571428572
7 0.9638095238095238 0.45 0.030476190476190476 0.037142857142857144
7 0.770952380952381 0.22535714285714287 0.014285714285714285 0.025
7 0.520952380952381 0.15535714285714286 0.013333333333333332 0.017857142857142856
3 0.38619047619047614 0.3364285714285714 0.054285714285714284 0.04857142857142857
7 0.5857142857142857 0.13071428571428573 0.03619047619047619 0.024285714285714285
7 0.5419047619047619 0.13142857142857142 0.03238095238095238 0.024285714285714285
3 0.37285714285714283 0.2935714285714286 0.052380952380952375 0.041428571428571426
7 0.3276190476190476 0.3196428571428571 0.017142857142857144 0.030714285714285715
7 0.36714285714285716 0.2507142857142857 0.04285714285714286 0.032857142857142856
3 0.07857142857142857 0.09107142857142857 0.03333333333333333 0.020714285714285713
3 0.1576190476190476 0.016428571428571428 0.014285714285714285 0.011428571428571429
10 0.054761904761904755 0.05107142857142857 0.02952380952380952 0.016428571428571428
3 0.01892857142857143 0.045714285714285714 0.03785714285714286 0.011428571428571429
3 0.008928571428571428 0.0719047619047619 0.017857142857142856 0.018095238095238095
3 0.019523809523809523 0.04071428571428572 0.037142857142857144 0.01
3 0.06523809523809523 0.03428571428571429 0.023809523809523805 0.011428571428571429
3 0.07523809523809523 0.029285714285714286 0.02095238095238095 0.011428571428571429
3 0.08 0.024285714285714285 0.02095238095238095 0.012857142857142857
3 0.08809523809523809 0.02142857142857143 0.018095238095238095 0.011428571428571429
3 0.09428571428571429 0.01607142857142857 0.017142857142857144 0.012142857142857143
11 0.09952380952380951 0.01107142857142857 0.018095238095238095 0.013571428571428571
3 0.10523809523809523 0.008928571428571428 0.018095238095238095 0.010714285714285714
3 0.11285714285714285 0.0064285714285714285 0.01619047619047619 0.01
7 0.1 0.02 0.005714285714285714 0.011428571428571429
4 0.21571428571428572 0.017142857142857144 0.014285714285714285 0.02142857142857143