3 0.40164974619289334 0.04535714285714286 0.11548223350253807 0.024999999999999998
3 0.33946700507614214 0.21642857142857141 0.049492385786802026 0.0642857142857143
3 0.40545685279187815 0.21928571428571428 0.049492385786802026 0.06142857142857142
3 0.467005076142132 0.21464285714285714 0.05076142131979696 0.05785714285714286
3 0.5374365482233502 0.21571428571428572 0.049492385786802026 0.060000000000000005
3 0.6078680203045685 0.25571428571428567 0.048223350253807105 0.06142857142857142
3 0.675761421319797 0.2546428571428571 0.049492385786802026 0.05785714285714286
3 0.7347715736040609 0.2567857142857143 0.04060913705583756 0.060714285714285714
3 0.8743654822335025 0.26535714285714285 0.04568527918781726 0.065
3 0.9390862944162437 0.2689285714285714 0.05076142131979696 0.06357142857142857
3 0.9321065989847717 0.3214285714285714 0.12309644670050761 0.02857142857142857
3 0.9111675126903553 0.3575 0.09898477157360405 0.026428571428571426
3 0.9149746192893401 0.39035714285714285 0.1116751269035533 0.026428571428571426
3 0.6395939086294417 0.3521428571428571 0.053299492385786795 0.0642857142857143
3 0.7214467005076142 0.5103571428571428 0.06218274111675127 0.06357142857142857
3 0.5767766497461929 0.3503571428571428 0.04695431472081218 0.065
3 0.5120558375634517 0.35678571428571426 0.05710659898477158 0.06785714285714285
3 0.45558375634517767 0.3271428571428571 0.053299492385786795 0.0642857142857143
3 0.39213197969543145 0.34785714285714286 0.048223350253807105 0.05857142857142857
3 0.3280456852791878 0.3521428571428571 0.05456852791878173 0.06571428571428571
3 0.25317258883248733 0.35500000000000004 0.05456852791878173 0.05857142857142857
3 0.1935279187817259 0.3417857142857143 0.052030456852791875 0.06785714285714285
3 0.1313451776649746 0.3432142857142857 0.05710659898477158 0.06785714285714285
3 0.06218274111675127 0.34464285714285714 0.0583756345177665 0.062142857142857146
3 0.015714285714285715 0.35596446700507617 0.03142857142857143 0.06345177664974619
11 0.8134517766497462 0.27071428571428574 0.04568527918781726 0.05142857142857143
11 0.9942857142857143 0.25888324873096447 0.011428571428571429 0.06091370558375635
7 0.23223350253807107 0.43964285714285717 0.02030456852791878 0.007857142857142858
7 0.2430203045685279 0.4275 0.02918781725888325 0.007857142857142858
7 0.5729695431472082 0.4417857142857142 0.01649746192893401 0.010714285714285714
7 0.6637055837563451 0.4289285714285714 0.015228426395939087 0.0035714285714285713
7 0.7538071065989848 0.45964285714285713 0.01269035532994924 0.009285714285714286
7 0.791243654822335 0.44857142857142857 0.019035532994923856 0.011428571428571429
7 0.809010152284264 0.45964285714285713 0.013959390862944163 0.012142857142857141
7 0.7766497461928934 0.46249999999999997 0.015228426395939087 0.010714285714285714
7 0.6725888324873097 0.43285714285714283 0.017766497461928935 0.007142857142857143
7 0.9960714285714286 0.35786802030456855 0.007857142857142858 0.007614213197969543