3 0.9157142857142857 0.6957142857142857 0.11333333333333333 0.10714285714285714
3 0.9603571428571429 0.5695238095238095 0.07928571428571428 0.0838095238095238
3 0.9696428571428571 0.48714285714285716 0.060714285714285714 0.07333333333333333
3 0.9775 0.4195238095238095 0.045 0.07714285714285714
11 0.9996428571428572 0.22523809523809524 0.0007142857142857143 0.02761904761904762
11 0.9925 0.21523809523809523 0.015 0.022857142857142857
3 0.9228571428571428 0.17464285714285716 0.05523809523809523 0.017857142857142856
3 0.9896428571428572 0.14666666666666667 0.020714285714285713 0.017142857142857144
3 0.9876190476190475 0.13607142857142857 0.022857142857142857 0.016428571428571428
3 0.9504761904761904 0.13964285714285715 0.02095238095238095 0.017857142857142856
3 0.9323809523809523 0.07571428571428572 0.017142857142857144 0.01