3 0.650952380952381 0.6178571428571429 0.12666666666666665 0.12142857142857143
3 0.9014285714285715 0.5564285714285714 0.15523809523809523 0.10142857142857142
3 0.5538095238095238 0.48428571428571426 0.09047619047619047 0.07
3 0.3033333333333333 0.54 0.08095238095238094 0.09
3 0.9975 0.5085714285714286 0.005 0.1019047619047619
3 0.8752380952380951 0.4585714285714286 0.13333333333333333 0.06857142857142857
3 0.8309523809523809 0.4332142857142857 0.1361904761904762 0.060714285714285714
3 0.7814285714285715 0.4110714285714286 0.13238095238095238 0.05357142857142857
3 0.7461904761904761 0.38357142857142856 0.10761904761904761 0.054285714285714284
3 0.709047619047619 0.36892857142857144 0.08857142857142856 0.04071428571428572
3 0.7 0.3467857142857143 0.09523809523809522 0.03785714285714286
3 0.2833333333333333 0.46214285714285713 0.07333333333333332 0.06
3 0.2814285714285714 0.3532142857142857 0.04476190476190476 0.047857142857142855
3 0.2933333333333333 0.24428571428571427 0.03809523809523809 0.03571428571428571
3 0.4076190476190476 0.2792857142857143 0.08 0.02857142857142857
3 0.4261904761904762 0.3271428571428571 0.09619047619047619 0.03
3 0.4433333333333333 0.3557142857142857 0.10952380952380951 0.02857142857142857
3 0.46 0.4007142857142857 0.1295238095238095 0.047142857142857146
3 0.3976190476190476 0.24 0.07714285714285714 0.024285714285714285
11 0.5271428571428571 0.59 0.10571428571428572 0.11571428571428571
3 0.5376190476190476 0.21678571428571428 0.06 0.023571428571428573
11 0.518095238095238 0.20642857142857143 0.05714285714285714 0.022857142857142857
3 0.5047619047619047 0.20142857142857143 0.05523809523809523 0.022857142857142857
3 0.2676190476190476 0.6889285714285714 0.13714285714285715 0.12071428571428572
3 0.0275 0.29 0.055 0.03333333333333333
3 0.07571428571428572 0.24714285714285714 0.04095238095238095 0.025714285714285714
3 0.24285714285714285 0.15678571428571428 0.019047619047619046 0.010714285714285714
3 0.19238095238095237 0.1667857142857143 0.022857142857142857 0.015
3 0.14523809523809522 0.17214285714285715 0.025714285714285714 0.02
3 0.20809523809523808 0.13035714285714287 0.01619047619047619 0.012142857142857143
3 0.16333333333333333 0.16107142857142856 0.023809523809523805 0.010714285714285714
11 0.42666666666666664 0.30964285714285716 0.08 0.039285714285714285
3 0.42047619047619045 0.29714285714285715 0.08476190476190476 0.03142857142857143
3 0.3723809523809523 0.21571428571428572 0.07047619047619047 0.022857142857142857
7 0.47619047619047616 0.475 0.026666666666666665 0.03571428571428571
7 0.518095238095238 0.3075 0.017142857142857144 0.025
4 0.2557142857142857 0.06642857142857143 0.006666666666666666 0.015714285714285715
4 0.24142857142857144 0.08107142857142857 0.01238095238095238 0.017857142857142856
4 0.22142857142857142 0.09892857142857144 0.01619047619047619 0.016428571428571428
3 0.1661904761904762 0.1525 0.02 0.012142857142857143
3 0.1719047619047619 0.1492857142857143 0.01619047619047619 0.011428571428571429
3 0.17666666666666667 0.14464285714285716 0.01619047619047619 0.010714285714285714
3 0.18095238095238095 0.13964285714285715 0.015238095238095238 0.009285714285714286
3 0.18571428571428572 0.135 0.015238095238095238 0.01
3 0.19047619047619044 0.13 0.015238095238095238 0.01
3 0.19952380952380952 0.125 0.014285714285714285 0.01
3 0.20238095238095236 0.12071428571428572 0.014285714285714285 0.01
3 0.2042857142857143 0.11821428571428572 0.014285714285714285 0.009285714285714286
3 0.20809523809523808 0.11535714285714285 0.014285714285714285 0.009285714285714286
3 0.21 0.11214285714285714 0.01238095238095238 0.007142857142857143
7 0.2342857142857143 0.14035714285714285 0.005714285714285714 0.009285714285714286
7 0.22809523809523807 0.135 0.006666666666666666 0.01
7 0.2571428571428571 0.13642857142857143 0.007619047619047619 0.01
7 0.24190476190476187 0.1367857142857143 0.007619047619047619 0.009285714285714286
7 0.24428571428571427 0.13107142857142856 0.006666666666666666 0.009285714285714286
7 0.2533333333333333 0.13357142857142856 0.007619047619047619 0.007142857142857143
7 0.2542857142857143 0.13 0.007619047619047619 0.008571428571428572
7 0.23666666666666666 0.135 0.006666666666666666 0.008571428571428572
7 0.26904761904761904 0.13357142857142856 0.008571428571428572 0.011428571428571429
7 0.26190476190476186 0.12857142857142856 0.005714285714285714 0.011428571428571429
7 0.2652380952380952 0.1275 0.006666666666666666 0.009285714285714286
4 0.37 0.19321428571428573 0.025714285714285714 0.016428571428571428
3 0.409047619047619 0.11535714285714285 0.02952380952380952 0.012142857142857143
3 0.3985714285714286 0.10928571428571429 0.027619047619047616 0.01
3 0.39523809523809517 0.1025 0.02857142857142857 0.009285714285714286
3 0.38619047619047614 0.10107142857142858 0.03142857142857143 0.009285714285714286
4 0.3776190476190476 0.09035714285714286 0.01238095238095238 0.007857142857142858
3 0.11619047619047618 0.20214285714285715 0.030476190476190476 0.017142857142857144
3 0.10285714285714286 0.2125 0.03238095238095238 0.020714285714285713
3 0.09 0.22857142857142856 0.039047619047619046 0.022857142857142857
3 0.0175 0.23809523809523808 0.035 0.024761904761904763
3 0.06238095238095238 0.19857142857142857 0.035238095238095235 0.02142857142857143
3 0.07904761904761905 0.18785714285714286 0.030476190476190476 0.017142857142857144
1 0.9438095238095238 0.41678571428571426 0.02476190476190476 0.03214285714285714
1 0.9247619047619047 0.4114285714285714 0.02476190476190476 0.02857142857142857
5 0.9042857142857142 0.40964285714285714 0.027619047619047616 0.02642857142857143
7 0.78 0.3485714285714286 0.015238095238095238 0.02857142857142857