3 0.5066666666666666 0.4682142857142857 0.07047619047619047 0.04642857142857143
3 0.6028571428571429 0.4857142857142857 0.045714285714285714 0.05285714285714286
3 0.6952380952380952 0.4975 0.05142857142857143 0.07214285714285715
3 0.7438095238095238 0.5042857142857143 0.05142857142857143 0.06428571428571428
3 0.8504761904761904 0.5175 0.04952380952380952 0.06928571428571428
3 0.9023809523809523 0.5228571428571429 0.052380952380952375 0.07428571428571429
3 0.8633333333333332 0.43464285714285716 0.08857142857142856 0.030714285714285715
3 0.9932142857142857 0.3980952380952381 0.013571428571428571 0.025714285714285714
11 0.7885714285714286 0.3342857142857143 0.07809523809523809 0.02857142857142857
3 0.09238095238095237 0.20464285714285715 0.03428571428571429 0.015
3 0.11809523809523809 0.19642857142857142 0.03238095238095238 0.018571428571428572
3 0.20476190476190473 0.17 0.030476190476190476 0.015714285714285715
3 0.22190476190476188 0.1657142857142857 0.03809523809523809 0.012857142857142857
3 0.3342857142857143 0.16 0.03428571428571429 0.017142857142857144
3 0.29619047619047617 0.1692857142857143 0.03428571428571429 0.017142857142857144
3 0.24142857142857144 0.15928571428571428 0.039047619047619046 0.011428571428571429
3 0.8871428571428571 0.11928571428571429 0.03142857142857143 0.008571428571428572
3 0.8747619047619046 0.12464285714285714 0.03333333333333333 0.012142857142857143
3 0.28047619047619043 0.18964285714285714 0.04285714285714286 0.016428571428571428
3 0.18 0.1775 0.0419047619047619 0.013571428571428571
3 0.15333333333333332 0.18392857142857144 0.03809523809523809 0.015
3 0.27619047619047615 0.1492857142857143 0.02857142857142857 0.012857142857142857
3 0.35428571428571426 0.1275 0.03238095238095238 0.010714285714285714
10 0.30952380952380953 0.1325 0.05333333333333333 0.02214285714285714
11 0.3695238095238095 0.12 0.03238095238095238 0.012857142857142857
3 0.48 0.09214285714285714 0.02857142857142857 0.008571428571428572
10 0.4357142857142857 0.12357142857142857 0.08285714285714285 0.032857142857142856
11 0.8338095238095238 0.056428571428571425 0.025714285714285714 0.022857142857142857
3 0.8604761904761904 0.0525 0.010476190476190476 0.007857142857142858
6 0.9233333333333332 0.040357142857142855 0.027619047619047616 0.020714285714285713
3 0.9828571428571429 0.0032142857142857142 0.0038095238095238095 0.0035714285714285713
7 0.9114285714285715 0.12964285714285714 0.0038095238095238095 0.009285714285714286
7 0.9166666666666666 0.12285714285714286 0.0047619047619047615 0.007142857142857143