3 0.8134517766497462 0.36857142857142855 0.027918781725888325 0.012857142857142857
3 0.8832487309644669 0.3407142857142857 0.017766497461928935 0.01
3 0.9524111675126903 0.3335714285714286 0.019035532994923856 0.012857142857142857
3 0.9327411167512691 0.29214285714285715 0.01269035532994924 0.011428571428571429
3 0.9073604060913705 0.2664285714285714 0.01015228426395939 0.008571428571428572
3 0.8737309644670052 0.29392857142857143 0.013959390862944163 0.007857142857142858
3 0.8889593908629442 0.3189285714285714 0.01649746192893401 0.010714285714285714
3 0.9238578680203046 0.3146428571428571 0.015228426395939087 0.013571428571428571
3 0.9321065989847717 0.37749999999999995 0.01649746192893401 0.016428571428571428
3 0.958756345177665 0.2957142857142857 0.013959390862944163 0.011428571428571429
3 0.916243654822335 0.2475 0.01269035532994924 0.007857142857142858
3 0.8845177664974619 0.27321428571428574 0.015228426395939087 0.007857142857142858
3 0.8597715736040609 0.2764285714285714 0.011421319796954314 0.008571428571428572
3 0.8991116751269036 0.23464285714285713 0.011421319796954314 0.007857142857142858
3 0.9232233502538072 0.21892857142857142 0.008883248730964468 0.009285714285714286
3 0.9282994923857867 0.19035714285714284 0.00634517766497462 0.005
3 0.690989847715736 0.32499999999999996 0.03934010152284264 0.008571428571428572
3 0.9156091370558376 0.1882142857142857 0.008883248730964468 0.005
3 0.9308375634517766 0.1821428571428571 0.008883248730964468 0.005714285714285714
3 0.9206852791878173 0.17892857142857144 0.00634517766497462 0.005
3 0.9670050761421319 0.1825 0.007614213197969543 0.0064285714285714285
3 0.9682741116751268 0.1717857142857143 0.01015228426395939 0.005
3 0.9314720812182741 0.17392857142857143 0.007614213197969543 0.005
3 0.9314720812182741 0.14785714285714285 0.005076142131979695 0.002857142857142857
3 0.9428934010152283 0.15321428571428572 0.005076142131979695 0.0035714285714285713
3 0.9689086294416244 0.1514285714285714 0.00634517766497462 0.004285714285714286
3 0.9651015228426396 0.1457142857142857 0.00634517766497462 0.002857142857142857
3 0.9657360406091371 0.13999999999999999 0.007614213197969543 0.004285714285714286
3 0.9454314720812182 0.12892857142857142 0.005076142131979695 0.002142857142857143
3 0.9473350253807106 0.125 0.0038071065989847717 0.004285714285714286
3 0.9486040609137056 0.12071428571428572 0.0038071065989847717 0.004285714285714286
3 0.950507614213198 0.11571428571428571 0.005076142131979695 0.002857142857142857
3 0.9581218274111676 0.11642857142857142 0.005076142131979695 0.004285714285714286
3 0.9530456852791879 0.10964285714285714 0.005076142131979695 0.0035714285714285713
3 0.9492385786802031 0.14107142857142857 0.005076142131979695 0.0035714285714285713
3 0.9498730964467005 0.1367857142857143 0.00634517766497462 0.0035714285714285713
3 0.9758883248730964 0.13107142857142856 0.005076142131979695 0.0035714285714285713
4 0.9746192893401016 0.08357142857142856 0.017766497461928935 0.014285714285714285
3 0.9670050761421319 0.12642857142857142 0.005076142131979695 0.004285714285714286
3 0.9530456852791879 0.1332142857142857 0.005076142131979695 0.005
2 0.9378172588832486 0.11749999999999998 0.01015228426395939 0.009285714285714286
2 0.9359137055837563 0.1275 0.011421319796954314 0.009285714285714286
11 0.9416243654822335 0.1382142857142857 0.005076142131979695 0.0035714285714285713
11 0.9454314720812182 0.1475 0.007614213197969543 0.005
11 0.9371827411167514 0.14392857142857143 0.00634517766497462 0.0064285714285714285
11 0.9333756345177665 0.15285714285714286 0.008883248730964468 0.004285714285714286
3 0.9213197969543147 0.15285714285714286 0.005076142131979695 0.004285714285714286
11 0.9676395939086295 0.13214285714285712 0.00634517766497462 0.004285714285714286
10 0.9562182741116751 0.12357142857142855 0.008883248730964468 0.005714285714285714
4 0.9682741116751268 0.1075 0.030456852791878174 0.013571428571428571
4 0.9733502538071066 0.09178571428571429 0.043147208121827416 0.013571428571428571
3 0.9765228426395939 0.15642857142857142 0.00634517766497462 0.004285714285714286
3 0.9517766497461928 0.17 0.007614213197969543 0.004285714285714286
3 0.9676395939086295 0.19 0.008883248730964468 0.007142857142857143
3 0.924492385786802 0.2075 0.008883248730964468 0.0064285714285714285
3 0.9765228426395939 0.1682142857142857 0.008883248730964468 0.005
3 0.9270304568527918 0.19928571428571426 0.008883248730964468 0.004285714285714286
3 0.9486040609137056 0.22214285714285714 0.011421319796954314 0.011428571428571429
3 0.9822335025380712 0.2760714285714286 0.015228426395939087 0.010714285714285714
3 0.9828680203045684 0.25285714285714284 0.011421319796954314 0.008571428571428572
3 0.9828680203045684 0.32535714285714284 0.013959390862944163 0.012142857142857141
3 0.9841370558375635 0.3660714285714286 0.01649746192893401 0.016428571428571428
3 0.9854060913705583 0.40499999999999997 0.021573604060913708 0.018571428571428572
11 0.983502538071066 0.49178571428571427 0.02538071065989848 0.029285714285714286
11 0.9422588832487309 0.45357142857142857 0.026649746192893398 0.02857142857142857
11 0.9282994923857867 0.5546428571428571 0.02918781725888325 0.013571428571428571
11 0.9003807106598984 0.2914285714285714 0.013959390862944163 0.01
3 0.9828680203045684 0.3021428571428571 0.013959390862944163 0.011428571428571429
11 0.9625634517766498 0.26571428571428574 0.013959390862944163 0.014285714285714285
11 0.9625634517766498 0.24607142857142858 0.013959390862944163 0.010714285714285714
11 0.9194162436548223 0.2342857142857143 0.011421319796954314 0.008571428571428572
3 0.9213197969543147 0.17250000000000001 0.007614213197969543 0.005
3 0.9841370558375635 0.19821428571428573 0.008883248730964468 0.007857142857142858
10 0.9701776649746193 0.19714285714285715 0.013959390862944163 0.012857142857142857
10 0.9048223350253807 0.21357142857142855 0.017766497461928935 0.012857142857142857
10 0.8439086294416244 0.3007142857142857 0.02284263959390863 0.017142857142857144
2 0.9105329949238579 0.20071428571428573 0.01649746192893401 0.014285714285714285
3 0.9486040609137056 0.17357142857142854 0.008883248730964468 0.005714285714285714