3 0.9914285714285714 0.3580952380952381 0.017142857142857144 0.05047619047619047
11 0.9038095238095237 0.5567857142857143 0.06666666666666667 0.060714285714285714
3 0.6433333333333333 0.7260714285714286 0.04476190476190476 0.04642857142857143
5 0.7466666666666666 0.46535714285714286 0.02095238095238095 0.017857142857142856
8 0.7461904761904761 0.4635714285714286 0.01238095238095238 0.01
10 0.7423809523809524 0.32285714285714284 0.050476190476190466 0.07285714285714286
3 0.5861904761904762 0.3182142857142857 0.056190476190476187 0.03642857142857143
3 0.5642857142857143 0.29892857142857143 0.04666666666666666 0.03214285714285714
3 0.6947619047619047 0.21607142857142858 0.02952380952380952 0.045
3 0.5538095238095238 0.2710714285714286 0.04476190476190476 0.04642857142857143
3 0.5347619047619048 0.22 0.04666666666666666 0.05142857142857143
3 0.6776190476190476 0.10428571428571429 0.039047619047619046 0.04
3 0.6319047619047619 0.03535714285714286 0.04095238095238095 0.035
8 0.31476190476190474 0.6442857142857142 0.014285714285714285 0.007142857142857143
8 0.3171428571428571 0.6532142857142857 0.011428571428571429 0.007857142857142858
8 0.3666666666666666 0.6642857142857143 0.019047619047619046 0.008571428571428572
8 0.3585714285714286 0.6528571428571428 0.01238095238095238 0.007142857142857143
8 0.3766666666666666 0.645 0.01238095238095238 0.007142857142857143
3 0.3966666666666666 0.5196428571428572 0.0619047619047619 0.047857142857142855
11 0.3485714285714286 0.1442857142857143 0.05142857142857143 0.04857142857142857
4 0.3585714285714286 0.06928571428571428 0.12285714285714286 0.09142857142857143
4 0.5085714285714286 0.061785714285714284 0.11238095238095237 0.11214285714285714