2 0.20714285714285716 0.03428571428571429 0.09071428571428572 0.06857142857142857
7 0.26857142857142857 0.09571428571428571 0.013333333333333332 0.011428571428571429
7 0.2623809523809524 0.10464285714285715 0.014285714285714285 0.012142857142857143
7 0.21333333333333332 0.14 0.015238095238095238 0.011428571428571429
7 0.29047619047619044 0.19 0.017142857142857144 0.011428571428571429
3 0.037619047619047614 0.22642857142857142 0.050476190476190466 0.047142857142857146
2 0.08571428571428572 0.34785714285714286 0.10857142857142857 0.12571428571428572
7 0.42476190476190473 0.3264285714285714 0.011428571428571429 0.007142857142857143
10 0.4614285714285714 0.6710714285714285 0.09619047619047619 0.055
10 0.4433333333333333 0.7017857142857142 0.09809523809523808 0.056428571428571425
0 0.489047619047619 0.6382142857142857 0.04666666666666666 0.025
10 0.48428571428571426 0.6075 0.08666666666666667 0.04214285714285714
3 0.6157142857142858 0.7353571428571428 0.07142857142857142 0.027857142857142858
5 0.6533333333333333 0.7085714285714285 0.015238095238095238 0.02142857142857143
7 0.5633333333333334 0.6960714285714286 0.010476190476190476 0.010714285714285714
7 0.518095238095238 0.6814285714285714 0.007619047619047619 0.011428571428571429
7 0.5738095238095238 0.6035714285714285 0.008571428571428572 0.01
8 0.5371428571428571 0.6053571428571428 0.009523809523809523 0.007857142857142858
7 0.5585714285714286 0.5853571428571429 0.014285714285714285 0.0064285714285714285
0 0.5466666666666666 0.5607142857142857 0.043809523809523805 0.015714285714285715
7 0.5542857142857143 0.5678571428571428 0.009523809523809523 0.012857142857142857
7 0.5766666666666667 0.5560714285714285 0.010476190476190476 0.010714285714285714
7 0.5842857142857143 0.55 0.008571428571428572 0.01
7 0.4928571428571429 0.5278571428571428 0.010476190476190476 0.005714285714285714
7 0.5252380952380952 0.4907142857142857 0.0047619047619047615 0.004285714285714286
7 0.530952380952381 0.4785714285714286 0.008571428571428572 0.007142857142857143
7 0.6190476190476191 0.47 0.009523809523809523 0.007142857142857143
7 0.6938095238095238 0.4367857142857143 0.010476190476190476 0.007857142857142858
11 0.6580952380952381 0.43107142857142855 0.04761904761904761 0.060714285714285714
11 0.828095238095238 0.27035714285714285 0.03333333333333333 0.047857142857142855
11 0.8695238095238095 0.2567857142857143 0.045714285714285714 0.060714285714285714
3 0.93 0.2425 0.07523809523809523 0.027857142857142858
5 0.7552380952380952 0.29892857142857143 0.022857142857142857 0.016428571428571428
0 0.5138095238095237 0.4882142857142857 0.03142857142857143 0.023571428571428573