1 0.057 0.594 0.05533333333333333 0.047
3 0.21366666666666664 0.5845 0.20866666666666667 0.073
5 0.18133333333333332 0.522 0.028 0.045
7 0.114 0.51875 0.033333333333333326 0.0465
5 0.1723333333333333 0.491 0.06733333333333333 0.028
1 0.29566666666666663 0.426 0.05266666666666667 0.029
1 0.37 0.4015 0.049333333333333326 0.03
3 0.4593333333333333 0.383 0.11466666666666665 0.062
3 0.7246666666666667 0.06925 0.056 0.0175
3 0.668 0.10625 0.05333333333333333 0.0245
3 0.764 0.06325 0.036 0.0175
3 0.8006666666666666 0.06825 0.056 0.0195
3 0.7626666666666666 0.04 0.05333333333333333 0.018
5 0.6436666666666666 0.2005 0.016666666666666663 0.021
5 0.653 0.18375 0.012666666666666666 0.0145
5 0.6403333333333333 0.182 0.016666666666666663 0.019
5 0.632 0.17725 0.014666666666666666 0.0175
5 0.6463333333333332 0.1655 0.011333333333333332 0.015
5 0.633 0.164 0.011333333333333332 0.016
3 0.8386666666666667 0.13675 0.08666666666666666 0.0225
3 0.8566666666666666 0.1475 0.06133333333333333 0.022
3 0.85 0.1585 0.08 0.026
3 0.8483333333333333 0.1745 0.09 0.026
3 0.8466666666666667 0.18925 0.09466666666666666 0.0275
3 0.8396666666666667 0.20675 0.114 0.0315
3 0.852 0.245 0.108 0.032
3 0.8586666666666666 0.26825 0.10266666666666666 0.0365
3 0.8426666666666667 0.299 0.12533333333333332 0.033
3 0.855 0.3225 0.13666666666666666 0.038
3 0.8633333333333333 0.351 0.1373333333333333 0.048
3 0.858 0.394 0.16 0.052
3 0.857 0.439 0.166 0.062
3 0.844 0.49475 0.18533333333333332 0.0765
3 0.851 0.559 0.20466666666666666 0.072
3 0.8696666666666666 0.62125 0.19266666666666665 0.0795
3 0.8583333333333333 0.70725 0.246 0.0835