3 0.6763959390862944 0.44142857142857145 0.05076142131979696 0.0642857142857143
3 0.7722081218274113 0.3360714285714285 0.052030456852791875 0.06357142857142857
3 0.8001269035532995 0.21285714285714283 0.044416243654822336 0.05142857142857143
3 0.8673857868020304 0.20357142857142857 0.04187817258883249 0.048571428571428564
3 0.8794416243654822 0.09571428571428571 0.03807106598984771 0.045714285714285714
3 0.8248730964467005 0.08428571428571427 0.043147208121827416 0.04285714285714286
3 0.7595177664974619 0.06107142857142857 0.044416243654822336 0.042142857142857135
3 0.6789340101522843 0.10071428571428571 0.04568527918781726 0.04428571428571428
11 0.6947969543147209 0.3092857142857143 0.04695431472081218 0.05285714285714285
10 0.7176395939086294 0.22499999999999998 0.04187817258883249 0.05142857142857143
10 0.8686548223350254 0.4617857142857143 0.09771573604060915 0.19928571428571426
10 0.7582487309644669 0.4857142857142857 0.09517766497461928 0.1514285714285714