3 0.5926666666666667 0.578 0.07733333333333332 0.029
8 0.6833333333333332 0.5795 0.017333333333333333 0.019
9 0.6916666666666667 0.58875 0.046 0.0415
8 0.5976666666666667 0.50025 0.01 0.0145
5 0.5976666666666667 0.503 0.01 0.017
7 0.6693333333333332 0.48725 0.009333333333333332 0.0185
0 0.6793333333333332 0.48925 0.018666666666666665 0.0205
3 0.582 0.3125 0.033333333333333326 0.024
3 0.607 0.3125 0.03 0.022
3 0.6526666666666666 0.30575 0.03733333333333333 0.0215
3 0.6733333333333332 0.30175 0.030666666666666665 0.0195
3 0.695 0.2905 0.042 0.017
11 0.6843333333333332 0.27975 0.03933333333333333 0.0175
3 0.666 0.26975 0.04 0.0145
11 0.6583333333333332 0.2615 0.03933333333333333 0.015
3 0.861 0.327 0.04066666666666666 0.025
3 0.847 0.38275 0.038 0.0305
3 0.8033333333333332 0.3595 0.030666666666666665 0.025
3 0.7836666666666666 0.34875 0.03266666666666666 0.0255
3 0.6703333333333332 0.35875 0.03933333333333333 0.0265
3 0.6953333333333332 0.356 0.033333333333333326 0.023
3 0.715 0.3505 0.03533333333333333 0.025
7 0.9166666666666666 0.6205 0.012 0.017
1 0.4516666666666666 0.55175 0.02733333333333333 0.0165
7 0.461 0.532 0.011333333333333332 0.017
8 0.5643333333333332 0.41 0.008666666666666666 0.01
5 0.565 0.41325 0.012666666666666666 0.0125
7 0.22033333333333333 0.22575 0.008666666666666666 0.0115
7 0.3173333333333333 0.2675 0.006666666666666666 0.011
8 0.3233333333333333 0.246 0.006666666666666666 0.009
1 0.324 0.24875 0.006666666666666666 0.0095
7 0.327 0.287 0.007333333333333333 0.012
7 0.3323333333333333 0.28675 0.007333333333333333 0.0125
7 0.327 0.29075 0.006 0.0125
8 0.3346666666666666 0.233 0.006666666666666666 0.009
5 0.3343333333333333 0.235 0.007333333333333333 0.009
7 0.4006666666666666 0.20625 0.005333333333333333 0.0095
5 0.30066666666666664 0.219 0.008 0.008
8 0.30033333333333334 0.217 0.006 0.009