3 0.026071428571428572 0.07428571428571429 0.052142857142857144 0.02761904761904762
3 0.12476190476190475 0.065 0.07428571428571429 0.03
10 0.2338095238095238 0.04178571428571429 0.11142857142857143 0.055
10 0.4942857142857143 0.05107142857142857 0.10095238095238093 0.065
10 0.4033333333333333 0.06535714285714286 0.07523809523809523 0.035
0 0.31857142857142856 0.05035714285714286 0.025714285714285714 0.020714285714285713
7 0.24714285714285714 0.10428571428571429 0.025714285714285714 0.018571428571428572
6 0.25857142857142856 0.10964285714285714 0.018095238095238095 0.009285714285714286
1 0.1895238095238095 0.115 0.03238095238095238 0.015714285714285715
7 0.35619047619047617 0.10357142857142858 0.015238095238095238 0.018571428571428572
7 0.46904761904761905 0.020714285714285713 0.006666666666666666 0.015714285714285715
7 0.48666666666666664 0.02107142857142857 0.007619047619047619 0.019285714285714285
1 0.3547619047619047 0.12 0.01238095238095238 0.02142857142857143
7 0.48047619047619045 0.06678571428571428 0.014285714285714285 0.019285714285714285
8 0.48666666666666664 0.13285714285714287 0.013333333333333332 0.011428571428571429
7 0.47714285714285715 0.24 0.009523809523809523 0.017142857142857144
7 0.4719047619047619 0.26285714285714284 0.01619047619047619 0.018571428571428572
7 0.5885714285714285 0.1757142857142857 0.013333333333333332 0.02
8 0.6376190476190476 0.29428571428571426 0.014285714285714285 0.012857142857142857
5 0.6385714285714286 0.29714285714285715 0.014285714285714285 0.024285714285714285
11 0.5161904761904762 0.4707142857142857 0.04952380952380952 0.07285714285714286
10 0.43 0.57 0.1495238095238095 0.05
10 0.4376190476190476 0.6153571428571428 0.16857142857142857 0.05357142857142857
1 0.38571428571428573 0.6496428571428572 0.03809523809523809 0.013571428571428571
1 0.44809523809523805 0.6714285714285714 0.037142857142857144 0.018571428571428572
3 0.5271428571428571 0.6753571428571429 0.07904761904761905 0.056428571428571425
7 0.5371428571428571 0.74 0.02095238095238095 0.011428571428571429
7 0.5557142857142857 0.7267857142857143 0.01238095238095238 0.016428571428571428
7 0.5380952380952381 0.71 0.015238095238095238 0.017142857142857144
7 0.5157142857142857 0.7085714285714285 0.018095238095238095 0.012857142857142857
7 0.5828571428571429 0.6657142857142857 0.013333333333333332 0.018571428571428572
7 0.6166666666666666 0.6582142857142858 0.018095238095238095 0.017857142857142856
0 0.6114285714285714 0.6775 0.030476190476190476 0.04642857142857143
3 0.8438095238095238 0.7328571428571429 0.05714285714285714 0.03142857142857143
11 0.92 0.6692857142857143 0.07047619047619047 0.09714285714285714
3 0.728095238095238 0.5596428571428571 0.054285714285714284 0.09071428571428572
3 0.83 0.5192857142857142 0.05809523809523809 0.08
7 0.8042857142857143 0.5267857142857143 0.014285714285714285 0.012142857142857143
3 0.8471428571428572 0.43607142857142855 0.056190476190476187 0.07928571428571428
7 0.9585714285714285 0.4546428571428571 0.01619047619047619 0.013571428571428571
3 0.6942857142857143 0.36464285714285716 0.043809523809523805 0.06785714285714285
3 0.8123809523809523 0.31857142857142856 0.05714285714285714 0.07428571428571429
3 0.7409523809523809 0.24321428571428572 0.043809523809523805 0.060714285714285714
7 0.8333333333333333 0.1982142857142857 0.011428571428571429 0.016428571428571428
7 0.846190476190476 0.195 0.008571428571428572 0.02
10 0.77 0.17892857142857144 0.04476190476190476 0.06642857142857143
11 0.7357142857142858 0.12428571428571429 0.050476190476190466 0.045714285714285714
3 0.6904761904761905 0.09571428571428571 0.03809523809523809 0.037142857142857144
3 0.76 0.025357142857142856 0.06857142857142857 0.04071428571428572
3 0.8628571428571429 0.006666666666666667 0.06857142857142857 0.013333333333333334
8 0.8547619047619046 0.11928571428571429 0.01238095238095238 0.014285714285714285
7 0.8709523809523809 0.048214285714285716 0.010476190476190476 0.019285714285714285
0 0.8714285714285714 0.03321428571428572 0.026666666666666665 0.02214285714285714
8 0.9347619047619047 0.025714285714285714 0.01238095238095238 0.011428571428571429
10 0.9814285714285714 0.03 0.037142857142857144 0.06