7 0.3942857142857143 0.5892857142857143 0.011428571428571429 0.027142857142857142
7 0.4309523809523809 0.5875 0.010476190476190476 0.020714285714285713
7 0.44476190476190475 0.5817857142857142 0.015238095238095238 0.027857142857142858
7 0.28238095238095234 0.5135714285714286 0.008571428571428572 0.018571428571428572
7 0.3195238095238095 0.4682142857142857 0.006666666666666666 0.012142857142857143
7 0.3719047619047619 0.45107142857142857 0.0047619047619047615 0.010714285714285714
7 0.4014285714285714 0.44785714285714284 0.0047619047619047615 0.011428571428571429
7 0.4933333333333333 0.43107142857142855 0.005714285714285714 0.009285714285714286
7 0.6842857142857143 0.42 0.002857142857142857 0.005714285714285714
7 0.7314285714285714 0.44 0.0038095238095238095 0.007142857142857143
8 0.7128571428571429 0.4225 0.002857142857142857 0.0035714285714285713
7 0.5523809523809523 0.42392857142857143 0.0019047619047619048 0.0064285714285714285
3 0.6071428571428571 0.4107142857142857 0.014285714285714285 0.004285714285714286
3 0.6133333333333333 0.43535714285714283 0.022857142857142857 0.0064285714285714285
3 0.5971428571428572 0.44285714285714284 0.022857142857142857 0.007142857142857143
3 0.5428571428571428 0.4417857142857143 0.02095238095238095 0.0064285714285714285
3 0.5061904761904762 0.44142857142857145 0.027619047619047616 0.007142857142857143
3 0.5642857142857143 0.4282142857142857 0.010476190476190476 0.0064285714285714285
3 0.5557142857142857 0.42392857142857143 0.018095238095238095 0.005
3 0.5576190476190476 0.42214285714285715 0.01619047619047619 0.004285714285714286
3 0.559047619047619 0.42142857142857143 0.017142857142857144 0.005714285714285714
11 0.5638095238095238 0.42 0.02476190476190476 0.008571428571428572
3 0.5928571428571429 0.43392857142857144 0.018095238095238095 0.005
3 0.5938095238095238 0.43214285714285716 0.018095238095238095 0.005714285714285714
3 0.6014285714285714 0.4303571428571429 0.018095238095238095 0.0064285714285714285
3 0.6033333333333333 0.4275 0.018095238095238095 0.0064285714285714285
3 0.6052380952380951 0.425 0.018095238095238095 0.005714285714285714
3 0.6109523809523809 0.42392857142857143 0.018095238095238095 0.0064285714285714285
3 0.6128571428571429 0.41964285714285715 0.018095238095238095 0.0064285714285714285
3 0.6114285714285714 0.4207142857142857 0.019047619047619046 0.005714285714285714
3 0.6119047619047618 0.41892857142857143 0.018095238095238095 0.0064285714285714285
3 0.6152380952380951 0.4175 0.019047619047619046 0.0064285714285714285
3 0.6176190476190476 0.4164285714285714 0.018095238095238095 0.005714285714285714
3 0.6166666666666666 0.4142857142857143 0.018095238095238095 0.005714285714285714
3 0.6209523809523809 0.4135714285714286 0.019047619047619046 0.005714285714285714
3 0.6247619047619047 0.43357142857142855 0.019047619047619046 0.005714285714285714
3 0.6247619047619047 0.43214285714285716 0.019047619047619046 0.005714285714285714
3 0.6276190476190476 0.43142857142857144 0.019047619047619046 0.005714285714285714
3 0.6266666666666666 0.42964285714285716 0.019047619047619046 0.0064285714285714285
3 0.6276190476190476 0.42607142857142855 0.019047619047619046 0.0064285714285714285
3 0.6347619047619047 0.42428571428571427 0.018095238095238095 0.005714285714285714
3 0.63 0.42428571428571427 0.018095238095238095 0.005714285714285714
3 0.6347619047619047 0.4207142857142857 0.018095238095238095 0.005714285714285714
3 0.6385714285714286 0.4160714285714286 0.018095238095238095 0.0064285714285714285
3 0.6376190476190476 0.41714285714285715 0.018095238095238095 0.005714285714285714
3 0.6423809523809523 0.41214285714285714 0.006666666666666666 0.004285714285714286
4 0.6295238095238095 0.3939285714285714 0.045714285714285714 0.025
3 0.659047619047619 0.4107142857142857 0.005714285714285714 0.004285714285714286
3 0.6566666666666666 0.4082142857142857 0.006666666666666666 0.0035714285714285713
3 0.6785714285714286 0.4139285714285714 0.006666666666666666 0.0035714285714285713
3 0.6895238095238094 0.4089285714285714 0.005714285714285714 0.0035714285714285713
3 0.6771428571428572 0.3992857142857143 0.0038095238095238095 0.002857142857142857
3 0.6676190476190476 0.39964285714285713 0.0038095238095238095 0.002142857142857143
3 0.6861904761904761 0.3985714285714286 0.002857142857142857 0.002857142857142857
4 0.67 0.39071428571428574 0.027619047619047616 0.012857142857142857
2 0.698095238095238 0.39357142857142857 0.0038095238095238095 0.002857142857142857
3 0.7095238095238094 0.40535714285714286 0.007619047619047619 0.002142857142857143
3 0.708095238095238 0.40785714285714286 0.014285714285714285 0.004285714285714286
3 0.7157142857142857 0.41535714285714287 0.014285714285714285 0.0035714285714285713
3 0.728095238095238 0.42 0.018095238095238095 0.004285714285714286
3 0.7252380952380952 0.4142857142857143 0.01238095238095238 0.004285714285714286
0 0.7133333333333333 0.42464285714285716 0.005714285714285714 0.005
11 0.73 0.4257142857142857 0.018095238095238095 0.005714285714285714
3 0.7252380952380952 0.44107142857142856 0.010476190476190476 0.0064285714285714285
3 0.6619047619047619 0.42642857142857143 0.007619047619047619 0.005714285714285714
3 0.6947619047619047 0.4307142857142857 0.008571428571428572 0.005714285714285714
11 0.7052380952380952 0.435 0.008571428571428572 0.007142857142857143
3 0.679047619047619 0.4303571428571429 0.009523809523809523 0.0064285714285714285
3 0.6633333333333333 0.43535714285714283 0.008571428571428572 0.0064285714285714285
3 0.6761904761904761 0.43535714285714283 0.011428571428571429 0.0064285714285714285
3 0.6785714285714286 0.43857142857142856 0.010476190476190476 0.005714285714285714
3 0.6595238095238095 0.44 0.010476190476190476 0.007142857142857143
3 0.6633333333333333 0.4432142857142857 0.010476190476190476 0.007857142857142858
3 0.6580952380952381 0.44785714285714284 0.011428571428571429 0.007142857142857143
3 0.6623809523809523 0.45321428571428574 0.01238095238095238 0.009285714285714286
3 0.6576190476190475 0.4575 0.01238095238095238 0.009285714285714286
3 0.6623809523809523 0.46285714285714286 0.01238095238095238 0.008571428571428572
3 0.6614285714285715 0.46785714285714286 0.01619047619047619 0.011428571428571429
3 0.66 0.4760714285714286 0.017142857142857144 0.010714285714285714
3 0.6819047619047619 0.44535714285714284 0.015238095238095238 0.010714285714285714
10 0.6795238095238094 0.4467857142857143 0.014285714285714285 0.013571428571428571
3 0.6771428571428572 0.45607142857142857 0.011428571428571429 0.007857142857142858
3 0.6828571428571428 0.4589285714285714 0.013333333333333332 0.009285714285714286
3 0.6847619047619047 0.4642857142857143 0.015238095238095238 0.007142857142857143
3 0.6861904761904761 0.46964285714285714 0.018095238095238095 0.012142857142857143
3 0.6876190476190476 0.47964285714285715 0.017142857142857144 0.010714285714285714
3 0.6595238095238095 0.48642857142857143 0.02 0.017142857142857144
3 0.689047619047619 0.4907142857142857 0.018095238095238095 0.014285714285714285
3 0.6880952380952381 0.5007142857142857 0.018095238095238095 0.015714285714285715
3 0.6338095238095237 0.4957142857142857 0.018095238095238095 0.017142857142857144
3 0.6566666666666666 0.4953571428571429 0.02 0.019285714285714285
3 0.6233333333333333 0.5146428571428572 0.027619047619047616 0.019285714285714285
3 0.699047619047619 0.4407142857142857 0.009523809523809523 0.007142857142857143
3 0.7071428571428572 0.44857142857142857 0.01238095238095238 0.008571428571428572
3 0.729047619047619 0.4657142857142857 0.018095238095238095 0.01
3 0.7204761904761905 0.4757142857142857 0.018095238095238095 0.014285714285714285
3 0.7333333333333332 0.49964285714285717 0.02095238095238095 0.015
3 0.7333333333333332 0.5171428571428571 0.030476190476190476 0.018571428571428572
3 0.67 0.5396428571428571 0.052380952380952375 0.020714285714285713
3 0.5671428571428572 0.5332142857142858 0.0619047619047619 0.020714285714285713
11 0.5661904761904761 0.5582142857142857 0.06571428571428571 0.027857142857142858
3 0.5476190476190476 0.47285714285714286 0.03619047619047619 0.011428571428571429
3 0.5261904761904762 0.4767857142857143 0.039047619047619046 0.009285714285714286
3 0.5214285714285715 0.4685714285714286 0.01619047619047619 0.01
3 0.499047619047619 0.4685714285714286 0.022857142857142857 0.012857142857142857
3 0.47238095238095235 0.4685714285714286 0.02476190476190476 0.011428571428571429
3 0.44285714285714284 0.46785714285714286 0.02476190476190476 0.011428571428571429
3 0.508095238095238 0.48428571428571426 0.04476190476190476 0.011428571428571429
3 0.49761904761904757 0.48928571428571427 0.052380952380952375 0.012857142857142857
3 0.4619047619047619 0.48178571428571426 0.02476190476190476 0.012142857142857143
3 0.4361904761904762 0.4828571428571429 0.026666666666666665 0.011428571428571429
7 0.41952380952380947 0.48214285714285715 0.006666666666666666 0.015714285714285715
7 0.41047619047619044 0.48214285714285715 0.007619047619047619 0.014285714285714285
7 0.40238095238095234 0.48214285714285715 0.0047619047619047615 0.012857142857142857
3 0.41714285714285715 0.48 0.02476190476190476 0.011428571428571429
3 0.38904761904761903 0.48142857142857143 0.027619047619047616 0.014285714285714285
3 0.36047619047619045 0.47928571428571426 0.02952380952380952 0.014285714285714285
3 0.42047619047619045 0.46714285714285714 0.023809523809523805 0.011428571428571429
3 0.39619047619047615 0.4664285714285714 0.022857142857142857 0.01
3 0.37380952380952376 0.4657142857142857 0.023809523809523805 0.011428571428571429
3 0.34714285714285714 0.4667857142857143 0.027619047619047616 0.010714285714285714
10 0.4019047619047619 0.43607142857142855 0.03809523809523809 0.012142857142857143
3 0.36 0.4475 0.022857142857142857 0.010714285714285714
3 0.3304761904761904 0.4382142857142857 0.030476190476190476 0.007857142857142858
3 0.3385714285714286 0.44107142857142856 0.025714285714285714 0.0064285714285714285
3 0.32857142857142857 0.4421428571428571 0.02857142857142857 0.008571428571428572
3 0.32190476190476186 0.44535714285714284 0.02095238095238095 0.007857142857142858
3 0.30666666666666664 0.445 0.022857142857142857 0.007142857142857143
3 0.30047619047619045 0.4475 0.023809523809523805 0.009285714285714286
3 0.2876190476190476 0.45 0.022857142857142857 0.008571428571428572
3 0.27190476190476187 0.45285714285714285 0.025714285714285714 0.008571428571428572
3 0.25857142857142856 0.45357142857142857 0.023809523809523805 0.011428571428571429
3 0.27619047619047615 0.4707142857142857 0.03238095238095238 0.01
3 0.2557142857142857 0.47285714285714286 0.037142857142857144 0.011428571428571429
3 0.23666666666666666 0.4785714285714286 0.04095238095238095 0.011428571428571429
3 0.2233333333333333 0.4810714285714286 0.035238095238095235 0.013571428571428571
3 0.2395238095238095 0.5075 0.039047619047619046 0.015
3 0.20047619047619045 0.5060714285714286 0.04476190476190476 0.019285714285714285
3 0.07714285714285714 0.5032142857142857 0.04761904761904761 0.020714285714285713
3 0.05095238095238095 0.5021428571428571 0.05809523809523809 0.02142857142857143
3 0.02142857142857143 0.5028571428571429 0.04285714285714286 0.01619047619047619
3 0.23714285714285716 0.5914285714285714 0.09714285714285714 0.03142857142857143
3 0.2257142857142857 0.6107142857142858 0.08952380952380952 0.022857142857142857
3 0.6985714285714286 0.6996428571428571 0.09809523809523808 0.06928571428571428
3 0.838095238095238 0.6292857142857143 0.08952380952380952 0.03571428571428571
3 0.97 0.5947619047619047 0.06 0.030476190476190476
3 0.77 0.41892857142857143 0.01238095238095238 0.005