10 0.4152380952380952 0.025714285714285714 0.013333333333333332 0.01
11 0.4019047619047619 0.021785714285714287 0.009523809523809523 0.007857142857142858
3 0.3933333333333333 0.024642857142857143 0.007619047619047619 0.0064285714285714285
7 0.43809523809523804 0.048928571428571425 0.005714285714285714 0.009285714285714286
3 0.5038095238095237 0.08535714285714285 0.017142857142857144 0.012142857142857143
3 0.568095238095238 0.11535714285714285 0.023809523809523805 0.015
3 0.41285714285714287 0.06642857142857143 0.021904761904761903 0.008571428571428572
3 0.5376190476190476 0.0275 0.010476190476190476 0.005
7 0.5942857142857143 0.04642857142857143 0.0038095238095238095 0.007142857142857143
6 0.6542857142857142 0.07107142857142858 0.07047619047619047 0.03642857142857143
6 0.770952380952381 0.10357142857142858 0.08666666666666667 0.05285714285714286
10 0.8652380952380951 0.1475 0.04857142857142857 0.029285714285714286
4 0.9285714285714286 0.12178571428571429 0.09904761904761904 0.03214285714285714
10 0.9957142857142857 0.22476190476190477 0.008571428571428572 0.03238095238095238
10 0.6866666666666666 0.21714285714285714 0.07047619047619047 0.07
0 0.779047619047619 0.44035714285714284 0.03809523809523809 0.04071428571428572
8 0.7871428571428571 0.4375 0.018095238095238095 0.020714285714285713
1 0.7642857142857142 0.42 0.018095238095238095 0.017142857142857144
0 0.8919047619047618 0.6414285714285715 0.06571428571428571 0.08285714285714285
7 0.9047619047619047 0.6453571428571429 0.019047619047619046 0.029285714285714286
3 0.31047619047619046 0.22785714285714287 0.07428571428571429 0.02