11 0.3276190476190476 0.6882142857142857 0.08571428571428572 0.11928571428571429
11 0.1519047619047619 0.6210714285714286 0.12285714285714286 0.15357142857142858
11 0.6447619047619048 0.30428571428571427 0.06476190476190476 0.10428571428571429
3 0.4395238095238095 0.2985714285714286 0.07523809523809523 0.11285714285714285
3 0.25047619047619046 0.3410714285714286 0.08952380952380952 0.10357142857142858
3 0.18476190476190474 0.30107142857142855 0.09904761904761904 0.11214285714285714
3 0.08047619047619047 0.5482142857142858 0.12285714285714286 0.1392857142857143
3 0.9128571428571428 0.5503571428571429 0.08095238095238094 0.13785714285714284
3 0.9119047619047618 0.6992857142857143 0.08095238095238094 0.1
3 0.9832142857142857 0.5861904761904762 0.03357142857142857 0.13238095238095238
8 0.9185714285714286 0.08071428571428571 0.021904761904761903 0.022857142857142857
1 0.9166666666666666 0.09071428571428572 0.014285714285714285 0.03857142857142857