3 0.9637265135699373 0.39517625231910947 0.07254697286012526 0.030612244897959183
11 0.9963465553235908 0.1924860853432282 0.007306889352818371 0.025974025974025976
11 0.7773654916512059 0.2867954070981211 0.08163265306122448 0.026617954070981213
3 0.8566790352504637 0.2526096033402923 0.08627087198515769 0.024008350730688938
9 0.6655844155844156 0.2831419624217119 0.04359925788497217 0.012004175365344469
3 0.49721706864564 0.2100730688935282 0.057513914656771796 0.03914405010438414
3 0.4679962894248609 0.2646137787056368 0.09554730983302412 0.027139874739039668
3 0.37012987012987014 0.2601774530271399 0.08534322820037105 0.023486430062630483
3 0.36688311688311687 0.2004175365344468 0.0640074211502783 0.03757828810020877
3 0.5069573283858998 0.06236951983298539 0.0640074211502783 0.029749478079331943
10 0.7421150278293135 0.37995824634655534 0.14285714285714285 0.036534446764091864
3 0.3719851576994434 0.355427974947808 0.10575139146567718 0.028183716075156576
7 0.1906307977736549 0.34968684759916496 0.023191094619666047 0.012526096033402925
11 0.04775574112734864 0.23979591836734693 0.09551148225469729 0.0287569573283859