3 0.9511421319796954 0.5275 0.024111675126903553 0.029285714285714286
10 0.9885714285714285 0.524746192893401 0.022857142857142857 0.030456852791878174
3 0.9467005076142133 0.485 0.02538071065989848 0.027142857142857142
3 0.9346446700507615 0.43857142857142856 0.024111675126903553 0.027142857142857142
3 0.9663705583756345 0.4442857142857143 0.024111675126903553 0.027142857142857142
3 0.9536802030456853 0.3996428571428571 0.019035532994923856 0.023571428571428573
3 0.9200507614213198 0.39035714285714285 0.02284263959390863 0.023571428571428573
3 0.9092639593908629 0.3421428571428571 0.021573604060913708 0.022857142857142857
2 0.9359137055837563 0.3239285714285714 0.03680203045685279 0.05785714285714286
3 0.9010152284263959 0.3107142857142857 0.015228426395939087 0.017142857142857144
3 0.8927664974619288 0.285 0.019035532994923856 0.02
3 0.9219543147208121 0.2792857142857143 0.019035532994923856 0.02142857142857143
3 0.8870558375634517 0.26107142857142857 0.02030456852791878 0.02214285714285714
3 0.8788071065989848 0.23392857142857143 0.01649746192893401 0.016428571428571428
2 0.9092639593908629 0.22857142857142856 0.0317258883248731 0.049999999999999996
3 0.8743654822335025 0.20142857142857143 0.017766497461928935 0.02142857142857143
3 0.8699238578680203 0.1782142857142857 0.01649746192893401 0.016428571428571428
2 0.8959390862944162 0.1757142857142857 0.030456852791878174 0.047142857142857146
3 0.9352791878172588 0.1932142857142857 0.02030456852791878 0.016428571428571428
3 0.9124365482233502 0.13285714285714287 0.02030456852791878 0.018571428571428572
3 0.8832487309644669 0.15035714285714286 0.017766497461928935 0.013571428571428571
3 0.8591370558375635 0.14857142857142858 0.015228426395939087 0.015714285714285715
3 0.8807106598984772 0.12678571428571428 0.017766497461928935 0.016428571428571428
3 0.8527918781725887 0.12678571428571428 0.017766497461928935 0.017857142857142856
3 0.8178934010152283 0.13607142857142857 0.013959390862944163 0.016428571428571428
3 0.7931472081218275 0.12892857142857142 0.02030456852791878 0.024999999999999998
3 0.8489847715736041 0.1057142857142857 0.015228426395939087 0.012857142857142857
11 0.8718274111675126 0.09785714285714285 0.017766497461928935 0.017142857142857144
3 0.8451776649746193 0.08392857142857144 0.017766497461928935 0.016428571428571428
3 0.8667512690355329 0.08142857142857143 0.015228426395939087 0.014285714285714285
3 0.8921319796954316 0.07714285714285714 0.017766497461928935 0.014285714285714285
3 0.8413705583756345 0.06928571428571428 0.015228426395939087 0.012857142857142857
3 0.8642131979695432 0.065 0.015228426395939087 0.012857142857142857
3 0.833756345177665 0.040357142857142855 0.015228426395939087 0.015000000000000001
3 0.8280456852791879 0.018571428571428572 0.013959390862944163 0.012857142857142857
3 0.8508883248730964 0.018214285714285714 0.013959390862944163 0.015000000000000001
10 0.8559644670050761 0.03785714285714285 0.019035532994923856 0.025714285714285714
3 0.8502538071065989 0.29357142857142854 0.017766497461928935 0.02142857142857143
2 0.7861675126903553 0.2332142857142857 0.026649746192893398 0.045