7 0.1 0.03964285714285714 0.009523809523809523 0.0064285714285714285
7 0.10571428571428572 0.03571428571428571 0.009523809523809523 0.008571428571428572
7 0.11428571428571428 0.04607142857142857 0.007619047619047619 0.0064285714285714285
7 0.08904761904761904 0.07678571428571429 0.01238095238095238 0.007857142857142858
7 0.08523809523809524 0.07964285714285714 0.008571428571428572 0.007857142857142858
7 0.12047619047619047 0.1392857142857143 0.008571428571428572 0.007142857142857143
7 0.10476190476190475 0.16964285714285715 0.009523809523809523 0.0064285714285714285
7 0.09809523809523808 0.17 0.009523809523809523 0.007142857142857143
7 0.09 0.03464285714285714 0.008571428571428572 0.0064285714285714285
7 0.08714285714285715 0.029285714285714286 0.008571428571428572 0.005714285714285714
7 0.09523809523809522 0.027857142857142858 0.013333333333333332 0.007142857142857143
7 0.09809523809523808 0.016785714285714286 0.011428571428571429 0.007857142857142858
3 0.11392857142857143 0.005238095238095238 0.02 0.010476190476190476
7 0.4709523809523809 0.08178571428571428 0.006666666666666666 0.0064285714285714285
7 0.47619047619047616 0.07714285714285714 0.005714285714285714 0.007142857142857143
7 0.5928571428571429 0.08107142857142857 0.0047619047619047615 0.0064285714285714285
7 0.5961904761904762 0.0825 0.0038095238095238095 0.0064285714285714285
7 0.5995238095238095 0.08464285714285714 0.0047619047619047615 0.0064285714285714285
7 0.5185714285714286 0.31142857142857144 0.0047619047619047615 0.004285714285714286
7 0.5219047619047619 0.31285714285714283 0.0038095238095238095 0.005714285714285714
7 0.4961904761904762 0.36 0.0038095238095238095 0.004285714285714286
7 0.5042857142857143 0.3632142857142857 0.0047619047619047615 0.0035714285714285713
7 0.5009523809523809 0.35892857142857143 0.005714285714285714 0.005
4 0.5109523809523809 0.3367857142857143 0.023809523809523805 0.019285714285714285
7 0.5176190476190476 0.3225 0.0047619047619047615 0.005
7 0.5185714285714286 0.3171428571428571 0.0047619047619047615 0.004285714285714286
3 0.30714285714285716 0.3964285714285714 0.02952380952380952 0.018571428571428572
3 0.3019047619047619 0.49107142857142855 0.02476190476190476 0.02214285714285714
3 0.2795238095238095 0.4739285714285714 0.018095238095238095 0.023571428571428573
11 0.2842857142857143 0.45285714285714285 0.023809523809523805 0.02
3 0.2914285714285714 0.43892857142857145 0.030476190476190476 0.019285714285714285
3 0.29 0.42142857142857143 0.023809523809523805 0.014285714285714285
3 0.29714285714285715 0.41 0.02857142857142857 0.017142857142857144
3 0.3914285714285714 0.3871428571428571 0.02857142857142857 0.014285714285714285
3 0.3866666666666666 0.4010714285714286 0.03238095238095238 0.012142857142857143
3 0.37809523809523804 0.41928571428571426 0.030476190476190476 0.014285714285714285
11 0.3742857142857143 0.4417857142857143 0.02857142857142857 0.013571428571428571
3 0.3580952380952381 0.46964285714285714 0.02857142857142857 0.016428571428571428
3 0.35714285714285715 0.48428571428571426 0.03238095238095238 0.014285714285714285
0 0.23476190476190473 0.5325 0.02 0.017857142857142856
7 0.14857142857142858 0.5182142857142857 0.011428571428571429 0.0035714285714285713
7 0.1495238095238095 0.5164285714285715 0.009523809523809523 0.004285714285714286
7 0.38190476190476186 0.5975 0.007619047619047619 0.0064285714285714285
7 0.3352380952380952 0.5896428571428571 0.007619047619047619 0.005
7 0.22190476190476188 0.5521428571428572 0.009523809523809523 0.004285714285714286
7 0.22 0.5553571428571429 0.009523809523809523 0.0035714285714285713
7 0.23238095238095235 0.5557142857142857 0.011428571428571429 0.007142857142857143
7 0.4533333333333333 0.6221428571428571 0.0038095238095238095 0.004285714285714286
7 0.4514285714285714 0.6239285714285714 0.0038095238095238095 0.005
7 0.47 0.6367857142857143 0.008571428571428572 0.0064285714285714285
7 0.4766666666666666 0.6339285714285714 0.0047619047619047615 0.005
7 0.4785714285714286 0.6396428571428572 0.006666666666666666 0.0064285714285714285
7 0.5238095238095237 0.6471428571428571 0.005714285714285714 0.005714285714285714
7 0.5342857142857143 0.6471428571428571 0.005714285714285714 0.008571428571428572
7 0.5361904761904762 0.655 0.005714285714285714 0.007142857142857143
7 0.5666666666666667 0.6535714285714286 0.005714285714285714 0.005714285714285714
7 0.589047619047619 0.6710714285714285 0.0047619047619047615 0.005
7 0.5861904761904762 0.6728571428571428 0.0047619047619047615 0.007142857142857143
10 0.6161904761904762 0.5389285714285714 0.07809523809523809 0.025
2 0.7661904761904761 0.7207142857142858 0.03142857142857143 0.018571428571428572
3 0.8661904761904761 0.6864285714285714 0.027619047619047616 0.014285714285714285
5 0.7866666666666666 0.6628571428571428 0.015238095238095238 0.005714285714285714
5 0.7909523809523809 0.6582142857142858 0.014285714285714285 0.0064285714285714285
7 0.7595238095238095 0.7439285714285714 0.006666666666666666 0.007857142857142858
7 0.7652380952380952 0.7428571428571429 0.0047619047619047615 0.007142857142857143
7 0.7909523809523809 0.7417857142857143 0.010476190476190476 0.0064285714285714285
7 0.7890476190476189 0.7460714285714286 0.01238095238095238 0.0064285714285714285
3 0.9939285714285714 0.2714285714285714 0.012142857142857143 0.024761904761904763
7 0.966190476190476 0.0275 0.008571428571428572 0.0064285714285714285