3 0.2395238095238095 0.26107142857142857 0.052380952380952375 0.017857142857142856
3 0.22238095238095237 0.30642857142857144 0.04476190476190476 0.012857142857142857
3 0.24047619047619045 0.2757142857142857 0.050476190476190466 0.017142857142857144
7 0.22238095238095237 0.5060714285714286 0.008571428571428572 0.009285714285714286
3 0.12523809523809523 0.5589285714285714 0.06952380952380952 0.020714285714285713
3 0.05333333333333333 0.7021428571428572 0.0838095238095238 0.02
3 0.23666666666666666 0.6996428571428571 0.07714285714285714 0.017857142857142856
3 0.5095238095238095 0.6964285714285714 0.06857142857142857 0.02142857142857143
3 0.49809523809523804 0.6664285714285715 0.06095238095238095 0.02142857142857143
3 0.6019047619047618 0.665 0.06095238095238095 0.02142857142857143
3 0.6095238095238095 0.6985714285714286 0.07047619047619047 0.022857142857142857
7 0.7576190476190475 0.455 0.006666666666666666 0.008571428571428572
7 0.6442857142857142 0.43964285714285717 0.002857142857142857 0.007857142857142858
7 0.6495238095238095 0.44035714285714284 0.0038095238095238095 0.0064285714285714285
3 0.7276190476190476 0.1392857142857143 0.017142857142857144 0.02
3 0.7242857142857143 0.10678571428571429 0.014285714285714285 0.02214285714285714
3 0.6333333333333333 0.11892857142857143 0.02476190476190476 0.009285714285714286
3 0.629047619047619 0.10642857142857143 0.023809523809523805 0.012857142857142857
11 0.6533333333333333 0.0425 0.030476190476190476 0.012142857142857143
11 0.6538095238095237 0.032857142857142856 0.03142857142857143 0.012857142857142857
11 0.7138095238095238 0.024285714285714285 0.014285714285714285 0.018571428571428572
3 0.6580952380952381 0.06678571428571428 0.03619047619047619 0.013571428571428571
11 0.7857142857142857 0.08 0.013333333333333332 0.027142857142857142
3 0.8509523809523809 0.19464285714285715 0.021904761904761903 0.02642857142857143
3 0.9176190476190476 0.07892857142857143 0.014285714285714285 0.019285714285714285
3 0.9128571428571428 0.055 0.018095238095238095 0.02
11 0.9390476190476189 0.14107142857142857 0.019047619047619046 0.025
3 0.848095238095238 0.30107142857142855 0.023809523809523805 0.030714285714285715
3 0.888095238095238 0.37642857142857145 0.023809523809523805 0.03571428571428571
3 0.9190476190476189 0.47785714285714287 0.026666666666666665 0.04
3 0.8028571428571428 0.68 0.06285714285714286 0.04285714285714286