7 0.5604761904761905 0.03142857142857143 0.010476190476190476 0.018571428571428572
7 0.5752380952380952 0.03214285714285714 0.009523809523809523 0.014285714285714285
7 0.4576190476190476 0.13357142857142856 0.01619047619047619 0.015714285714285715
4 0.9228571428571428 0.07392857142857143 0.026666666666666665 0.017857142857142856
3 0.4923809523809523 0.2367857142857143 0.06476190476190476 0.08785714285714286
7 0.5452380952380952 0.37214285714285716 0.01238095238095238 0.01
7 0.55 0.35214285714285715 0.01238095238095238 0.008571428571428572
3 0.6447619047619048 0.49107142857142855 0.04 0.075
11 0.34714285714285714 0.5610714285714286 0.04285714285714286 0.05785714285714286
7 0.3933333333333333 0.6214285714285714 0.011428571428571429 0.012857142857142857
7 0.3666666666666666 0.6296428571428572 0.017142857142857144 0.0064285714285714285
10 0.3904761904761905 0.20107142857142857 0.04761904761904761 0.09642857142857143
10 0.36047619047619045 0.14642857142857144 0.08285714285714285 0.032857142857142856