3 0.9138095238095237 0.7089285714285715 0.0619047619047619 0.055
3 0.8366666666666666 0.5457142857142857 0.04666666666666666 0.04
3 0.7338095238095238 0.45 0.03333333333333333 0.03
3 0.7204761904761905 0.38392857142857145 0.02952380952380952 0.020714285714285713
3 0.6457142857142857 0.36607142857142855 0.02476190476190476 0.019285714285714285
3 0.6519047619047619 0.3317857142857143 0.023809523809523805 0.019285714285714285
3 0.4395238095238095 0.05607142857142857 0.0047619047619047615 0.005
3 0.45619047619047615 0.08178571428571428 0.005714285714285714 0.0035714285714285713
3 0.47333333333333333 0.10107142857142858 0.007619047619047619 0.005
3 0.4509523809523809 0.09678571428571428 0.008571428571428572 0.005
3 0.44047619047619047 0.09964285714285714 0.006666666666666666 0.0035714285714285713
3 0.4366666666666666 0.07928571428571428 0.006666666666666666 0.005714285714285714
3 0.44571428571428573 0.08392857142857142 0.007619047619047619 0.0035714285714285713
3 0.4319047619047619 0.060714285714285714 0.006666666666666666 0.005714285714285714
3 0.4209523809523809 0.04178571428571429 0.007619047619047619 0.0035714285714285713
3 0.4257142857142857 0.04857142857142857 0.007619047619047619 0.004285714285714286
3 0.42761904761904757 0.05392857142857143 0.005714285714285714 0.0035714285714285713
3 0.4328571428571429 0.06714285714285714 0.006666666666666666 0.004285714285714286
3 0.43714285714285717 0.08464285714285714 0.005714285714285714 0.0035714285714285713
3 0.4476190476190476 0.09 0.005714285714285714 0.004285714285714286
3 0.48047619047619045 0.15321428571428572 0.008571428571428572 0.0064285714285714285
3 0.48428571428571426 0.16071428571428573 0.008571428571428572 0.005714285714285714
5 0.4452380952380952 0.1625 0.0047619047619047615 0.007857142857142858
5 0.4328571428571429 0.16464285714285715 0.0047619047619047615 0.0064285714285714285
3 0.35095238095238096 0.19428571428571428 0.02 0.012857142857142857
3 0.42809523809523803 0.2425 0.014285714285714285 0.013571428571428571
2 0.4766666666666666 0.27964285714285714 0.021904761904761903 0.016428571428571428
7 0.41666666666666663 0.24571428571428572 0.0047619047619047615 0.01
7 0.40809523809523807 0.2517857142857143 0.0047619047619047615 0.009285714285714286
7 0.42476190476190473 0.25821428571428573 0.0038095238095238095 0.007857142857142858
7 0.4361904761904762 0.2739285714285714 0.0038095238095238095 0.007857142857142858
7 0.429047619047619 0.275 0.0047619047619047615 0.007142857142857143
7 0.44619047619047614 0.31107142857142855 0.0047619047619047615 0.007857142857142858
3 0.4219047619047619 0.29892857142857143 0.02095238095238095 0.016428571428571428
3 0.36428571428571427 0.22892857142857143 0.01619047619047619 0.013571428571428571
3 0.40238095238095234 0.014642857142857143 0.0047619047619047615 0.0035714285714285713
3 0.40238095238095234 0.018571428571428572 0.0047619047619047615 0.002857142857142857
4 0.40952380952380946 0.02857142857142857 0.013333333333333332 0.014285714285714285
3 0.4909523809523809 0.08357142857142857 0.006666666666666666 0.004285714285714286
3 0.488095238095238 0.08071428571428571 0.0047619047619047615 0.004285714285714286
5 0.5014285714285714 0.10214285714285715 0.002857142857142857 0.004285714285714286
5 0.51 0.10821428571428572 0.002857142857142857 0.005
5 0.5280952380952381 0.12535714285714286 0.002857142857142857 0.0035714285714285713
3 0.489047619047619 0.1442857142857143 0.010476190476190476 0.007142857142857143
3 0.499047619047619 0.15857142857142856 0.013333333333333332 0.007142857142857143
3 0.52 0.31607142857142856 0.02095238095238095 0.020714285714285713
7 0.4647619047619047 0.28964285714285715 0.0038095238095238095 0.009285714285714286
7 0.5228571428571429 0.3703571428571429 0.005714285714285714 0.010714285714285714
7 0.47619047619047616 0.38642857142857145 0.0038095238095238095 0.007142857142857143
7 0.4847619047619047 0.3917857142857143 0.005714285714285714 0.010714285714285714
7 0.43 0.4432142857142857 0.006666666666666666 0.012142857142857143
7 0.44142857142857145 0.5782142857142857 0.008571428571428572 0.020714285714285713
3 0.6138095238095238 0.6942857142857143 0.050476190476190466 0.06857142857142857
7 0.5109523809523809 0.5167857142857143 0.01238095238095238 0.023571428571428573
7 0.5257142857142857 0.5182142857142857 0.007619047619047619 0.020714285714285713
7 0.5538095238095238 0.38285714285714284 0.010476190476190476 0.018571428571428572
3 0.5414285714285715 0.2975 0.023809523809523805 0.020714285714285713
3 0.6109523809523809 0.2810714285714286 0.02 0.012142857142857143
3 0.5661904761904761 0.25142857142857145 0.01619047619047619 0.011428571428571429
7 0.45523809523809516 0.23535714285714285 0.005714285714285714 0.012142857142857143
3 0.5919047619047618 0.255 0.018095238095238095 0.011428571428571429
3 0.6104761904761904 0.25107142857142856 0.017142857142857144 0.010714285714285714
3 0.6042857142857143 0.26857142857142857 0.018095238095238095 0.012857142857142857
3 0.5580952380952381 0.24107142857142858 0.015238095238095238 0.009285714285714286
3 0.5814285714285714 0.24142857142857144 0.018095238095238095 0.011428571428571429
3 0.6004761904761905 0.24107142857142858 0.01619047619047619 0.009285714285714286
3 0.5838095238095238 0.21821428571428572 0.013333333333333332 0.010714285714285714
3 0.5671428571428572 0.22178571428571428 0.01619047619047619 0.010714285714285714
3 0.5438095238095237 0.21928571428571428 0.017142857142857144 0.011428571428571429
3 0.5509523809523809 0.2307142857142857 0.01619047619047619 0.01
3 0.5738095238095238 0.23142857142857143 0.018095238095238095 0.008571428571428572
3 0.5919047619047618 0.2292857142857143 0.01619047619047619 0.01
3 0.6571428571428571 0.17357142857142857 0.022857142857142857 0.008571428571428572
3 0.6623809523809523 0.17642857142857143 0.023809523809523805 0.008571428571428572
5 0.6157142857142858 0.21642857142857144 0.014285714285714285 0.008571428571428572
3 0.649047619047619 0.2839285714285714 0.018095238095238095 0.012142857142857143
3 0.8095238095238094 0.3 0.02857142857142857 0.017142857142857144
8 0.5014285714285714 0.10142857142857142 0.002857142857142857 0.002857142857142857
8 0.51 0.10535714285714286 0.002857142857142857 0.0035714285714285713
8 0.529047619047619 0.12357142857142857 0.002857142857142857 0.002857142857142857
8 0.4433333333333333 0.16142857142857142 0.006666666666666666 0.005714285714285714
8 0.4323809523809523 0.16285714285714287 0.0038095238095238095 0.004285714285714286