3 0.04047619047619047 0.01 0.052380952380952375 0.018571428571428572
3 0.11 0.010357142857142856 0.054285714285714284 0.019285714285714285
3 0.01607142857142857 0.03238095238095238 0.03214285714285714 0.01904761904761905
3 0.19321428571428573 0.0038095238095238095 0.05714285714285714 0.007619047619047619
8 0.26571428571428574 0.0275 0.009523809523809523 0.012142857142857143
8 0.35666666666666663 0.06 0.008571428571428572 0.011428571428571429
8 0.35714285714285715 0.05392857142857143 0.007619047619047619 0.009285714285714286
8 0.24428571428571427 0.2292857142857143 0.008571428571428572 0.01
8 0.24428571428571427 0.22392857142857142 0.010476190476190476 0.007857142857142858
8 0.28523809523809524 0.19071428571428573 0.01238095238095238 0.008571428571428572
8 0.3695238095238095 0.19071428571428573 0.011428571428571429 0.011428571428571429
8 0.21285714285714286 0.2675 0.014285714285714285 0.009285714285714286
8 0.18047619047619046 0.3335714285714286 0.01238095238095238 0.01
8 0.08761904761904761 0.4760714285714286 0.013333333333333332 0.015
7 0.22285714285714286 0.5310714285714285 0.013333333333333332 0.013571428571428571
7 0.2476190476190476 0.5239285714285714 0.013333333333333332 0.013571428571428571
7 0.25047619047619046 0.5128571428571429 0.019047619047619046 0.014285714285714285
7 0.28095238095238095 0.5057142857142857 0.015238095238095238 0.012857142857142857
5 0.08952380952380952 0.4782142857142857 0.019047619047619046 0.02214285714285714
5 0.18238095238095237 0.3367857142857143 0.01238095238095238 0.020714285714285713
5 0.24523809523809523 0.23035714285714284 0.014285714285714285 0.019285714285714285
5 0.28714285714285714 0.19321428571428573 0.014285714285714285 0.017857142857142856
5 0.37142857142857144 0.19428571428571428 0.013333333333333332 0.02
5 0.6238095238095237 0.14642857142857144 0.02476190476190476 0.012857142857142857
5 0.6623809523809523 0.15178571428571427 0.01619047619047619 0.017857142857142856
5 0.6880952380952381 0.15357142857142858 0.010476190476190476 0.015714285714285715
5 0.7023809523809523 0.15428571428571428 0.01238095238095238 0.017142857142857144
5 0.569047619047619 0.125 0.021904761904761903 0.008571428571428572
5 0.5609523809523809 0.08357142857142857 0.011428571428571429 0.02
5 0.5428571428571428 0.07535714285714286 0.022857142857142857 0.010714285714285714
5 0.5328571428571428 0.054285714285714284 0.021904761904761903 0.01
5 0.5233333333333333 0.008214285714285714 0.021904761904761903 0.010714285714285714
5 0.3580952380952381 0.062142857142857146 0.011428571428571429 0.018571428571428572
5 0.2671428571428571 0.029642857142857144 0.021904761904761903 0.010714285714285714
3 0.48952380952380947 0.025 0.02857142857142857 0.027142857142857142
3 0.4066666666666666 0.05035714285714286 0.026666666666666665 0.027857142857142858
11 0.2561904761904762 0.05928571428571429 0.04761904761904761 0.025714285714285714
3 0.5404761904761904 0.15607142857142858 0.050476190476190466 0.029285714285714286
3 0.5576190476190476 0.16964285714285715 0.050476190476190466 0.030714285714285715
3 0.6614285714285715 0.185 0.02952380952380952 0.03
3 0.5885714285714285 0.17892857142857144 0.04761904761904761 0.03785714285714286
11 0.6319047619047619 0.18178571428571427 0.023809523809523805 0.03214285714285714
11 0.709047619047619 0.19035714285714286 0.021904761904761903 0.030714285714285715
5 0.48714285714285716 0.3007142857142857 0.021904761904761903 0.024285714285714285
3 0.03666666666666666 0.14714285714285713 0.04476190476190476 0.032857142857142856
0 0.11142857142857143 0.13035714285714287 0.05142857142857143 0.019285714285714285
0 0.11476190476190476 0.1425 0.04857142857142857 0.02642857142857143
0 0.12857142857142856 0.15714285714285714 0.05333333333333333 0.024285714285714285
0 0.1438095238095238 0.17285714285714285 0.05333333333333333 0.027142857142857142
0 0.14238095238095236 0.18571428571428572 0.05809523809523809 0.03
0 0.15047619047619046 0.1992857142857143 0.04952380952380952 0.03142857142857143
7 0.0676190476190476 0.19964285714285715 0.013333333333333332 0.016428571428571428
8 0.16238095238095238 0.19785714285714287 0.014285714285714285 0.01
0 0.18 0.22714285714285715 0.05523809523809523 0.03142857142857143
10 0.2895238095238095 0.26964285714285713 0.04952380952380952 0.04928571428571429
3 0.14285714285714285 0.3032142857142857 0.04952380952380952 0.04642857142857143
0 0.12714285714285714 0.3678571428571429 0.02952380952380952 0.03
0 0.10761904761904761 0.415 0.05142857142857143 0.04428571428571428
0 0.10523809523809523 0.3467857142857143 0.037142857142857144 0.03642857142857143
3 0.05809523809523809 0.4225 0.05523809523809523 0.05357142857142857
3 0.2595238095238095 0.6728571428571428 0.0619047619047619 0.07571428571428572
3 0.299047619047619 0.5892857142857143 0.05714285714285714 0.07
3 0.3295238095238095 0.5125 0.05523809523809523 0.05785714285714286
3 0.3485714285714286 0.4042857142857143 0.04952380952380952 0.05285714285714286
3 0.639047619047619 0.4057142857142857 0.06857142857142857 0.032857142857142856
7 0.7519047619047617 0.47535714285714287 0.01238095238095238 0.009285714285714286
5 0.9052380952380952 0.4967857142857143 0.01238095238095238 0.02214285714285714
5 0.7333333333333332 0.4875 0.03619047619047619 0.019285714285714285
5 0.7238095238095238 0.48142857142857143 0.030476190476190476 0.02
5 0.7161904761904762 0.4739285714285714 0.026666666666666665 0.020714285714285713
3 0.9742857142857143 0.5838095238095238 0.05142857142857143 0.06380952380952382
3 0.8638095238095238 0.6592857142857143 0.07047619047619047 0.04