5 0.9704761904761904 0.4685714285714286 0.02476190476190476 0.017142857142857144
3 0.9471428571428572 0.4092857142857143 0.04666666666666666 0.03428571428571429
5 0.9876190476190475 0.38321428571428573 0.02095238095238095 0.019285714285714285
3 0.7728571428571429 0.41464285714285715 0.04285714285714286 0.039285714285714285
3 0.8676190476190475 0.3167857142857143 0.04761904761904761 0.03357142857142857
3 0.7890476190476189 0.2567857142857143 0.04476190476190476 0.029285714285714286
9 0.7685714285714286 0.27071428571428574 0.02476190476190476 0.02142857142857143
3 0.6466666666666666 0.18321428571428572 0.04 0.027857142857142858
3 0.6533333333333333 0.15 0.03809523809523809 0.03
3 0.5904761904761905 0.0925 0.03428571428571429 0.02642857142857143
6 0.3823809523809523 0.08892857142857143 0.04285714285714286 0.030714285714285715
6 0.34809523809523807 0.05785714285714286 0.04476190476190476 0.037142857142857144
10 0.30238095238095236 0.0225 0.035238095238095235 0.027857142857142858
3 0.4719047619047619 0.2782142857142857 0.04666666666666666 0.023571428571428573
3 0.48714285714285716 0.3142857142857143 0.04857142857142857 0.024285714285714285
3 0.36047619047619045 0.4025 0.054285714285714284 0.02642857142857143