4 0.6552380952380952 0.2735714285714286 0.06857142857142857 0.05
3 0.6476190476190475 0.3032142857142857 0.005714285714285714 0.0035714285714285713
3 0.6252380952380951 0.30178571428571427 0.0047619047619047615 0.0035714285714285713
3 0.6419047619047619 0.325 0.005714285714285714 0.004285714285714286
3 0.6376190476190476 0.35214285714285715 0.008571428571428572 0.004285714285714286
2 0.6376190476190476 0.33285714285714285 0.010476190476190476 0.014285714285714285
10 0.6219047619047618 0.32071428571428573 0.011428571428571429 0.018571428571428572
10 0.6514285714285715 0.3107142857142857 0.009523809523809523 0.011428571428571429
10 0.6238095238095237 0.30857142857142855 0.009523809523809523 0.011428571428571429
3 0.5819047619047619 0.6296428571428572 0.02476190476190476 0.029285714285714286
3 0.4966666666666666 0.7292857142857143 0.027619047619047616 0.037142857142857144
10 0.5528571428571428 0.7335714285714285 0.037142857142857144 0.03142857142857143
10 0.6166666666666666 0.4642857142857143 0.018095238095238095 0.02142857142857143
10 0.6266666666666666 0.4139285714285714 0.017142857142857144 0.016428571428571428
10 0.2438095238095238 0.4567857142857143 0.04952380952380952 0.035
11 0.29714285714285715 0.4235714285714286 0.02476190476190476 0.008571428571428572
3 0.4076190476190476 0.3767857142857143 0.011428571428571429 0.007857142857142858
3 0.3295238095238095 0.4132142857142857 0.026666666666666665 0.007857142857142858
3 0.36428571428571427 0.3871428571428571 0.01619047619047619 0.008571428571428572
3 0.30142857142857143 0.41678571428571426 0.02952380952380952 0.007857142857142858
4 0.4057142857142857 0.3625 0.0419047619047619 0.010714285714285714
3 0.47285714285714286 0.365 0.010476190476190476 0.007142857142857143
3 0.7685714285714286 0.4 0.022857142857142857 0.007142857142857143
3 0.6942857142857143 0.3921428571428571 0.019047619047619046 0.007142857142857143
3 0.6804761904761905 0.35214285714285715 0.01619047619047619 0.007142857142857143
3 0.6776190476190476 0.34035714285714286 0.01619047619047619 0.005
3 0.6752380952380952 0.33714285714285713 0.015238095238095238 0.005714285714285714
4 0.6976190476190476 0.3117857142857143 0.01619047619047619 0.012142857142857143
4 0.4933333333333333 0.30714285714285716 0.02857142857142857 0.012857142857142857
4 0.47285714285714286 0.32107142857142856 0.01619047619047619 0.010714285714285714
4 0.419047619047619 0.3078571428571429 0.009523809523809523 0.007142857142857143
4 0.38904761904761903 0.30428571428571427 0.025714285714285714 0.011428571428571429
10 0.4514285714285714 0.3289285714285714 0.022857142857142857 0.012142857142857143
11 0.45523809523809516 0.33964285714285714 0.009523809523809523 0.007857142857142858
11 0.4476190476190476 0.34035714285714286 0.007619047619047619 0.0064285714285714285
7 0.4504761904761905 0.3514285714285714 0.0038095238095238095 0.005714285714285714
6 0.5380952380952381 0.31214285714285717 0.02095238095238095 0.01
10 0.5761904761904761 0.2625 0.022857142857142857 0.005
7 0.5361904761904762 0.3217857142857143 0.0019047619047619048 0.005
7 0.35238095238095235 0.415 0.0038095238095238095 0.007142857142857143
3 0.5852380952380952 0.44392857142857145 0.014285714285714285 0.015
3 0.57 0.4953571428571429 0.01619047619047619 0.016428571428571428
2 0.6004761904761905 0.39 0.014285714285714285 0.018571428571428572
11 0.6257142857142857 0.38821428571428573 0.009523809523809523 0.010714285714285714
11 0.5514285714285714 0.54 0.02095238095238095 0.024285714285714285
3 0.6028571428571429 0.5317857142857143 0.017142857142857144 0.020714285714285713
7 0.6166666666666666 0.6257142857142857 0.008571428571428572 0.011428571428571429
7 0.6128571428571429 0.6217857142857143 0.006666666666666666 0.010714285714285714
3 0.14857142857142858 0.5010714285714286 0.04 0.015