7 0.42380952380952375 0.04071428571428572 0.0419047619047619 0.06285714285714286
7 0.5938095238095238 0.5221428571428571 0.0638095238095238 0.045714285714285714
7 0.7271428571428571 0.5353571428571429 0.08476190476190476 0.04642857142857143
7 0.9539285714285715 0.4980952380952381 0.09214285714285714 0.05238095238095238
7 0.6909523809523809 0.4164285714285714 0.08285714285714285 0.05
7 0.7771428571428571 0.4689285714285714 0.06476190476190476 0.04642857142857143
7 0.8171428571428572 0.43607142857142855 0.05142857142857143 0.045
1 0.4119047619047619 0.31392857142857145 0.03333333333333333 0.06785714285714285
1 0.826190476190476 0.29178571428571426 0.035238095238095235 0.07785714285714286
1 0.8742857142857143 0.32571428571428573 0.10095238095238093 0.04428571428571428
1 0.5123809523809524 0.3264285714285714 0.09904761904761904 0.04428571428571428
1 0.6214285714285714 0.30178571428571427 0.04476190476190476 0.05785714285714286
1 0.6052380952380951 0.32357142857142857 0.052380952380952375 0.06714285714285714