3 0.11619047619047618 0.42214285714285715 0.0038095238095238095 0.002857142857142857
11 0.12 0.42392857142857143 0.0038095238095238095 0.0035714285714285713
3 0.1238095238095238 0.42607142857142855 0.0038095238095238095 0.002142857142857143
3 0.12904761904761905 0.42428571428571427 0.002857142857142857 0.002857142857142857
11 0.13285714285714287 0.4257142857142857 0.0047619047619047615 0.002857142857142857
3 0.13428571428571429 0.4278571428571429 0.0038095238095238095 0.002857142857142857
3 0.13047619047619047 0.42964285714285716 0.0038095238095238095 0.002142857142857143
3 0.14142857142857143 0.42892857142857144 0.0047619047619047615 0.002142857142857143
3 0.1442857142857143 0.43142857142857144 0.0047619047619047615 0.002857142857142857
3 0.1676190476190476 0.4307142857142857 0.009523809523809523 0.002857142857142857
3 0.1652380952380952 0.4303571428571429 0.010476190476190476 0.002142857142857143
3 0.18238095238095237 0.4471428571428571 0.006666666666666666 0.004285714285714286
3 0.19142857142857142 0.45071428571428573 0.007619047619047619 0.005714285714285714
3 0.20047619047619045 0.4475 0.006666666666666666 0.0035714285714285713
3 0.15238095238095237 0.4375 0.007619047619047619 0.0035714285714285713
3 0.07619047619047618 0.4089285714285714 0.0038095238095238095 0.002142857142857143
3 0.07476190476190475 0.4064285714285714 0.002857142857142857 0.0014285714285714286
3 0.0719047619047619 0.40714285714285714 0.002857142857142857 0.002857142857142857
3 0.07 0.4064285714285714 0.0047619047619047615 0.002857142857142857
3 0.17619047619047618 0.4342857142857143 0.007619047619047619 0.002857142857142857
3 0.18095238095238095 0.43535714285714283 0.009523809523809523 0.0035714285714285713
3 0.18523809523809523 0.43642857142857144 0.008571428571428572 0.004285714285714286
3 0.18619047619047616 0.4375 0.01238095238095238 0.0035714285714285713
3 0.19095238095238093 0.43857142857142856 0.008571428571428572 0.002857142857142857
3 0.19238095238095237 0.43964285714285717 0.009523809523809523 0.0035714285714285713
3 0.1938095238095238 0.44 0.010476190476190476 0.004285714285714286
3 0.19714285714285715 0.44 0.011428571428571429 0.002857142857142857
3 0.20238095238095236 0.4417857142857143 0.008571428571428572 0.0035714285714285713
3 0.20714285714285716 0.4432142857142857 0.010476190476190476 0.0035714285714285713
3 0.21142857142857144 0.4442857142857143 0.011428571428571429 0.004285714285714286
3 0.21428571428571427 0.44571428571428573 0.013333333333333332 0.004285714285714286
3 0.2180952380952381 0.44607142857142856 0.011428571428571429 0.0035714285714285713
3 0.22047619047619044 0.4467857142857143 0.010476190476190476 0.0035714285714285713
3 0.22523809523809524 0.4471428571428571 0.008571428571428572 0.004285714285714286
3 0.23 0.44785714285714284 0.01238095238095238 0.002857142857142857
3 0.21095238095238095 0.45785714285714285 0.008571428571428572 0.004285714285714286
3 0.2195238095238095 0.45535714285714285 0.008571428571428572 0.0035714285714285713
5 0.24238095238095236 0.47464285714285714 0.002857142857142857 0.0035714285714285713
3 0.2395238095238095 0.4521428571428571 0.010476190476190476 0.004285714285714286
3 0.24190476190476187 0.45285714285714285 0.009523809523809523 0.004285714285714286
3 0.24428571428571427 0.4542857142857143 0.010476190476190476 0.002857142857142857
3 0.24904761904761902 0.4542857142857143 0.010476190476190476 0.004285714285714286
3 0.25142857142857145 0.45571428571428574 0.009523809523809523 0.004285714285714286
3 0.2538095238095238 0.4564285714285714 0.010476190476190476 0.004285714285714286
3 0.259047619047619 0.45785714285714285 0.009523809523809523 0.004285714285714286
3 0.26476190476190475 0.4592857142857143 0.009523809523809523 0.004285714285714286
3 0.2680952380952381 0.46035714285714285 0.014285714285714285 0.005
3 0.2704761904761904 0.4607142857142857 0.011428571428571429 0.004285714285714286
3 0.2738095238095238 0.4617857142857143 0.010476190476190476 0.0035714285714285713
3 0.27619047619047615 0.4625 0.011428571428571429 0.0035714285714285713
3 0.28238095238095234 0.4639285714285714 0.01238095238095238 0.005
3 0.2857142857142857 0.4660714285714286 0.011428571428571429 0.005
11 0.289047619047619 0.4664285714285714 0.014285714285714285 0.005714285714285714
3 0.2933333333333333 0.4685714285714286 0.011428571428571429 0.005714285714285714
10 0.3009523809523809 0.4692857142857143 0.019047619047619046 0.007142857142857143
3 0.3061904761904762 0.4714285714285714 0.01238095238095238 0.004285714285714286
3 0.31 0.4732142857142857 0.01238095238095238 0.005
3 0.3161904761904762 0.47464285714285714 0.013333333333333332 0.005
3 0.32047619047619047 0.4760714285714286 0.01619047619047619 0.005
7 0.37857142857142856 0.48678571428571427 0.002857142857142857 0.0064285714285714285
7 0.4114285714285714 0.4903571428571429 0.0019047619047619048 0.0035714285714285713
7 0.4147619047619047 0.4907142857142857 0.002857142857142857 0.005714285714285714
5 0.36714285714285716 0.4982142857142857 0.0047619047619047615 0.0035714285714285713
3 0.3280952380952381 0.4782142857142857 0.014285714285714285 0.005
3 0.3342857142857143 0.47964285714285715 0.015238095238095238 0.005
3 0.34238095238095234 0.48178571428571426 0.014285714285714285 0.005
3 0.3433333333333333 0.4832142857142857 0.014285714285714285 0.005
3 0.349047619047619 0.48392857142857143 0.014285714285714285 0.005
3 0.349047619047619 0.4853571428571429 0.014285714285714285 0.005
3 0.3547619047619047 0.48678571428571427 0.014285714285714285 0.005
3 0.3619047619047619 0.4875 0.015238095238095238 0.005
3 0.36523809523809525 0.48892857142857143 0.014285714285714285 0.005
3 0.369047619047619 0.4903571428571429 0.014285714285714285 0.005
3 0.3752380952380952 0.49214285714285716 0.015238095238095238 0.004285714285714286
3 0.3833333333333333 0.49392857142857144 0.018095238095238095 0.0064285714285714285
11 0.39190476190476187 0.4967857142857143 0.018095238095238095 0.0064285714285714285
10 0.39904761904761904 0.49785714285714283 0.022857142857142857 0.007142857142857143
3 0.3466666666666667 0.49857142857142855 0.013333333333333332 0.007142857142857143
3 0.3171428571428571 0.4942857142857143 0.011428571428571429 0.005714285714285714
3 0.32571428571428573 0.4907142857142857 0.013333333333333332 0.005714285714285714
3 0.30714285714285716 0.4807142857142857 0.010476190476190476 0.005714285714285714
3 0.26857142857142857 0.4714285714285714 0.009523809523809523 0.004285714285714286
3 0.2542857142857143 0.46464285714285714 0.009523809523809523 0.005
3 0.239047619047619 0.46214285714285713 0.009523809523809523 0.004285714285714286
3 0.2333333333333333 0.4664285714285714 0.009523809523809523 0.005714285714285714
3 0.2319047619047619 0.4589285714285714 0.008571428571428572 0.0035714285714285713
3 0.37047619047619046 0.5117857142857143 0.017142857142857144 0.009285714285714286
8 0.44047619047619047 0.5207142857142857 0.002857142857142857 0.002857142857142857
5 0.44 0.5221428571428571 0.005714285714285714 0.004285714285714286
5 0.42809523809523803 0.5171428571428571 0.0047619047619047615 0.004285714285714286
3 0.43047619047619046 0.5425 0.019047619047619046 0.009285714285714286
3 0.4576190476190476 0.5546428571428571 0.014285714285714285 0.007857142857142858
3 0.4852380952380952 0.5421428571428571 0.02 0.008571428571428572
3 0.5342857142857143 0.5571428571428572 0.022857142857142857 0.01
7 0.5261904761904762 0.5346428571428572 0.002857142857142857 0.0064285714285714285
7 0.5809523809523809 0.5585714285714286 0.0038095238095238095 0.007142857142857143
7 0.5766666666666667 0.5589285714285714 0.002857142857142857 0.007857142857142858
7 0.5747619047619047 0.5585714285714286 0.002857142857142857 0.007142857142857143
3 0.5685714285714286 0.5385714285714286 0.022857142857142857 0.008571428571428572
3 0.5576190476190476 0.5371428571428571 0.021904761904761903 0.008571428571428572
3 0.5461904761904761 0.5339285714285714 0.021904761904761903 0.007857142857142858
10 0.5371428571428571 0.5292857142857142 0.02476190476190476 0.01
3 0.5280952380952381 0.5285714285714286 0.02 0.007142857142857143
11 0.5228571428571429 0.5242857142857142 0.019047619047619046 0.008571428571428572
3 0.5095238095238095 0.5239285714285714 0.019047619047619046 0.0064285714285714285
2 0.49857142857142855 0.52 0.021904761904761903 0.011428571428571429
3 0.4833333333333333 0.5175 0.02 0.009285714285714286
3 0.4709523809523809 0.5139285714285714 0.02 0.007857142857142858
3 0.4652380952380952 0.5121428571428571 0.02 0.007142857142857143
3 0.4576190476190476 0.5096428571428572 0.02 0.007857142857142858
3 0.45571428571428574 0.5071428571428571 0.02 0.007142857142857143
3 0.45 0.5057142857142857 0.02 0.007142857142857143
3 0.5195238095238095 0.5714285714285714 0.021904761904761903 0.011428571428571429
3 0.5542857142857143 0.5714285714285714 0.026666666666666665 0.011428571428571429
3 0.6047619047619047 0.5671428571428572 0.022857142857142857 0.01
3 0.608095238095238 0.5807142857142857 0.025714285714285714 0.01
11 0.6285714285714286 0.5742857142857143 0.02095238095238095 0.012857142857142857
7 0.6719047619047619 0.5789285714285715 0.0047619047619047615 0.007857142857142858
7 0.6780952380952381 0.5839285714285715 0.0038095238095238095 0.0064285714285714285
7 0.6828571428571428 0.5835714285714285 0.0038095238095238095 0.007142857142857143
7 0.7252380952380952 0.5921428571428572 0.0047619047619047615 0.008571428571428572
3 0.6847619047619047 0.5728571428571428 0.02857142857142857 0.01
10 0.6676190476190476 0.5657142857142857 0.030476190476190476 0.02
3 0.669047619047619 0.5996428571428571 0.027619047619047616 0.012142857142857143
3 0.629047619047619 0.6039285714285715 0.03142857142857143 0.015
3 0.7161904761904762 0.5814285714285714 0.02476190476190476 0.011428571428571429
11 0.7309523809523809 0.5828571428571429 0.023809523809523805 0.011428571428571429
3 0.75 0.5885714285714285 0.025714285714285714 0.011428571428571429
3 0.7633333333333332 0.5942857142857143 0.025714285714285714 0.011428571428571429
3 0.7971428571428572 0.6032142857142857 0.02857142857142857 0.012142857142857143
3 0.8128571428571428 0.6096428571428572 0.027619047619047616 0.012142857142857143
10 0.780952380952381 0.595 0.03238095238095238 0.02142857142857143
3 0.7414285714285714 0.6232142857142857 0.035238095238095235 0.013571428571428571
3 0.8352380952380952 0.6128571428571429 0.02857142857142857 0.012857142857142857
3 0.8552380952380951 0.6207142857142857 0.030476190476190476 0.012857142857142857
3 0.7533333333333332 0.6446428571428572 0.03809523809523809 0.020714285714285713
7 0.8628571428571429 0.6582142857142858 0.005714285714285714 0.012142857142857143
7 0.8814285714285715 0.6632142857142858 0.006666666666666666 0.012142857142857143
3 0.8823809523809524 0.6475 0.04095238095238095 0.017857142857142856
3 0.8823809523809524 0.6264285714285714 0.02952380952380952 0.014285714285714285
3 0.900952380952381 0.6314285714285715 0.02857142857142857 0.015714285714285715
1 0.9614285714285714 0.6367857142857143 0.010476190476190476 0.007857142857142858
3 0.9466666666666667 0.6471428571428571 0.030476190476190476 0.018571428571428572
3 0.9757142857142858 0.6525 0.027619047619047616 0.016428571428571428
3 0.8985714285714286 0.7117857142857142 0.04857142857142857 0.025
3 0.7314285714285714 0.685 0.045714285714285714 0.02857142857142857
3 0.9538095238095238 0.7121428571428572 0.050476190476190466 0.025714285714285714
3 0.8071428571428572 0.455 0.010476190476190476 0.004285714285714286
3 0.5314285714285715 0.4325 0.005714285714285714 0.002142857142857143
3 0.49809523809523804 0.42714285714285716 0.005714285714285714 0.002857142857142857
10 0.5266666666666666 0.435 0.009523809523809523 0.004285714285714286
3 0.047142857142857146 0.6792857142857143 0.021904761904761903 0.02
7 0.06476190476190476 0.6746428571428571 0.007619047619047619 0.016428571428571428
3 0.08619047619047618 0.6717857142857143 0.023809523809523805 0.025
3 0.13190476190476189 0.6875 0.03142857142857143 0.027857142857142858
3 0.16857142857142857 0.6803571428571429 0.02476190476190476 0.027857142857142858
3 0.19523809523809524 0.6732142857142858 0.02095238095238095 0.02214285714285714
3 0.17904761904761904 0.6571428571428571 0.04952380952380952 0.015714285714285715
7 0.15333333333333332 0.7246428571428571 0.007619047619047619 0.013571428571428571
0 0.10095238095238093 0.7378571428571429 0.045714285714285714 0.02142857142857143
3 0.10761904761904761 0.7432142857142857 0.05523809523809523 0.012142857142857143
1 0.16476190476190475 0.7242857142857143 0.02095238095238095 0.008571428571428572
1 0.1442857142857143 0.7292857142857143 0.01619047619047619 0.01
1 0.22904761904761903 0.7046428571428571 0.02 0.012142857142857143
1 0.24476190476190474 0.6989285714285715 0.019047619047619046 0.013571428571428571
3 0.24523809523809523 0.7325 0.0619047619047619 0.029285714285714286
3 0.2509523809523809 0.7389285714285714 0.05809523809523809 0.020714285714285713