7 0.15047619047619046 0.7032142857142857 0.07809523809523809 0.07357142857142857
3 0.07892857142857143 0.6009523809523809 0.15785714285714286 0.08476190476190476
3 0.3080952380952381 0.5003571428571428 0.239047619047619 0.08214285714285714
11 0.18285714285714286 0.4425 0.18476190476190474 0.085
8 0.9852380952380951 0.2692857142857143 0.010476190476190476 0.018571428571428572
8 0.7314285714285714 0.29892857142857143 0.015238095238095238 0.02214285714285714
8 0.6947619047619047 0.29035714285714287 0.014285714285714285 0.02214285714285714
8 0.2866666666666667 0.3117857142857143 0.015238095238095238 0.019285714285714285
8 0.2842857142857143 0.31107142857142855 0.018095238095238095 0.020714285714285713
8 0.2195238095238095 0.2975 0.01619047619047619 0.019285714285714285
8 0.21380952380952378 0.27035714285714285 0.010476190476190476 0.016428571428571428
8 0.11809523809523809 0.3442857142857143 0.02095238095238095 0.03
5 0.1195238095238095 0.35214285714285715 0.06 0.02142857142857143
5 0.289047619047619 0.3192857142857143 0.02952380952380952 0.018571428571428572
5 0.21666666666666665 0.2735714285714286 0.02 0.012857142857142857
1 0.22190476190476188 0.30392857142857144 0.02095238095238095 0.017857142857142856
5 0.6952380952380952 0.29714285714285715 0.026666666666666665 0.012857142857142857
1 0.7304761904761905 0.305 0.03428571428571429 0.017142857142857144
5 0.9847619047619046 0.275 0.026666666666666665 0.01
7 0.16142857142857142 0.33714285714285713 0.02 0.03
7 0.19428571428571428 0.3107142857142857 0.017142857142857144 0.03142857142857143
7 0.1757142857142857 0.31 0.01619047619047619 0.03
7 0.39476190476190476 0.3082142857142857 0.01619047619047619 0.027857142857142858
7 0.359047619047619 0.30107142857142855 0.017142857142857144 0.027857142857142858
7 0.3180952380952381 0.2892857142857143 0.013333333333333332 0.024285714285714285
7 0.3052380952380952 0.2875 0.01619047619047619 0.023571428571428573
7 0.2914285714285714 0.2810714285714286 0.013333333333333332 0.023571428571428573
7 0.25142857142857145 0.27464285714285713 0.015238095238095238 0.025
7 0.239047619047619 0.27035714285714285 0.013333333333333332 0.019285714285714285
7 0.2695238095238095 0.275 0.011428571428571429 0.02142857142857143
7 0.27904761904761904 0.2789285714285714 0.013333333333333332 0.02214285714285714
7 0.28809523809523807 0.27785714285714286 0.010476190476190476 0.022857142857142857
7 0.30238095238095236 0.28035714285714286 0.010476190476190476 0.020714285714285713
7 0.3138095238095238 0.2860714285714286 0.01238095238095238 0.02642857142857143
7 0.31238095238095237 0.28285714285714286 0.013333333333333332 0.027142857142857142
7 0.32476190476190475 0.2867857142857143 0.015238095238095238 0.027857142857142858
7 0.33809523809523806 0.2953571428571429 0.015238095238095238 0.025
7 0.349047619047619 0.29964285714285716 0.01619047619047619 0.025
7 0.34523809523809523 0.2914285714285714 0.01238095238095238 0.025714285714285714
7 0.36 0.29892857142857143 0.015238095238095238 0.030714285714285715
7 0.37047619047619046 0.3 0.017142857142857144 0.024285714285714285
3 0.23714285714285716 0.2907142857142857 0.06285714285714286 0.02857142857142857
3 0.15142857142857144 0.27285714285714285 0.06285714285714286 0.02142857142857143
3 0.6866666666666666 0.2714285714285714 0.011428571428571429 0.022857142857142857
3 0.738095238095238 0.26964285714285713 0.013333333333333332 0.023571428571428573
2 0.8771428571428571 0.2832142857142857 0.2076190476190476 0.065
3 0.9533333333333333 0.30142857142857143 0.0838095238095238 0.03571428571428571
3 0.9975 0.31047619047619046 0.005 0.03333333333333333
11 0.28619047619047616 0.265 0.04095238095238095 0.037142857142857144