8 0.8604761904761904 0.1992857142857143 0.01238095238095238 0.017142857142857144
8 0.8642857142857143 0.1957142857142857 0.01619047619047619 0.014285714285714285
8 0.8961904761904761 0.21964285714285714 0.013333333333333332 0.016428571428571428
8 0.8314285714285714 0.26 0.011428571428571429 0.014285714285714285
8 0.8257142857142857 0.2639285714285714 0.015238095238095238 0.015
8 0.699047619047619 0.4717857142857143 0.019047619047619046 0.016428571428571428
8 0.838095238095238 0.49 0.013333333333333332 0.017142857142857144
8 0.8342857142857143 0.4975 0.017142857142857144 0.017857142857142856
8 0.6576190476190475 0.4992857142857143 0.018095238095238095 0.02
8 0.6523809523809523 0.5092857142857142 0.026666666666666665 0.027142857142857142
8 0.6814285714285714 0.5317857142857143 0.025714285714285714 0.02214285714285714
8 0.75 0.5557142857142857 0.01619047619047619 0.015714285714285715
8 0.7495238095238095 0.5675 0.02857142857142857 0.025
8 0.8066666666666666 0.5507142857142857 0.022857142857142857 0.018571428571428572
8 0.8338095238095238 0.5714285714285714 0.01619047619047619 0.02
8 0.8290476190476189 0.5792857142857143 0.021904761904761903 0.02
8 0.4295238095238095 0.5032142857142857 0.017142857142857144 0.017857142857142856
8 0.41952380952380947 0.5121428571428571 0.02 0.02
5 0.42476190476190473 0.5139285714285714 0.03809523809523809 0.03357142857142857
8 0.2652380952380952 0.43964285714285717 0.025714285714285714 0.020714285714285713
8 0.6542857142857142 0.5128571428571429 0.02476190476190476 0.04285714285714286
8 0.68 0.5357142857142857 0.02476190476190476 0.047142857142857146
8 0.75 0.5703571428571429 0.023809523809523805 0.05071428571428571
8 0.8066666666666666 0.5532142857142858 0.02857142857142857 0.04642857142857143
8 0.8276190476190475 0.5789285714285715 0.03238095238095238 0.045
8 0.8342857142857143 0.505 0.02476190476190476 0.041428571428571426
8 0.6957142857142857 0.4775 0.021904761904761903 0.03785714285714286
8 0.4442857142857143 0.38392857142857145 0.050476190476190466 0.023571428571428573
8 0.3333333333333333 0.395 0.02095238095238095 0.02
5 0.5376190476190476 0.2317857142857143 0.02 0.025
5 0.6123809523809524 0.24107142857142858 0.04 0.020714285714285713
7 0.599047619047619 0.16785714285714284 0.009523809523809523 0.024285714285714285
5 0.8257142857142857 0.2692857142857143 0.022857142857142857 0.03571428571428571
5 0.8952380952380952 0.22535714285714287 0.015238095238095238 0.025
5 0.8609523809523809 0.20035714285714284 0.022857142857142857 0.023571428571428573
5 0.768095238095238 0.13214285714285715 0.02 0.02
0 0.7528571428571429 0.14357142857142857 0.025714285714285714 0.03428571428571429
3 0.7857142857142857 0.10642857142857143 0.03619047619047619 0.03571428571428571
5 0.6723809523809523 0.095 0.022857142857142857 0.014285714285714285
5 0.6738095238095237 0.09035714285714286 0.025714285714285714 0.013571428571428571
5 0.6795238095238094 0.08678571428571429 0.021904761904761903 0.013571428571428571
5 0.6838095238095238 0.08285714285714285 0.02476190476190476 0.014285714285714285
5 0.6938095238095238 0.07428571428571429 0.023809523809523805 0.014285714285714285
5 0.7438095238095238 0.10428571428571429 0.02857142857142857 0.015714285714285715
5 0.7504761904761904 0.09964285714285714 0.022857142857142857 0.013571428571428571
5 0.7533333333333332 0.09357142857142857 0.02476190476190476 0.012857142857142857
5 0.7566666666666666 0.08678571428571429 0.027619047619047616 0.013571428571428571
5 0.7604761904761904 0.08285714285714285 0.023809523809523805 0.012857142857142857
5 0.7728571428571429 0.0725 0.027619047619047616 0.013571428571428571
3 0.96 0.18535714285714286 0.043809523809523805 0.04357142857142857
3 0.9328571428571428 0.22714285714285715 0.04666666666666666 0.04857142857142857
3 0.9123809523809523 0.28 0.05714285714285714 0.05857142857142857
3 0.8719047619047618 0.3457142857142857 0.054285714285714284 0.054285714285714284
3 0.8333333333333333 0.43142857142857144 0.06857142857142857 0.07285714285714286
3 0.7528571428571429 0.44285714285714284 0.06952380952380952 0.07857142857142857
3 0.9280952380952381 0.5378571428571428 0.06952380952380952 0.08714285714285715
10 0.6957142857142857 0.20464285714285715 0.06 0.05071428571428571
5 0.6647619047619048 0.18535714285714286 0.03619047619047619 0.020714285714285713
5 0.6552380952380952 0.195 0.02857142857142857 0.018571428571428572