3 0.8529684601113172 0.023225469728601254 0.041743970315398886 0.018267223382045932
3 0.8283858998144712 0.03262004175365345 0.05009276437847866 0.02244258872651357
3 0.7147495361781075 0.07045929018789145 0.05844155844155843 0.018789144050104387
3 0.6391465677179962 0.10073068893528184 0.05009276437847866 0.019832985386221295
3 0.6168831168831168 0.1116910229645094 0.04267161410018552 0.02296450939457203
3 0.5834879406307978 0.12239039665970773 0.04823747680890538 0.020354906054279753
3 0.5514842300556586 0.13282881002087682 0.05102040816326531 0.02244258872651357
3 0.3529684601113172 0.2072025052192067 0.06771799628942485 0.02922755741127349
5 0.2602040816326531 0.20876826722338207 0.015769944341372914 0.011482254697286014
3 0.9791231732776617 0.3682745825602968 0.04175365344467641 0.03432282003710575
3 0.8153988868274582 0.48068893528183726 0.09647495361781076 0.04592901878914406
3 0.6989795918367346 0.47677453027139877 0.0844155844155844 0.04749478079331942
3 0.4814471243042671 0.44311064718162846 0.08534322820037105 0.04384133611691024