11 0.3147208121827411 0.5549999999999999 0.1269035532994924 0.012857142857142857
2 0.8565989847715736 0.48357142857142854 0.1598984771573604 0.05142857142857143
2 0.9967857142857143 0.44923857868020306 0.0064285714285714285 0.06472081218274112
7 0.9295685279187818 0.44499999999999995 0.01649746192893401 0.015714285714285715
7 0.934010152284264 0.43821428571428567 0.017766497461928935 0.015000000000000001
7 0.32614213197969544 0.5271428571428571 0.017766497461928935 0.012857142857142857
7 0.3312182741116751 0.5014285714285713 0.017766497461928935 0.017142857142857144
7 0.3331218274111675 0.49785714285714283 0.01649746192893401 0.012857142857142857
5 0.4029187817258883 0.5503571428571429 0.013959390862944163 0.02214285714285714
5 0.43337563451776645 0.5475 0.024111675126903553 0.027857142857142858
5 0.4473350253807107 0.5482142857142857 0.013959390862944163 0.023571428571428573
5 0.46256345177664976 0.5421428571428571 0.026649746192893398 0.032857142857142856
5 0.4803299492385787 0.5382142857142858 0.021573604060913708 0.03214285714285715
5 0.501269035532995 0.5371428571428571 0.017766497461928935 0.024285714285714282
5 0.5184010152284264 0.5353571428571429 0.013959390862944163 0.020714285714285713
5 0.7303299492385787 0.5021428571428571 0.019035532994923856 0.030000000000000002
5 0.7119289340101522 0.5032142857142857 0.015228426395939087 0.029285714285714286
5 0.6967005076142132 0.5067857142857143 0.02284263959390863 0.03071428571428571
5 0.6630710659898478 0.5153571428571428 0.019035532994923856 0.026428571428571426
5 0.6453045685279188 0.5139285714285714 0.021573604060913708 0.03071428571428571
5 0.6307106598984772 0.5178571428571428 0.02284263959390863 0.030000000000000002
5 0.6135786802030457 0.5189285714285714 0.021573604060913708 0.027857142857142858
5 0.5983502538071066 0.5210714285714285 0.024111675126903553 0.024999999999999998
5 0.5862944162436549 0.5257142857142857 0.02538071065989848 0.02857142857142857
5 0.5355329949238579 0.5321428571428571 0.02030456852791878 0.02857142857142857
5 0.5685279187817259 0.5289285714285714 0.017766497461928935 0.029285714285714286
5 0.549492385786802 0.5285714285714285 0.02030456852791878 0.03142857142857143
7 0.7595177664974619 0.3742857142857142 0.011421319796954314 0.012857142857142857
7 0.7690355329949239 0.3578571428571429 0.01015228426395939 0.012857142857142857
11 0.9942857142857143 0.10406091370558376 0.011428571428571429 0.015228426395939087
10 0.9593908629441624 0.06678571428571428 0.04060913705583756 0.019285714285714285
10 0.9841370558375635 0.08607142857142856 0.0317258883248731 0.023571428571428573
3 0.8039340101522843 0.07714285714285714 0.019035532994923856 0.012857142857142857
7 0.6998730964467005 0.03785714285714285 0.00634517766497462 0.007142857142857143
7 0.7233502538071066 0.07321428571428572 0.005076142131979695 0.007857142857142858
7 0.47144670050761417 0.060714285714285714 0.00634517766497462 0.007142857142857143
7 0.4727157360406091 0.057499999999999996 0.00634517766497462 0.007857142857142858
7 0.4879441624365482 0.06035714285714286 0.00634517766497462 0.0064285714285714285
11 0.4847715736040609 0.08821428571428572 0.02284263959390863 0.019285714285714285
11 0.5856598984771574 0.1025 0.04695431472081218 0.016428571428571428
11 0.5945431472081218 0.10785714285714286 0.049492385786802026 0.014285714285714285
11 0.608502538071066 0.1425 0.024111675126903553 0.015000000000000001
5 0.524746192893401 0.09857142857142857 0.008883248730964468 0.01
5 0.5336294416243654 0.09678571428571428 0.008883248730964468 0.010714285714285714
5 0.5856598984771574 0.0925 0.019035532994923856 0.007857142857142858
5 0.6040609137055838 0.095 0.02030456852791878 0.007142857142857143
5 0.5139593908629442 0.13178571428571428 0.02538071065989848 0.009285714285714286
5 0.516497461928934 0.13535714285714287 0.027918781725888325 0.009285714285714286
3 0.5145939086294417 0.1425 0.044416243654822336 0.010714285714285714
3 0.5920050761421319 0.1282142857142857 0.026649746192893398 0.015000000000000001
3 0.631979695431472 0.12892857142857142 0.03807106598984771 0.012142857142857141
3 0.5856598984771574 0.1757142857142857 0.0317258883248731 0.018571428571428572
7 0.6998730964467005 0.09392857142857142 0.00634517766497462 0.005
7 0.7182741116751269 0.10214285714285713 0.005076142131979695 0.007142857142857143
7 0.7277918781725888 0.10107142857142858 0.0038071065989847717 0.007857142857142858
7 0.7753807106598984 0.2139285714285714 0.005076142131979695 0.010714285714285714
7 0.7950507614213198 0.21357142857142855 0.00634517766497462 0.01
7 0.8020304568527918 0.21464285714285714 0.007614213197969543 0.009285714285714286
7 0.7671319796954316 0.2307142857142857 0.0038071065989847717 0.008571428571428572
7 0.7734771573604061 0.23035714285714287 0.00634517766497462 0.010714285714285714
7 0.7791878172588833 0.23464285714285713 0.005076142131979695 0.007857142857142858
7 0.7684010152284264 0.2564285714285714 0.00634517766497462 0.011428571428571429
7 0.15038071065989847 0.3678571428571428 0.021573604060913708 0.015714285714285715
7 0.17956852791878172 0.36714285714285716 0.01649746192893401 0.015714285714285715
5 0.06662436548223351 0.27321428571428574 0.0317258883248731 0.009285714285714286
5 0.06472081218274112 0.26607142857142857 0.03553299492385787 0.010714285714285714
5 0.06979695431472081 0.2621428571428571 0.03299492385786802 0.012857142857142857
5 0.01892857142857143 0.27982233502538073 0.03785714285714286 0.011421319796954314
5 0.1383248730964467 0.2675 0.03553299492385787 0.012142857142857141
5 0.13642131979695432 0.26357142857142857 0.02918781725888325 0.011428571428571429
5 0.13642131979695432 0.2575 0.02918781725888325 0.010714285714285714
11 0.024642857142857143 0.2880710659898477 0.04928571428571429 0.01903553299492386
11 0.019642857142857142 0.2969543147208122 0.039285714285714285 0.024111675126903553
11 0.05520304568527918 0.31357142857142856 0.04187817258883249 0.030000000000000002
11 0.049492385786802026 0.3417857142857143 0.04568527918781726 0.03214285714285715
11 0.03807106598984771 0.37749999999999995 0.05583756345177665 0.053571428571428575
7 0.020939086294416244 0.42642857142857143 0.013959390862944163 0.014285714285714285
7 0.03426395939086294 0.43535714285714283 0.015228426395939087 0.017857142857142856
7 0.04631979695431472 0.43964285714285717 0.019035532994923856 0.017857142857142856
11 0.09137055837563451 0.4203571428571429 0.05583756345177665 0.05928571428571428
11 0.2379441624365482 0.38749999999999996 0.12309644670050761 0.03214285714285715
11 0.282994923857868 0.4139285714285714 0.04568527918781726 0.03642857142857143
3 0.217005076142132 0.25357142857142856 0.03553299492385787 0.02857142857142857
3 0.291243654822335 0.2446428571428571 0.02918781725888325 0.023571428571428573
5 0.31852791878172587 0.2475 0.015228426395939087 0.016428571428571428
5 0.3350253807106599 0.2446428571428571 0.015228426395939087 0.015000000000000001
5 0.5266497461928934 0.2039285714285714 0.027918781725888325 0.010714285714285714
5 0.5260152284263959 0.19678571428571426 0.0317258883248731 0.012142857142857141
5 0.5228426395939086 0.19357142857142856 0.027918781725888325 0.011428571428571429
5 0.5184010152284264 0.18642857142857142 0.026649746192893398 0.01
5 0.5234771573604061 0.22107142857142856 0.013959390862944163 0.013571428571428571
5 0.5139593908629442 0.22642857142857142 0.01269035532994924 0.017142857142857144
5 0.5019035532994923 0.22857142857142856 0.011421319796954314 0.014285714285714285
5 0.48921319796954316 0.22892857142857143 0.013959390862944163 0.015000000000000001
5 0.4727157360406091 0.23035714285714287 0.013959390862944163 0.015000000000000001
11 0.39784263959390864 0.245 0.0901015228426396 0.030000000000000002
3 0.46129441624365486 0.2828571428571428 0.03426395939086294 0.025714285714285714
3 0.42258883248730966 0.2810714285714286 0.03553299492385787 0.027857142857142858
3 0.38261421319796957 0.285 0.0317258883248731 0.022857142857142857
3 0.3883248730964467 0.31142857142857144 0.03299492385786802 0.02857142857142857
3 0.2214467005076142 0.3025 0.03426395939086294 0.02214285714285714
3 0.1782994923857868 0.305 0.03934010152284264 0.03142857142857143
3 0.3013959390862944 0.29178571428571426 0.03426395939086294 0.026428571428571426
3 0.34390862944162437 0.2867857142857143 0.03553299492385787 0.026428571428571426
3 0.30583756345177665 0.3225 0.03807106598984771 0.03357142857142857
3 0.2614213197969543 0.29714285714285715 0.03553299492385787 0.025714285714285714
11 0.34581218274111675 0.3107142857142857 0.03426395939086294 0.037142857142857144
11 0.2601522842639594 0.32285714285714284 0.043147208121827416 0.047142857142857146
11 0.1751269035532995 0.3310714285714285 0.03807106598984771 0.034999999999999996