6 0.22904761904761903 0.6510714285714285 0.239047619047619 0.19642857142857142
7 0.7557142857142857 0.4282142857142857 0.021904761904761903 0.02214285714285714
7 0.8052380952380952 0.4082142857142857 0.021904761904761903 0.02214285714285714
7 0.8319047619047618 0.40964285714285714 0.023809523809523805 0.020714285714285713
7 0.46904761904761905 0.24107142857142858 0.014285714285714285 0.020714285714285713
7 0.478095238095238 0.24321428571428572 0.011428571428571429 0.020714285714285713
7 0.5661904761904761 0.1332142857142857 0.008571428571428572 0.019285714285714285
7 0.5519047619047619 0.13464285714285715 0.010476190476190476 0.017857142857142856
7 0.5595238095238094 0.13392857142857142 0.010476190476190476 0.020714285714285713
7 0.6223809523809524 0.09964285714285714 0.008571428571428572 0.019285714285714285
7 0.6276190476190476 0.09642857142857143 0.009523809523809523 0.017142857142857144
7 0.5671428571428572 0.0175 0.008571428571428572 0.016428571428571428
7 0.5566666666666666 0.013571428571428571 0.008571428571428572 0.015714285714285715
7 0.5619047619047619 0.011428571428571429 0.007619047619047619 0.012857142857142857
5 0.488095238095238 0.011428571428571429 0.01238095238095238 0.011428571428571429
8 0.4860714285714286 0.005714285714285714 0.0064285714285714285 0.011428571428571429