3 0.8274582560296845 0.30323590814196244 0.03896103896103896 0.03757828810020877
3 0.9197588126159554 0.3131524008350731 0.04545454545454545 0.03549060542797495
3 0.9805194805194805 0.2118997912317328 0.03525046382189239 0.027139874739039668
3 0.9025974025974025 0.24034446764091863 0.03896103896103896 0.03392484342379959
3 0.8719851576994434 0.21816283924843427 0.05380333951762523 0.027139874739039668
3 0.7323747680890538 0.22312108559498958 0.04545454545454545 0.028705636743215034
3 0.4257884972170686 0.11403966597077246 0.03896103896103896 0.023486430062630483
3 0.43552875695732834 0.14587682672233823 0.04545454545454545 0.024530271398747392
7 0.1883116883116883 0.09237995824634657 0.012987012987012986 0.011482254697286014
3 0.10018552875695733 0.12265135699373696 0.06307977736549165 0.02192066805845512
8 0.039424860853432275 0.027661795407098125 0.008348794063079777 0.008350730688935283
1 0.0422077922077922 0.03183716075156577 0.02133580705009276 0.005219206680584551
9 0.10204081632653061 0.013830897703549063 0.02968460111317254 0.006784968684759917
8 0.09369202226345083 0.010699373695198331 0.009276437847866418 0.008872651356993737
5 0.2704081632653061 0.013569937369519834 0.01948051948051948 0.005219206680584551
8 0.26948051948051943 0.011482254697286014 0.008348794063079777 0.0062630480167014625