3 0.22142857142857142 0.6614285714285715 0.4409523809523809 0.1757142857142857
3 0.519047619047619 0.5567857142857143 0.24 0.12928571428571428
3 0.689047619047619 0.5003571428571428 0.1819047619047619 0.09214285714285714
3 0.8152380952380952 0.4492857142857143 0.1352380952380952 0.06428571428571428
3 0.8923809523809523 0.42392857142857143 0.10666666666666666 0.060714285714285714
3 0.9628571428571429 0.4033333333333333 0.07428571428571429 0.0380952380952381
3 0.9953571428571428 0.38952380952380955 0.009285714285714286 0.03619047619047619
3 0.97 0.37523809523809526 0.06 0.03619047619047619
3 0.9228571428571428 0.37107142857142855 0.08571428571428572 0.027857142857142858
3 0.9219047619047618 0.3632142857142857 0.08761904761904761 0.03357142857142857
3 0.8247619047619047 0.35428571428571426 0.07619047619047618 0.03142857142857143
3 0.9953571428571428 0.36428571428571427 0.009285714285714286 0.022857142857142857