3 0.7742857142857142 0.6596428571428572 0.08571428571428572 0.05071428571428571
3 0.5819047619047619 0.6507142857142857 0.03428571428571429 0.054285714285714284
3 0.48666666666666664 0.5967857142857143 0.07809523809523809 0.029285714285714286
8 0.04761904761904761 0.6642857142857143 0.011428571428571429 0.007142857142857143
8 0.06619047619047619 0.6628571428571428 0.014285714285714285 0.007142857142857143
8 0.07476190476190475 0.6492857142857142 0.014285714285714285 0.01
3 0.2795238095238095 0.6614285714285715 0.07523809523809523 0.05
3 0.3038095238095238 0.6842857142857143 0.07047619047619047 0.045714285714285714
5 0.3457142857142857 0.6514285714285715 0.022857142857142857 0.015714285714285715
11 0.22761904761904758 0.5817857142857142 0.05142857142857143 0.05357142857142857
3 0.18571428571428572 0.5021428571428571 0.05142857142857143 0.05
8 0.30952380952380953 0.5639285714285714 0.011428571428571429 0.007857142857142858
8 0.38809523809523805 0.5557142857142857 0.01238095238095238 0.008571428571428572
8 0.38571428571428573 0.5442857142857143 0.011428571428571429 0.008571428571428572
8 0.4157142857142857 0.5439285714285714 0.01619047619047619 0.007857142857142858
8 0.409047619047619 0.5592857142857143 0.014285714285714285 0.007142857142857143
8 0.5038095238095237 0.5196428571428572 0.011428571428571429 0.007857142857142858
8 0.509047619047619 0.5096428571428572 0.01238095238095238 0.007857142857142858
8 0.5019047619047619 0.5017857142857143 0.009523809523809523 0.0064285714285714285
8 0.4876190476190476 0.4942857142857143 0.011428571428571429 0.01
8 0.47714285714285715 0.49642857142857144 0.011428571428571429 0.008571428571428572
8 0.5342857142857143 0.5060714285714286 0.009523809523809523 0.0064285714285714285
8 0.5557142857142857 0.5107142857142857 0.010476190476190476 0.01
8 0.4785714285714286 0.4710714285714286 0.010476190476190476 0.0064285714285714285
8 0.49047619047619045 0.46714285714285714 0.009523809523809523 0.008571428571428572
8 0.5866666666666666 0.46464285714285714 0.011428571428571429 0.007857142857142858
8 0.5885714285714285 0.4757142857142857 0.011428571428571429 0.008571428571428572
8 0.5995238095238095 0.47928571428571426 0.010476190476190476 0.01
8 0.6104761904761904 0.46714285714285714 0.009523809523809523 0.007142857142857143
8 0.6 0.4610714285714286 0.009523809523809523 0.0064285714285714285
8 0.5757142857142857 0.45321428571428574 0.010476190476190476 0.0064285714285714285
8 0.5738095238095238 0.44 0.010476190476190476 0.007142857142857143
8 0.5961904761904762 0.435 0.009523809523809523 0.007142857142857143
8 0.5838095238095238 0.4342857142857143 0.009523809523809523 0.007142857142857143
7 0.6452380952380952 0.4275 0.01238095238095238 0.009285714285714286
3 0.689047619047619 0.5210714285714285 0.035238095238095235 0.035
8 0.67 0.42714285714285716 0.010476190476190476 0.01
8 0.6828571428571428 0.42214285714285715 0.011428571428571429 0.007142857142857143
8 0.6861904761904761 0.4525 0.010476190476190476 0.007857142857142858
8 0.6966666666666667 0.4521428571428571 0.010476190476190476 0.007142857142857143
8 0.6995238095238094 0.4442857142857143 0.010476190476190476 0.007142857142857143
8 0.6947619047619047 0.43714285714285717 0.010476190476190476 0.007142857142857143
7 0.7233333333333333 0.43535714285714283 0.018095238095238095 0.010714285714285714
8 0.7338095238095238 0.42392857142857143 0.01238095238095238 0.007857142857142858
8 0.749047619047619 0.4235714285714286 0.010476190476190476 0.008571428571428572
8 0.7433333333333332 0.415 0.014285714285714285 0.008571428571428572
8 0.7961904761904761 0.46 0.013333333333333332 0.007142857142857143
7 0.7961904761904761 0.4517857142857143 0.009523809523809523 0.007857142857142858
5 0.8142857142857143 0.4575 0.02095238095238095 0.02214285714285714
5 0.8323809523809523 0.45107142857142857 0.019047619047619046 0.019285714285714285
5 0.8547619047619046 0.44892857142857145 0.025714285714285714 0.016428571428571428
7 0.7947619047619047 0.42607142857142855 0.01238095238095238 0.012142857142857143
7 0.85 0.41928571428571426 0.01238095238095238 0.011428571428571429
8 0.768095238095238 0.40535714285714286 0.010476190476190476 0.0064285714285714285
8 0.8042857142857143 0.39035714285714285 0.01238095238095238 0.007857142857142858
8 0.8114285714285714 0.3982142857142857 0.013333333333333332 0.0064285714285714285
8 0.82 0.3846428571428571 0.009523809523809523 0.009285714285714286
8 0.8285714285714286 0.39 0.009523809523809523 0.007142857142857143
8 0.8090476190476189 0.3807142857142857 0.008571428571428572 0.007142857142857143
8 0.8423809523809523 0.33071428571428574 0.010476190476190476 0.007142857142857143
8 0.8533333333333333 0.34 0.013333333333333332 0.008571428571428572
8 0.8785714285714286 0.3360714285714286 0.01238095238095238 0.007857142857142858
8 0.8838095238095237 0.34214285714285714 0.011428571428571429 0.008571428571428572
3 0.8885714285714286 0.4257142857142857 0.06666666666666667 0.04
5 0.9647619047619046 0.4060714285714286 0.026666666666666665 0.017857142857142856
7 0.9404761904761904 0.38357142857142856 0.01619047619047619 0.011428571428571429
8 0.9219047619047618 0.32821428571428574 0.013333333333333332 0.010714285714285714
8 0.9242857142857143 0.31892857142857145 0.010476190476190476 0.007857142857142858
8 0.9347619047619047 0.3289285714285714 0.010476190476190476 0.009285714285714286
8 0.9380952380952381 0.3196428571428571 0.011428571428571429 0.007857142857142858
8 0.9052380952380952 0.29714285714285715 0.01238095238095238 0.007142857142857143
8 0.9185714285714286 0.29964285714285716 0.01238095238095238 0.007857142857142858
7 0.9223809523809523 0.2732142857142857 0.01238095238095238 0.012142857142857143
7 0.9323809523809523 0.2710714285714286 0.009523809523809523 0.013571428571428571
8 0.9909523809523809 0.24607142857142858 0.010476190476190476 0.0064285714285714285
8 0.9838095238095238 0.26535714285714285 0.009523809523809523 0.0064285714285714285
8 0.9885714285714285 0.27071428571428574 0.009523809523809523 0.007142857142857143
8 0.9847619047619046 0.27785714285714286 0.011428571428571429 0.008571428571428572
8 0.9695238095238095 0.2760714285714286 0.013333333333333332 0.010714285714285714
8 0.9709523809523809 0.2646428571428571 0.01619047619047619 0.009285714285714286
8 0.9619047619047618 0.30142857142857143 0.011428571428571429 0.008571428571428572
8 0.9590476190476189 0.3125 0.013333333333333332 0.010714285714285714
8 0.9738095238095238 0.30428571428571427 0.010476190476190476 0.007142857142857143
8 0.9847619047619046 0.3175 0.009523809523809523 0.007857142857142858
8 0.9738095238095238 0.3271428571428571 0.01238095238095238 0.008571428571428572
8 0.9347619047619047 0.29214285714285715 0.010476190476190476 0.01
8 0.9495238095238094 0.29642857142857143 0.009523809523809523 0.007142857142857143
8 0.9571428571428572 0.2932142857142857 0.009523809523809523 0.007857142857142858
8 0.9552380952380952 0.28714285714285714 0.011428571428571429 0.008571428571428572