3 0.8176190476190475 0.7260714285714286 0.09619047619047619 0.04642857142857143
3 0.6147619047619047 0.7342857142857143 0.09238095238095237 0.03
3 0.6166666666666666 0.6982142857142857 0.09238095238095237 0.039285714285714285
7 0.7719047619047618 0.6496428571428572 0.014285714285714285 0.02214285714285714
3 0.5819047619047619 0.5275 0.08761904761904761 0.03357142857142857
7 0.7314285714285714 0.5217857142857143 0.009523809523809523 0.015
3 0.5795238095238094 0.4992857142857143 0.09047619047619047 0.03428571428571429
3 0.5866666666666666 0.4675 0.0838095238095238 0.030714285714285715
7 0.7457142857142857 0.4853571428571429 0.009523809523809523 0.015
7 0.7147619047619047 0.4521428571428571 0.01238095238095238 0.015714285714285715
5 0.7323809523809524 0.4607142857142857 0.011428571428571429 0.02142857142857143
4 0.5976190476190476 0.3875 0.04857142857142857 0.09642857142857143
7 0.7333333333333332 0.38321428571428573 0.009523809523809523 0.017857142857142856
7 0.7204761904761905 0.36857142857142855 0.008571428571428572 0.018571428571428572
7 0.7147619047619047 0.29964285714285716 0.010476190476190476 0.016428571428571428
8 0.6257142857142857 0.2925 0.013333333333333332 0.010714285714285714
8 0.6247619047619047 0.2864285714285714 0.013333333333333332 0.008571428571428572
3 0.5904761904761905 0.26857142857142857 0.06476190476190476 0.025714285714285714
3 0.5995238095238095 0.25035714285714283 0.056190476190476187 0.023571428571428573
3 0.5995238095238095 0.23357142857142857 0.050476190476190466 0.02
3 0.5995238095238095 0.22 0.05809523809523809 0.02
3 0.6014285714285714 0.20464285714285715 0.054285714285714284 0.019285714285714285
3 0.5976190476190476 0.19035714285714286 0.052380952380952375 0.025
3 0.6014285714285714 0.1742857142857143 0.054285714285714284 0.02
3 0.6023809523809524 0.15892857142857142 0.04857142857142857 0.02214285714285714
3 0.6076190476190476 0.14785714285714285 0.05333333333333333 0.02
3 0.6728571428571428 0.20607142857142857 0.027619047619047616 0.030714285714285715
7 0.7161904761904762 0.24 0.007619047619047619 0.015714285714285715
1 0.6795238095238094 0.16071428571428573 0.006666666666666666 0.017142857142857144
8 0.6785714285714286 0.15821428571428572 0.006666666666666666 0.010714285714285714
7 0.6871428571428572 0.1475 0.008571428571428572 0.013571428571428571
3 0.6595238095238095 0.03 0.02 0.017142857142857144
7 0.6838095238095238 0.595 0.019047619047619046 0.037142857142857144