7 0.062 0.5095 0.04533333333333333 0.03
7 0.17066666666666666 0.54375 0.029333333333333333 0.0355
8 0.15833333333333333 0.4815 0.03266666666666666 0.028
8 0.168 0.475 0.022666666666666665 0.024
5 0.161 0.4915 0.042 0.042
11 0.29166666666666663 0.673 0.20066666666666666 0.091
11 0.04225 0.5916666666666667 0.0845 0.12133333333333333
3 0.90775 0.6866666666666666 0.1845 0.08933333333333333
3 0.99075 0.728 0.0185 0.043333333333333335
7 0.964 0.213 0.014666666666666666 0.026
7 0.9766666666666667 0.21675 0.013333333333333332 0.0235
7 0.9793333333333333 0.22225 0.017333333333333333 0.0255
7 0.9633333333333333 0.2225 0.018666666666666665 0.027
11 0.6536666666666666 0.269 0.09133333333333332 0.046
11 0.5886666666666667 0.29325 0.10266666666666666 0.0555
3 0.309 0.225 0.062 0.042
3 0.2 0.27475 0.10533333333333333 0.0515
3 0.254 0.28675 0.108 0.0495
11 0.11466666666666665 0.12475 0.05466666666666666 0.0265
11 0.07133333333333333 0.138 0.06533333333333333 0.033
11 0.10533333333333333 0.1465 0.05466666666666666 0.03
11 0.13166666666666665 0.155 0.07 0.036
11 0.02875 0.16266666666666665 0.0575 0.03333333333333333
10 0.08166666666666665 0.17025 0.078 0.0335
11 0.6803333333333332 0.06975 0.048666666666666664 0.0255
11 0.7276666666666667 0.05525 0.04733333333333333 0.0245
7 0.154 0.12675 0.009333333333333332 0.0155
7 0.1723333333333333 0.12125 0.007333333333333333 0.0155
7 0.18 0.12075 0.010666666666666666 0.0155
7 0.056666666666666664 0.10375 0.014666666666666666 0.0195
8 0.07233333333333333 0.10625 0.01 0.0135
7 0.032 0.1695 0.021333333333333333 0.024
7 0.033666666666666664 0.175 0.011333333333333332 0.012
7 0.041333333333333326 0.27875 0.032 0.0265
7 0.06766666666666665 0.28175 0.020666666666666663 0.0255
8 0.25666666666666665 0.31175 0.024 0.0245
7 0.31966666666666665 0.23875 0.016666666666666663 0.0265
7 0.3306666666666666 0.23525 0.014666666666666666 0.0235
8 0.3236666666666666 0.229 0.006 0.011
7 0.38 0.242 0.012 0.02
7 0.4333333333333333 0.179 0.014666666666666666 0.023
7 0.42766666666666664 0.17575 0.014 0.0255
7 0.388 0.1745 0.013333333333333332 0.022
8 0.4006666666666666 0.18325 0.014666666666666666 0.0145
7 0.37766666666666665 0.1665 0.015333333333333332 0.021
7 0.4646666666666666 0.172 0.010666666666666666 0.023
7 0.48833333333333334 0.159 0.007333333333333333 0.015
7 0.548 0.15125 0.012 0.0195
7 0.5573333333333332 0.142 0.009333333333333332 0.024
7 0.5756666666666667 0.13475 0.007333333333333333 0.0205
7 0.7036666666666667 0.18 0.007333333333333333 0.022
7 0.5056666666666666 0.1315 0.011333333333333332 0.021
7 0.5206666666666666 0.1075 0.009333333333333332 0.018
7 0.5563333333333332 0.1105 0.006 0.013
7 0.5626666666666666 0.1065 0.009333333333333332 0.021
7 0.5833333333333333 0.13475 0.010666666666666666 0.0155
7 0.5406666666666666 0.12825 0.009333333333333332 0.0205
7 0.5303333333333332 0.1315 0.007333333333333333 0.022
7 0.631 0.06525 0.008666666666666666 0.0185
7 0.6423333333333333 0.06775 0.008666666666666666 0.0175
7 0.741 0.034 0.007333333333333333 0.015
7 0.7343333333333333 0.03275 0.007333333333333333 0.0165
7 0.736 0.04275 0.005333333333333333 0.0105
7 0.7693333333333332 0.188 0.013333333333333332 0.022
7 0.8706666666666666 0.19625 0.010666666666666666 0.0245
7 0.8876666666666666 0.197 0.011333333333333332 0.025
8 0.924 0.211 0.016 0.016
8 0.84 0.19425 0.018666666666666665 0.0185
8 0.4623333333333333 0.1455 0.014 0.018
8 0.573 0.15475 0.012666666666666666 0.0215
8 0.3683333333333333 0.15425 0.015333333333333332 0.0155
7 0.7403333333333333 0.17725 0.01 0.0185
7 0.3306666666666666 0.1795 0.02 0.021
7 0.303 0.19725 0.015333333333333332 0.0195
7 0.3093333333333333 0.1385 0.013333333333333332 0.018
7 0.3313333333333333 0.1425 0.012 0.018
7 0.4543333333333333 0.13625 0.01 0.0195
7 0.4626666666666666 0.13375 0.010666666666666666 0.0215
7 0.6223333333333333 0.17525 0.008666666666666666 0.0195
7 0.6416666666666666 0.17825 0.01 0.0195
7 0.68 0.181 0.009333333333333332 0.023
7 0.6936666666666667 0.184 0.01 0.018
7 0.782 0.183 0.009333333333333332 0.022
7 0.814 0.20425 0.010666666666666666 0.0215
7 0.8246666666666667 0.20075 0.010666666666666666 0.0245
7 0.5666666666666667 0.08075 0.009333333333333332 0.0185
8 0.6373333333333333 0.0545 0.006666666666666666 0.013
7 0.6633333333333332 0.065 0.008 0.016
8 0.519 0.126 0.01 0.015
8 0.527 0.124 0.008666666666666666 0.016
8 0.5743333333333333 0.10975 0.012666666666666666 0.0175
8 0.6016666666666667 0.11725 0.011333333333333332 0.0155
8 0.603 0.11675 0.006 0.0105
8 0.514 0.1485 0.014666666666666666 0.02
7 0.38366666666666666 0.153 0.011333333333333332 0.018
7 0.38366666666666666 0.16075 0.015333333333333332 0.0165
7 0.488 0.15425 0.009333333333333332 0.0205
7 0.5493333333333332 0.1415 0.009333333333333332 0.02
8 0.5706666666666667 0.1185 0.009333333333333332 0.017
7 0.3516666666666666 0.1755 0.008666666666666666 0.016
7 0.36133333333333334 0.1735 0.009333333333333332 0.018
8 0.723 0.31175 0.018 0.0235
8 0.74 0.30775 0.012 0.0145
8 0.7226666666666667 0.3195 0.018666666666666665 0.019
8 0.7406666666666666 0.3175 0.016 0.017
8 0.5996666666666667 0.342 0.022 0.018
9 0.818 0.291 0.072 0.03
9 0.9136666666666666 0.30825 0.07533333333333334 0.0255
5 0.7406666666666666 0.28475 0.024 0.0265
5 0.76 0.28725 0.022666666666666665 0.0255
5 0.523 0.27875 0.028666666666666663 0.0205
5 0.47333333333333333 0.32275 0.026666666666666665 0.0285
5 0.4666666666666666 0.35275 0.018666666666666665 0.0295
1 0.4523333333333333 0.34475 0.020666666666666663 0.0205
5 0.572 0.24425 0.04 0.0185
1 0.841 0.16 0.03 0.014
5 0.8033333333333332 0.18475 0.028 0.0195
9 0.8203333333333332 0.17275 0.028666666666666663 0.0195
9 0.84 0.1755 0.025333333333333333 0.02
5 0.4506666666666666 0.1525 0.014666666666666666 0.017
5 0.3683333333333333 0.15675 0.020666666666666663 0.0105
5 0.5053333333333333 0.11225 0.021333333333333333 0.0135
1 0.539 0.11175 0.011333333333333332 0.0155
1 0.5333333333333332 0.09075 0.025333333333333333 0.0155
1 0.4503333333333333 0.13325 0.02333333333333333 0.0155
4 0.47933333333333333 0.12025 0.012 0.0125
1 0.648 0.05075 0.013333333333333332 0.0115
4 0.69 0.04025 0.025333333333333333 0.0245
4 0.7073333333333333 0.0305 0.044 0.022
4 0.7283333333333333 0.01575 0.034 0.0115
7 0.6416666666666666 0.06575 0.007333333333333333 0.0155
5 0.5283333333333332 0.12825 0.024666666666666663 0.0135
5 0.5136666666666666 0.153 0.01933333333333333 0.015
5 0.5736666666666667 0.15825 0.01933333333333333 0.0175
5 0.2573333333333333 0.31675 0.036 0.0235