5 0.9271428571428572 0.6439285714285714 0.04285714285714286 0.04642857142857143
8 0.9257142857142857 0.635 0.026666666666666665 0.024285714285714285
7 0.8904761904761904 0.42 0.009523809523809523 0.022857142857142857
7 0.8985714285714286 0.41714285714285715 0.010476190476190476 0.022857142857142857
7 0.81 0.4075 0.014285714285714285 0.027857142857142858
7 0.8204761904761904 0.4025 0.01238095238095238 0.023571428571428573
7 0.8257142857142857 0.3982142857142857 0.013333333333333332 0.02642857142857143
7 0.7547619047619046 0.3985714285714286 0.01619047619047619 0.025714285714285714
7 0.7623809523809524 0.3896428571428571 0.014285714285714285 0.025
7 0.768095238095238 0.38392857142857145 0.01619047619047619 0.020714285714285713
7 0.770952380952381 0.3825 0.01619047619047619 0.023571428571428573
7 0.7385714285714285 0.38035714285714284 0.01619047619047619 0.025
7 0.7414285714285714 0.37464285714285717 0.014285714285714285 0.02214285714285714
7 0.7157142857142857 0.3757142857142857 0.018095238095238095 0.024285714285714285
7 0.6338095238095237 0.34714285714285714 0.010476190476190476 0.02142857142857143
7 0.6352380952380952 0.32357142857142857 0.013333333333333332 0.022857142857142857
7 0.6461904761904762 0.32321428571428573 0.01238095238095238 0.02214285714285714
7 0.6228571428571429 0.30964285714285716 0.013333333333333332 0.017857142857142856
7 0.4642857142857143 0.25857142857142856 0.008571428571428572 0.011428571428571429
7 0.47047619047619044 0.2571428571428571 0.011428571428571429 0.018571428571428572
7 0.4152380952380952 0.24107142857142858 0.009523809523809523 0.013571428571428571
7 0.379047619047619 0.22607142857142856 0.009523809523809523 0.015
7 0.39285714285714285 0.225 0.006666666666666666 0.014285714285714285
7 0.3966666666666666 0.23142857142857143 0.006666666666666666 0.012857142857142857
7 0.3985714285714286 0.2282142857142857 0.008571428571428572 0.015
7 0.5814285714285714 0.21107142857142858 0.010476190476190476 0.012142857142857143
7 0.3447619047619047 0.21571428571428572 0.007619047619047619 0.011428571428571429
7 0.3485714285714286 0.21535714285714286 0.005714285714285714 0.015
7 0.35714285714285715 0.2125 0.007619047619047619 0.010714285714285714
7 0.3619047619047619 0.21214285714285713 0.009523809523809523 0.014285714285714285
7 0.14619047619047618 0.3246428571428571 0.014285714285714285 0.019285714285714285
7 0.1357142857142857 0.32107142857142856 0.01619047619047619 0.019285714285714285
7 0.15333333333333332 0.2042857142857143 0.007619047619047619 0.011428571428571429
7 0.16952380952380952 0.2 0.009523809523809523 0.011428571428571429
10 0.2509523809523809 0.21285714285714286 0.12476190476190475 0.03
7 0.10666666666666666 0.16857142857142857 0.005714285714285714 0.008571428571428572
7 0.1119047619047619 0.15285714285714286 0.0047619047619047615 0.007142857142857143
7 0.12476190476190475 0.13607142857142857 0.005714285714285714 0.0064285714285714285