10 0.934010152284264 0.39678571428571424 0.053299492385786795 0.0707142857142857
3 0.9390862944162437 0.34928571428571425 0.03299492385786802 0.032857142857142856
11 0.9378172588832486 0.3171428571428571 0.03299492385786802 0.03428571428571429
3 0.9371827411167514 0.29214285714285715 0.0317258883248731 0.025714285714285714
3 0.9397208121827412 0.2632142857142857 0.0317258883248731 0.03214285714285715
3 0.8223350253807106 0.18928571428571428 0.027918781725888325 0.022857142857142857
3 0.8305837563451777 0.1107142857142857 0.04187817258883249 0.011428571428571429
3 0.9657360406091371 0.09285714285714285 0.03299492385786802 0.012857142857142857
3 0.9422588832487309 0.08571428571428572 0.01649746192893401 0.011428571428571429
3 0.9435279187817259 0.07428571428571429 0.024111675126903553 0.015714285714285715
3 0.9397208121827412 0.06357142857142857 0.01649746192893401 0.011428571428571429
3 0.9378172588832486 0.052142857142857144 0.015228426395939087 0.012857142857142857
11 0.9390862944162437 0.044642857142857144 0.015228426395939087 0.012142857142857141