3 0.07095238095238095 0.26857142857142857 0.04476190476190476 0.02857142857142857
3 0.2533333333333333 0.46785714285714286 0.07428571428571429 0.06142857142857143
3 0.19857142857142857 0.4082142857142857 0.0638095238095238 0.047857142857142855
3 0.44571428571428573 0.48964285714285716 0.11428571428571428 0.075
3 0.35285714285714287 0.33535714285714285 0.07142857142857142 0.04071428571428572
3 0.3938095238095238 0.3217857142857143 0.05809523809523809 0.035
3 0.8157142857142857 0.3217857142857143 0.05809523809523809 0.039285714285714285
3 0.779047619047619 0.3067857142857143 0.05714285714285714 0.03214285714285714
3 0.7357142857142858 0.2910714285714286 0.05809523809523809 0.03214285714285714
3 0.7023809523809523 0.2757142857142857 0.054285714285714284 0.02857142857142857
3 0.16 0.3678571428571429 0.045714285714285714 0.04285714285714286
3 0.13142857142857142 0.335 0.045714285714285714 0.037142857142857144
3 0.35285714285714287 0.42142857142857143 0.1038095238095238 0.055714285714285716
3 0.5809523809523809 0.2557142857142857 0.06476190476190476 0.03
3 0.6666666666666666 0.26785714285714285 0.045714285714285714 0.032857142857142856
3 0.8719047619047618 0.3460714285714286 0.054285714285714284 0.04071428571428572
3 0.5480952380952381 0.26357142857142857 0.056190476190476187 0.032857142857142856
11 0.4085714285714286 0.44035714285714284 0.10476190476190475 0.065
11 0.043809523809523805 0.24392857142857144 0.043809523809523805 0.02642857142857143
5 0.5533333333333333 0.22178571428571428 0.019047619047619046 0.016428571428571428
5 0.5785714285714286 0.2282142857142857 0.018095238095238095 0.013571428571428571
5 0.6561904761904762 0.2425 0.017142857142857144 0.020714285714285713
5 0.6466666666666666 0.2225 0.017142857142857144 0.019285714285714285
5 0.28 0.31107142857142855 0.019047619047619046 0.016428571428571428
5 0.28238095238095234 0.3296428571428571 0.02 0.020714285714285713
11 0.7852380952380952 0.47035714285714286 0.0676190476190476 0.05357142857142857
5 0.7161904761904762 0.5225 0.02095238095238095 0.04071428571428572
8 0.7185714285714285 0.5185714285714286 0.01619047619047619 0.017142857142857144
5 0.7909523809523809 0.28 0.023809523809523805 0.017142857142857144
5 0.7142857142857143 0.2571428571428571 0.013333333333333332 0.014285714285714285
4 0.7138095238095238 0.23785714285714285 0.052380952380952375 0.022857142857142857
11 0.9717857142857143 0.22 0.056428571428571425 0.037142857142857144
5 0.9823809523809524 0.24285714285714285 0.023809523809523805 0.014285714285714285