3 0.39749536178107603 0.26356993736951984 0.05844155844155843 0.016701461377870565
3 0.814935064935065 0.2745302713987474 0.05844155844155843 0.017745302713987474
3 0.948051948051948 0.2732254697286013 0.055658627087198514 0.016179540709812108
3 0.8158627087198516 0.26565762004175364 0.04916512059369202 0.013569937369519834
3 0.8441558441558441 0.2523486430062631 0.05380333951762523 0.01722338204592902
3 0.8608534322820037 0.24399791231732776 0.05009276437847866 0.01304801670146138
3 0.8719851576994434 0.23903966597077247 0.05380333951762523 0.011482254697286014
3 0.8831168831168831 0.22807933194154492 0.04267161410018552 0.012526096033402925
3 0.8961038961038961 0.22259916492693113 0.04267161410018552 0.01096033402922756
3 0.9114100185528756 0.21450939457202509 0.04359925788497217 0.012526096033402925
11 0.9762526096033403 0.24628942486085342 0.04749478079331942 0.016697588126159554
11 0.9828385899814471 0.17145093945720252 0.03061224489795918 0.009916492693110648
3 0.9832985386221295 0.1660482374768089 0.033402922755741124 0.00927643784786642
4 0.9916492693110647 0.22356215213358072 0.016701461377870562 0.017625231910946195