3 0.74582560296846 0.49112734864300633 0.1447124304267161 0.048016701461377875
3 0.5964749536178108 0.48251565762004184 0.14285714285714285 0.038100208768267224
11 0.7495361781076066 0.44389352818371614 0.14285714285714285 0.03288100208768267
11 0.7453617810760667 0.41388308977035493 0.12708719851576994 0.03444676409185804
11 0.7495361781076066 0.3833507306889353 0.1261595547309833 0.036012526096033406
3 0.75 0.3008872651356994 0.15120593692022263 0.038100208768267224
3 0.6558441558441559 0.24921711899791235 0.15027829313543598 0.036012526096033406
7 0.7059369202226344 0.23042797494780795 0.04081632653061224 0.009916492693110648
5 0.6827458256029684 0.1985908141962422 0.04081632653061224 0.021398747390396662
0 0.7374768089053803 0.33950939457202506 0.10018552875695733 0.036012526096033406
0 0.5653988868274583 0.3494258872651357 0.10296846011131726 0.028705636743215034
0 0.5565862708719851 0.3246346555323591 0.10946196660482374 0.024008350730688938
3 0.7871057513914657 0.05193110647181629 0.12152133580705009 0.04749478079331942
11 0.6354359925788498 0.05219206680584552 0.1280148423005566 0.04175365344467641
11 0.6233766233766234 0.01722338204592902 0.12244897959183672 0.03340292275574113
11 0.7518267223382046 0.013914656771799629 0.13622129436325678 0.027829313543599257