3 0.022857142857142857 0.6128571428571429 0.0419047619047619 0.06428571428571428
3 0.06619047619047619 0.6110714285714286 0.04666666666666666 0.056428571428571425
3 0.10952380952380951 0.6117857142857143 0.043809523809523805 0.065
3 0.1719047619047619 0.6285714285714286 0.09047619047619047 0.03142857142857143
3 0.4295238095238095 0.6335714285714286 0.07809523809523809 0.02857142857142857
3 0.6609523809523808 0.6482142857142857 0.04 0.06357142857142857
7 0.08476190476190476 0.5346428571428572 0.026666666666666665 0.010714285714285714
1 0.024285714285714285 0.5267857142857143 0.037142857142857144 0.009285714285714286
8 0.019047619047619046 0.5267857142857143 0.02095238095238095 0.007857142857142858
5 0.09142857142857143 0.4446428571428571 0.03619047619047619 0.009285714285714286
9 0.07428571428571429 0.41535714285714287 0.04761904761904761 0.017857142857142856
7 0.32571428571428573 0.5214285714285715 0.017142857142857144 0.01
7 0.3080952380952381 0.5203571428571429 0.018095238095238095 0.007857142857142858
5 0.25285714285714284 0.5246428571428572 0.02952380952380952 0.010714285714285714
3 0.48 0.4525 0.07809523809523809 0.02642857142857143
11 0.030476190476190476 0.27714285714285714 0.04761904761904761 0.05285714285714286
3 0.07904761904761905 0.2832142857142857 0.04 0.055
3 0.11476190476190476 0.2767857142857143 0.04285714285714286 0.056428571428571425
3 0.1519047619047619 0.28214285714285714 0.04285714285714286 0.05285714285714286
3 0.0175 0.17761904761904762 0.035 0.039047619047619046
5 0.19619047619047617 0.16142857142857142 0.02095238095238095 0.02
7 0.2652380952380952 0.20464285714285715 0.021904761904761903 0.012142857142857143
7 0.30142857142857143 0.19071428571428573 0.018095238095238095 0.011428571428571429
7 0.3157142857142857 0.17964285714285713 0.01619047619047619 0.012142857142857143
7 0.31142857142857144 0.20642857142857143 0.017142857142857144 0.008571428571428572
7 0.3252380952380952 0.20285714285714285 0.01619047619047619 0.01
7 0.3557142857142857 0.2075 0.014285714285714285 0.010714285714285714
7 0.2776190476190476 0.24285714285714285 0.01619047619047619 0.01
3 0.319047619047619 0.22392857142857142 0.07619047619047618 0.030714285714285715
6 0.35238095238095235 0.2735714285714286 0.03238095238095238 0.047142857142857146
3 0.3904761904761905 0.2789285714285714 0.03428571428571429 0.05071428571428571
3 0.42809523809523803 0.2782142857142857 0.03333333333333333 0.055
3 0.4619047619047619 0.2739285714285714 0.02857142857142857 0.052142857142857144
9 0.6252380952380951 0.24964285714285714 0.04095238095238095 0.017857142857142856
3 0.669047619047619 0.2817857142857143 0.050476190476190466 0.052142857142857144
3 0.728095238095238 0.2835714285714286 0.052380952380952375 0.05142857142857143
7 0.5757142857142857 0.17142857142857143 0.01238095238095238 0.012857142857142857
5 0.6595238095238095 0.18035714285714285 0.014285714285714285 0.02214285714285714
1 0.73 0.19607142857142856 0.01619047619047619 0.019285714285714285
5 0.7438095238095238 0.195 0.009523809523809523 0.022857142857142857
5 0.7514285714285714 0.195 0.009523809523809523 0.02142857142857143
5 0.7619047619047618 0.19428571428571428 0.015238095238095238 0.02
7 0.7604761904761904 0.22142857142857142 0.014285714285714285 0.01
10 0.7057142857142857 0.4157142857142857 0.2057142857142857 0.04285714285714286
5 0.8004761904761903 0.44535714285714284 0.03142857142857143 0.012142857142857143
8 0.8033333333333332 0.44571428571428573 0.01619047619047619 0.011428571428571429
3 0.6766666666666666 0.45714285714285713 0.07523809523809523 0.025714285714285714
3 0.9204761904761903 0.4575 0.08095238095238094 0.025
3 0.708095238095238 0.6557142857142857 0.035238095238095235 0.06142857142857143
11 0.7504761904761904 0.6542857142857142 0.03809523809523809 0.06142857142857143
3 0.79 0.6528571428571428 0.037142857142857144 0.04857142857142857
3 0.8304761904761904 0.655 0.03619047619047619 0.06
3 0.9142857142857143 0.6546428571428572 0.04 0.060714285714285714
3 0.9647619047619046 0.6592857142857143 0.0419047619047619 0.06285714285714286
3 0.9946428571428572 0.6566666666666666 0.010714285714285714 0.05904761904761905
7 0.9442857142857143 0.7067857142857142 0.01238095238095238 0.010714285714285714
7 0.9409523809523809 0.7267857142857143 0.017142857142857144 0.009285714285714286
5 0.7876190476190476 0.1632142857142857 0.015238095238095238 0.02642857142857143
5 0.8671428571428571 0.18357142857142858 0.014285714285714285 0.024285714285714285