8 0.17047619047619048 0.3975 0.03428571428571429 0.029285714285714286
5 0.1742857142857143 0.4010714285714286 0.03619047619047619 0.047857142857142855
3 0.3028571428571429 0.29464285714285715 0.1219047619047619 0.065
3 0.5319047619047619 0.32571428571428573 0.13428571428571429 0.07142857142857142
11 0.6533333333333333 0.14464285714285716 0.09142857142857143 0.052142857142857144
10 0.7947619047619047 0.2717857142857143 0.19142857142857142 0.09214285714285714
5 0.9957142857142857 0.30904761904761907 0.008571428571428572 0.021904761904761906
1 0.9760714285714286 0.28476190476190477 0.047857142857142855 0.039047619047619046
7 0.68 0.3246428571428571 0.013333333333333332 0.03642857142857143
7 0.06904761904761904 0.07857142857142857 0.02 0.03
7 0.05523809523809523 0.08 0.02095238095238095 0.032857142857142856
7 0.48666666666666664 0.20892857142857144 0.017142857142857144 0.03785714285714286
7 0.709047619047619 0.30392857142857144 0.025714285714285714 0.03214285714285714
7 0.7880952380952381 0.24928571428571428 0.023809523809523805 0.025714285714285714
3 0.6247619047619047 0.04214285714285714 0.08571428571428572 0.041428571428571426
3 0.6585714285714286 0.02214285714285714 0.07523809523809523 0.03571428571428571
5 0.012857142857142857 0.07523809523809524 0.025714285714285714 0.029523809523809525
8 0.0075 0.07142857142857142 0.015 0.02
10 0.06047619047619047 0.05071428571428571 0.09809523809523808 0.06
8 0.1661904761904762 0.14107142857142857 0.018095238095238095 0.017857142857142856
8 0.40238095238095234 0.19214285714285714 0.018095238095238095 0.03428571428571429
8 0.5495238095238094 0.24464285714285713 0.017142857142857144 0.03214285714285714
8 0.5823809523809523 0.21321428571428572 0.02 0.023571428571428573
8 0.5271428571428571 0.13857142857142857 0.01619047619047619 0.03142857142857143
8 0.6114285714285714 0.22964285714285715 0.013333333333333332 0.013571428571428571
7 0.71 0.24642857142857144 0.018095238095238095 0.02
7 0.7166666666666666 0.235 0.01238095238095238 0.024285714285714285
7 0.728095238095238 0.22678571428571428 0.01619047619047619 0.025
5 0.7866666666666666 0.19642857142857142 0.04952380952380952 0.02857142857142857
7 0.6604761904761904 0.17714285714285713 0.02 0.027142857142857142
1 0.6823809523809523 0.21285714285714286 0.03333333333333333 0.02857142857142857
1 0.6566666666666666 0.18464285714285714 0.02 0.029285714285714286
9 0.6176190476190476 0.2417857142857143 0.056190476190476187 0.03642857142857143
1 0.5857142857142857 0.2225 0.02476190476190476 0.027857142857142858
1 0.5528571428571428 0.24928571428571428 0.04285714285714286 0.024285714285714285
1 0.5271428571428571 0.14464285714285716 0.03333333333333333 0.02214285714285714
5 0.40380952380952373 0.19642857142857142 0.0419047619047619 0.022857142857142857
5 0.17142857142857143 0.15178571428571427 0.026666666666666665 0.02214285714285714
9 0.5071428571428571 0.07321428571428572 0.05809523809523809 0.030714285714285715
5 0.4785714285714286 0.029285714285714286 0.02 0.02142857142857143
5 0.43 0.04107142857142857 0.025714285714285714 0.016428571428571428
7 0.2957142857142857 0.09964285714285714 0.021904761904761903 0.027857142857142858
7 0.4576190476190476 0.15821428571428572 0.01619047619047619 0.03357142857142857
7 0.4809523809523809 0.15357142857142858 0.017142857142857144 0.03428571428571429
7 0.37857142857142856 0.16 0.02 0.03142857142857143
7 0.3133333333333333 0.1357142857142857 0.019047619047619046 0.027142857142857142
7 0.46047619047619043 0.13428571428571429 0.01238095238095238 0.018571428571428572
7 0.40619047619047616 0.13785714285714284 0.01619047619047619 0.025714285714285714
9 0.3842857142857143 0.1425 0.04666666666666666 0.02642857142857143
9 0.4533333333333333 0.14821428571428572 0.043809523809523805 0.035
9 0.45809523809523806 0.10464285714285715 0.05904761904761904 0.027857142857142858
3 0.7175 0.009523809523809525 0.06571428571428571 0.01904761904761905