11 0.8252380952380952 0.38642857142857145 0.03333333333333333 0.045714285714285714
5 0.8447619047619046 0.1575 0.011428571428571429 0.020714285714285713
5 0.7209523809523809 0.14964285714285713 0.013333333333333332 0.02642857142857143
1 0.9576190476190475 0.6910714285714286 0.035238095238095235 0.023571428571428573
3 0.3757142857142857 0.3532142857142857 0.07523809523809523 0.023571428571428573
7 0.9928571428571429 0.2523809523809524 0.014285714285714285 0.008571428571428572
8 0.9571428571428572 0.6935714285714286 0.015238095238095238 0.012857142857142857
8 0.7209523809523809 0.14714285714285713 0.007619047619047619 0.012857142857142857
8 0.8447619047619046 0.15464285714285714 0.009523809523809523 0.012142857142857143
8 0.6947619047619047 0.15285714285714286 0.008571428571428572 0.011428571428571429
5 0.6942857142857143 0.15571428571428572 0.011428571428571429 0.02