3 0.0819047619047619 0.15357142857142858 0.11238095238095237 0.04
7 0.10523809523809523 0.17857142857142858 0.027619047619047616 0.03857142857142857
3 0.2038095238095238 0.16535714285714287 0.11238095238095237 0.04071428571428572
3 0.17809523809523808 0.19964285714285715 0.1276190476190476 0.04071428571428572
3 0.0938095238095238 0.23035714285714284 0.1495238095238095 0.04357142857142857
3 0.24857142857142858 0.23785714285714285 0.15428571428571428 0.045714285714285714
3 0.0225 0.19857142857142857 0.045 0.03142857142857143
3 0.40809523809523807 0.17 0.07523809523809523 0.04
9 0.4219047619047619 0.25535714285714284 0.0819047619047619 0.03785714285714286
7 0.36047619047619045 0.24 0.027619047619047616 0.02857142857142857
4 0.4 0.12642857142857142 0.04 0.041428571428571426
3 0.478095238095238 0.16142857142857142 0.06857142857142857 0.04
3 0.5542857142857143 0.18928571428571428 0.019047619047619046 0.037142857142857144
3 0.5638095238095238 0.08857142857142856 0.06857142857142857 0.022857142857142857
3 0.608095238095238 0.07857142857142857 0.03333333333333333 0.02857142857142857
3 0.5976190476190476 0.05857142857142857 0.03142857142857143 0.024285714285714285
4 0.5842857142857143 0.11464285714285714 0.035238095238095235 0.030714285714285715
4 0.6019047619047618 0.03321428571428572 0.04 0.02642857142857143
3 0.6438095238095237 0.14392857142857143 0.04761904761904761 0.045
2 0.6685714285714286 0.09964285714285714 0.08 0.08214285714285714
7 0.6466666666666666 0.053214285714285714 0.009523809523809523 0.017857142857142856
3 0.698095238095238 0.05857142857142857 0.02095238095238095 0.017142857142857144
3 0.7461904761904761 0.05785714285714286 0.02952380952380952 0.027142857142857142
3 0.718095238095238 0.048928571428571425 0.030476190476190476 0.025
3 0.7228571428571429 0.03535714285714286 0.026666666666666665 0.016428571428571428
3 0.7228571428571429 0.026071428571428572 0.019047619047619046 0.015
3 0.7857142857142857 0.07035714285714285 0.07047619047619047 0.020714285714285713
2 0.8447619047619046 0.06035714285714286 0.04952380952380952 0.045
4 0.8675 0.01904761904761905 0.02857142857142857 0.0380952380952381
3 0.8866666666666666 0.04928571428571429 0.022857142857142857 0.015714285714285715
3 0.8895238095238095 0.06392857142857143 0.02857142857142857 0.019285714285714285
3 0.8985714285714286 0.085 0.03142857142857143 0.02
3 0.9104761904761903 0.10035714285714285 0.03238095238095238 0.025
3 0.9242857142857143 0.11857142857142858 0.039047619047619046 0.03142857142857143
3 0.9438095238095238 0.14821428571428572 0.043809523809523805 0.03214285714285714
3 0.9652380952380952 0.19 0.056190476190476187 0.041428571428571426
7 0.9104761904761903 0.1825 0.017142857142857144 0.035
7 0.9128571428571428 0.2292857142857143 0.021904761904761903 0.04
7 0.23523809523809522 0.5460714285714285 0.0419047619047619 0.052142857142857144
11 0.2571428571428571 0.6746428571428571 0.27619047619047615 0.14357142857142857