3 0.05466666666666666 0.71125 0.04666666666666666 0.0325
3 0.024333333333333332 0.37825 0.01933333333333333 0.0155
3 0.056 0.39225 0.034666666666666665 0.0135
3 0.106 0.42375 0.024 0.0125
3 0.19 0.45525 0.026666666666666665 0.0145
3 0.23933333333333331 0.47425 0.030666666666666665 0.0155
3 0.2303333333333333 0.45825 0.034 0.0185
3 0.387 0.48325 0.04066666666666666 0.0155
3 0.366 0.457 0.016 0.016
3 0.3886666666666666 0.4455 0.022666666666666665 0.017
3 0.657 0.72625 0.04066666666666666 0.0455
3 0.6496666666666666 0.6755 0.04066666666666666 0.04
11 0.609 0.64125 0.05266666666666667 0.0355
11 0.49966666666666665 0.601 0.03933333333333333 0.027
3 0.558 0.30625 0.02 0.0095
3 0.6196666666666666 0.28525 0.018 0.0105
11 0.5843333333333333 0.2965 0.016666666666666663 0.011
3 0.7733333333333332 0.2635 0.022666666666666665 0.008
3 0.782 0.25675 0.022666666666666665 0.0095
3 0.8063333333333332 0.254 0.018 0.011
3 0.772 0.57175 0.034666666666666665 0.0295
3 0.99625 0.253 0.0075 0.007333333333333333
4 0.033333333333333326 0.162 0.05333333333333333 0.014
3 0.084 0.20025 0.021333333333333333 0.0125
4 0.395 0.11475 0.10066666666666665 0.0095
4 0.5193333333333332 0.10125 0.06 0.0075
4 0.7083333333333333 0.091 0.034 0.029