3 0.757421150278293 0.02609603340292276 0.03617810760667903 0.011482254697286014
3 0.8738404452690166 0.038100208768267224 0.02411873840445269 0.013569937369519834
7 0.8538961038961039 0.03627348643006263 0.0027829313543599257 0.009916492693110648
3 0.7022263450834879 0.1041231732776618 0.02411873840445269 0.01931106471816284
3 0.8724489795918366 0.13856993736951984 0.02504638218923933 0.018267223382045932
3 0.7801484230055659 0.044624217118997916 0.04823747680890538 0.012004175365344469
3 0.8047309833024118 0.14170146137787057 0.028756957328385898 0.021398747390396662
3 0.7379406307977736 0.13961377870563674 0.028756957328385898 0.021398747390396662
3 0.7045454545454545 0.13674321503131526 0.026901669758812616 0.020876826722338204
6 0.7351576994434137 0.16022964509394572 0.06029684601113172 0.018789144050104387
10 0.8348794063079776 0.18841336116910232 0.11131725417439703 0.024008350730688938
3 0.8710575139146567 0.23068893528183718 0.03153988868274583 0.028183716075156576
3 0.7513914656771798 0.2317327766179541 0.03339517625231911 0.02922755741127349
3 0.919294990723562 0.33637787056367435 0.09461966604823747 0.027661795407098125
3 0.75 0.3037578288100209 0.038033395176252316 0.03444676409185804
3 0.6011131725417439 0.2977557411273487 0.03525046382189239 0.03183716075156577
3 0.8543599257884972 0.4585073068893529 0.09833024118738404 0.03288100208768267
3 0.8325602968460111 0.5093945720250523 0.1196660482374768 0.03444676409185804
3 0.7884972170686456 0.5493215031315241 0.07235621521335805 0.024530271398747392
3 0.9846033402922756 0.09137291280148423 0.030793319415448852 0.02411873840445269