3 0.754 0.674 0.16666666666666666 0.06
3 0.7616666666666666 0.5615 0.11133333333333333 0.037
3 0.7646666666666666 0.53225 0.09866666666666665 0.0345
3 0.7536666666666666 0.50675 0.08333333333333333 0.0255
3 0.7526666666666666 0.48375 0.06266666666666666 0.0205
3 0.7576666666666666 0.47 0.06066666666666667 0.015
3 0.762 0.452 0.022666666666666665 0.015
3 0.994 0.5956666666666667 0.012 0.036
3 0.95525 0.5223333333333333 0.0895 0.025333333333333333
3 0.946 0.51325 0.084 0.0235
3 0.9176666666666666 0.49025 0.066 0.0195
3 0.891 0.47025 0.06466666666666666 0.0235
3 0.86 0.44575 0.044 0.0135
10 0.36866666666666664 0.4655 0.12266666666666666 0.048
3 0.51 0.435 0.018666666666666665 0.008
3 0.5036666666666666 0.425 0.03 0.009
3 0.5253333333333332 0.42075 0.022666666666666665 0.0085
5 0.99825 0.49866666666666665 0.0035 0.013333333333333334
3 0.8543333333333333 0.44025 0.042 0.0105
3 0.8413333333333333 0.43475 0.033333333333333326 0.0075
3 0.84 0.43075 0.030666666666666665 0.0085
3 0.8366666666666667 0.427 0.030666666666666665 0.009
3 0.833 0.4245 0.034 0.008
3 0.756 0.4255 0.024 0.009
3 0.814 0.416 0.022666666666666665 0.005
4 0.7616666666666666 0.4015 0.11 0.024
3 0.6076666666666666 0.39475 0.012666666666666666 0.0035
3 0.6276666666666666 0.393 0.008666666666666666 0.004
3 0.637 0.39325 0.008666666666666666 0.0045
3 0.7003333333333333 0.3935 0.011333333333333332 0.004
3 0.8426666666666667 0.414 0.016 0.007