11 0.24433333333333332 0.54275 0.13266666666666665 0.1845
7 0.3396666666666666 0.60375 0.04066666666666666 0.0285
8 0.3423333333333333 0.54825 0.04733333333333333 0.0335
7 0.4706666666666666 0.61575 0.044 0.0285
7 0.535 0.62325 0.034 0.0365
7 0.5753333333333333 0.6305 0.036 0.036
1 0.509 0.655 0.07266666666666666 0.045
7 0.533 0.43275 0.03933333333333333 0.0395
8 0.9343333333333332 0.45075 0.04466666666666667 0.0385
11 0.96175 0.33066666666666666 0.0765 0.162
8 0.8396666666666667 0.16875 0.03 0.0455
8 0.74 0.20725 0.030666666666666665 0.0305
5 0.74 0.2135 0.032 0.056
7 0.769 0.12325 0.03266666666666666 0.0475
8 0.5356666666666666 0.22975 0.02733333333333333 0.0345
8 0.5366666666666666 0.2195 0.022666666666666665 0.024
1 0.535 0.24175 0.02733333333333333 0.0455
11 0.29766666666666663 0.17575 0.11133333333333333 0.1395
8 0.42466666666666664 0.19075 0.04 0.0385
7 0.3856666666666666 0.17675 0.042 0.0515
8 0.45675 0.021 0.0375 0.042
5 0.457 0.0325 0.03666666666666667 0.042
11 0.23 0.03666666666666667 0.156 0.07333333333333333