10 0.15476190476190477 0.07678571428571429 0.07333333333333332 0.05928571428571429
3 0.2338095238095238 0.1825 0.04285714285714286 0.060714285714285714
0 0.08952380952380952 0.19285714285714287 0.05714285714285714 0.04857142857142857
3 0.043809523809523805 0.36642857142857144 0.07619047619047618 0.07857142857142857
3 0.32857142857142857 0.24071428571428571 0.08571428571428572 0.05714285714285714
3 0.48952380952380947 0.15285714285714286 0.05714285714285714 0.05285714285714286
10 0.32476190476190475 0.18035714285714285 0.07238095238095238 0.055
3 0.4361904761904762 0.2307142857142857 0.09333333333333332 0.04428571428571428
3 0.5319047619047619 0.25 0.08285714285714285 0.037142857142857144
3 0.6066666666666666 0.24785714285714286 0.05142857142857143 0.07285714285714286
3 0.3938095238095238 0.32107142857142856 0.11142857142857143 0.039285714285714285
8 0.22285714285714286 0.22535714285714287 0.019047619047619046 0.016428571428571428
8 0.16142857142857142 0.21321428571428572 0.023809523809523805 0.019285714285714285
8 0.1019047619047619 0.25 0.019047619047619046 0.011428571428571429
8 0.09333333333333332 0.24142857142857144 0.017142857142857144 0.012857142857142857
8 0.11333333333333333 0.3482142857142857 0.026666666666666665 0.019285714285714285
5 0.09714285714285714 0.24642857142857144 0.03428571428571429 0.025714285714285714
5 0.16476190476190475 0.21607142857142858 0.030476190476190476 0.025
5 0.11714285714285715 0.3492857142857143 0.03619047619047619 0.03142857142857143
1 0.22666666666666666 0.22964285714285715 0.030476190476190476 0.02214285714285714
3 0.21714285714285714 0.6710714285714285 0.0838095238095238 0.09357142857142857
5 0.7528571428571429 0.22321428571428573 0.027619047619047616 0.025
8 0.8742857142857143 0.245 0.017142857142857144 0.02142857142857143
5 0.8761904761904761 0.24285714285714285 0.04761904761904761 0.014285714285714285
3 0.9860714285714286 0.2914285714285714 0.027857142857142858 0.06
8 0.9585714285714285 0.3585714285714286 0.018095238095238095 0.018571428571428572
5 0.9557142857142857 0.3578571428571429 0.04095238095238095 0.02857142857142857
2 0.9257142857142857 0.5104761904761905 0.14857142857142858 0.16380952380952382