4 0.7085714285714285 0.125 0.02857142857142857 0.014285714285714285
4 0.6795238095238094 0.1125 0.02 0.010714285714285714
10 0.5157142857142857 0.3582142857142857 0.04285714285714286 0.04357142857142857
3 0.9967857142857143 0.7280952380952381 0.0064285714285714285 0.039047619047619046
3 0.9814285714285714 0.6995238095238095 0.037142857142857144 0.0380952380952381
4 0.43380952380952376 0.4332142857142857 0.006666666666666666 0.013571428571428571
7 0.5804761904761905 0.4225 0.0047619047619047615 0.012142857142857143
4 0.59 0.38785714285714284 0.006666666666666666 0.01
7 0.5361904761904762 0.3075 0.0038095238095238095 0.007857142857142858
3 0.5838095238095238 0.2757142857142857 0.011428571428571429 0.01
10 0.679047619047619 0.15821428571428572 0.009523809523809523 0.012142857142857143
7 0.6933333333333334 0.20357142857142857 0.0019047619047619048 0.004285714285714286
4 0.9832142857142857 0.6052380952380952 0.03357142857142857 0.02761904761904762
7 0.7376190476190475 0.645 0.010476190476190476 0.022857142857142857
6 0.1357142857142857 0.3132142857142857 0.1438095238095238 0.06928571428571428
6 0.29095238095238096 0.24964285714285714 0.15333333333333332 0.07214285714285715
3 0.26619047619047614 0.19142857142857142 0.018095238095238095 0.005714285714285714
3 0.2557142857142857 0.19857142857142857 0.014285714285714285 0.005714285714285714
3 0.770952380952381 0.2292857142857143 0.018095238095238095 0.005714285714285714
11 0.7723809523809523 0.22107142857142856 0.015238095238095238 0.005
11 0.7733333333333332 0.21428571428571427 0.013333333333333332 0.004285714285714286
11 0.7742857142857142 0.21857142857142858 0.011428571428571429 0.002857142857142857