4 0.44352791878172587 0.19785714285714284 0.44543147208121825 0.08142857142857143
3 0.7112944162436549 0.4275 0.03426395939086294 0.024999999999999998
3 0.6770304568527918 0.4239285714285714 0.03426395939086294 0.024999999999999998
3 0.8096446700507615 0.4128571428571428 0.027918781725888325 0.025714285714285714
11 0.6884517766497462 0.515 0.03934010152284264 0.03142857142857143
3 0.6059644670050761 0.5253571428571429 0.03680203045685279 0.03071428571428571
11 0.8673857868020304 0.32357142857142857 0.021573604060913708 0.02142857142857143
3 0.7975888324873097 0.3 0.024111675126903553 0.015714285714285715
3 0.7956852791878173 0.25535714285714284 0.02030456852791878 0.013571428571428571
11 0.8972081218274113 0.2457142857142857 0.017766497461928935 0.015714285714285715
2 0.9460659898477157 0.2342857142857143 0.0317258883248731 0.04428571428571428
3 0.9282994923857867 0.21714285714285714 0.01649746192893401 0.015714285714285715
3 0.8483502538071066 0.18607142857142858 0.01649746192893401 0.009285714285714286
3 0.9067258883248732 0.14928571428571427 0.013959390862944163 0.008571428571428572
3 0.940989847715736 0.1857142857142857 0.01649746192893401 0.01
3 0.8895939086294417 0.11642857142857142 0.015228426395939087 0.007142857142857143
3 0.9777918781725887 0.10392857142857141 0.013959390862944163 0.010714285714285714
3 0.9631979695431473 0.09571428571428571 0.01269035532994924 0.008571428571428572
3 0.9016497461928934 0.08821428571428572 0.011421319796954314 0.0064285714285714285
3 0.950507614213198 0.07642857142857143 0.01269035532994924 0.007142857142857143
3 0.9111675126903553 0.06178571428571428 0.01015228426395939 0.007857142857142858
3 0.9333756345177665 0.04071428571428572 0.008883248730964468 0.005714285714285714
11 0.9985714285714286 0.0450507614213198 0.002857142857142857 0.007614213197969543
3 0.9701776649746193 0.04 0.008883248730964468 0.005714285714285714
3 0.9473350253807106 0.023928571428571428 0.008883248730964468 0.005
3 0.9384517766497462 0.018928571428571427 0.008883248730964468 0.005
3 1 0.013959390862944163 0 0.005076142131979695
3 0.9517857142857142 0.0031725888324873096 0.007857142857142858 0.006345177664974619
7 0.6459390862944162 0.3796428571428571 0.01269035532994924 0.010714285714285714
7 0.6351522842639593 0.39714285714285713 0.008883248730964468 0.011428571428571429
3 0.3280456852791878 0.26035714285714284 0.03680203045685279 0.012142857142857141
3 0.3819796954314721 0.26 0.04568527918781726 0.012857142857142857
3 0.47335025380710666 0.2614285714285714 0.04568527918781726 0.014285714285714285
3 0.5222081218274112 0.265 0.03934010152284264 0.012857142857142857
3 0.5748730964467005 0.27071428571428574 0.04060913705583756 0.008571428571428572
3 0.14213197969543148 0.2521428571428571 0.05583756345177665 0.011428571428571429
3 0.07360406091370558 0.25 0.043147208121827416 0.011428571428571429