3 0.231 0.53525 0.13266666666666665 0.0925
3 0.324 0.44825 0.09333333333333332 0.0725
3 0.41833333333333333 0.364 0.07 0.052
3 0.466 0.31925 0.06266666666666666 0.0465
3 0.683 0.2905 0.05133333333333333 0.045
11 0.5506666666666666 0.2385 0.056 0.048
5 0.52 0.35225 0.024 0.0255
8 0.519 0.346 0.018 0.027
7 0.99725 0.24666666666666667 0.0055 0.02266666666666667
5 0.9903333333333333 0.1515 0.011333333333333332 0.015
8 0.99 0.14725 0.013333333333333332 0.0135
8 0.9903333333333333 0.1495 0.01 0.011
1 0.9896666666666666 0.0645 0.006 0.01
8 0.9896666666666666 0.06225 0.006 0.0105
3 0.589 0.21075 0.042 0.0295
1 0.656 0.19025 0.009333333333333332 0.0155
8 0.6553333333333332 0.18675 0.009333333333333332 0.0165
1 0.6366666666666666 0.18725 0.008 0.0155
8 0.6376666666666666 0.18375 0.007333333333333333 0.0165
11 0.6606666666666666 0.14175 0.030666666666666665 0.0265
11 0.6806666666666666 0.1195 0.032 0.029
11 0.6983333333333333 0.10525 0.024666666666666663 0.0215
3 0.71 0.0985 0.025333333333333333 0.018
9 0.745 0.093 0.012666666666666666 0.013
8 0.7433333333333333 0.09 0.009333333333333332 0.013
3 0.7276666666666667 0.08125 0.02333333333333333 0.0195
3 0.738 0.0735 0.021333333333333333 0.016
1 0.7573333333333333 0.07625 0.005333333333333333 0.0105
8 0.7573333333333333 0.07425 0.005333333333333333 0.0125
7 0.7106666666666667 0.06725 0.005333333333333333 0.0145
3 0.7506666666666666 0.0605 0.021333333333333333 0.014
11 0.7583333333333333 0.05275 0.018 0.0125
3 0.768 0.046 0.017333333333333333 0.013
1 0.8043333333333332 0.02575 0.004666666666666666 0.0085
8 0.8043333333333332 0.023 0.004666666666666666 0.011
1 0.7976666666666666 0.02575 0.004666666666666666 0.0085
8 0.7976666666666666 0.0225 0.006 0.009
11 0.99925 0.006333333333333333 0.0015 0.008666666666666666
3 0.8753333333333333 0.00725 0.014666666666666666 0.0095