3 0.8290476190476189 0.7125 0.1019047619047619 0.04214285714285714
3 0.8433333333333333 0.6242857142857143 0.11142857142857143 0.047142857142857146
3 0.8490476190476189 0.5817857142857142 0.10571428571428572 0.04214285714285714
3 0.6519047619047619 0.7014285714285714 0.09428571428571429 0.07857142857142857
3 0.6647619047619048 0.6257142857142857 0.09142857142857143 0.07142857142857142
3 0.6847619047619047 0.5778571428571428 0.08761904761904761 0.08
3 0.6957142857142857 0.5267857142857143 0.08285714285714285 0.065
3 0.7147619047619047 0.48428571428571426 0.07904761904761905 0.06285714285714286
3 0.719047619047619 0.43464285714285716 0.07619047619047618 0.055
3 0.7276190476190476 0.3942857142857143 0.06857142857142857 0.05714285714285714
3 0.739047619047619 0.34785714285714286 0.07809523809523809 0.05142857142857143
3 0.7361904761904761 0.315 0.0838095238095238 0.045714285714285714
3 0.7395238095238095 0.2860714285714286 0.08476190476190476 0.035
3 0.7576190476190475 0.2646428571428571 0.08095238095238094 0.04214285714285714
3 0.7595238095238095 0.23464285714285715 0.07523809523809523 0.02642857142857143
3 0.8814285714285715 0.29214285714285715 0.08285714285714285 0.03428571428571429
3 0.879047619047619 0.26964285714285713 0.0838095238095238 0.03214285714285714
9 0.6438095238095237 0.33071428571428574 0.030476190476190476 0.047142857142857146
11 0.6023809523809524 0.335 0.035238095238095235 0.04857142857142857
3 0.588095238095238 0.39785714285714285 0.04666666666666666 0.06571428571428571
3 0.5638095238095238 0.475 0.05142857142857143 0.06857142857142857
3 0.5342857142857143 0.5617857142857143 0.06095238095238095 0.07642857142857143
3 0.5042857142857143 0.6628571428571428 0.0638095238095238 0.08428571428571428
3 0.3866666666666666 0.6967857142857142 0.06285714285714286 0.08357142857142857
10 0.4295238095238095 0.5810714285714286 0.06095238095238095 0.08785714285714286
11 0.47714285714285715 0.4928571428571429 0.05523809523809523 0.07
3 0.5033333333333333 0.41964285714285715 0.04666666666666666 0.06357142857142857
3 0.5176190476190476 0.34964285714285714 0.04285714285714286 0.05785714285714286
10 0.3709523809523809 0.43892857142857145 0.07333333333333332 0.09928571428571428
10 0.33095238095238094 0.5310714285714285 0.07904761904761905 0.075
3 0.2919047619047619 0.6289285714285714 0.07142857142857142 0.085
3 0.2180952380952381 0.7232142857142857 0.10857142857142857 0.052142857142857144
5 0.3414285714285714 0.31857142857142856 0.027619047619047616 0.011428571428571429
5 0.349047619047619 0.3028571428571429 0.03142857142857143 0.02
8 0.36 0.2785714285714286 0.019047619047619046 0.014285714285714285
3 0.5042857142857143 0.2557142857142857 0.04285714285714286 0.05
3 0.44476190476190475 0.22107142857142856 0.045714285714285714 0.04357142857142857
1 0.41285714285714287 0.20642857142857143 0.027619047619047616 0.011428571428571429
3 0.4638095238095238 0.18357142857142858 0.06285714285714286 0.032857142857142856
10 0.6752380952380952 0.19321428571428573 0.10095238095238093 0.06785714285714285
4 0.5628571428571428 0.09964285714285714 0.12571428571428572 0.1492857142857143