7 0.5436666666666666 0.0085 0.007333333333333333 0.012
8 0.538 0.06475 0.006666666666666666 0.0075
5 0.5383333333333332 0.06925 0.006 0.0075
3 0.70325 0.007333333333333333 0.0175 0.014666666666666666
3 0.7253333333333333 0.01075 0.016 0.0145
3 0.7726666666666666 0.0225 0.017333333333333333 0.016
3 0.7436666666666666 0.03225 0.018 0.0165
3 0.7596666666666666 0.0555 0.018 0.017
3 0.6983333333333333 0.05625 0.018 0.0175
3 0.7276666666666667 0.074 0.018 0.018
3 0.76 0.10875 0.02 0.0195
7 0.8156666666666667 0.0435 0.004666666666666666 0.012
2 0.7956666666666666 0.0765 0.03133333333333333 0.1
7 0.8353333333333333 0.088 0.005333333333333333 0.013
7 0.8433333333333333 0.15475 0.006666666666666666 0.0135
7 0.847 0.13525 0.007333333333333333 0.0095
8 0.846 0.14025 0.006666666666666666 0.0105
7 0.858 0.14675 0.008 0.0115
3 0.694 0.14825 0.021333333333333333 0.0245
3 0.7556666666666666 0.1555 0.020666666666666663 0.022
3 0.725 0.185 0.02333333333333333 0.025
3 0.7603333333333333 0.21675 0.024666666666666663 0.0275
3 0.8256666666666667 0.15925 0.020666666666666663 0.0225
3 0.821 0.18525 0.054 0.0205
3 0.8283333333333333 0.256 0.026 0.03
3 0.796 0.3015 0.028 0.029
3 0.757 0.3395 0.028666666666666663 0.035
3 0.767 0.419 0.03 0.043
3 0.6893333333333332 0.5905 0.036 0.059
3 0.773 0.65 0.038 0.064
3 0.7726666666666666 0.54525 0.034666666666666665 0.0545
1 0.9633333333333333 0.637 0.012 0.023
8 0.9653333333333333 0.63325 0.013333333333333332 0.0135
3 0.99925 0.5296666666666666 0.0015 0.04666666666666667
3 0.99075 0.46266666666666667 0.0185 0.038
4 0.9336666666666666 0.2705 0.028666666666666663 0.04
1 0.9413333333333332 0.24525 0.02 0.0105
4 0.9233333333333332 0.2405 0.017333333333333333 0.019
3 0.9576666666666667 0.21525 0.03133333333333333 0.0305
1 0.3153333333333333 0.57325 0.014666666666666666 0.0235
8 0.3173333333333333 0.566 0.010666666666666666 0.012
3 0.5133333333333333 0.582 0.04 0.061