3 0.09133333333333332 0.64725 0.1693333333333333 0.0675
10 0.373 0.3395 0.06066666666666667 0.04
7 0.408 0.31775 0.009333333333333332 0.0155
7 0.41933333333333334 0.31425 0.013333333333333332 0.0165
7 0.41233333333333333 0.3105 0.008666666666666666 0.017
3 0.4633333333333333 0.3135 0.06933333333333333 0.021
8 0.4736666666666666 0.34575 0.012666666666666666 0.0155
4 0.5863333333333333 0.33825 0.122 0.0525
4 0.6543333333333332 0.3285 0.02733333333333333 0.021
10 0.6476666666666666 0.2975 0.03266666666666666 0.025
3 0.5163333333333333 0.669 0.09666666666666665 0.113
3 0.562 0.5575 0.07333333333333333 0.078
7 0.925 0.64075 0.034 0.0335
7 0.99475 0.5436666666666666 0.0105 0.028
11 0.9416666666666667 0.43125 0.04733333333333333 0.0575
7 1 0.397 0 0.024
7 0.988 0.41225 0.013333333333333332 0.0215
8 0.979 0.41025 0.01 0.0145
5 0.982 0.4165 0.021333333333333333 0.025
5 0.984 0.4005 0.017333333333333333 0.014
7 0.989 0.347 0.015333333333333332 0.019
7 0.99725 0.324 0.0055 0.019333333333333334
7 0.924 0.31875 0.012 0.0175
9 0.99425 0.31266666666666665 0.0115 0.015333333333333332
7 0.986 0.30475 0.010666666666666666 0.0165
7 0.9733333333333333 0.3035 0.012 0.019
9 0.9593333333333333 0.29325 0.02 0.0185
7 0.9543333333333333 0.296 0.012666666666666666 0.018
4 0.93 0.222 0.08666666666666666 0.123
7 0.9936666666666666 0.276 0.01 0.018
7 0.9906666666666666 0.259 0.009333333333333332 0.014
7 0.978 0.2465 0.008 0.015
7 0.983 0.24825 0.007333333333333333 0.0105
8 0.989 0.23375 0.008666666666666666 0.0125
3 0.99325 0.24866666666666667 0.0135 0.017333333333333333
4 0.98525 0.18233333333333332 0.0295 0.08333333333333333
5 0.98675 0.3526666666666667 0.0265 0.016666666666666666
7 0.897 0.32025 0.01 0.0175
7 0.8816666666666666 0.31825 0.01 0.0155
7 0.8796666666666666 0.31275 0.01 0.0155
3 0.7506666666666666 0.53825 0.06 0.0825
5 0.758 0.45875 0.022666666666666665 0.0275
5 0.7823333333333332 0.45975 0.024666666666666663 0.0285
3 0.772 0.4235 0.042666666666666665 0.049
11 0.621 0.45425 0.05266666666666667 0.0485
3 0.7136666666666667 0.43025 0.04733333333333333 0.0415
3 0.7676666666666666 0.383 0.03933333333333333 0.034
8 0.7383333333333333 0.385 0.012666666666666666 0.022
5 0.738 0.3875 0.013333333333333332 0.021
7 0.7366666666666666 0.36825 0.012 0.0195
3 0.7846666666666666 0.35725 0.06266666666666666 0.0315
3 0.788 0.34275 0.06133333333333333 0.0235
7 0.8413333333333333 0.32675 0.008 0.0165
7 0.818 0.32475 0.012 0.0185
8 0.8013333333333332 0.331 0.013333333333333332 0.016
1 0.801 0.334 0.03133333333333333 0.013
7 0.6526666666666666 0.41275 0.016 0.0235
8 0.671 0.41375 0.01 0.0115
7 0.673 0.40425 0.01 0.0125
7 0.678 0.40225 0.016 0.0185
7 0.675 0.394 0.01 0.015
9 0.6793333333333332 0.3815 0.013333333333333332 0.016
10 0.6413333333333333 0.3935 0.04533333333333333 0.048
7 0.6763333333333332 0.37 0.012666666666666666 0.019
8 0.6656666666666666 0.37475 0.011333333333333332 0.0145
7 0.6543333333333332 0.36775 0.01 0.0175
3 0.7113333333333333 0.3315 0.036 0.027
7 0.738 0.33 0.008 0.018
7 0.748 0.32975 0.008 0.0175
7 0.758 0.3325 0.008 0.019
7 0.7853333333333332 0.3185 0.012 0.014
7 0.7516666666666666 0.30175 0.011333333333333332 0.0165
3 0.7806666666666666 0.3045 0.026666666666666665 0.02
3 0.7853333333333332 0.28675 0.04666666666666666 0.0165
7 0.8066666666666666 0.272 0.010666666666666666 0.013
5 0.802 0.274 0.013333333333333332 0.01
5 0.7886666666666666 0.27 0.010666666666666666 0.012
3 0.701 0.30075 0.034 0.0205
3 0.711 0.287 0.03 0.02
3 0.7123333333333333 0.269 0.022 0.018
11 0.7166666666666667 0.24825 0.021333333333333333 0.0185
3 0.6233333333333333 0.243 0.032 0.015
11 0.724 0.238 0.017333333333333333 0.015
3 0.729 0.23275 0.022 0.0115
7 0.806 0.26275 0.008 0.0115
3 0.781 0.25175 0.01933333333333333 0.0145
9 0.8006666666666666 0.2535 0.010666666666666666 0.012
8 0.8 0.2525 0.010666666666666666 0.013
11 0.784 0.24025 0.02 0.0175
3 0.783 0.23225 0.018 0.0115
3 0.783 0.22 0.016666666666666663 0.013
3 0.761 0.2215 0.016666666666666663 0.013
3 0.7316666666666666 0.22425 0.018 0.0095
3 0.7336666666666666 0.2155 0.014 0.011
4 0.739 0.17775 0.14066666666666666 0.0555
3 0.737 0.2115 0.016666666666666663 0.01