7 0.7333333333333332 0.5446428571428571 0.019047619047619046 0.06642857142857143
10 0.9796428571428571 0.4847619047619048 0.04071428571428572 0.04666666666666667
3 0.9817857142857143 0.45095238095238094 0.03642857142857143 0.03238095238095238
7 0.40952380952380946 0.40785714285714286 0.007619047619047619 0.014285714285714285
7 0.42761904761904757 0.40285714285714286 0.005714285714285714 0.014285714285714285
8 0.38190476190476186 0.4164285714285714 0.007619047619047619 0.015714285714285715
1 0.38285714285714284 0.4228571428571429 0.011428571428571429 0.012857142857142857
0 0.8195238095238094 0.43892857142857145 0.03142857142857143 0.016428571428571428
0 0.7966666666666666 0.43107142857142855 0.023809523809523805 0.017857142857142856
8 0.7342857142857143 0.4014285714285714 0.005714285714285714 0.01
1 0.7338095238095238 0.4060714285714286 0.0047619047619047615 0.0064285714285714285
7 0.5657142857142857 0.3867857142857143 0.0038095238095238095 0.0064285714285714285
7 0.6276190476190476 0.3846428571428571 0.0019047619047619048 0.005
3 0.1219047619047619 0.45285714285714285 0.12 0.024285714285714285
10 0.15142857142857144 0.4392857142857143 0.1580952380952381 0.037142857142857144
3 0.2195238095238095 0.47964285714285715 0.15714285714285714 0.03785714285714286
3 0.4119047619047619 0.4417857142857143 0.1019047619047619 0.03214285714285714
3 0.4252380952380952 0.43535714285714283 0.07714285714285714 0.023571428571428573
3 0.4423809523809523 0.43357142857142855 0.06571428571428571 0.02
3 0.44857142857142857 0.4275 0.07047619047619047 0.016428571428571428
3 0.4619047619047619 0.42392857142857143 0.04761904761904761 0.017857142857142856
3 0.46238095238095234 0.4228571428571429 0.0676190476190476 0.018571428571428572
3 0.4666666666666666 0.41678571428571426 0.06476190476190476 0.016428571428571428
11 0.4785714285714286 0.4135714285714286 0.05809523809523809 0.017142857142857144
3 0.489047619047619 0.4117857142857143 0.054285714285714284 0.016428571428571428
3 0.47619047619047616 0.4064285714285714 0.05333333333333333 0.011428571428571429
2 0.47 0.4025 0.054285714285714284 0.02214285714285714
3 0.22714285714285715 0.43535714285714283 0.09238095238095237 0.02642857142857143
3 0.27809523809523806 0.42642857142857143 0.06285714285714286 0.018571428571428572
3 0.28619047619047616 0.4160714285714286 0.056190476190476187 0.017857142857142856
3 0.2495238095238095 0.41035714285714286 0.05142857142857143 0.015
3 0.28809523809523807 0.40214285714285714 0.04095238095238095 0.011428571428571429
3 0.2595238095238095 0.39357142857142857 0.027619047619047616 0.01
3 0.28285714285714286 0.39321428571428574 0.026666666666666665 0.010714285714285714
3 0.3080952380952381 0.39535714285714285 0.025714285714285714 0.015
3 0.39904761904761904 0.4035714285714286 0.045714285714285714 0.017142857142857144
3 0.44047619047619047 0.40035714285714286 0.035238095238095235 0.015
3 0.4152380952380952 0.39464285714285713 0.02095238095238095 0.010714285714285714
3 0.4685714285714286 0.3921428571428571 0.03238095238095238 0.012857142857142857
10 0.5123809523809524 0.3917857142857143 0.02857142857142857 0.009285714285714286
3 0.6066666666666666 0.425 0.02857142857142857 0.02142857142857143
3 0.5609523809523809 0.4057142857142857 0.03428571428571429 0.011428571428571429
3 0.5319047619047619 0.4025 0.039047619047619046 0.009285714285714286
3 0.5623809523809523 0.3989285714285714 0.03333333333333333 0.009285714285714286
3 0.53 0.3917857142857143 0.027619047619047616 0.009285714285714286
3 0.5404761904761904 0.3917857142857143 0.023809523809523805 0.007857142857142858
2 0.5480952380952381 0.3871428571428571 0.027619047619047616 0.011428571428571429
3 0.5642857142857143 0.3796428571428571 0.01238095238095238 0.0035714285714285713
3 0.5476190476190476 0.37857142857142856 0.015238095238095238 0.002857142857142857
3 0.5928571428571429 0.4014285714285714 0.02952380952380952 0.008571428571428572
3 0.5885714285714285 0.3942857142857143 0.02095238095238095 0.007142857142857143
0 0.5971428571428572 0.39571428571428574 0.007619047619047619 0.008571428571428572
10 0.6271428571428571 0.3989285714285714 0.039047619047619046 0.010714285714285714
3 0.5838095238095238 0.3867857142857143 0.009523809523809523 0.005
3 0.5804761904761905 0.38607142857142857 0.006666666666666666 0.005
3 0.5785714285714286 0.38392857142857145 0.008571428571428572 0.0035714285714285713
3 0.6076190476190476 0.3846428571428571 0.009523809523809523 0.0064285714285714285
3 0.6152380952380951 0.38285714285714284 0.007619047619047619 0.004285714285714286
3 0.6061904761904762 0.38107142857142856 0.006666666666666666 0.0035714285714285713
3 0.5966666666666666 0.38035714285714284 0.006666666666666666 0.005
3 0.5914285714285714 0.3807142857142857 0.005714285714285714 0.004285714285714286
3 0.5857142857142857 0.38035714285714284 0.005714285714285714 0.0035714285714285713
3 0.58 0.38 0.0038095238095238095 0.002857142857142857
3 0.5842857142857143 0.3757142857142857 0.0047619047619047615 0.002857142857142857
3 0.6242857142857143 0.38 0.014285714285714285 0.004285714285714286
10 0.6542857142857142 0.3871428571428571 0.019047619047619046 0.007142857142857143
10 0.6819047619047619 0.38392857142857145 0.03428571428571429 0.010714285714285714
10 0.6819047619047619 0.3871428571428571 0.030476190476190476 0.008571428571428572
10 0.6771428571428572 0.3896428571428571 0.022857142857142857 0.007857142857142858
10 0.6823809523809523 0.39107142857142857 0.025714285714285714 0.007857142857142858
10 0.6919047619047619 0.39535714285714285 0.018095238095238095 0.009285714285714286
10 0.7142857142857143 0.39321428571428574 0.017142857142857144 0.010714285714285714
10 0.7076190476190476 0.39071428571428574 0.019047619047619046 0.011428571428571429
3 0.6666666666666666 0.3985714285714286 0.03619047619047619 0.008571428571428572
3 0.72 0.40035714285714286 0.03238095238095238 0.009285714285714286
3 0.7414285714285714 0.3921428571428571 0.01238095238095238 0.008571428571428572
3 0.7566666666666666 0.39571428571428574 0.018095238095238095 0.008571428571428572
3 0.7519047619047617 0.4017857142857143 0.035238095238095235 0.010714285714285714
3 0.6642857142857143 0.4085714285714286 0.021904761904761903 0.011428571428571429
3 0.7004761904761905 0.4125 0.023809523809523805 0.013571428571428571
3 0.6919047619047619 0.43142857142857144 0.03333333333333333 0.02
3 0.73 0.42642857142857143 0.03142857142857143 0.017142857142857144
8 0.7904761904761903 0.40035714285714286 0.0038095238095238095 0.0064285714285714285
5 0.7909523809523809 0.4032142857142857 0.014285714285714285 0.005
10 0.8085714285714286 0.3960714285714286 0.022857142857142857 0.010714285714285714
3 0.8061904761904761 0.39285714285714285 0.03142857142857143 0.008571428571428572
3 0.8209523809523809 0.39285714285714285 0.017142857142857144 0.01
3 0.7961904761904761 0.39357142857142857 0.017142857142857144 0.008571428571428572
3 0.7914285714285715 0.40785714285714286 0.045714285714285714 0.011428571428571429
3 0.7928571428571428 0.40035714285714286 0.027619047619047616 0.009285714285714286
11 0.8147619047619047 0.4092857142857143 0.04666666666666666 0.017142857142857144
3 0.8252380952380952 0.41285714285714287 0.04095238095238095 0.014285714285714285
3 0.8419047619047618 0.41464285714285715 0.04761904761904761 0.013571428571428571
3 0.8485714285714285 0.41714285714285715 0.045714285714285714 0.017142857142857144
3 0.8628571428571429 0.4203571428571429 0.06476190476190476 0.016428571428571428
3 0.8090476190476189 0.46035714285714285 0.0638095238095238 0.030714285714285715
3 0.7747619047619047 0.49642857142857144 0.07523809523809523 0.04285714285714286