4 0.7328571428571429 0.2692857142857143 0.03333333333333333 0.02
4 0.67 0.2067857142857143 0.03142857142857143 0.015
4 0.6771428571428572 0.2596428571428571 0.009523809523809523 0.007857142857142858
4 0.6352380952380952 0.26107142857142857 0.015238095238095238 0.007857142857142858
4 0.5638095238095238 0.225 0.030476190476190476 0.012857142857142857
10 0.559047619047619 0.24964285714285714 0.013333333333333332 0.010714285714285714
10 0.7285714285714285 0.30642857142857144 0.06285714285714286 0.017142857142857144
10 0.6242857142857143 0.31214285714285717 0.0638095238095238 0.017142857142857144
2 0.6414285714285715 0.2935714285714286 0.014285714285714285 0.017142857142857144
10 0.6257142857142857 0.2932142857142857 0.009523809523809523 0.015
10 0.9119047619047618 0.7103571428571429 0.06571428571428571 0.07214285714285715
10 0.818095238095238 0.6232142857142857 0.06476190476190476 0.07785714285714286
10 0.8090476190476189 0.5285714285714286 0.04666666666666666 0.054285714285714284
10 0.7157142857142857 0.5135714285714286 0.04857142857142857 0.08
10 0.7209523809523809 0.42714285714285716 0.03619047619047619 0.047142857142857146
10 0.7233333333333333 0.38107142857142856 0.02952380952380952 0.035
10 0.6766666666666666 0.3975 0.02 0.027857142857142858
10 0.8447619047619046 0.2975 0.07047619047619047 0.017857142857142856
10 0.3752380952380952 0.3475 0.05523809523809523 0.017857142857142856
10 0.44619047619047614 0.32857142857142857 0.09619047619047619 0.022857142857142857
10 0.44809523809523805 0.33535714285714285 0.07142857142857142 0.019285714285714285
10 0.4533333333333333 0.3389285714285714 0.07047619047619047 0.020714285714285713
3 0.6471428571428571 0.35428571428571426 0.014285714285714285 0.014285714285714285
3 0.6885714285714286 0.33214285714285713 0.017142857142857144 0.01
3 0.770952380952381 0.4717857142857143 0.02 0.019285714285714285
3 0.7571428571428571 0.4492857142857143 0.02095238095238095 0.017142857142857144
3 0.7785714285714286 0.5585714285714286 0.025714285714285714 0.027142857142857142
3 0.7633333333333332 0.5257142857142857 0.023809523809523805 0.024285714285714285
3 0.8871428571428571 0.5396428571428571 0.023809523809523805 0.027857142857142858
3 0.9061904761904761 0.5742857142857143 0.035238095238095235 0.032857142857142856
3 0.8485714285714285 0.705 0.043809523809523805 0.05
9 0.8814285714285715 0.6514285714285715 0.03142857142857143 0.03428571428571429
2 0.8433333333333333 0.5907142857142857 0.050476190476190466 0.05285714285714286
10 0.7485714285714286 0.49178571428571427 0.026666666666666665 0.027857142857142858
10 0.8709523809523809 0.46285714285714286 0.027619047619047616 0.02142857142857143
3 0.7828571428571428 0.49785714285714283 0.022857142857142857 0.02
3 0.7433333333333332 0.46214285714285713 0.018095238095238095 0.017142857142857144
3 0.7514285714285714 0.4307142857142857 0.017142857142857144 0.014285714285714285
3 0.7404761904761904 0.4132142857142857 0.01619047619047619 0.013571428571428571
3 0.8342857142857143 0.3078571428571429 0.019047619047619046 0.007142857142857143
3 0.7614285714285715 0.3142857142857143 0.02 0.007142857142857143
6 0.7533333333333332 0.2889285714285714 0.04 0.013571428571428571
5 0.9975 0.6061904761904762 0.005 0.01904761904761905
5 0.8328571428571429 0.48714285714285716 0.010476190476190476 0.01
5 0.8761904761904761 0.5114285714285715 0.015238095238095238 0.008571428571428572
5 0.9342857142857143 0.5203571428571429 0.019047619047619046 0.015
5 0.8747619047619046 0.5071428571428571 0.018095238095238095 0.007142857142857143
5 0.9061904761904761 0.4975 0.008571428571428572 0.009285714285714286
4 0.9204761904761903 0.5014285714285714 0.018095238095238095 0.017142857142857144
6 0.8090476190476189 0.4032142857142857 0.018095238095238095 0.015
11 0.8433333333333333 0.40214285714285714 0.01619047619047619 0.012857142857142857
3 0.738095238095238 0.3796428571428571 0.009523809523809523 0.009285714285714286
7 0.7509523809523809 0.32821428571428574 0.002857142857142857 0.0064285714285714285
7 0.7671428571428571 0.33107142857142857 0.0047619047619047615 0.0064285714285714285
4 0.7219047619047618 0.3339285714285714 0.007619047619047619 0.007857142857142858
4 0.6852380952380952 0.30714285714285716 0.008571428571428572 0.008571428571428572
10 0.07238095238095238 0.2475 0.013333333333333332 0.009285714285714286
10 0.04095238095238095 0.25107142857142856 0.011428571428571429 0.007857142857142858
10 0.12666666666666665 0.27285714285714285 0.011428571428571429 0.008571428571428572
10 0.09714285714285714 0.27214285714285713 0.015238095238095238 0.008571428571428572
10 0.29428571428571426 0.23535714285714285 0.02857142857142857 0.007857142857142858
10 0.3447619047619047 0.2225 0.011428571428571429 0.007857142857142858
10 0.3323809523809524 0.22214285714285714 0.009523809523809523 0.007142857142857143
3 0.3476190476190476 0.3485714285714286 0.019047619047619046 0.008571428571428572
4 0.5361904761904762 0.3425 0.013333333333333332 0.007857142857142858
7 0.4361904761904762 0.37785714285714284 0.0038095238095238095 0.007142857142857143
4 0.629047619047619 0.28 0.010476190476190476 0.011428571428571429
4 0.7014285714285714 0.26785714285714285 0.02 0.017142857142857144
3 0.7904761904761903 0.2882142857142857 0.009523809523809523 0.005
3 0.8257142857142857 0.2832142857142857 0.009523809523809523 0.007857142857142858
3 0.8342857142857143 0.2839285714285714 0.011428571428571429 0.0064285714285714285
3 0.8038095238095238 0.2892857142857143 0.011428571428571429 0.004285714285714286
3 0.8561904761904761 0.2825 0.011428571428571429 0.0064285714285714285
3 0.8452380952380952 0.2832142857142857 0.010476190476190476 0.0064285714285714285
11 0.868095238095238 0.2825 0.010476190476190476 0.0064285714285714285
11 0.8742857142857143 0.28 0.009523809523809523 0.008571428571428572
11 0.8147619047619047 0.2892857142857143 0.006666666666666666 0.005714285714285714
3 0.826190476190476 0.28964285714285715 0.008571428571428572 0.0064285714285714285
4 0.8447619047619046 0.5621428571428572 0.011428571428571429 0.012857142857142857