7 0.9614285714285714 0.6585714285714286 0.021904761904761903 0.015714285714285715
11 0.8876190476190475 0.6696428571428571 0.0838095238095238 0.03785714285714286
3 0.8966666666666666 0.7042857142857143 0.09047619047619047 0.04
11 0.9076190476190475 0.7317857142857143 0.08571428571428572 0.035
3 0.8052380952380952 0.4446428571428571 0.06571428571428571 0.025
3 0.7980952380952381 0.4164285714285714 0.06857142857142857 0.027142857142857142
5 0.9052380952380952 0.4228571428571429 0.02952380952380952 0.012857142857142857
8 0.9119047619047618 0.4303571428571429 0.010476190476190476 0.009285714285714286
8 0.9228571428571428 0.4317857142857143 0.009523809523809523 0.009285714285714286
8 0.9280952380952381 0.44035714285714284 0.01238095238095238 0.010714285714285714
8 0.92 0.44785714285714284 0.011428571428571429 0.01
8 0.900952380952381 0.43857142857142856 0.009523809523809523 0.008571428571428572
3 0.7447619047619046 0.28214285714285714 0.06476190476190476 0.02857142857142857
3 0.7223809523809523 0.24428571428571427 0.037142857142857144 0.045714285714285714
3 0.8314285714285714 0.17892857142857144 0.06095238095238095 0.027857142857142858
3 0.818095238095238 0.15714285714285714 0.05904761904761904 0.027142857142857142
3 0.8119047619047618 0.14035714285714285 0.056190476190476187 0.025
3 0.8038095238095238 0.10714285714285714 0.05523809523809523 0.03142857142857143
3 0.9166666666666666 0.08142857142857143 0.056190476190476187 0.022857142857142857
3 0.88 0.04178571428571429 0.05714285714285714 0.02214285714285714
3 0.8719047619047618 0.024642857142857143 0.052380952380952375 0.016428571428571428
3 0.7561904761904761 0.047142857142857146 0.05523809523809523 0.025714285714285714
3 0.7133333333333333 0.065 0.03428571428571429 0.02857142857142857
3 0.6714285714285714 0.10178571428571428 0.03428571428571429 0.04071428571428572
3 0.6904761904761905 0.14857142857142858 0.02857142857142857 0.03428571428571429
3 0.6576190476190475 0.06642857142857143 0.03142857142857143 0.032857142857142856
3 0.6519047619047619 0.03678571428571428 0.027619047619047616 0.029285714285714286
3 0.7476190476190475 0.03 0.05714285714285714 0.027142857142857142
3 0.6519047619047619 0.5867857142857142 0.04476190476190476 0.07071428571428572
5 0.5576190476190476 0.6625 0.02 0.030714285714285715
3 0.5952380952380952 0.3525 0.03809523809523809 0.056428571428571425
3 0.5142857142857142 0.24428571428571427 0.03619047619047619 0.047142857142857146
11 0.5452380952380952 0.15464285714285714 0.037142857142857144 0.05071428571428571
11 0.4109523809523809 0.21464285714285714 0.06 0.025
11 0.38285714285714284 0.26107142857142857 0.06285714285714286 0.045
11 0.37047619047619046 0.5185714285714286 0.03619047619047619 0.05714285714285714
7 0.33809523809523806 0.6989285714285715 0.017142857142857144 0.010714285714285714
7 0.3447619047619047 0.7157142857142857 0.011428571428571429 0.008571428571428572
8 0.30761904761904757 0.6860714285714286 0.015238095238095238 0.009285714285714286
8 0.2980952380952381 0.6964285714285714 0.011428571428571429 0.007142857142857143
8 0.2847619047619047 0.6957142857142857 0.013333333333333332 0.007142857142857143
8 0.29666666666666663 0.6796428571428571 0.010476190476190476 0.009285714285714286
8 0.25285714285714284 0.6992857142857143 0.01619047619047619 0.01
8 0.2509523809523809 0.6842857142857143 0.01238095238095238 0.008571428571428572
8 0.2495238095238095 0.6707142857142857 0.013333333333333332 0.008571428571428572
8 0.24238095238095236 0.6564285714285715 0.01238095238095238 0.008571428571428572
8 0.23809523809523808 0.6703571428571429 0.009523809523809523 0.007857142857142858
7 0.2580952380952381 0.6575 0.022857142857142857 0.009285714285714286
8 0.29428571428571426 0.6510714285714285 0.009523809523809523 0.009285714285714286
8 0.28714285714285714 0.6378571428571429 0.014285714285714285 0.01
8 0.3 0.6314285714285715 0.011428571428571429 0.008571428571428572
8 0.29285714285714287 0.625 0.014285714285714285 0.008571428571428572
8 0.2814285714285714 0.6275 0.014285714285714285 0.009285714285714286
8 0.2933333333333333 0.61 0.011428571428571429 0.008571428571428572
8 0.2895238095238095 0.5985714285714285 0.011428571428571429 0.007142857142857143
8 0.2785714285714286 0.5992857142857143 0.010476190476190476 0.008571428571428572
8 0.25047619047619046 0.5792857142857143 0.011428571428571429 0.01
8 0.28095238095238095 0.5639285714285714 0.011428571428571429 0.009285714285714286
8 0.29285714285714287 0.5607142857142857 0.010476190476190476 0.01
8 0.28095238095238095 0.5496428571428571 0.013333333333333332 0.007857142857142858
8 0.2704761904761904 0.5567857142857143 0.009523809523809523 0.007857142857142858
8 0.2933333333333333 0.5464285714285714 0.011428571428571429 0.007142857142857143
7 0.3723809523809523 0.6035714285714285 0.011428571428571429 0.011428571428571429
5 0.3752380952380952 0.5882142857142857 0.030476190476190476 0.012142857142857143
5 0.3761904761904762 0.5707142857142857 0.030476190476190476 0.012857142857142857
7 0.40619047619047616 0.5775 0.014285714285714285 0.017857142857142856
5 0.38571428571428573 0.5539285714285714 0.026666666666666665 0.013571428571428571
5 0.32190476190476186 0.5146428571428572 0.017142857142857144 0.027857142857142858
8 0.32285714285714284 0.5142857142857142 0.015238095238095238 0.014285714285714285
7 0.3338095238095238 0.4367857142857143 0.014285714285714285 0.010714285714285714
8 0.2476190476190476 0.4828571428571429 0.009523809523809523 0.008571428571428572
8 0.2576190476190476 0.4807142857142857 0.010476190476190476 0.007142857142857143
8 0.2580952380952381 0.4689285714285714 0.011428571428571429 0.009285714285714286
8 0.23714285714285716 0.47 0.011428571428571429 0.007142857142857143
8 0.23666666666666666 0.48035714285714287 0.008571428571428572 0.007857142857142858
8 0.24857142857142858 0.46535714285714286 0.007619047619047619 0.007857142857142858
8 0.2495238095238095 0.4421428571428571 0.011428571428571429 0.01
8 0.2595238095238095 0.4475 0.010476190476190476 0.010714285714285714
8 0.27 0.43785714285714283 0.01238095238095238 0.008571428571428572
8 0.2561904761904762 0.4328571428571429 0.011428571428571429 0.008571428571428572
8 0.22238095238095237 0.4332142857142857 0.010476190476190476 0.009285714285714286
8 0.21047619047619046 0.445 0.015238095238095238 0.011428571428571429
7 0.18857142857142858 0.4142857142857143 0.015238095238095238 0.017142857142857144
8 0.2195238095238095 0.41892857142857143 0.010476190476190476 0.009285714285714286
8 0.23095238095238094 0.4117857142857143 0.010476190476190476 0.007857142857142858
8 0.22047619047619044 0.4042857142857143 0.010476190476190476 0.007142857142857143
8 0.209047619047619 0.4092857142857143 0.006666666666666666 0.008571428571428572
8 0.2438095238095238 0.4060714285714286 0.009523809523809523 0.009285714285714286
8 0.2576190476190476 0.41285714285714287 0.010476190476190476 0.008571428571428572
8 0.2671428571428571 0.4064285714285714 0.010476190476190476 0.007142857142857143
8 0.2580952380952381 0.3975 0.007619047619047619 0.0064285714285714285
8 0.2795238095238095 0.39714285714285713 0.010476190476190476 0.007142857142857143
8 0.28047619047619043 0.4057142857142857 0.010476190476190476 0.007142857142857143
8 0.21333333333333332 0.39035714285714285 0.009523809523809523 0.009285714285714286
8 0.22904761904761903 0.37892857142857145 0.01238095238095238 0.007857142857142858
8 0.20857142857142857 0.3757142857142857 0.009523809523809523 0.008571428571428572
8 0.2180952380952381 0.3725 0.013333333333333332 0.007857142857142858
8 0.29238095238095235 0.3964285714285714 0.009523809523809523 0.011428571428571429
8 0.1880952380952381 0.35892857142857143 0.008571428571428572 0.009285714285714286