9 0.19366666666666665 0.40575 0.03533333333333333 0.0175
4 0.18533333333333332 0.21625 0.03866666666666666 0.0335
3 0.11133333333333333 0.25125 0.013333333333333332 0.0065
3 0.088 0.25 0.016 0.006
3 0.09466666666666666 0.2545 0.008 0.006
3 0.10933333333333332 0.26425 0.013333333333333332 0.0075
3 0.18133333333333332 0.2445 0.010666666666666666 0.005
3 0.209 0.23125 0.007333333333333333 0.0045
4 0.22666666666666666 0.20475 0.018666666666666665 0.0085
7 0.07533333333333334 0.2695 0.005333333333333333 0.008
7 0.06966666666666665 0.27025 0.007333333333333333 0.0075
7 0.054 0.27675 0.005333333333333333 0.0075
7 0.062 0.26925 0.004 0.0095
3 0.05433333333333333 0.272 0.016666666666666663 0.008
8 0.087 0.30475 0.006 0.0075
5 0.08733333333333333 0.30675 0.009333333333333332 0.0065
3 0.21766666666666665 0.2765 0.011333333333333332 0.01
11 0.2283333333333333 0.29175 0.018 0.0095
4 0.242 0.229 0.010666666666666666 0.022
7 0.1663333333333333 0.40025 0.008666666666666666 0.0145
7 0.19666666666666666 0.38575 0.008 0.0145
3 0.11533333333333333 0.2465 0.013333333333333332 0.005
3 0.12166666666666666 0.244 0.011333333333333332 0.004
3 0.125 0.24 0.01 0.004
3 0.132 0.2375 0.009333333333333332 0.004
11 0.139 0.23425 0.008666666666666666 0.0045
4 0.15266666666666664 0.2285 0.02 0.01
8 0.4953333333333333 0.43375 0.009333333333333332 0.0105
7 0.351 0.3645 0.008666666666666666 0.013
7 0.425 0.3465 0.003333333333333333 0.009
7 0.429 0.346 0.004666666666666666 0.009
7 0.42766666666666664 0.348 0.004666666666666666 0.008
3 0.317 0.313 0.03666666666666667 0.009
3 0.3956666666666666 0.30725 0.03533333333333333 0.0085
3 0.4433333333333333 0.3035 0.029333333333333333 0.008
3 0.481 0.30075 0.03 0.0075
3 0.5206666666666666 0.29725 0.030666666666666665 0.0085
3 0.6063333333333333 0.3015 0.020666666666666663 0.008
10 0.614 0.2785 0.041333333333333326 0.012
8 0.4573333333333333 0.36275 0.005333333333333333 0.0065
8 0.462 0.34725 0.008 0.0055
8 0.441 0.3475 0.006 0.009
8 0.459 0.3345 0.006 0.006
4 0.3333333333333333 0.24125 0.03733333333333333 0.0065
3 0.6983333333333333 0.29675 0.022 0.0085
3 0.664 0.276 0.018666666666666665 0.007
3 0.7596666666666666 0.2745 0.02333333333333333 0.008
3 0.7816666666666666 0.27175 0.01933333333333333 0.0075
3 0.808 0.2745 0.018666666666666665 0.007
3 0.7876666666666666 0.29575 0.024666666666666663 0.0095
3 0.8136666666666666 0.29475 0.01933333333333333 0.0085
3 0.822 0.30675 0.022666666666666665 0.0085
3 0.6846666666666666 0.3305 0.041333333333333326 0.011
3 0.8116666666666666 0.3155 0.026 0.008
3 0.8096666666666666 0.3195 0.03 0.01
3 0.7993333333333332 0.33375 0.03733333333333333 0.0095
3 0.7986666666666666 0.33925 0.030666666666666665 0.0125
3 0.7766666666666666 0.346 0.042666666666666665 0.013
3 0.7963333333333332 0.3505 0.04466666666666667 0.013
3 0.805 0.358 0.03133333333333333 0.012
3 0.779 0.36625 0.04733333333333333 0.0115
3 0.786 0.37425 0.04666666666666666 0.0135
11 0.797 0.32775 0.03266666666666666 0.0145
3 0.8336666666666667 0.40475 0.058 0.0195
3 0.9143333333333332 0.439 0.04733333333333333 0.024
3 0.695 0.4365 0.058 0.025
7 0.921 0.4085 0.008666666666666666 0.016
7 0.8186666666666667 0.4195 0.010666666666666666 0.017
7 0.5636666666666666 0.5545 0.01 0.026
8 0.5883333333333333 0.56375 0.022 0.0155
3 0.5033333333333333 0.5155 0.076 0.039
3 0.5243333333333332 0.552 0.08333333333333333 0.04
3 0.6523333333333332 0.594 0.04466666666666667 0.057
3 0.824 0.50675 0.07733333333333332 0.0325
3 0.7656666666666666 0.47975 0.062 0.0275