3 0.925 0.38675 0.042 0.0405
3 0.6096666666666666 0.71375 0.10333333333333333 0.0715
11 0.694 0.59125 0.09066666666666666 0.1025
3 0.31366666666666665 0.49 0.07933333333333333 0.06
11 0.36366666666666664 0.501 0.082 0.062
3 0.42133333333333334 0.5145 0.08 0.068
3 0.482 0.53525 0.076 0.0645
3 0.555 0.53975 0.07266666666666666 0.0585
3 0.6586666666666666 0.416 0.048 0.051
3 0.6306666666666666 0.3715 0.08 0.028
7 0.694 0.36025 0.010666666666666666 0.0205
11 0.6476666666666666 0.34675 0.10066666666666665 0.0415
11 0.8126666666666666 0.40975 0.058666666666666666 0.0705
1 0.863 0.385 0.01 0.018
8 0.8646666666666666 0.37925 0.013333333333333332 0.0195
11 0.8536666666666666 0.3355 0.038 0.042
3 0.7226666666666667 0.30225 0.07466666666666666 0.0245
3 0.7463333333333333 0.28875 0.062 0.0215
11 0.878 0.27625 0.030666666666666665 0.0315
9 0.9206666666666666 0.26075 0.017333333333333333 0.0125
8 0.9183333333333332 0.258 0.01 0.014
9 0.944 0.2385 0.017333333333333333 0.018
8 0.943 0.23775 0.01 0.0125
2 0.9 0.2345 0.036 0.036
3 0.6916666666666667 0.24025 0.028666666666666663 0.0215
3 0.6803333333333332 0.22475 0.02733333333333333 0.0215
3 0.7923333333333332 0.2505 0.028666666666666663 0.021
3 0.7726666666666666 0.234 0.029333333333333333 0.021
3 0.7443333333333333 0.228 0.028666666666666663 0.023
3 0.7346666666666666 0.245 0.030666666666666665 0.022
3 0.717 0.197 0.022 0.019
3 0.7436666666666666 0.19875 0.01933333333333333 0.0165
3 0.7936666666666666 0.20225 0.020666666666666663 0.0155
3 0.786 0.1885 0.018666666666666665 0.015
3 0.7936666666666666 0.17175 0.038 0.0115
3 0.8013333333333332 0.163 0.036 0.01
3 0.8376666666666667 0.18975 0.01933333333333333 0.0165
7 0.8206666666666667 0.07975 0.0026666666666666666 0.0075
7 0.8266666666666667 0.07225 0.004 0.0075
3 0.7593333333333333 0.10625 0.016 0.0095
3 0.788 0.10725 0.013333333333333332 0.0085
3 0.8046666666666666 0.10725 0.012 0.0075
3 0.896 0.04475 0.009333333333333332 0.0055
3 0.8516666666666667 0.091 0.020666666666666663 0.007
3 0.85 0.084 0.016 0.006
3 0.8456666666666667 0.08225 0.018 0.0055
3 0.8403333333333333 0.07775 0.01933333333333333 0.0065
3 0.8473333333333333 0.07975 0.02 0.0075
3 0.874 0.0465 0.014666666666666666 0.006
4 0.8843333333333333 0.049 0.002 0.005
7 0.040333333333333325 0.373 0.014 0.023
11 0.13 0.32625 0.04666666666666666 0.0355
7 0.035 0.31525 0.012666666666666666 0.0195
7 0.028333333333333332 0.3145 0.012666666666666666 0.021
3 0.04333333333333333 0.247 0.041333333333333326 0.021
3 0.06 0.216 0.056 0.017
7 0.086 0.2115 0.008 0.015
7 0.09933333333333333 0.207 0.010666666666666666 0.016
7 0.109 0.2085 0.008666666666666666 0.015
7 0.09333333333333332 0.2055 0.008 0.015