3 0.5947619047619047 0.5303571428571429 0.1019047619047619 0.08357142857142857
3 0.5038095238095237 0.4475 0.08761904761904761 0.06785714285714285
3 0.42047619047619045 0.3775 0.08285714285714285 0.06357142857142857
3 0.3576190476190476 0.32535714285714284 0.0676190476190476 0.05357142857142857
3 0.3009523809523809 0.2689285714285714 0.05714285714285714 0.039285714285714285
3 0.23619047619047617 0.21678571428571428 0.04761904761904761 0.03642857142857143
3 0.09238095238095237 0.08214285714285714 0.026666666666666665 0.022857142857142857
3 0.08857142857142856 0.017142857142857144 0.022857142857142857 0.014285714285714285
3 0.0619047619047619 0.053214285714285714 0.02857142857142857 0.023571428571428573
5 0.1938095238095238 0.031071428571428573 0.010476190476190476 0.009285714285714286
8 0.19428571428571428 0.02892857142857143 0.0038095238095238095 0.005
3 0.11142857142857143 0.1467857142857143 0.03619047619047619 0.027857142857142858
3 0.20714285714285716 0.2532142857142857 0.056190476190476187 0.035
7 0.09809523809523808 0.6610714285714285 0.02476190476190476 0.03357142857142857
5 0.36761904761904757 0.6303571428571428 0.026666666666666665 0.029285714285714286
8 0.3628571428571429 0.6103571428571428 0.019047619047619046 0.02214285714285714
3 0.5314285714285715 0.0625 0.030476190476190476 0.015
3 0.5176190476190476 0.08321428571428571 0.035238095238095235 0.016428571428571428
3 0.5042857142857143 0.05142857142857143 0.025714285714285714 0.014285714285714285