7 0.42047619047619045 0.3792857142857143 0.008571428571428572 0.017142857142857144
7 0.3052380952380952 0.6553571428571429 0.01619047619047619 0.02642857142857143
7 0.2595238095238095 0.6825 0.01619047619047619 0.02642857142857143
7 0.3514285714285714 0.6664285714285715 0.017142857142857144 0.03
7 0.5466666666666666 0.6525 0.015238095238095238 0.03214285714285714
3 0.8190476190476189 0.6639285714285714 0.05904761904761904 0.10785714285714286
7 0.49380952380952375 0.5207142857142857 0.01619047619047619 0.05142857142857143
3 0.8319047619047618 0.5214285714285715 0.050476190476190466 0.09
3 0.7895238095238095 0.3539285714285714 0.04952380952380952 0.08214285714285714
7 0.7642857142857142 0.25785714285714284 0.01238095238095238 0.02
7 0.7452380952380951 0.09321428571428571 0.002857142857142857 0.012142857142857143
3 0.9875 0.16047619047619047 0.025 0.039047619047619046
3 0.8757142857142857 0.3867857142857143 0.07333333333333332 0.09357142857142857
3 0.9085714285714286 0.6935714285714286 0.06095238095238095 0.11142857142857143
5 0.9957142857142857 0.6971428571428572 0.008571428571428572 0.0419047619047619
8 0.9960714285714286 0.6880952380952381 0.007857142857142858 0.02666666666666667