3 0.379 0.68625 0.11933333333333333 0.1265
11 0.35366666666666663 0.572 0.08866666666666666 0.119
3 0.3466666666666666 0.436 0.05333333333333333 0.061
3 0.34933333333333333 0.3865 0.05466666666666666 0.054
3 0.3273333333333333 0.342 0.068 0.039
3 0.382 0.332 0.076 0.04
11 0.42566666666666664 0.28275 0.078 0.0315
3 0.42566666666666664 0.229 0.06466666666666666 0.025
3 0.6063333333333333 0.2545 0.07 0.025
3 0.6996666666666667 0.257 0.07266666666666666 0.023
3 0.8303333333333333 0.2905 0.07533333333333334 0.03
3 0.8136666666666666 0.25 0.07666666666666666 0.023
3 0.9436666666666667 0.2445 0.082 0.022
8 0.6623333333333332 0.3345 0.015333333333333332 0.027
1 0.6616666666666666 0.34175 0.016666666666666663 0.0225
3 0.30866666666666664 0.21225 0.05333333333333333 0.0185
3 0.23966666666666667 0.19775 0.05 0.0205