3 0.6514285714285715 0.7214285714285714 0.10095238095238093 0.055714285714285716
1 0.5314285714285715 0.6621428571428571 0.022857142857142857 0.027142857142857142
1 0.4709523809523809 0.6757142857142857 0.037142857142857144 0.018571428571428572
8 0.46619047619047616 0.6775 0.02 0.015
8 0.529047619047619 0.6628571428571428 0.018095238095238095 0.015714285714285715
9 0.2876190476190476 0.7071428571428572 0.05142857142857143 0.05714285714285714
5 0.2576190476190476 0.6428571428571429 0.025714285714285714 0.02857142857142857
7 0.043809523809523805 0.7403571428571428 0.02857142857142857 0.010714285714285714
7 0.048095238095238094 0.6628571428571428 0.025714285714285714 0.008571428571428572
8 0.07666666666666666 0.5282142857142857 0.018095238095238095 0.012142857142857143
1 0.08428571428571428 0.5296428571428572 0.035238095238095235 0.009285714285714286
11 0.19952380952380952 0.42428571428571427 0.04857142857142857 0.05714285714285714
3 0.46904761904761905 0.43857142857142856 0.0676190476190476 0.06285714285714286
1 0.7633333333333332 0.5389285714285714 0.027619047619047616 0.016428571428571428
8 0.7661904761904761 0.5375 0.018095238095238095 0.013571428571428571
3 0.9882142857142857 0.62 0.023571428571428573 0.06476190476190476
3 0.9914285714285714 0.4280952380952381 0.017142857142857144 0.049523809523809526
7 0.9982142857142857 0.3271428571428571 0.0035714285714285713 0.013333333333333334
3 0.9128571428571428 0.29642857142857143 0.07904761904761905 0.04285714285714286
2 0.8409523809523809 0.3364285714285714 0.1676190476190476 0.08285714285714285
7 0.72 0.28785714285714287 0.009523809523809523 0.008571428571428572
5 0.748095238095238 0.2392857142857143 0.01619047619047619 0.022857142857142857
8 0.748095238095238 0.23642857142857143 0.014285714285714285 0.012857142857142857
11 0.67 0.21714285714285714 0.052380952380952375 0.04857142857142857
3 0.6909523809523809 0.1792857142857143 0.0619047619047619 0.04857142857142857
3 0.569047619047619 0.1725 0.052380952380952375 0.047857142857142855
3 0.6085714285714285 0.08607142857142858 0.04952380952380952 0.047857142857142855
7 0.5471428571428572 0.029642857142857144 0.010476190476190476 0.019285714285714285
3 0.5610714285714286 0.02095238095238095 0.047857142857142855 0.0419047619047619
7 0.5638095238095238 0.3457142857142857 0.011428571428571429 0.012857142857142857
3 0.3352380952380952 0.24357142857142858 0.05333333333333333 0.054285714285714284
10 0.23238095238095235 0.08428571428571428 0.07047619047619047 0.08142857142857143
3 0.022857142857142857 0.02095238095238095 0.03214285714285714 0.0419047619047619
11 0.037619047619047614 0.06571428571428571 0.04285714285714286 0.04857142857142857
11 0.054285714285714284 0.11928571428571429 0.05333333333333333 0.06142857142857143
11 0.10238095238095236 0.24285714285714285 0.04666666666666666 0.054285714285714284
3 0.13285714285714287 0.29214285714285715 0.04666666666666666 0.05142857142857143
10 0.15285714285714286 0.3439285714285714 0.04666666666666666 0.05357142857142857
7 0.035238095238095235 0.3582142857142857 0.02857142857142857 0.016428571428571428