3 0.9945198329853863 0.28385899814471244 0.010960334029227558 0.03153988868274583
3 0.9485157699443413 0.2954070981210856 0.07884972170686455 0.032359081419624215
9 0.8984230055658627 0.31654488517745305 0.02133580705009276 0.016179540709812108
9 0.9109461966604823 0.3037578288100209 0.03339517625231911 0.010438413361169102
9 0.9197588126159554 0.31419624217119 0.028756957328385898 0.011482254697286014
3 0.801948051948052 0.3246346555323591 0.0732838589981447 0.03966597077244259
8 0.711038961038961 0.3262004175365345 0.013914656771799629 0.010438413361169102
8 0.7314471243042672 0.34525052192066813 0.013914656771799629 0.008872651356993737
8 0.7402597402597403 0.3335073068893529 0.01484230055658627 0.012526096033402925
8 0.7012987012987013 0.34655532359081426 0.01484230055658627 0.011482254697286014
8 0.7040816326530612 0.3468162839248434 0.007421150278293135 0.005741127348643007
8 0.7221706864564007 0.3361169102296451 0.012059369202226345 0.009394572025052193
8 0.7045454545454545 0.3350730688935282 0.013914656771799629 0.007306889352818372
8 0.7258812615955473 0.329070981210856 0.012059369202226345 0.01096033402922756
3 0.6544526901669758 0.35177453027139877 0.05658627087198515 0.04384133611691024
3 0.6020408163265305 0.363517745302714 0.06307977736549165 0.04645093945720251
5 0.4076994434137291 0.37682672233820463 0.0398886827458256 0.014613778705636744
3 0.1948051948051948 0.4446764091858038 0.08719851576994433 0.03966597077244259
3 0.7871057513914657 0.4937369519832986 0.10296846011131726 0.04384133611691024
3 0.7922077922077922 0.546972860125261 0.11131725417439703 0.02922755741127349
3 0.5125231910946196 0.5104384133611691 0.12152133580705009 0.036534446764091864
3 0.5204081632653061 0.5451461377870565 0.1131725417439703 0.03288100208768267