3 0.7462894248608535 0.02061586638830898 0.05287569573283859 0.016179540709812108
3 0.7940630797773655 0.0151356993736952 0.02968460111317254 0.016701461377870565
3 0.923469387755102 0.050887265135699376 0.06586270871985157 0.018267223382045932
3 0.9471243042671613 0.07019832985386222 0.07050092764378478 0.01722338204592902
3 0.9434137291280147 0.12082463465553238 0.0797773654916512 0.023486430062630483
7 0.956864564007421 0.1315240083507307 0.006493506493506493 0.014613778705636744
7 0.9415584415584415 0.1278705636743215 0.009276437847866418 0.011482254697286014
3 0.9392393320964749 0.10438413361169104 0.0732838589981447 0.019832985386221295
3 0.9461966604823747 0.0908141962421712 0.07421150278293134 0.014613778705636744
3 0.9731210855949896 0.21753246753246752 0.05375782881002088 0.023191094619666047
3 0.9652922755741128 0.19944341372912802 0.06941544885177453 0.021335807050092765
3 0.9856471816283925 0.310760667903525 0.02870563674321503 0.025974025974025976
3 0.988517745302714 0.33719851576994436 0.022964509394572025 0.025974025974025976
3 0.9926931106471816 0.3673469387755102 0.014613778705636743 0.026901669758812616