3 0.3147208121827411 0.5492857142857143 0.07106598984771574 0.024285714285714282
3 0.39276649746192893 0.5485714285714286 0.06979695431472081 0.025714285714285714
11 0.5152284263959391 0.5410714285714285 0.06598984771573604 0.04071428571428572
3 0.5894670050761421 0.5453571428571429 0.06218274111675127 0.03214285714285715
3 0.6522842639593909 0.5385714285714285 0.0634517766497462 0.045714285714285714
3 0.9124365482233502 0.5528571428571428 0.13959390862944163 0.017142857142857144
11 0.9016497461928934 0.5235714285714286 0.1383248730964467 0.047142857142857146
3 0.07035714285714285 0.4727157360406091 0.1407142857142857 0.04314720812182741
3 0.31916243654822335 0.4471428571428571 0.13324873096446702 0.04
3 0.8185279187817259 0.40285714285714286 0.11928934010152284 0.037142857142857144
3 0.08692893401015228 0.38107142857142856 0.1383248730964467 0.03357142857142857
3 0.3299492385786802 0.3642857142857142 0.10913705583756346 0.03571428571428571
3 0.4593908629441624 0.2232142857142857 0.09898477157360405 0.026428571428571426
3 0.9321065989847717 0.1932142857142857 0.0901015228426396 0.024999999999999998
3 0.6516497461928934 0.19357142857142856 0.09517766497461928 0.024285714285714282
3 0.690989847715736 0.41428571428571426 0.1281725888324873 0.04428571428571428
11 0.4530456852791878 0.4321428571428571 0.13451776649746194 0.041428571428571426
11 0.13261421319796954 0.2825 0.12055837563451777 0.03357142857142857
11 0.46256345177664976 0.3989285714285714 0.13071065989847716 0.03357142857142857
11 0.44416243654822335 0.37535714285714283 0.1218274111675127 0.03642857142857143
11 0.4460659898477158 0.3475 0.12309644670050761 0.03357142857142857
3 0.45748730964467005 0.32571428571428573 0.10532994923857869 0.027142857142857142
11 0.4549492385786802 0.3021428571428571 0.09263959390862944 0.030000000000000002
11 0.4517766497461929 0.20535714285714285 0.10406091370558375 0.03357142857142857
11 0.14086294416243655 0.2607142857142857 0.1269035532994924 0.025714285714285714
11 0.14720812182741116 0.24142857142857144 0.11928934010152284 0.025714285714285714
11 0.15101522842639595 0.22249999999999998 0.11928934010152284 0.027857142857142858
11 0.1637055837563452 0.20107142857142857 0.11421319796954316 0.026428571428571426
3 0.6776649746192893 0.3842857142857143 0.1269035532994924 0.03428571428571429
3 0.8083756345177665 0.375 0.1116751269035533 0.027142857142857142
3 0.684010152284264 0.3575 0.116751269035533 0.03214285714285715
3 0.6782994923857868 0.33214285714285713 0.10786802030456853 0.030000000000000002
3 0.6611675126903553 0.2671428571428571 0.10659898477157359 0.02857142857142857
3 0.6567258883248731 0.2464285714285714 0.10532994923857869 0.03428571428571429
3 0.6567258883248731 0.22785714285714287 0.09517766497461928 0.022857142857142857
3 0.7563451776649746 0.22285714285714286 0.08629441624365483 0.024285714285714282
3 0.7690355329949239 0.23928571428571427 0.10659898477157359 0.030000000000000002
3 0.7734771573604061 0.2575 0.09517766497461928 0.029285714285714286
3 0.9232233502538072 0.17250000000000001 0.09517766497461928 0.026428571428571426
3 0.9029187817258884 0.16 0.09517766497461928 0.024285714285714282
3 0.7836294416243655 0.2807142857142857 0.10532994923857869 0.024285714285714282
3 0.7887055837563453 0.3007142857142857 0.10786802030456853 0.027142857142857142
3 0.7982233502538072 0.32107142857142856 0.09390862944162436 0.023571428571428573
3 0.9860714285714286 0.35723350253807107 0.027857142857142858 0.03680203045685279
3 0.9796428571428571 0.3293147208121827 0.04071428571428572 0.03426395939086294
3 0.9682142857142857 0.3032994923857868 0.06357142857142857 0.03934010152284264
3 0.9675 0.2823604060913706 0.065 0.0266497461928934
3 0.9625 0.2645939086294416 0.075 0.027918781725888325
3 0.9555837563451777 0.24392857142857144 0.07360406091370558 0.029285714285714286
3 0.9422588832487309 0.22357142857142856 0.08248730964467005 0.027142857142857142
11 0.8045685279187818 0.34464285714285714 0.116751269035533 0.034999999999999996
3 0.6719543147208121 0.2867857142857143 0.09263959390862944 0.029285714285714286
10 0.217005076142132 0.09464285714285714 0.06091370558375635 0.056428571428571425
3 0.6408629441624366 0.09678571428571428 0.07614213197969542 0.023571428571428573
3 0.7138324873096447 0.1075 0.07233502538071065 0.024999999999999998
3 0.7404822335025381 0.12178571428571427 0.07487309644670051 0.03214285714285715
11 0.8096446700507615 0.10107142857142858 0.0583756345177665 0.020714285714285713
11 0.4930203045685279 0.11928571428571427 0.08248730964467005 0.03428571428571429
3 0.5329949238578681 0.09892857142857142 0.08883248730964467 0.020714285714285713