3 0.4493333333333333 0.576 0.12 0.149
3 0.459 0.42925 0.10066666666666665 0.1065
3 0.462 0.28225 0.06933333333333333 0.0655
1 0.3253333333333333 0.3575 0.026666666666666665 0.037
7 0.5276666666666666 0.25675 0.016666666666666663 0.0425
7 0.5546666666666666 0.25675 0.02 0.0395
3 0.4476666666666666 0.233 0.05133333333333333 0.043
3 0.4536666666666666 0.20275 0.04466666666666667 0.0325
3 0.4516666666666666 0.1795 0.04066666666666666 0.034
3 0.4586666666666666 0.16225 0.04533333333333333 0.0255
7 0.43066666666666664 0.161 0.010666666666666666 0.024
3 0.4556666666666666 0.13275 0.03 0.0205
3 0.7026666666666667 0.3015 0.08133333333333333 0.055
3 0.6653333333333332 0.26225 0.068 0.0445
1 0.653 0.2255 0.01933333333333333 0.024
1 0.653 0.2295 0.011333333333333332 0.02
1 0.6693333333333332 0.2295 0.013333333333333332 0.019
1 0.678 0.20775 0.017333333333333333 0.0185
1 0.689 0.22725 0.01 0.0205
1 0.7016666666666667 0.22525 0.008666666666666666 0.0185
1 0.7103333333333333 0.23025 0.01 0.0175
1 0.72 0.2525 0.04 0.018
1 0.716 0.2475 0.032 0.013
1 0.712 0.2415 0.036 0.012
5 0.8853333333333333 0.2735 0.014666666666666666 0.027
1 0.877 0.26375 0.04333333333333333 0.0215
1 0.9653333333333333 0.261 0.041333333333333326 0.025
7 0.921 0.3185 0.026 0.043
3 0.99125 0.42 0.0175 0.10733333333333334
3 0.6226666666666666 0.211 0.049333333333333326 0.032
3 0.6013333333333333 0.18525 0.042666666666666665 0.0325
3 0.5543333333333332 0.124 0.028666666666666663 0.017
3 0.4513333333333333 0.118 0.024 0.015
3 0.45 0.11075 0.022666666666666665 0.0125
3 0.452 0.103 0.021333333333333333 0.011
3 0.5316666666666666 0.1035 0.02333333333333333 0.014
3 0.5123333333333333 0.07625 0.015333333333333332 0.0095
3 0.5003333333333333 0.0615 0.01 0.006
3 0.453 0.04175 0.006 0.0045
3 0.485 0.04175 0.014 0.0045
3 0.5056666666666666 0.056 0.01 0.007
8 0.4613333333333333 0.0695 0.004 0.007
9 0.462 0.07175 0.005333333333333333 0.0075
3 0.7126666666666667 0.135 0.06133333333333333 0.021
1 0.6146666666666666 0.1505 0.008 0.017
11 0.481 0.036 0.012666666666666666 0.003
3 0.4526666666666666 0.037 0.005333333333333333 0.005
3 0.4516666666666666 0.03275 0.006 0.0035
4 0.563 0.06575 0.008666666666666666 0.0065
3 0.99175 0.535 0.0165 0.14733333333333334