3 0.5006345177664975 0.34857142857142853 0.0317258883248731 0.025714285714285714
3 0.5913705583756346 0.3525 0.027918781725888325 0.026428571428571426
3 0.6046954314720812 0.2978571428571429 0.02918781725888325 0.02142857142857143
3 0.524746192893401 0.2785714285714286 0.026649746192893398 0.018571428571428572
3 0.7151015228426396 0.26999999999999996 0.026649746192893398 0.02142857142857143
3 0.7557106598984772 0.2546428571428571 0.024111675126903553 0.020714285714285713
3 0.5875634517766498 0.17964285714285713 0.02030456852791878 0.013571428571428571
3 0.5704314720812182 0.14392857142857143 0.019035532994923856 0.012142857142857141
3 0.6192893401015228 0.1457142857142857 0.017766497461928935 0.011428571428571429
3 0.7366751269035533 0.17785714285714285 0.021573604060913708 0.017142857142857144
3 0.692258883248731 0.11428571428571428 0.013959390862944163 0.014285714285714285
3 0.6656091370558376 0.1032142857142857 0.011421319796954314 0.010714285714285714
3 0.7176395939086294 0.09357142857142856 0.013959390862944163 0.011428571428571429
3 0.5983502538071066 0.11678571428571427 0.013959390862944163 0.012142857142857141
3 0.6230964467005077 0.10678571428571428 0.015228426395939087 0.007857142857142858
3 0.6015228426395939 0.085 0.015228426395939087 0.01
3 0.6091370558375634 0.06107142857142857 0.01269035532994924 0.007857142857142858
3 0.6110406091370558 0.047857142857142855 0.013959390862944163 0.007142857142857143
3 0.6326142131979696 0.040357142857142855 0.011421319796954314 0.0064285714285714285
3 0.6326142131979696 0.052142857142857144 0.011421319796954314 0.008571428571428572
3 0.6307106598984772 0.06678571428571428 0.017766497461928935 0.009285714285714286
3 0.6192893401015228 0.008928571428571428 0.01269035532994924 0.007857142857142858
3 0.6326142131979696 0.018214285714285714 0.011421319796954314 0.007857142857142858
3 0.8001269035532995 0.03428571428571429 0.011421319796954314 0.007142857142857143
3 0.8071065989847717 0.0475 0.01269035532994924 0.007857142857142858
3 0.9137055837563453 0.21892857142857142 0.02284263959390863 0.016428571428571428
3 0.9651015228426396 0.2446428571428571 0.021573604060913708 0.017857142857142856
3 0.9842857142857143 0.3432741116751269 0.03142857142857143 0.01903553299492386
3 0.8959390862944162 0.18892857142857142 0.030456852791878174 0.013571428571428571
3 0.8876903553299493 0.17500000000000002 0.02918781725888325 0.011428571428571429
3 0.8807106598984772 0.16964285714285712 0.027918781725888325 0.010714285714285714
3 0.8737309644670052 0.15642857142857142 0.026649746192893398 0.011428571428571429
3 0.8686548223350254 0.15357142857142855 0.02918781725888325 0.011428571428571429
3 0.8864213197969543 0.14392857142857143 0.019035532994923856 0.010714285714285714
11 0.7791878172588833 0.3692857142857142 0.027918781725888325 0.03571428571428571
11 0.5399746192893401 0.3892857142857143 0.03426395939086294 0.032857142857142856
11 0.5558375634517767 0.18678571428571428 0.027918781725888325 0.016428571428571428
2 0.9181472081218275 0.11678571428571427 0.02918781725888325 0.02214285714285714
2 0.8959390862944162 0.09714285714285713 0.027918781725888325 0.02
2 0.8826142131979696 0.07964285714285714 0.019035532994923856 0.013571428571428571
3 0.9333756345177665 0.13428571428571429 0.021573604060913708 0.014285714285714285
3 0.9105329949238579 0.06928571428571428 0.019035532994923856 0.008571428571428572
3 0.8318527918781725 0.03535714285714285 0.013959390862944163 0.010714285714285714
11 0.8362944162436547 0.02892857142857143 0.017766497461928935 0.009285714285714286
10 0.8210659898477157 0.022857142857142857 0.015228426395939087 0.012857142857142857
3 0.8077411167512691 0.017499999999999998 0.01649746192893401 0.0064285714285714285
10 0.5717005076142132 0.10642857142857141 0.02918781725888325 0.024285714285714282
10 0.600253807106599 0.013571428571428571 0.015228426395939087 0.012857142857142857
2 0.4149746192893401 0.525 0.10406091370558375 0.07285714285714286
3 0.559010152284264 0.5478571428571428 0.03934010152284264 0.027142857142857142
3 0.6656091370558376 0.5507142857142857 0.03934010152284264 0.02142857142857143
3 0.675761421319797 0.003928571428571429 0.011421319796954314 0.0064285714285714285
3 0.8052030456852792 0.0060714285714285705 0.011421319796954314 0.0064285714285714285
3 0.8102791878172588 0.013214285714285713 0.008883248730964468 0.007857142857142858
7 0.8331218274111676 0.14964285714285713 0.00634517766497462 0.0064285714285714285
7 0.8223350253807106 0.14214285714285715 0.005076142131979695 0.007142857142857143
7 0.8236040609137056 0.06321428571428571 0.005076142131979695 0.005
7 0.7868020304568527 0.07678571428571428 0.005076142131979695 0.0064285714285714285