3 0.9302030456852792 0.32892857142857146 0.017766497461928935 0.017857142857142856
3 0.940989847715736 0.29392857142857143 0.01649746192893401 0.015000000000000001
3 0.9447969543147208 0.2621428571428571 0.01649746192893401 0.012857142857142857
3 0.95748730964467 0.24035714285714285 0.013959390862944163 0.012142857142857141
3 0.8540609137055838 0.22357142857142856 0.03553299492385787 0.01
3 0.8953045685279187 0.15821428571428572 0.03426395939086294 0.0064285714285714285
3 0.995 0.19289340101522842 0.01 0.007614213197969543
3 0.9701776649746193 0.20785714285714282 0.019035532994923856 0.01
3 0.958756345177665 0.22178571428571428 0.01649746192893401 0.010714285714285714
2 0.9670050761421319 0.26607142857142857 0.02284263959390863 0.023571428571428573
2 0.9130710659898478 0.4139285714285714 0.0317258883248731 0.04071428571428572
2 0.9619289340101522 0.3207142857142857 0.02030456852791878 0.02857142857142857
2 0.9790609137055838 0.22678571428571428 0.019035532994923856 0.02214285714285714
3 0.9885786802030457 0.2125 0.017766497461928935 0.010714285714285714
11 0.5850253807106599 0.2039285714285714 0.03553299492385787 0.010714285714285714
11 0.5564720812182741 0.1514285714285714 0.03426395939086294 0.008571428571428572
11 0.34581218274111675 0.15678571428571428 0.0317258883248731 0.009285714285714286
3 0.27855329949238583 0.155 0.0317258883248731 0.008571428571428572
3 0.17005076142131978 0.16035714285714284 0.030456852791878174 0.007857142857142858
3 0.053934010152284266 0.16714285714285712 0.02918781725888325 0.008571428571428572
11 0.053934010152284266 0.15642857142857142 0.0317258883248731 0.008571428571428572
3 0.019035532994923856 0.16142857142857142 0.027918781725888325 0.007142857142857143
11 0.7519035532994923 0.06107142857142857 0.01649746192893401 0.012142857142857141
3 0.7626903553299493 0.05321428571428571 0.007614213197969543 0.0064285714285714285
3 0.7404822335025381 0.0707142857142857 0.011421319796954314 0.005714285714285714
3 0.7684010152284264 0.05035714285714286 0.011421319796954314 0.007857142857142858
3 0.7741116751269036 0.04642857142857142 0.01015228426395939 0.005714285714285714