3 0.11425 0.5623333333333334 0.2285 0.17733333333333334
3 0.4676666666666666 0.2995 0.158 0.095
3 0.5866666666666667 0.3075 0.13466666666666666 0.092
3 0.4586666666666666 0.1875 0.15866666666666665 0.057
9 0.47433333333333333 0.1595 0.094 0.033
3 0.5376666666666666 0.14875 0.1393333333333333 0.0465
11 0.8203333333333332 0.24925 0.14866666666666667 0.0665
11 0.792 0.201 0.144 0.072
3 0.8973333333333332 0.23175 0.16266666666666665 0.0585
3 0.94575 0.20966666666666667 0.1085 0.056666666666666664
11 0.8526666666666667 0.15825 0.116 0.0645
11 0.828 0.12175 0.076 0.0515
11 0.94275 0.13366666666666666 0.1145 0.06066666666666667
1 0.9303333333333332 0.15925 0.03666666666666667 0.0315
11 0.934 0.11275 0.12533333333333332 0.0465
11 0.9113333333333332 0.09975 0.10266666666666666 0.0425
3 0.8573333333333333 0.07275 0.06533333333333333 0.0335
11 0.958 0.06833333333333333 0.084 0.042666666666666665
3 0.97225 0.06266666666666666 0.0555 0.03333333333333333
3 0.9446666666666667 0.04775 0.11066666666666666 0.0275
11 0.97775 0.037 0.0445 0.037333333333333336
3 0.97225 0.030333333333333334 0.0555 0.030666666666666665
3 0.969 0.021333333333333333 0.062 0.02666666666666667
3 0.979 0.016 0.042 0.022
7 0.969 0.007 0.01 0.014
3 0.6533333333333332 0.065 0.084 0.034
11 0.6683333333333332 0.04725 0.08733333333333333 0.0365
3 0.6813333333333332 0.04 0.08133333333333333 0.026
3 0.699 0.03275 0.09133333333333332 0.0285
3 0.771 0.03275 0.042 0.0295
7 0.318 0.26 0.032 0.052
7 0.317 0.25025 0.028666666666666663 0.0445
1 0.428 0.24925 0.056 0.0345
1 0.4616666666666666 0.21225 0.05 0.0345
7 0.7183333333333333 0.1875 0.026 0.045
8 0.887 0.37075 0.038 0.0385
8 0.9556666666666667 0.30975 0.03266666666666666 0.0315
5 0.9343333333333332 0.2875 0.028666666666666663 0.046
7 0.9866666666666666 0.2325 0.022666666666666665 0.044
5 0.988 0.17866666666666667 0.024 0.03666666666666667
2 0.73825 0.008666666666666666 0.0845 0.017333333333333333