3 0.07804568527918782 0.22642857142857142 0.04695431472081218 0.027142857142857142
3 0.7284263959390863 0.45428571428571424 0.0583756345177665 0.015714285714285715
3 0.7880710659898478 0.4496428571428571 0.048223350253807105 0.015000000000000001
10 0.5729695431472082 0.3939285714285714 0.11548223350253807 0.029285714285714286
3 0.5717005076142132 0.3175 0.02918781725888325 0.03357142857142857
3 0.5114213197969543 0.3239285714285714 0.030456852791878174 0.03214285714285715
3 0.6903553299492386 0.31035714285714283 0.030456852791878174 0.03071428571428571
3 0.7201776649746192 0.3053571428571428 0.02918781725888325 0.029285714285714286
3 0.7468274111675126 0.30107142857142855 0.021573604060913708 0.024999999999999998
11 0.5418781725888324 0.2464285714285714 0.030456852791878174 0.03428571428571429
3 0.7138324873096447 0.23249999999999998 0.024111675126903553 0.026428571428571426
3 0.6402284263959391 0.27285714285714285 0.05456852791878173 0.015714285714285715
5 0.31725888324873097 0.30857142857142855 0.030456852791878174 0.01
5 0.5107868020304569 0.2464285714285714 0.024111675126903553 0.008571428571428572
5 0.5152284263959391 0.25857142857142856 0.02284263959390863 0.011428571428571429
5 0.4593908629441624 0.26964285714285713 0.030456852791878174 0.009285714285714286
4 0.7233502538071066 0.27999999999999997 0.017766497461928935 0.005714285714285714
3 0.7703045685279187 0.22499999999999998 0.02538071065989848 0.027142857142857142
11 0.7975888324873097 0.22499999999999998 0.02918781725888325 0.03142857142857143
11 0.8223350253807106 0.21928571428571428 0.030456852791878174 0.03142857142857143
3 0.8794416243654822 0.21571428571428572 0.030456852791878174 0.027142857142857142
3 0.9784263959390863 0.11714285714285715 0.02538071065989848 0.02