3 0.97225 0.573 0.0555 0.078
3 0.9373333333333332 0.4725 0.05333333333333333 0.071
3 0.9126666666666666 0.392 0.04533333333333333 0.058
3 0.861 0.2015 0.03266666666666666 0.034
3 0.8393333333333333 0.12875 0.030666666666666665 0.0265
11 0.8303333333333333 0.08875 0.020666666666666663 0.0275
7 0.845 0.2635 0.01 0.021
8 0.825 0.2515 0.01 0.011
5 0.824 0.26175 0.010666666666666666 0.0145
1 0.8246666666666667 0.20225 0.010666666666666666 0.0185
1 0.8233333333333333 0.171 0.009333333333333332 0.014
1 0.811 0.15 0.01 0.012
8 0.8273333333333333 0.19925 0.012 0.0155
8 0.8233333333333333 0.16575 0.008 0.0095
8 0.815 0.145 0.011333333333333332 0.009
3 0.6773333333333332 0.266 0.033333333333333326 0.04
11 0.55 0.2665 0.033333333333333326 0.049
11 0.6056666666666666 0.06825 0.024666666666666663 0.0375
3 0.505 0.0405 0.022 0.017
3 0.4963333333333333 0.0575 0.01933333333333333 0.02
3 0.48733333333333334 0.08 0.025333333333333333 0.026
3 0.472 0.114 0.028 0.026
3 0.461 0.13825 0.03266666666666666 0.0285
3 0.439 0.18575 0.03133333333333333 0.0395
11 0.42566666666666664 0.21225 0.03266666666666666 0.0345
11 0.4013333333333333 0.2565 0.042666666666666665 0.059
11 0.3773333333333333 0.32525 0.04533333333333333 0.0615
11 0.22066666666666665 0.6645 0.09066666666666666 0.121
3 0.279 0.546 0.06066666666666667 0.078
3 0.315 0.46425 0.056666666666666664 0.0695
3 0.5093333333333333 0.4925 0.049333333333333326 0.079