3 0.972 0.6153333333333333 0.056 0.15466666666666667
11 0.8963333333333332 0.5335 0.15133333333333332 0.117
3 0.8303333333333333 0.45375 0.12733333333333333 0.1285
7 0.756 0.51225 0.028 0.0325
9 0.719 0.34375 0.05933333333333333 0.0495
10 0.493 0.388 0.238 0.145
3 0.37 0.34775 0.16666666666666666 0.0885
3 0.3123333333333333 0.301 0.14866666666666667 0.088
11 0.23866666666666667 0.2555 0.132 0.07
11 0.071 0.263 0.142 0.076
7 0.4556666666666666 0.504 0.02333333333333333 0.033
3 0.3153333333333333 0.66125 0.22266666666666665 0.1375
11 0.06825 0.6936666666666667 0.1365 0.112