3 0.9953571428571428 0.5528571428571428 0.009285714285714286 0.12571428571428572
3 0.9439285714285715 0.4114285714285714 0.11214285714285714 0.08857142857142856
3 0.8861904761904761 0.3289285714285714 0.1 0.06785714285714285
3 0.8328571428571429 0.2675 0.10571428571428572 0.06642857142857143
3 0.7509523809523809 0.4614285714285714 0.11333333333333333 0.12
3 0.7509523809523809 0.19142857142857142 0.09238095238095237 0.054285714285714284
3 0.7147619047619047 0.12285714285714286 0.04666666666666666 0.037142857142857144
11 0.5404761904761904 0.6539285714285714 0.21047619047619046 0.19071428571428573
3 0.5114285714285715 0.5146428571428572 0.11047619047619046 0.12071428571428572
3 0.5114285714285715 0.3896428571428571 0.11428571428571428 0.11357142857142857
3 0.4752380952380952 0.30607142857142855 0.08 0.08071428571428571
3 0.4657142857142857 0.24035714285714285 0.06857142857142857 0.06642857142857143
3 0.4471428571428571 0.18785714285714286 0.06 0.047142857142857146
10 0.42857142857142855 0.13392857142857142 0.08 0.065
3 0.48380952380952374 0.11 0.05333333333333333 0.04857142857142857
10 0.5928571428571429 0.02095238095238095 0.07357142857142857 0.0419047619047619
3 0.419047619047619 0.10071428571428571 0.043809523809523805 0.02857142857142857
3 0.4147619047619047 0.07785714285714286 0.050476190476190466 0.03428571428571429
3 0.40380952380952373 0.04964285714285714 0.04 0.02642857142857143
3 0.3904761904761905 0.029285714285714286 0.03238095238095238 0.03
3 0.3809523809523809 0.013214285714285715 0.03619047619047619 0.023571428571428573