3 0.8433333333333333 0.703 0.15466666666666665 0.093
3 0.5683333333333332 0.53425 0.09933333333333333 0.0655
7 0.6753333333333332 0.5025 0.016 0.032
7 0.6523333333333332 0.49475 0.01 0.0215
7 0.6366666666666666 0.5025 0.02 0.032
3 0.4573333333333333 0.4375 0.07333333333333333 0.043
3 0.257 0.4465 0.07133333333333333 0.048
3 0.262 0.31075 0.05333333333333333 0.0285
3 0.20866666666666667 0.268 0.03733333333333333 0.023
3 0.185 0.252 0.03666666666666667 0.019
3 0.165 0.2365 0.03666666666666667 0.02
3 0.12466666666666666 0.21175 0.030666666666666665 0.0165
3 0.109 0.20125 0.03 0.0155
3 0.1663333333333333 0.1775 0.04733333333333333 0.014
11 0.027 0.217 0.03533333333333333 0.026
3 0.056 0.16475 0.021333333333333333 0.0115
3 0.017 0.13975 0.03 0.0115
3 0.011666666666666665 0.1355 0.022 0.011
7 0.035 0.16125 0.011333333333333332 0.0155
7 0.053 0.15625 0.007333333333333333 0.0095
7 0.06233333333333333 0.1565 0.01 0.009
7 0.057333333333333326 0.1505 0.006666666666666666 0.013
3 0.97425 0.2776666666666667 0.0515 0.022
3 0.7106666666666667 0.22875 0.049333333333333326 0.0185
3 0.8326666666666667 0.26075 0.056 0.0215
3 0.7876666666666666 0.2335 0.048666666666666664 0.022
3 0.97825 0.24266666666666667 0.0435 0.02666666666666667
3 0.994 0.239 0.012 0.02
3 0.8906666666666666 0.242 0.05466666666666666 0.02
3 0.389 0.115 0.02733333333333333 0.007
3 0.3486666666666666 0.13025 0.018666666666666665 0.0105
3 0.36566666666666664 0.1345 0.01933333333333333 0.009
3 0.37966666666666665 0.1385 0.018 0.01
3 0.3466666666666666 0.149 0.033333333333333326 0.012
3 0.318 0.142 0.030666666666666665 0.011
3 0.3223333333333333 0.11325 0.038 0.0125
3 0.4 0.14325 0.024 0.0115
3 0.5316666666666666 0.17875 0.03666666666666667 0.0165
3 0.5956666666666667 0.176 0.026 0.016
3 0.5116666666666666 0.1705 0.03 0.013
3 0.48866666666666664 0.1675 0.025333333333333333 0.014
3 0.4653333333333333 0.1625 0.026666666666666665 0.014
3 0.4423333333333333 0.15675 0.03 0.0135
7 0.358 0.13375 0.008 0.0115
3 0.5933333333333333 0.22875 0.044 0.0165
3 0.6176666666666666 0.235 0.05133333333333333 0.019
3 0.6576666666666666 0.24925 0.05 0.0175
3 0.8 0.29225 0.06266666666666666 0.0285
7 0.964 0.305 0.010666666666666666 0.019
7 0.99725 0.2906666666666667 0.0055 0.015333333333333332
7 0.9883333333333333 0.295 0.007333333333333333 0.017