3 0.8921319796954316 0.3264285714285714 0.03807106598984771 0.048571428571428564
3 0.9543147208121827 0.3032142857142857 0.043147208121827416 0.052142857142857144
3 0.8299492385786802 0.3607142857142857 0.04568527918781726 0.05714285714285714
3 0.631979695431472 0.3557142857142857 0.04568527918781726 0.049999999999999996
3 0.567258883248731 0.3578571428571429 0.04568527918781726 0.049999999999999996
3 0.7360406091370558 0.13035714285714284 0.03807106598984771 0.03642857142857143
3 0.6852791878172589 0.15107142857142855 0.04060913705583756 0.04071428571428572
3 0.6890862944162437 0.08714285714285713 0.03299492385786802 0.03142857142857143
3 0.7436548223350254 0.06285714285714286 0.030456852791878174 0.032857142857142856
3 0.6630710659898478 0.23285714285714285 0.04187817258883249 0.02857142857142857
11 0.8439086294416244 0.09 0.03553299492385787 0.037142857142857144
11 0.7258883248730964 0.21035714285714283 0.04060913705583756 0.043571428571428567
11 0.6986040609137056 0.3025 0.03680203045685279 0.042142857142857135
11 0.7106598984771574 0.017142857142857144 0.03807106598984771 0.032857142857142856
11 0.6643401015228426 0.47285714285714286 0.049492385786802026 0.05857142857142857
3 0.125 0.1692857142857143 0.09771573604060915 0.02142857142857143
3 0.33185279187817257 0.17 0.08248730964467005 0.018571428571428572
3 0.2772842639593909 0.21357142857142855 0.08502538071065989 0.025714285714285714
11 0.4606598984771573 0.17428571428571427 0.09390862944162436 0.025714285714285714
2 0.06714285714285714 0.18401015228426396 0.13428571428571429 0.031725888324873094
2 0.2906091370558376 0.18535714285714286 0.23096446700507614 0.039285714285714285
11 0.02035714285714286 0.16243654822335024 0.04071428571428572 0.0266497461928934
3 0.6682142857142858 0.0133248730964467 0.03428571428571429 0.0266497461928934