9 0.8571428571428571 0.4141440501043842 0.06493506493506493 0.030793319415448855
8 0.9299628942486086 0.44389352818371614 0.01948051948051948 0.014091858037578288
5 0.9304267161410018 0.4457202505219207 0.02411873840445269 0.02296450939457203
5 0.6985157699443413 0.5480167014613779 0.03710575139146567 0.020876826722338204
11 0.8511131725417439 0.36038622129436326 0.10296846011131726 0.029749478079331943
0 0.924860853432282 0.3708246346555324 0.06122448979591836 0.03392484342379959
5 0.7857142857142857 0.3530793319415449 0.01484230055658627 0.01304801670146138
5 0.7685528756957327 0.37160751565762007 0.013914656771799629 0.015657620041753657
5 0.7592764378478664 0.3700417536534447 0.012059369202226345 0.017745302713987474
5 0.7741187384044527 0.35151356993736954 0.015769944341372914 0.016179540709812108
5 0.8418367346938775 0.2646137787056368 0.012059369202226345 0.015657620041753657
5 0.9030612244897959 0.24243215031315243 0.02504638218923933 0.01096033402922756
5 0.919294990723562 0.23799582463465555 0.018552875695732836 0.014613778705636744
0 0.8896103896103895 0.2090292275574113 0.04638218923933209 0.020354906054279753
3 0.9801670146137788 0.1461038961038961 0.03966597077244259 0.015769944341372914
5 0.9782003710575139 0.13700417536534448 0.02504638218923933 0.006784968684759917
5 0.9693877551020408 0.12239039665970773 0.02040816326530612 0.008872651356993737
5 0.997651356993737 0.12384044526901669 0.004697286012526096 0.01020408163265306
5 0.9865491651205937 0.1163883089770355 0.01948051948051948 0.007306889352818372
5 0.9879406307977735 0.10490605427974949 0.01484230055658627 0.007306889352818372
5 0.9939979123173278 0.10296846011131726 0.012004175365344467 0.0074211502782931356
9 0.9971294363256785 0.10064935064935066 0.005741127348643006 0.01020408163265306
3 0.9994780793319415 0.09230055658627087 0.0010438413361169101 0.013914656771799629