3 0.07285714285714286 0.7382142857142857 0.054285714285714284 0.02214285714285714
3 0.14142857142857143 0.7057142857142857 0.0676190476190476 0.045714285714285714
7 0.36761904761904757 0.5746428571428571 0.011428571428571429 0.009285714285714286
7 0.3638095238095238 0.5685714285714286 0.007619047619047619 0.01
3 0.7261904761904762 0.72 0.056190476190476187 0.04
3 0.6814285714285714 0.6771428571428572 0.05809523809523809 0.037142857142857144
3 0.6547619047619048 0.6567857142857143 0.056190476190476187 0.03785714285714286
3 0.6376190476190476 0.6346428571428572 0.052380952380952375 0.035
11 0.6204761904761904 0.6175 0.05809523809523809 0.03642857142857143
11 0.5857142857142857 0.5757142857142857 0.04952380952380952 0.03428571428571429
3 0.5609523809523809 0.5535714285714286 0.05333333333333333 0.03571428571428571
5 0.7595238095238095 0.7414285714285714 0.014285714285714285 0.015714285714285715
10 0.9066666666666666 0.7357142857142858 0.04 0.027142857142857142
11 0.9566666666666667 0.6085714285714285 0.052380952380952375 0.04428571428571428
11 0.9871428571428571 0.6038095238095238 0.025714285714285714 0.04476190476190476
5 0.9967857142857143 0.579047619047619 0.0064285714285714285 0.013333333333333334
8 0.9989285714285714 0.5771428571428572 0.002142857142857143 0.010476190476190476
7 0.8733333333333332 0.5492857142857143 0.011428571428571429 0.011428571428571429
3 0.9166666666666666 0.5267857142857143 0.050476190476190466 0.03785714285714286
7 0.9946428571428572 0.56 0.010714285714285714 0.011428571428571429
3 0.7352380952380951 0.5707142857142857 0.04761904761904761 0.03857142857142857
3 0.6957142857142857 0.5332142857142858 0.04476190476190476 0.03785714285714286
5 0.6261904761904762 0.48964285714285716 0.018095238095238095 0.016428571428571428
10 0.6538095238095237 0.48892857142857143 0.06 0.04928571428571429
3 0.6109523809523809 0.45035714285714284 0.04285714285714286 0.03642857142857143
0 0.579047619047619 0.4185714285714286 0.04 0.032857142857142856
3 0.5457142857142857 0.3896428571428571 0.03809523809523809 0.029285714285714286
3 0.518095238095238 0.3607142857142857 0.03809523809523809 0.027142857142857142
9 0.718095238095238 0.4425 0.022857142857142857 0.020714285714285713
11 0.7728571428571429 0.4175 0.04285714285714286 0.029285714285714286
3 0.6523809523809523 0.32571428571428573 0.03619047619047619 0.024285714285714285
3 0.4619047619047619 0.4442857142857143 0.05142857142857143 0.02857142857142857
11 0.44571428571428573 0.43142857142857144 0.0419047619047619 0.027142857142857142
3 0.4409523809523809 0.4157142857142857 0.05333333333333333 0.027142857142857142
3 0.41714285714285715 0.39714285714285713 0.05333333333333333 0.025714285714285714
3 0.40619047619047616 0.38535714285714284 0.052380952380952375 0.025
3 0.39238095238095233 0.37214285714285716 0.05142857142857143 0.02
3 0.38 0.3578571428571429 0.04761904761904761 0.025714285714285714
3 0.36523809523809525 0.3425 0.04857142857142857 0.023571428571428573
3 0.48857142857142855 0.3360714285714286 0.03238095238095238 0.02642857142857143
3 0.45285714285714285 0.3078571428571429 0.037142857142857144 0.027142857142857142
3 0.42380952380952375 0.2782142857142857 0.030476190476190476 0.023571428571428573
3 0.3385714285714286 0.3217857142857143 0.04857142857142857 0.025
3 0.31857142857142856 0.29642857142857143 0.04857142857142857 0.02142857142857143
3 0.3109523809523809 0.2832142857142857 0.04476190476190476 0.02214285714285714
3 0.3009523809523809 0.2757142857142857 0.043809523809523805 0.022857142857142857
11 0.32857142857142857 0.31035714285714283 0.045714285714285714 0.02642857142857143
11 0.3938095238095238 0.2532142857142857 0.03142857142857143 0.02642857142857143
11 0.3709523809523809 0.23142857142857143 0.027619047619047616 0.02142857142857143
3 0.35095238095238096 0.21464285714285714 0.025714285714285714 0.023571428571428573
3 0.32666666666666666 0.19642857142857142 0.030476190476190476 0.02142857142857143
3 0.30476190476190473 0.17857142857142858 0.030476190476190476 0.02142857142857143
10 0.2509523809523809 0.22964285714285715 0.04095238095238095 0.027857142857142858
3 0.23857142857142857 0.2225 0.039047619047619046 0.020714285714285713
7 0.30238095238095236 0.2367857142857143 0.006666666666666666 0.009285714285714286
7 0.25476190476190474 0.18321428571428572 0.008571428571428572 0.010714285714285714
3 0.2814285714285714 0.16107142857142856 0.02952380952380952 0.019285714285714285
3 0.2538095238095238 0.1467857142857143 0.025714285714285714 0.016428571428571428
11 0.19047619047619044 0.1467857142857143 0.026666666666666665 0.017857142857142856
3 0.20857142857142857 0.11285714285714285 0.02857142857142857 0.017142857142857144
10 0.26285714285714284 0.07321428571428572 0.0419047619047619 0.035
3 0.37857142857142856 0.12357142857142857 0.027619047619047616 0.017142857142857144
10 0.2480952380952381 0.04 0.027619047619047616 0.02
5 0.29523809523809524 0.05857142857142857 0.013333333333333332 0.008571428571428572
3 0.07809523809523809 0.07464285714285715 0.03238095238095238 0.013571428571428571
10 0.13857142857142857 0.06571428571428571 0.052380952380952375 0.03857142857142857
11 0.11142857142857143 0.04357142857142857 0.02476190476190476 0.018571428571428572
7 0.07523809523809523 0.045714285714285714 0.007619047619047619 0.008571428571428572
11 0.056666666666666664 0.014285714285714285 0.035238095238095235 0.014285714285714285
3 0.037142857142857144 0.0038095238095238095 0.03642857142857143 0.007619047619047619
3 0.18392857142857144 0.006666666666666667 0.022857142857142857 0.013333333333333334
3 0.20142857142857143 0.006190476190476191 0.029285714285714286 0.012380952380952381
10 0.13333333333333333 0.11964285714285715 0.03619047619047619 0.016428571428571428
11 0.35047619047619044 0.33035714285714285 0.043809523809523805 0.027857142857142858
9 0.9204761904761903 0.4542857142857143 0.037142857142857144 0.03142857142857143
7 0.8938095238095237 0.44642857142857145 0.010476190476190476 0.011428571428571429
7 0.9119047619047618 0.44 0.008571428571428572 0.01
7 0.9533333333333333 0.4303571428571429 0.011428571428571429 0.010714285714285714
7 0.9552380952380952 0.38607142857142857 0.007619047619047619 0.010714285714285714
11 0.9917857142857143 0.38666666666666666 0.016428571428571428 0.030476190476190476
5 0.6542857142857142 0.35035714285714287 0.013333333333333332 0.010714285714285714
8 0.6547619047619048 0.34785714285714286 0.008571428571428572 0.01
1 0.719047619047619 0.33785714285714286 0.015238095238095238 0.008571428571428572
8 0.7195238095238095 0.3342857142857143 0.008571428571428572 0.008571428571428572
7 0.599047619047619 0.27285714285714285 0.005714285714285714 0.007142857142857143
10 0.608095238095238 0.2621428571428571 0.04666666666666666 0.03571428571428571
10 0.5161904761904762 0.22142857142857142 0.043809523809523805 0.032857142857142856
11 0.8442857142857143 0.26035714285714284 0.035238095238095235 0.02642857142857143
7 0.8719047619047618 0.26035714285714284 0.008571428571428572 0.010714285714285714
3 0.8704761904761904 0.24142857142857144 0.03428571428571429 0.022857142857142857
11 0.9066666666666666 0.21714285714285714 0.026666666666666665 0.022857142857142857
3 0.9328571428571428 0.19857142857142857 0.03142857142857143 0.022857142857142857
3 0.9585714285714285 0.17821428571428571 0.03142857142857143 0.02214285714285714
11 0.9853571428571428 0.15666666666666668 0.029285714285714286 0.023809523809523808
3 0.9975 0.14476190476190476 0.005 0.02095238095238095
3 0.9123809523809523 0.08357142857142857 0.03238095238095238 0.018571428571428572
3 0.9371428571428572 0.10607142857142857 0.02476190476190476 0.015
3 0.9152380952380952 0.11821428571428572 0.03619047619047619 0.017857142857142856
3 0.89 0.13 0.037142857142857144 0.017142857142857144
3 0.858095238095238 0.10142857142857142 0.03428571428571429 0.017142857142857144
3 0.7838095238095237 0.15285714285714286 0.0419047619047619 0.02142857142857143
3 0.8042857142857143 0.14821428571428572 0.035238095238095235 0.020714285714285713
3 0.6733333333333333 0.11821428571428572 0.03428571428571429 0.020714285714285713
11 0.6371428571428571 0.0975 0.03619047619047619 0.020714285714285713
3 0.5857142857142857 0.0575 0.03238095238095238 0.017857142857142856
3 0.5538095238095238 0.045 0.02952380952380952 0.015714285714285715
3 0.518095238095238 0.025357142857142856 0.02476190476190476 0.016428571428571428
3 0.4660714285714286 0.004761904761904762 0.027857142857142858 0.009523809523809525
7 0.3419047619047619 0.07964285714285714 0.007619047619047619 0.009285714285714286