3 0.8356666666666667 0.64325 0.08866666666666666 0.0835
3 0.7733333333333332 0.56075 0.07466666666666666 0.0745
3 0.96975 0.601 0.0605 0.07333333333333333
3 0.921 0.53075 0.08333333333333333 0.0565
3 0.6473333333333332 0.429 0.076 0.041
3 0.62 0.3825 0.06666666666666665 0.038
3 0.6093333333333333 0.33625 0.04533333333333333 0.0375
3 0.688 0.3185 0.044 0.028
3 0.6653333333333332 0.29475 0.04666666666666666 0.0265
3 0.5776666666666667 0.30725 0.038 0.0305
3 0.4583333333333333 0.32075 0.038 0.0285
3 0.54 0.2645 0.032 0.025
3 0.5206666666666666 0.24375 0.029333333333333333 0.0225
3 0.501 0.23125 0.028666666666666663 0.0205
3 0.483 0.21675 0.02733333333333333 0.0185
3 0.5923333333333333 0.23825 0.034 0.0195
3 0.5706666666666667 0.22275 0.033333333333333326 0.0185
7 0.2673333333333333 0.31 0.010666666666666666 0.017
3 0.5206666666666666 0.17675 0.032 0.0145
11 0.5426666666666666 0.11875 0.03733333333333333 0.0125
3 0.49166666666666664 0.11725 0.03 0.0105
3 0.465 0.12075 0.03266666666666666 0.0105
11 0.43766666666666665 0.1125 0.03533333333333333 0.013
11 0.3963333333333333 0.111 0.03266666666666666 0.012
7 0.35033333333333333 0.109 0.003333333333333333 0.009
3 0.2636666666666666 0.07925 0.012666666666666666 0.0085
3 0.2353333333333333 0.10325 0.018666666666666665 0.0125
3 0.2043333333333333 0.1185 0.03133333333333333 0.011
3 0.15 0.126 0.032 0.014
3 0.257 0.07125 0.011333333333333332 0.0075
3 0.26 0.07575 0.010666666666666666 0.0075