3 0.4609523809523809 0.5717857142857142 0.0819047619047619 0.10642857142857143
3 0.5409523809523809 0.5703571428571429 0.06285714285714286 0.09928571428571428
3 0.6271428571428571 0.5675 0.07142857142857142 0.09928571428571428
3 0.7033333333333333 0.5546428571428571 0.09809523809523808 0.08785714285714286
3 0.8371428571428572 0.49785714285714283 0.1352380952380952 0.06714285714285714
3 0.8457142857142858 0.4332142857142857 0.11619047619047618 0.035
3 0.8257142857142857 0.3692857142857143 0.09142857142857143 0.032857142857142856
3 0.2357142857142857 0.5725 0.10571428571428572 0.10214285714285715
3 0.13285714285714287 0.5696428571428571 0.11714285714285715 0.09071428571428572
3 0.8138095238095238 0.21035714285714285 0.04285714285714286 0.023571428571428573
3 0.8833333333333332 0.06821428571428571 0.01619047619047619 0.012142857142857143
11 0.3157142857142857 0.6328571428571429 0.1361904761904762 0.07571428571428572
3 0.8095238095238094 0.4035714285714286 0.09714285714285714 0.03571428571428571
3 0.8276190476190475 0.3507142857142857 0.09523809523809522 0.032857142857142856
3 0.7804761904761903 0.2935714285714286 0.07904761904761905 0.03
11 0.9825 0.29904761904761906 0.035 0.035238095238095235
3 0.9717857142857143 0.2776190476190476 0.056428571428571425 0.03238095238095238
3 0.9495238095238094 0.2542857142857143 0.07428571428571429 0.024285714285714285
3 0.9238095238095237 0.2357142857142857 0.05523809523809523 0.02142857142857143
3 0.9042857142857142 0.22035714285714286 0.0638095238095238 0.02214285714285714
3 0.888095238095238 0.21 0.056190476190476187 0.015714285714285715
3 0.8671428571428571 0.20107142857142857 0.056190476190476187 0.015
3 0.859047619047619 0.19035714285714286 0.05142857142857143 0.015
11 0.85 0.17535714285714285 0.0619047619047619 0.023571428571428573
3 0.8357142857142857 0.15892857142857142 0.050476190476190466 0.016428571428571428
3 0.9328571428571428 0.10071428571428571 0.023809523809523805 0.015714285714285715
3 0.9896428571428572 0.06857142857142857 0.020714285714285713 0.013333333333333334
3 0.978095238095238 0.065 0.022857142857142857 0.01
3 0.9752380952380952 0.08214285714285714 0.019047619047619046 0.01
11 0.9628571428571429 0.07392857142857143 0.022857142857142857 0.012142857142857143
3 0.9214285714285714 0.047857142857142855 0.02 0.008571428571428572
3 0.9061904761904761 0.04857142857142857 0.01619047619047619 0.007142857142857143
3 0.9004761904761903 0.044642857142857144 0.01238095238095238 0.0064285714285714285
3 0.8509523809523809 0.025714285714285714 0.01238095238095238 0.008571428571428572
3 0.8433333333333333 0.02035714285714286 0.010476190476190476 0.0064285714285714285
3 0.8214285714285714 0.007857142857142858 0.008571428571428572 0.005714285714285714
3 0.8128571428571428 0.0032142857142857142 0.008571428571428572 0.005
10 0.8804761904761904 0.0325 0.025714285714285714 0.016428571428571428
3 0.8661904761904761 0.029285714285714286 0.010476190476190476 0.005714285714285714
3 0.8376190476190475 0.014642857142857143 0.010476190476190476 0.005
4 0.8614285714285714 0.013214285714285715 0.02 0.010714285714285714
3 0.9419047619047618 0.04392857142857143 0.011428571428571429 0.0064285714285714285
7 0.9171428571428571 0.07857142857142857 0.005714285714285714 0.01
8 0.9247619047619047 0.06357142857142857 0.005714285714285714 0.007142857142857143
8 0.9914285714285714 0.09 0.005714285714285714 0.008571428571428572
1 0.9247619047619047 0.06607142857142857 0.005714285714285714 0.007857142857142858
9 0.9885714285714285 0.0925 0.013333333333333332 0.010714285714285714
1 0.06571428571428571 0.6021428571428571 0.02857142857142857 0.037142857142857144
5 0.01892857142857143 0.5914285714285714 0.03785714285714286 0.045714285714285714
5 0.04952380952380952 0.575 0.05523809523809523 0.04