7 0.08819796954314721 0.2407142857142857 0.03934010152284264 0.025714285714285714
8 0.5552030456852791 0.27321428571428574 0.024111675126903553 0.012142857142857141
7 0.5850253807106599 0.2675 0.03553299492385787 0.027857142857142858
7 0.6935279187817259 0.27249999999999996 0.02918781725888325 0.026428571428571426
8 0.6694162436548223 0.27178571428571424 0.026649746192893398 0.017857142857142856
7 0.42131979695431476 0.30107142857142855 0.02284263959390863 0.019285714285714285
7 0.8591370558375635 0.26821428571428574 0.02030456852791878 0.023571428571428573
8 0.9555837563451777 0.28464285714285714 0.02538071065989848 0.024999999999999998
7 0.9302030456852792 0.27999999999999997 0.015228426395939087 0.022857142857142857
8 0.9022842639593908 0.27499999999999997 0.02030456852791878 0.012857142857142857
7 0.9270304568527918 0.26357142857142857 0.011421319796954314 0.014285714285714285
7 0.9149746192893401 0.25285714285714284 0.02284263959390863 0.027142857142857142
7 0.8927664974619288 0.25392857142857145 0.021573604060913708 0.024999999999999998