3 0.32699443413729123 0.5143528183716075 0.10482374768089053 0.03183716075156577
11 0.40955473098330236 0.471294363256785 0.08070500927643784 0.03131524008350731
3 0.4842300556586271 0.4211899791231733 0.08534322820037105 0.02922755741127349
3 0.5269016697588126 0.4037056367432151 0.07792207792207792 0.024530271398747392
3 0.5834879406307978 0.3828288100208769 0.08163265306122448 0.024530271398747392
3 0.5927643784786641 0.3645615866388309 0.07421150278293134 0.02244258872651357
3 0.6252319109461967 0.35203549060542805 0.07050092764378478 0.01931106471816284
3 0.8423005565862708 0.1722338204592902 0.04081632653061224 0.010438413361169102
3 0.8418367346938775 0.16779749478079334 0.026901669758812616 0.008872651356993737
3 0.858534322820037 0.16153444676409187 0.038033395176252316 0.01096033402922756
3 0.8701298701298701 0.157098121085595 0.03153988868274583 0.007306889352818372
3 0.8766233766233766 0.15474947807933198 0.03339517625231911 0.007828810020876828
3 0.8821892393320964 0.14900835073068894 0.02968460111317254 0.006784968684759917
3 0.8928571428571428 0.14665970772442588 0.026901669758812616 0.007306889352818372
3 0.9007421150278293 0.1427453027139875 0.02968460111317254 0.007828810020876828
3 0.9485157699443413 0.11743215031315242 0.02133580705009276 0.0062630480167014625