3 0.6655844155844156 0.21764091858037582 0.09369202226345083 0.03340292275574113
3 0.5997217068645639 0.19076200417536537 0.09554730983302412 0.030793319415448855
3 0.8965677179962893 0.10803757828810022 0.07513914656771799 0.02922755741127349
3 0.87291280148423 0.08924843423799583 0.08348794063079777 0.03131524008350731
3 0.9986951983298539 0.048701298701298704 0.0026096033402922755 0.026901669758812616
3 0.13126159554730982 0.3849164926931107 0.12152133580705009 0.042275574112734866
3 0.3153988868274582 0.4371085594989562 0.07606679035250463 0.03288100208768267
3 0.42486085343228197 0.12421711899791234 0.08534322820037105 0.03131524008350731
7 0.7119666048237476 0.3556889352818372 0.017625231910946195 0.01304801670146138
7 0.20640074211502782 0.509133611691023 0.026901669758812616 0.012004175365344469
7 0.1948051948051948 0.544624217118998 0.02968460111317254 0.0151356993736952
7 0.7017625231910947 0.355427974947808 0.01948051948051948 0.013569937369519834
5 0.2662337662337662 0.19337160751565763 0.03153988868274583 0.012004175365344469
5 0.32792207792207795 0.17536534446764096 0.03061224489795918 0.011482254697286014
5 0.4429499072356215 0.15553235908141963 0.03061224489795918 0.012526096033402925
5 0.4809833024118738 0.13648225469728603 0.03061224489795918 0.01096033402922756
5 0.50139146567718 0.14065762004175367 0.028756957328385898 0.01096033402922756
5 0.2346938775510204 0.14900835073068894 0.03153988868274583 0.01096033402922756
5 0.8562152133580705 0.270615866388309 0.025974025974025972 0.012004175365344469
5 0.9911273486430062 0.011131725417439703 0.017745302713987474 0.012987012987012988
5 0.884508348794063 0.03757828810020877 0.02133580705009276 0.010438413361169102
5 0.8868274582560296 0.016701461377870565 0.02411873840445269 0.011482254697286014
5 0.6108534322820037 0.10307933194154491 0.02504638218923933 0.012004175365344469
5 0.757421150278293 0.06602296450939459 0.02504638218923933 0.01096033402922756
8 0.2342300556586271 0.1448329853862213 0.015769944341372914 0.01304801670146138
8 0.2639146567717996 0.19102296450939457 0.01948051948051948 0.012526096033402925
8 0.32653061224489793 0.1722338204592902 0.01484230055658627 0.010438413361169102
8 0.38868274582560297 0.1542275574112735 0.018552875695732836 0.012004175365344469
8 0.4406307977736549 0.15266179540709815 0.01484230055658627 0.009916492693110648
8 0.47727272727272724 0.1333507306889353 0.012059369202226345 0.01096033402922756
8 0.49907235621521334 0.1388308977035491 0.018552875695732836 0.010438413361169102
8 0.6099257884972171 0.09890396659707724 0.015769944341372914 0.01096033402922756
8 0.757421150278293 0.06289144050104385 0.012059369202226345 0.01096033402922756
8 0.7639146567717996 0.06236951983298539 0.01020408163265306 0.009916492693110648
8 0.8835807050092764 0.033141962421711905 0.012059369202226345 0.009916492693110648
8 0.8905380333951762 0.03340292275574113 0.007421150278293135 0.010438413361169102
3 0.6108534322820037 0.08168058455114824 0.0732838589981447 0.0255741127348643
3 0.6846011131725417 0.06497912317327767 0.06493506493506493 0.030793319415448855
8 0.8562152133580705 0.2687891440501044 0.02040816326530612 0.009394572025052193
2 0.635899814471243 0.14013569937369522 0.15120593692022263 0.06106471816283925
7 0.9109461966604823 0.01722338204592902 0.01484230055658627 0.014613778705636744