3 0.3109523809523809 0.29392857142857143 0.07523809523809523 0.060714285714285714
3 0.20476190476190473 0.3025 0.08952380952380952 0.07071428571428572
7 0.19047619047619044 0.3339285714285714 0.022857142857142857 0.029285714285714286
3 0.71 0.6432142857142857 0.15333333333333332 0.06357142857142857
11 0.6866666666666666 0.5832142857142857 0.1276190476190476 0.060714285714285714
7 0.5795238095238094 0.5685714285714286 0.025714285714285714 0.025714285714285714
7 0.5252380952380952 0.4928571428571429 0.025714285714285714 0.022857142857142857
3 0.4942857142857143 0.5317857142857143 0.08952380952380952 0.095
7 0.7109523809523809 0.4139285714285714 0.018095238095238095 0.02214285714285714
7 0.708095238095238 0.40214285714285714 0.021904761904761903 0.024285714285714285
3 0.8857142857142857 0.3425 0.043809523809523805 0.055
3 0.72 0.32392857142857145 0.05523809523809523 0.060714285714285714
3 0.7785714285714286 0.32392857142857145 0.052380952380952375 0.05928571428571429
3 0.7804761904761903 0.21464285714285714 0.09238095238095237 0.03785714285714286
3 0.8409523809523809 0.14214285714285715 0.04761904761904761 0.047142857142857146
3 0.7861904761904761 0.12464285714285714 0.039047619047619046 0.030714285714285715
3 0.7328571428571429 0.12964285714285714 0.04285714285714286 0.035
3 0.8995238095238095 0.2375 0.1019047619047619 0.03642857142857143
11 0.8423809523809523 0.0425 0.035238095238095235 0.045
5 0.8052380952380952 0.0775 0.03142857142857143 0.019285714285714285
5 0.8938095238095237 0.1692857142857143 0.035238095238095235 0.02
5 0.93 0.05857142857142857 0.03333333333333333 0.017142857142857144
1 0.9057142857142857 0.09678571428571428 0.02857142857142857 0.015
8 0.7038095238095238 0.09785714285714285 0.013333333333333332 0.02
8 0.7861904761904761 0.04535714285714286 0.01238095238095238 0.017857142857142856
5 0.7833333333333332 0.0475 0.02 0.017857142857142856
1 0.7033333333333333 0.10285714285714286 0.01619047619047619 0.02
3 0.42809523809523803 0.16892857142857143 0.06 0.052142857142857144
3 0.4752380952380952 0.12678571428571428 0.05714285714285714 0.04642857142857143
3 0.5142857142857142 0.0825 0.05333333333333333 0.045
3 0.5833333333333333 0.05178571428571429 0.04857142857142857 0.03785714285714286
11 0.5942857142857143 0.009523809523809525 0.04357142857142857 0.01904761904761905