3 0.2374768089053803 0.31758872651357 0.05936920222634508 0.04749478079331942
3 0.28153988868274576 0.29175365344467646 0.0640074211502783 0.04070981210855951
3 0.3167903525046382 0.2544363256784969 0.0732838589981447 0.04018789144050105
5 0.1043599257884972 0.06732776617954071 0.032467532467532464 0.017745302713987474
5 0.11038961038961038 0.09211899791231733 0.04267161410018552 0.016179540709812108
11 0.034707724425887265 0.1456400742115028 0.06941544885177453 0.04267161410018553
0 0.07653061224489796 0.18188935281837162 0.05102040816326531 0.028705636743215034
0 0.12755102040816327 0.14718162839248436 0.04730983302411874 0.0302713987473904
5 0.04962894248608534 0.20772442588726517 0.028756957328385898 0.016701461377870565
8 0.26298701298701294 0.23147181628392488 0.015769944341372914 0.008872651356993737
8 0.2708719851576994 0.2254697286012526 0.02040816326530612 0.008350730688935283
7 0.24907235621521337 0.25 0.028756957328385898 0.009394572025052193
9 0.2704081632653061 0.22755741127348644 0.038033395176252316 0.02192066805845512
10 0.04638218923933209 0.4752087682672234 0.07235621521335805 0.057933194154488526
10 0.6224489795918366 0.3556889352818372 0.10575139146567718 0.06941544885177454
9 0.49582560296846007 0.119258872651357 0.05287569573283859 0.027661795407098125
5 0.6442486085343228 0.5161795407098122 0.028756957328385898 0.019832985386221295
8 0.6419294990723562 0.5177453027139874 0.018552875695732836 0.012526096033402925