3 0.06392857142857143 0.5919047619047619 0.12785714285714286 0.07047619047619047
3 0.043809523809523805 0.525 0.07809523809523809 0.05857142857142857
3 0.10904761904761905 0.5128571428571429 0.0676190476190476 0.04428571428571428
7 0.18666666666666665 0.5235714285714286 0.02476190476190476 0.03
7 0.299047619047619 0.48142857142857143 0.017142857142857144 0.027142857142857142
3 0.18380952380952378 0.4932142857142857 0.07047619047619047 0.039285714285714285
3 0.23619047619047617 0.47928571428571426 0.06857142857142857 0.03857142857142857
11 0.29523809523809524 0.4585714285714286 0.06666666666666667 0.03428571428571429
7 0.3080952380952381 0.42214285714285715 0.01619047619047619 0.02
7 0.3609523809523809 0.43142857142857144 0.011428571428571429 0.02
9 0.3485714285714286 0.42214285714285715 0.02476190476190476 0.02
7 0.3938095238095238 0.42857142857142855 0.010476190476190476 0.02
7 0.4757142857142857 0.4328571428571429 0.014285714285714285 0.022857142857142857
7 0.5119047619047619 0.41892857142857143 0.01238095238095238 0.020714285714285713
3 0.5285714285714286 0.3960714285714286 0.05904761904761904 0.025
6 0.6257142857142857 0.3539285714285714 0.03428571428571429 0.020714285714285713
7 0.439047619047619 0.5353571428571429 0.019047619047619046 0.029285714285714286
7 0.8971428571428571 0.4317857142857143 0.009523809523809523 0.02214285714285714
7 0.8885714285714286 0.43 0.009523809523809523 0.02
7 0.8666666666666666 0.43642857142857144 0.011428571428571429 0.018571428571428572
7 0.8523809523809524 0.4325 0.011428571428571429 0.017857142857142856
7 0.8390476190476189 0.4142857142857143 0.011428571428571429 0.02
7 0.878095238095238 0.4282142857142857 0.011428571428571429 0.020714285714285713
7 0.8661904761904761 0.42 0.008571428571428572 0.02
7 0.8542857142857143 0.4164285714285714 0.009523809523809523 0.014285714285714285
7 0.8476190476190475 0.41535714285714287 0.009523809523809523 0.019285714285714285
7 0.9971428571428571 0.39666666666666667 0.005714285714285714 0.01904761904761905
7 0.9928571428571429 0.39535714285714285 0.010476190476190476 0.019285714285714285
7 0.9895238095238095 0.3942857142857143 0.009523809523809523 0.018571428571428572