3 0.18238095238095237 0.5221428571428571 0.17619047619047618 0.09
3 0.5119047619047619 0.46214285714285713 0.15523809523809523 0.08
3 0.33809523809523806 0.3607142857142857 0.1219047619047619 0.06
3 0.48666666666666664 0.33214285714285713 0.10285714285714286 0.041428571428571426
3 0.846190476190476 0.3196428571428571 0.06952380952380952 0.03785714285714286
3 0.7385714285714285 0.2867857142857143 0.06 0.027857142857142858
3 0.6952380952380952 0.2782142857142857 0.06666666666666667 0.029285714285714286
7 0.6095238095238095 0.2864285714285714 0.013333333333333332 0.024285714285714285
7 0.6214285714285714 0.2907142857142857 0.01238095238095238 0.027142857142857142
7 0.6323809523809524 0.2892857142857143 0.009523809523809523 0.02142857142857143
10 0.6709523809523809 0.5046428571428572 0.34 0.21928571428571428
3 0.9739285714285715 0.22238095238095237 0.052142857142857144 0.02761904761904762
3 0.03321428571428572 0.4138095238095238 0.06642857142857143 0.05904761904761905