11 0.08178571428571428 0.14095238095238094 0.16357142857142856 0.06285714285714286
11 0.26571428571428574 0.13214285714285715 0.1657142857142857 0.06857142857142857
11 0.06571428571428571 0.24428571428571427 0.13142857142857142 0.06571428571428571
3 0.03964285714285714 0.2995238095238095 0.07928571428571428 0.058095238095238096
1 0.04761904761904761 0.41892857142857143 0.05714285714285714 0.052142857142857144
7 0.12571428571428572 0.6146428571428572 0.07428571428571429 0.039285714285714285
7 0.14238095238095236 0.5907142857142857 0.07333333333333332 0.03142857142857143
7 0.17904761904761904 0.5471428571428572 0.06476190476190476 0.04
7 0.18 0.46964285714285714 0.05142857142857143 0.04214285714285714
7 0.43857142857142856 0.22607142857142856 0.03333333333333333 0.04642857142857143
7 0.479047619047619 0.21428571428571427 0.030476190476190476 0.04
3 0.2914285714285714 0.31357142857142856 0.11238095238095237 0.10428571428571429
3 0.3914285714285714 0.3117857142857143 0.09333333333333332 0.10357142857142858
3 0.4857142857142857 0.3032142857142857 0.09714285714285714 0.10928571428571429
3 0.5147619047619048 0.39535714285714285 0.20285714285714285 0.065
3 0.5152380952380952 0.4682142857142857 0.1638095238095238 0.06642857142857143
3 0.2980952380952381 0.48214285714285715 0.22285714285714286 0.06857142857142857
3 0.4942857142857143 0.5528571428571428 0.23238095238095235 0.06857142857142857
1 0.34285714285714286 0.5732142857142857 0.06666666666666667 0.05785714285714286
11 0.45238095238095233 0.6510714285714285 0.3009523809523809 0.095
3 0.49047619047619045 0.7289285714285715 0.2742857142857143 0.03642857142857143
3 0.1757142857142857 0.7407142857142858 0.2866666666666667 0.017142857142857144
3 0.9871428571428571 0.710952380952381 0.025714285714285714 0.0761904761904762
11 0.9525 0.530952380952381 0.095 0.09047619047619047
11 0.9328571428571428 0.3838095238095238 0.13428571428571429 0.07714285714285714
3 0.9152380952380952 0.2885714285714286 0.11428571428571428 0.11285714285714285
7 0.9290476190476189 0.06892857142857142 0.01619047619047619 0.029285714285714286
7 0.9133333333333332 0.07464285714285715 0.015238095238095238 0.04214285714285714
7 0.889047619047619 0.07214285714285715 0.01619047619047619 0.02857142857142857
7 0.8614285714285714 0.075 0.023809523809523805 0.03857142857142857
3 0.6852380952380952 0.17 0.1457142857142857 0.054285714285714284
7 0.82 0.0775 0.02476190476190476 0.04071428571428572