10 0.5167857142857143 0.03333333333333333 0.02214285714285714 0.06666666666666667
4 0.5996428571428571 0.030476190476190476 0.037142857142857144 0.06095238095238095
3 0.48857142857142855 0.18821428571428572 0.03428571428571429 0.013571428571428571
3 0.8214285714285714 0.2332142857142857 0.01619047619047619 0.023571428571428573
3 0.826190476190476 0.37714285714285717 0.01238095238095238 0.027142857142857142
10 0.6914285714285714 0.52 0.02476190476190476 0.08285714285714285
10 0.8371428571428572 0.5882142857142857 0.02095238095238095 0.060714285714285714
10 0.7452380952380951 0.7053571428571429 0.01619047619047619 0.03214285714285714
3 0.63 0.6996428571428571 0.02952380952380952 0.010714285714285714
10 0.5247619047619048 0.23857142857142857 0.02095238095238095 0.03142857142857143
4 0.4909523809523809 0.6625 0.03142857142857143 0.11785714285714285