11 0.175 0.015228426395939087 0.08142857142857143 0.030456852791878174
3 0.33058375634517767 0.5303571428571429 0.11294416243654823 0.03642857142857143
11 0.30710659898477155 0.4946428571428571 0.10913705583756346 0.034999999999999996
3 0.33883248730964466 0.4714285714285714 0.11421319796954316 0.03142857142857143
3 0.3565989847715736 0.44357142857142856 0.10152284263959392 0.03571428571428571
3 0.3781725888324873 0.41535714285714287 0.10152284263959392 0.03214285714285715
3 0.4098984771573604 0.39499999999999996 0.09898477157360405 0.03428571428571429
3 0.43718274111675126 0.3642857142857142 0.10279187817258882 0.030000000000000002
3 0.4562182741116751 0.33749999999999997 0.09263959390862944 0.029285714285714286
3 0.4682741116751269 0.31142857142857144 0.09137055837563451 0.02857142857142857
3 0.4847715736040609 0.29035714285714287 0.07868020304568528 0.024999999999999998
3 0.4980964467005076 0.27035714285714285 0.0901015228426396 0.029285714285714286
3 0.5215736040609137 0.2567857142857143 0.08629441624365483 0.027857142857142858
3 0.5989847715736041 0.22749999999999998 0.07360406091370558 0.03071428571428571
3 0.5380710659898478 0.23785714285714285 0.08375634517766498 0.030000000000000002
3 0.6053299492385787 0.21071428571428572 0.08375634517766498 0.022857142857142857
3 0.6148477157360407 0.1957142857142857 0.0799492385786802 0.022857142857142857
3 0.5901015228426396 0.2639285714285714 0.053299492385786795 0.03785714285714285
3 0.49873096446700504 0.38285714285714284 0.06598984771573604 0.05285714285714285
3 0.5539340101522843 0.3046428571428571 0.05710659898477158 0.047857142857142855
3 0.8965736040609137 0.21214285714285713 0.05456852791878173 0.045714285714285714
3 0.9435279187817259 0.21785714285714286 0.04695431472081218 0.04
2 0.9675 0.07423857868020305 0.065 0.09263959390862944
11 0.9657360406091371 0.11178571428571428 0.05583756345177665 0.04071428571428572
10 0.22525380710659898 0.06535714285714285 0.08756345177664974 0.052142857142857144