2 0.9714285714285714 0.26776649746192893 0.05714285714285714 0.04949238578680203
2 0.8305837563451777 0.31821428571428567 0.1484771573604061 0.05785714285714286
2 0.5774111675126903 0.39321428571428574 0.2614213197969543 0.10928571428571428
2 0.25951776649746194 0.4907142857142857 0.2601522842639594 0.09999999999999999
3 0.46256345177664976 0.2464285714285714 0.03680203045685279 0.024285714285714282
3 0.3743654822335026 0.17357142857142854 0.03553299492385787 0.017142857142857144
11 0.43845177664974616 0.19964285714285715 0.0317258883248731 0.024999999999999998
11 0.41370558375634514 0.18357142857142858 0.03553299492385787 0.02142857142857143
11 0.3210659898477157 0.15035714285714286 0.053299492385786795 0.013571428571428571
11 0.24428934010152287 0.33035714285714285 0.04695431472081218 0.03214285714285715
11 0.2880710659898477 0.41535714285714287 0.053299492385786795 0.03785714285714285
7 0.5602791878172589 0.3335714285714286 0.019035532994923856 0.01
7 0.5697969543147209 0.34249999999999997 0.02030456852791878 0.012142857142857141
7 0.4282994923857868 0.1632142857142857 0.008883248730964468 0.009285714285714286
7 0.4181472081218274 0.17142857142857143 0.008883248730964468 0.011428571428571429
7 0.4143401015228427 0.1657142857142857 0.00634517766497462 0.008571428571428572
7 0.2626903553299492 0.11642857142857142 0.007614213197969543 0.008571428571428572
10 0.23540609137055837 0.12178571428571427 0.04695431472081218 0.023571428571428573
10 0.2753807106598985 0.13642857142857143 0.04568527918781726 0.024285714285714282
7 0.012055837563451776 0.07678571428571428 0.00634517766497462 0.0064285714285714285
5 0.012055837563451776 0.07892857142857142 0.013959390862944163 0.0064285714285714285
7 0.04568527918781726 0.2317857142857143 0.01015228426395939 0.010714285714285714
7 0.04758883248730964 0.25 0.011421319796954314 0.012857142857142857
7 0.09137055837563451 0.3660714285714286 0.017766497461928935 0.015000000000000001
7 0.06091370558375635 0.43964285714285717 0.015228426395939087 0.017857142857142856
7 0.07931472081218274 0.3196428571428571 0.011421319796954314 0.012142857142857141
7 0.038705583756345176 0.2282142857142857 0.011421319796954314 0.010714285714285714
7 0.06472081218274112 0.3864285714285714 0.017766497461928935 0.017142857142857144
7 0.1199238578680203 0.3939285714285714 0.01649746192893401 0.02214285714285714
7 0.6897208121827411 0.51 0.019035532994923856 0.024285714285714282
7 0.8857868020304568 0.27285714285714285 0.01269035532994924 0.018571428571428572
7 0.9530456852791879 0.4096428571428571 0.02030456852791878 0.024999999999999998
5 0.858502538071066 0.5185714285714286 0.03934010152284264 0.03142857142857143
7 0.8546954314720813 0.5410714285714285 0.013959390862944163 0.023571428571428573
7 0.8362944162436547 0.5514285714285714 0.017766497461928935 0.02
7 0.8236040609137056 0.5542857142857143 0.015228426395939087 0.014285714285714285
7 0.8661167512690355 0.5564285714285714 0.013959390862944163 0.01