7 0.5626666666666666 0.608 0.04666666666666666 0.089
7 0.71 0.51425 0.033333333333333326 0.0705
7 0.8723333333333333 0.51925 0.05 0.0605
7 0.5193333333333332 0.4765 0.033333333333333326 0.067
7 0.49466666666666664 0.44475 0.032 0.0485
7 0.7506666666666666 0.44075 0.025333333333333333 0.0565
7 0.936 0.412 0.04 0.057
7 0.9193333333333332 0.41325 0.025333333333333333 0.0405
7 0.66 0.36775 0.033333333333333326 0.0585
8 0.8223333333333332 0.3895 0.03533333333333333 0.051
8 0.526 0.312 0.032 0.046
8 0.6526666666666666 0.33475 0.021333333333333333 0.0385
5 0.7443333333333333 0.459 0.094 0.043
5 0.613 0.4135 0.08733333333333333 0.039
5 0.8253333333333333 0.40025 0.07066666666666666 0.0405
3 0.706 0.37 0.03733333333333333 0.04
3 0.35533333333333333 0.368 0.232 0.066
7 0.092 0.4675 0.057333333333333326 0.054
7 0.06133333333333333 0.4445 0.03866666666666666 0.072
8 0.02325 0.4026666666666667 0.0465 0.05533333333333333
1 0.042 0.4196666666666667 0.084 0.034666666666666665
7 0.7983333333333332 0.37625 0.022 0.0585
8 0.6526666666666666 0.3345 0.021333333333333333 0.041
1 0.6596666666666666 0.34925 0.05933333333333333 0.0345
8 0.6563333333333332 0.313 0.018 0.035
1 0.6666666666666666 0.32775 0.06533333333333333 0.0255
7 0.597 0.27375 0.01933333333333333 0.0375
7 0.542 0.26925 0.018666666666666665 0.0285
11 0.252 0.22025 0.13466666666666666 0.0335
11 0.29566666666666663 0.187 0.114 0.032
11 0.304 0.15975 0.048 0.0225
11 0.48733333333333334 0.18675 0.068 0.0245
11 0.47433333333333333 0.17675 0.07 0.0245
11 0.565 0.182 0.034 0.034
3 0.18133333333333332 0.10875 0.041333333333333326 0.0115
3 0.29866666666666664 0.1085 0.042666666666666665 0.012
3 0.359 0.10725 0.038 0.0125
3 0.21333333333333332 0.123 0.04666666666666666 0.013
3 0.2273333333333333 0.1175 0.044 0.012
3 0.2703333333333333 0.1215 0.04066666666666666 0.015
3 0.221 0.15175 0.05933333333333333 0.0175
11 0.15033333333333332 0.167 0.07533333333333334 0.026
3 0.228 0.1455 0.04666666666666666 0.018
3 0.25166666666666665 0.1435 0.05 0.018
3 0.273 0.14025 0.05133333333333333 0.0175
10 0.2806666666666666 0.13275 0.06533333333333333 0.0215
3 0.30766666666666664 0.1265 0.054 0.022
3 0.336 0.121 0.036 0.015
7 0.30966666666666665 0.14025 0.011333333333333332 0.0195
7 0.321 0.139 0.01 0.018
7 0.3376666666666666 0.13525 0.008666666666666666 0.0145
7 0.4006666666666666 0.173 0.014666666666666666 0.02
8 0.4086666666666666 0.16275 0.010666666666666666 0.0115
7 0.35533333333333333 0.1605 0.009333333333333332 0.021
7 0.302 0.44975 0.03866666666666666 0.0365
9 0.3963333333333333 0.19475 0.03533333333333333 0.0195
5 0.3163333333333333 0.21125 0.03533333333333333 0.0185
5 0.6143333333333333 0.2875 0.020666666666666663 0.033
7 0.5506666666666666 0.2185 0.014666666666666666 0.033
7 0.5623333333333332 0.2225 0.01 0.024
7 0.5676666666666667 0.2125 0.014 0.031
7 0.628 0.17225 0.010666666666666666 0.0235
7 0.8603333333333333 0.2875 0.022 0.039
7 0.881 0.2945 0.02333333333333333 0.043
11 0.4566666666666666 0.137 0.056 0.018