10 0.8657142857142858 0.6078571428571429 0.06666666666666667 0.07428571428571429
3 0.719047619047619 0.7342857142857143 0.08 0.03
3 0.6828571428571428 0.7178571428571429 0.05523809523809523 0.04428571428571428
5 0.6595238095238095 0.6303571428571428 0.027619047619047616 0.029285714285714286
3 0.6347619047619047 0.6046428571428571 0.08666666666666667 0.06785714285714285
3 0.9080952380952381 0.5053571428571428 0.1038095238095238 0.052142857142857144
3 0.8752380952380951 0.45785714285714285 0.10666666666666666 0.04
11 0.5580952380952381 0.4739285714285714 0.08761904761904761 0.05071428571428571
5 0.5404761904761904 0.4475 0.039047619047619046 0.017857142857142856
3 0.8504761904761904 0.4157142857142857 0.09523809523809522 0.03428571428571429
8 0.6185714285714285 0.3439285714285714 0.01619047619047619 0.013571428571428571
5 0.6166666666666666 0.34535714285714286 0.018095238095238095 0.029285714285714286
3 0.5314285714285715 0.4182142857142857 0.09904761904761904 0.060714285714285714
3 0.5042857142857143 0.3792857142857143 0.09809523809523808 0.05714285714285714
3 0.47619047619047616 0.3432142857142857 0.09333333333333332 0.05357142857142857
5 0.4476190476190476 0.31464285714285717 0.03619047619047619 0.019285714285714285
5 0.36523809523809525 0.32 0.04285714285714286 0.011428571428571429
5 0.35619047619047617 0.2960714285714286 0.03809523809523809 0.017857142857142856
5 0.419047619047619 0.26 0.03619047619047619 0.02
5 0.4014285714285714 0.24642857142857144 0.03333333333333333 0.017142857142857144
5 0.45476190476190476 0.19535714285714287 0.03142857142857143 0.02642857142857143
5 0.4409523809523809 0.16178571428571428 0.03619047619047619 0.016428571428571428
5 0.4176190476190476 0.12285714285714286 0.02952380952380952 0.025714285714285714
7 0.6033333333333333 0.022857142857142857 0.01619047619047619 0.022857142857142857
3 0.6696428571428571 0.015238095238095238 0.065 0.030476190476190476
3 0.6961904761904761 0.08607142857142858 0.09523809523809522 0.039285714285714285
0 0.7757142857142857 0.1357142857142857 0.027619047619047616 0.03857142857142857
7 0.7766666666666666 0.16214285714285714 0.01238095238095238 0.015714285714285715
7 0.7495238095238095 0.1632142857142857 0.015238095238095238 0.013571428571428571
3 0.738095238095238 0.2007142857142857 0.09142857142857143 0.03857142857142857