3 0.7468274111675126 0.20464285714285715 0.024111675126903553 0.012142857142857141
3 0.7487309644670052 0.31607142857142856 0.030456852791878174 0.02214285714285714
3 0.7614213197969543 0.3646428571428571 0.03299492385786802 0.024999999999999998
3 0.6624365482233502 0.485 0.048223350253807105 0.037142857142857144
3 0.8172588832487309 0.20714285714285713 0.02284263959390863 0.014285714285714285
3 0.7328680203045684 0.2292857142857143 0.024111675126903553 0.014285714285714285
3 0.7081218274111675 0.25857142857142856 0.02538071065989848 0.015714285714285715
3 0.7652284263959391 0.1821428571428571 0.02030456852791878 0.011428571428571429
3 0.7791878172588833 0.16749999999999998 0.02030456852791878 0.010714285714285714
3 0.8604060913705583 0.15214285714285714 0.017766497461928935 0.01
3 0.9016497461928934 0.11499999999999999 0.013959390862944163 0.01
3 0.8197969543147208 0.11642857142857142 0.015228426395939087 0.007142857142857143
3 0.8445431472081218 0.10928571428571428 0.013959390862944163 0.008571428571428572
3 0.8470812182741116 0.09071428571428572 0.011421319796954314 0.008571428571428572
3 0.9333756345177665 0.09321428571428571 0.021573604060913708 0.009285714285714286
3 0.8248730964467005 0.13464285714285712 0.015228426395939087 0.010714285714285714
3 0.8267766497461928 0.07964285714285714 0.011421319796954314 0.007857142857142858
3 0.8502538071065989 0.07285714285714286 0.01015228426395939 0.007142857142857143
3 0.79251269035533 0.026428571428571426 0.011421319796954314 0.004285714285714286
3 0.7969543147208121 0.03535714285714285 0.01269035532994924 0.005
3 0.7531725888324874 0.009642857142857142 0.011421319796954314 0.0035714285714285713
11 0.7189086294416244 0.007500000000000001 0.013959390862944163 0.005
11 0.9200507614213198 0.08357142857142856 0.015228426395939087 0.011428571428571429
11 0.8667512690355329 0.18107142857142858 0.02030456852791878 0.015000000000000001
11 0.7715736040609137 0.2767857142857143 0.02538071065989848 0.023571428571428573
11 0.699238578680203 0.3625 0.043147208121827416 0.029285714285714286
11 0.4530456852791878 0.5410714285714285 0.06091370558375635 0.04071428571428572
2 0.5418781725888324 0.42642857142857143 0.10406091370558375 0.09285714285714285
7 0.43083756345177665 0.44607142857142856 0.013959390862944163 0.015000000000000001
7 0.42258883248730966 0.44535714285714284 0.01015228426395939 0.012142857142857141
7 0.6935279187817259 0.22785714285714287 0.00634517766497462 0.008571428571428572
7 0.6833756345177665 0.22714285714285712 0.008883248730964468 0.008571428571428572
7 0.6763959390862944 0.2282142857142857 0.005076142131979695 0.009285714285714286
7 0.6865482233502538 0.22607142857142856 0.01015228426395939 0.012142857142857141
2 0.6782994923857868 0.285 0.03934010152284264 0.03142857142857143