7 0.336 0.40425 0.033333333333333326 0.0375
7 0.327 0.36375 0.03 0.0425
8 0.24333333333333332 0.3795 0.029333333333333333 0.02
8 0.239 0.37475 0.02333333333333333 0.0155
8 0.224 0.3885 0.021333333333333333 0.016
8 0.20466666666666666 0.38975 0.022666666666666665 0.0235
7 0.3213333333333333 0.34075 0.026666666666666665 0.0355
7 0.318 0.333 0.028 0.027
7 0.35133333333333333 0.3645 0.016 0.022
7 0.3916666666666666 0.33775 0.02333333333333333 0.0235
8 0.375 0.3485 0.014 0.015
7 0.25866666666666666 0.3275 0.029333333333333333 0.032
7 0.2676666666666666 0.30325 0.034 0.0385
7 0.25466666666666665 0.30475 0.017333333333333333 0.0135
8 0.36333333333333334 0.3325 0.032 0.021
7 0.463 0.34575 0.02333333333333333 0.0375
8 0.463 0.338 0.016666666666666663 0.014
7 0.488 0.3445 0.014666666666666666 0.034
8 0.48833333333333334 0.3325 0.011333333333333332 0.013
7 0.4713333333333333 0.33325 0.018666666666666665 0.0345
8 0.4756666666666666 0.325 0.01 0.023
6 0.5233333333333332 0.3545 0.029333333333333333 0.025
6 0.4343333333333333 0.3205 0.034 0.025
6 0.28733333333333333 0.26025 0.034666666666666665 0.0285
6 0.2706666666666666 0.37075 0.028 0.0155
6 0.17733333333333332 0.40725 0.03866666666666666 0.0335
6 0.3353333333333333 0.23475 0.030666666666666665 0.0285
1 0.358 0.16425 0.032 0.0265
1 0.3733333333333333 0.161 0.033333333333333326 0.032
1 0.5356666666666666 0.1795 0.046 0.025
1 0.6586666666666666 0.158 0.041333333333333326 0.025