2 0.9460714285714286 0.5452380952380952 0.10785714285714286 0.21904761904761905
10 0.8876190476190475 0.36607142857142855 0.04 0.05357142857142857
10 0.9466666666666667 0.355 0.07238095238095238 0.09
0 0.7233333333333333 0.42178571428571426 0.04285714285714286 0.039285714285714285
10 0.8257142857142857 0.19428571428571428 0.015238095238095238 0.02
11 0.8423809523809523 0.22357142857142856 0.018095238095238095 0.02142857142857143
10 0.8671428571428571 0.23142857142857143 0.021904761904761903 0.024285714285714285
5 0.2938095238095238 0.45785714285714285 0.035238095238095235 0.022857142857142857
5 0.3028571428571429 0.4492857142857143 0.03428571428571429 0.022857142857142857
5 0.3314285714285714 0.43642857142857144 0.03809523809523809 0.017142857142857144
5 0.33809523809523806 0.43107142857142855 0.03238095238095238 0.015
5 0.34714285714285714 0.42428571428571427 0.03333333333333333 0.015714285714285715
5 0.3557142857142857 0.4835714285714286 0.039047619047619046 0.02
5 0.3709523809523809 0.4764285714285714 0.037142857142857144 0.018571428571428572
5 0.42428571428571427 0.48035714285714287 0.037142857142857144 0.017857142857142856
5 0.44142857142857145 0.4632142857142857 0.04095238095238095 0.020714285714285713
5 0.45 0.46 0.03333333333333333 0.017142857142857144
5 0.39571428571428574 0.44142857142857145 0.039047619047619046 0.014285714285714285
5 0.43047619047619046 0.44535714285714284 0.03809523809523809 0.020714285714285713
5 0.40619047619047616 0.42964285714285716 0.035238095238095235 0.010714285714285714
5 0.4433333333333333 0.44 0.03142857142857143 0.015714285714285715
7 0.8152380952380952 0.22428571428571428 0.0038095238095238095 0.01
7 0.8166666666666667 0.24714285714285714 0.0047619047619047615 0.01
7 0.8223809523809523 0.24678571428571427 0.0047619047619047615 0.012142857142857143
8 0.8347619047619047 0.24785714285714286 0.006666666666666666 0.008571428571428572
8 0.8495238095238095 0.24357142857142858 0.005714285714285714 0.01
5 0.8490476190476189 0.24714285714285714 0.006666666666666666 0.007142857142857143
5 0.8342857142857143 0.25107142857142856 0.005714285714285714 0.007857142857142858
10 0.8119047619047618 0.15392857142857144 0.010476190476190476 0.015
10 0.8161904761904761 0.15035714285714286 0.011428571428571429 0.016428571428571428
4 0.8042857142857143 0.1325 0.02 0.019285714285714285
4 0.8033333333333332 0.15107142857142858 0.008571428571428572 0.015
10 0.9652380952380952 0.16392857142857142 0.008571428571428572 0.010714285714285714
2 0.9614285714285714 0.15821428571428572 0.05809523809523809 0.012142857142857143