3 0.9767745302713987 0.46938775510204084 0.04645093945720251 0.06029684601113173
3 0.9754697286012526 0.2912801484230056 0.049060542797494784 0.029684601113172542
3 0.6178107606679035 0.29175365344467646 0.06122448979591836 0.042797494780793324
3 0.5751391465677179 0.28496868475991655 0.06122448979591836 0.04384133611691024
3 0.41372912801484224 0.2677453027139875 0.06307977736549165 0.042797494780793324
3 0.2769016697588126 0.2507828810020877 0.06586270871985157 0.04331941544885178
3 0.12291280148423005 0.2338204592901879 0.07884972170686455 0.04175365344467641
3 0.06029684601113172 0.21816283924843427 0.0797773654916512 0.03966597077244259
3 0.026356993736951984 0.21382189239332097 0.05271398747390397 0.03525046382189239
3 0.7815398886827457 0.27374739039665974 0.0974025974025974 0.03288100208768267
3 0.8079777365491652 0.2567849686847599 0.08348794063079777 0.028183716075156576
3 0.8246753246753247 0.238517745302714 0.07792207792207792 0.0302713987473904
3 0.8770871985157699 0.20407098121085598 0.07513914656771799 0.02609603340292276
3 0.8933209647495362 0.1876304801670146 0.06307977736549165 0.024530271398747392
3 0.920686456400742 0.1693632567849687 0.0640074211502783 0.026617954070981213
3 0.9671189979123174 0.13358070500927643 0.06576200417536535 0.025974025974025976
3 0.9749478079331941 0.11781076066790352 0.05010438413361169 0.02504638218923933
3 0.8580705009276437 0.057150313152400836 0.04452690166975881 0.030793319415448855