11 0.422 0.6965 0.2733333333333333 0.106
5 0.3403333333333333 0.63025 0.09133333333333332 0.0445
5 0.383 0.61625 0.08066666666666665 0.0445
5 0.445 0.5955 0.08733333333333333 0.042
1 0.292 0.59875 0.088 0.0295
5 0.3053333333333333 0.58125 0.084 0.0415
5 0.3193333333333333 0.5385 0.07333333333333333 0.035
5 0.363 0.53025 0.07666666666666666 0.0375
1 0.36466666666666664 0.5545 0.08133333333333333 0.04
9 0.4566666666666666 0.53525 0.1413333333333333 0.0555
1 0.5213333333333332 0.602 0.07333333333333333 0.034
5 0.5156666666666666 0.5785 0.08333333333333333 0.036
5 0.5726666666666667 0.55625 0.07733333333333332 0.0385
7 0.6306666666666666 0.572 0.029333333333333333 0.049
7 0.6796666666666666 0.54325 0.03133333333333333 0.0465
8 0.7216666666666667 0.435 0.02333333333333333 0.034
1 0.7216666666666667 0.4485 0.022 0.04
3 0.8176666666666667 0.43425 0.09266666666666666 0.0995
7 0.951 0.72025 0.042 0.0585
7 0.988 0.7133333333333334 0.024 0.037333333333333336
7 0.947 0.64975 0.046 0.0575
7 0.9196666666666666 0.38175 0.020666666666666663 0.0365
1 0.9733333333333333 0.38375 0.034666666666666665 0.0315
7 0.666 0.35275 0.016 0.0345
7 0.6016666666666667 0.34425 0.014 0.0345
7 0.6266666666666666 0.32 0.02 0.033
7 0.6156666666666666 0.31325 0.011333333333333332 0.0345
7 0.6863333333333332 0.29025 0.01933333333333333 0.0345
11 0.816 0.29975 0.08 0.0545
2 0.742 0.26475 0.05466666666666666 0.0685
7 0.661 0.25975 0.008666666666666666 0.0245
7 0.6703333333333332 0.2545 0.012666666666666666 0.029
7 0.688 0.25525 0.013333333333333332 0.0295
7 0.648 0.2485 0.014666666666666666 0.03
8 0.6543333333333332 0.2385 0.008666666666666666 0.013
7 0.6323333333333333 0.23025 0.014 0.0245
7 0.6336666666666666 0.22775 0.011333333333333332 0.0225
7 0.6493333333333332 0.228 0.010666666666666666 0.023
5 0.6396666666666666 0.2505 0.02333333333333333 0.02
7 0.868 0.30375 0.017333333333333333 0.0335
5 0.9146666666666666 0.29225 0.042666666666666665 0.0175
5 0.9276666666666666 0.2815 0.038 0.02
7 0.8323333333333333 0.265 0.015333333333333332 0.029
5 0.8496666666666667 0.25275 0.04066666666666666 0.0185
7 0.889 0.24325 0.012666666666666666 0.0215
7 0.829 0.23825 0.012666666666666666 0.0295
7 0.8363333333333333 0.23525 0.01 0.0275
7 0.824 0.22475 0.017333333333333333 0.0245
1 0.8213333333333332 0.2305 0.013333333333333332 0.019
7 0.755 0.23175 0.012666666666666666 0.0275
7 0.7873333333333332 0.21675 0.016 0.0255
7 0.8123333333333332 0.188 0.011333333333333332 0.024
7 0.8343333333333333 0.18675 0.016666666666666663 0.0225
8 0.7586666666666666 0.207 0.016 0.018
8 0.769 0.201 0.012666666666666666 0.023
8 0.7266666666666667 0.212 0.012 0.026
8 0.7026666666666667 0.213 0.014666666666666666 0.018
8 0.7303333333333333 0.20025 0.018 0.0225
5 0.7686666666666666 0.21775 0.029333333333333333 0.0155
5 0.757 0.212 0.02733333333333333 0.015
5 0.7686666666666666 0.20325 0.024 0.0185
1 0.727 0.21775 0.018 0.0155
1 0.733 0.20575 0.03133333333333333 0.0145
9 0.6993333333333333 0.217 0.022666666666666665 0.025
7 0.7323333333333333 0.20525 0.014 0.0255
7 0.7133333333333333 0.198 0.013333333333333332 0.025
8 0.8023333333333332 0.19675 0.012666666666666666 0.0225
5 0.802 0.20025 0.022666666666666665 0.0155
7 0.704 0.186 0.012 0.024
7 0.721 0.187 0.01 0.023
7 0.707 0.17875 0.01 0.0225
7 0.725 0.1835 0.01 0.023
7 0.7263333333333333 0.175 0.011333333333333332 0.019
7 0.7636666666666666 0.17175 0.008666666666666666 0.0195
7 0.7776666666666666 0.1755 0.008666666666666666 0.024
7 0.7833333333333332 0.17575 0.008 0.0215
3 0.753 0.1845 0.03533333333333333 0.028
7 0.6296666666666666 0.20375 0.01 0.0255
7 0.6616666666666666 0.17925 0.006 0.0215
8 0.6373333333333333 0.18625 0.013333333333333332 0.0135
7 0.6456666666666666 0.172 0.007333333333333333 0.019
7 0.7116666666666667 0.16125 0.008666666666666666 0.0205
7 0.6933333333333332 0.1515 0.012 0.021
7 0.6296666666666666 0.1735 0.01 0.016
7 0.6193333333333333 0.14675 0.006666666666666666 0.0155
7 0.6256666666666666 0.14875 0.006 0.0175
7 0.63 0.1555 0.008 0.014
7 0.633 0.13425 0.008666666666666666 0.0175
7 0.62 0.134 0.008 0.017
7 0.6003333333333333 0.13025 0.008666666666666666 0.0125
7 0.6086666666666666 0.13075 0.008 0.0125
7 0.6543333333333332 0.14225 0.01 0.0145
11 0.6663333333333332 0.152 0.03533333333333333 0.026
5 0.6553333333333332 0.1455 0.02 0.012
11 0.74 0.153 0.030666666666666665 0.03
11 0.698 0.13625 0.04666666666666666 0.0215
5 0.6753333333333332 0.134 0.018666666666666665 0.008
7 0.726 0.13025 0.009333333333333332 0.0155
7 0.7326666666666666 0.13425 0.006666666666666666 0.0165
7 0.7436666666666666 0.13025 0.007333333333333333 0.0185
7 0.7483333333333333 0.13525 0.008666666666666666 0.0165
7 0.7523333333333333 0.136 0.006 0.01
7 0.7623333333333333 0.13575 0.007333333333333333 0.0175
8 0.7606666666666666 0.13225 0.006666666666666666 0.0105
7 0.7766666666666666 0.13025 0.008 0.0135
11 0.805 0.124 0.02733333333333333 0.018
11 0.797 0.116 0.02333333333333333 0.019
10 0.7633333333333333 0.1125 0.068 0.016
7 0.8303333333333333 0.12875 0.006 0.0115
7 0.4606666666666666 0.1545 0.008 0.017
7 0.4686666666666666 0.15625 0.009333333333333332 0.0185
7 0.475 0.1575 0.007333333333333333 0.019
7 0.48033333333333333 0.1535 0.011333333333333332 0.019
7 0.4706666666666666 0.2065 0.010666666666666666 0.021
7 0.4953333333333333 0.20425 0.010666666666666666 0.0225
8 0.508 0.194 0.012 0.016
11 0.514 0.1685 0.030666666666666665 0.018
5 0.5223333333333332 0.15875 0.011333333333333332 0.0115
5 0.5316666666666666 0.16 0.011333333333333332 0.012
11 0.4463333333333333 0.16675 0.054 0.0145
7 0.44166666666666665 0.202 0.014 0.022
7 0.44 0.2145 0.010666666666666666 0.015
10 0.8753333333333333 0.151 0.06266666666666666 0.021
11 0.9686666666666667 0.1475 0.048 0.026
3 0.995 0.13533333333333333 0.01 0.020666666666666667
7 0.6896666666666667 0.11825 0.01 0.0145
7 0.6976666666666667 0.119 0.004666666666666666 0.013
8 0.6953333333333332 0.11675 0.005333333333333333 0.0085
11 0.593 0.12325 0.038 0.0155
3 0.553 0.1025 0.034 0.013
11 0.5306666666666666 0.094 0.021333333333333333 0.012
3 0.556 0.09275 0.018666666666666665 0.0115
7 0.552 0.0855 0.004 0.008
7 0.5553333333333332 0.08575 0.005333333333333333 0.0075
3 0.541 0.08875 0.01933333333333333 0.0095
11 0.5823333333333333 0.0965 0.015333333333333332 0.012
11 0.5843333333333333 0.0915 0.02733333333333333 0.016
11 0.549 0.0815 0.016666666666666663 0.012
11 0.555 0.0775 0.014 0.013
11 0.598 0.0855 0.018666666666666665 0.016
11 0.5923333333333333 0.072 0.011333333333333332 0.009
3 0.5613333333333332 0.07475 0.013333333333333332 0.0085
11 0.5663333333333332 0.07025 0.015333333333333332 0.0105
3 0.571 0.06725 0.014 0.0075
11 0.578 0.06425 0.013333333333333332 0.0105
11 0.581 0.05975 0.014 0.0095
3 0.5856666666666667 0.0575 0.008666666666666666 0.007
11 0.5876666666666667 0.05475 0.014 0.0075
3 0.5923333333333333 0.0535 0.011333333333333332 0.007
3 0.5956666666666667 0.05 0.011333333333333332 0.006
11 0.5986666666666667 0.04675 0.010666666666666666 0.0065
3 0.602 0.04625 0.008 0.0065
3 0.604 0.04525 0.008 0.0055
11 0.6043333333333333 0.0425 0.01 0.008
11 0.6076666666666666 0.041 0.007333333333333333 0.007
4 0.6243333333333333 0.034 0.02333333333333333 0.013
7 0.4546666666666666 0.0875 0.006666666666666666 0.008
7 0.4766666666666666 0.0795 0.005333333333333333 0.01
7 0.48233333333333334 0.07225 0.003333333333333333 0.0075
7 0.48866666666666664 0.06775 0.0026666666666666666 0.0085
11 0.49 0.063 0.012 0.011
4 0.5093333333333333 0.058 0.022666666666666665 0.013
4 0.7106666666666667 0.042 0.028 0.032
7 0.7333333333333333 0.04825 0.004 0.0075
10 0.7983333333333332 0.05275 0.04333333333333333 0.0115
3 0.805 0.04875 0.024666666666666663 0.0065
3 0.8016666666666666 0.04775 0.018 0.0065
10 0.7953333333333332 0.04325 0.025333333333333333 0.0105
10 0.791 0.039 0.028666666666666663 0.011
3 0.7733333333333332 0.04825 0.02 0.0065
3 0.8073333333333332 0.03275 0.006666666666666666 0.0055
11 0.7673333333333333 0.046 0.016 0.007
11 0.7716666666666666 0.04725 0.01933333333333333 0.0075
3 0.7643333333333333 0.04425 0.015333333333333332 0.0065
3 0.7626666666666666 0.04375 0.016 0.0055
3 0.7593333333333333 0.04425 0.017333333333333333 0.0065
3 0.7626666666666666 0.042 0.017333333333333333 0.005
3 0.7626666666666666 0.0405 0.018666666666666665 0.005
3 0.7573333333333333 0.0375 0.018666666666666665 0.006
3 0.756 0.036 0.021333333333333333 0.005
3 0.7513333333333333 0.034 0.017333333333333333 0.006
10 0.754 0.03075 0.024 0.0085
11 0.771 0.0335 0.022 0.008
3 0.775 0.035 0.024666666666666663 0.006
3 0.7836666666666666 0.0375 0.024666666666666663 0.005
3 0.8613333333333333 0.0435 0.02 0.006
3 0.8533333333333333 0.04075 0.018666666666666665 0.0055
10 0.8506666666666667 0.03775 0.021333333333333333 0.0095
3 0.844 0.03775 0.016 0.0065
3 0.8413333333333333 0.0365 0.017333333333333333 0.006
10 0.8316666666666667 0.03375 0.022 0.0075
10 0.8293333333333333 0.03175 0.02 0.0105
10 0.825 0.0305 0.024666666666666663 0.011
10 0.8123333333333332 0.02875 0.024666666666666663 0.0095
10 0.8066666666666666 0.0265 0.030666666666666665 0.011