3 0.7838589981447124 0.36064718162839254 0.05936920222634508 0.0511482254697286
3 0.7166048237476809 0.3512526096033403 0.062152133580705 0.0501043841336117
3 0.9021335807050093 0.3235908141962422 0.05473098330241187 0.05219206680584552
3 0.9239332096474954 0.27818371607515663 0.04823747680890538 0.03862212943632568
3 0.9559369202226344 0.22834029227557415 0.04359925788497217 0.03496868475991649
3 0.975417439703154 0.18736951983298542 0.04545454545454545 0.03444676409185804
3 0.9684601113172542 0.1022964509394572 0.03153988868274583 0.02922755741127349
7 0.6465677179962893 0.3823068893528184 0.01484230055658627 0.014091858037578288
8 0.6525974025974025 0.37291231732776625 0.013914656771799629 0.008872651356993737
3 0.6015769944341373 0.33272442588726514 0.05658627087198515 0.04331941544885178
3 0.5528756957328386 0.3269832985386222 0.06679035250463822 0.04645093945720251
3 0.5088126159554731 0.3160229645093946 0.062152133580705 0.042275574112734866
3 0.459647495361781 0.3102818371607516 0.06771799628942485 0.04749478079331942
11 0.398886827458256 0.3045407098121086 0.07050092764378478 0.04853862212943633
5 0.30705009276437845 0.3029749478079332 0.03153988868274583 0.018267223382045932
11 0.2750463821892393 0.29175365344467646 0.07699443413729128 0.048016701461377875
3 0.16326530612244897 0.2766179540709812 0.07421150278293134 0.04592901878914406