3 0.4119047619047619 0.6732142857142858 0.1895238095238095 0.06928571428571428
3 0.45190476190476186 0.5628571428571428 0.16285714285714287 0.06428571428571428
3 0.8066666666666666 0.4764285714285714 0.15428571428571428 0.06428571428571428
3 0.8657142857142858 0.33464285714285713 0.1352380952380952 0.05071428571428571
3 0.9989285714285714 0.39476190476190476 0.002142857142857143 0.05523809523809524
3 0.8485714285714285 0.14857142857142858 0.0838095238095238 0.032857142857142856
3 0.7223809523809523 0.14214285714285715 0.1 0.027142857142857142
3 0.4909523809523809 0.1492857142857143 0.08857142857142856 0.032857142857142856
3 0.3304761904761904 0.16142857142857142 0.09714285714285714 0.032857142857142856
3 0.3585714285714286 0.11892857142857143 0.08476190476190476 0.03357142857142857
3 0.5547619047619048 0.13107142857142856 0.08476190476190476 0.030714285714285715
3 0.6319047619047619 0.0625 0.07904761904761905 0.030714285714285715
3 0.5285714285714286 0.0575 0.07238095238095238 0.025
3 0.4471428571428571 0.05285714285714286 0.06952380952380952 0.02857142857142857
3 0.34523809523809523 0.041428571428571426 0.07142857142857142 0.024285714285714285
3 0.15571428571428572 0.032857142857142856 0.08095238095238094 0.025714285714285714
3 0.05714285714285714 0.02857142857142857 0.07619047619047618 0.025714285714285714
3 0.2571428571428571 0.03857142857142857 0.06666666666666667 0.022857142857142857
3 0.28047619047619043 0.1875 0.10952380952380951 0.03357142857142857
3 0.41619047619047617 0.19714285714285715 0.09523809523809522 0.03571428571428571
3 0.5928571428571429 0.17964285714285713 0.1038095238095238 0.04071428571428572
3 0.6266666666666666 0.15785714285714286 0.08571428571428572 0.04
3 0.5804761904761905 0.20642857142857143 0.11904761904761904 0.05285714285714286
2 0.9346428571428571 0.5571428571428572 0.13071428571428573 0.15142857142857144
7 0.8761904761904761 0.38857142857142857 0.022857142857142857 0.025714285714285714
7 0.6904761904761905 0.11071428571428571 0.019047619047619046 0.018571428571428572
11 0.1276190476190476 0.1792857142857143 0.10285714285714286 0.04
7 0.1895238095238095 0.29678571428571426 0.02857142857142857 0.03214285714285714
7 0.3576190476190476 0.2842857142857143 0.023809523809523805 0.024285714285714285
7 0.44285714285714284 0.03571428571428571 0.017142857142857144 0.02
7 0.7047619047619047 0.04857142857142857 0.011428571428571429 0.014285714285714285
7 0.7657142857142857 0.05678571428571429 0.015238095238095238 0.02214285714285714
7 0.8176190476190475 0.06714285714285714 0.010476190476190476 0.025714285714285714
7 0.8342857142857143 0.07142857142857142 0.011428571428571429 0.022857142857142857
7 0.8390476190476189 0.05714285714285714 0.009523809523809523 0.02
9 0.7138095238095238 0.06928571428571428 0.054285714285714284 0.022857142857142857
1 0.8752380952380951 0.07357142857142857 0.03809523809523809 0.018571428571428572
8 0.9957142857142857 0.24714285714285714 0.008571428571428572 0.02
1 0.9917857142857143 0.25523809523809526 0.016428571428571428 0.018095238095238095
3 0.05285714285714286 0.10238095238095238 0.10571428571428572 0.039047619047619046
7 0.34285714285714286 0.2839285714285714 0.022857142857142857 0.02214285714285714
7 0.5804761904761905 0.2125 0.01238095238095238 0.019285714285714285
7 0.5819047619047619 0.22464285714285714 0.009523809523809523 0.025