3 0.820964749536178 0.5383611691022966 0.06122448979591836 0.04645093945720251
3 0.6743970315398886 0.5271398747390397 0.057513914656771796 0.05532359081419625
3 0.848330241187384 0.4832985386221295 0.05287569573283859 0.04488517745302714
3 0.8344155844155844 0.4321503131524009 0.05473098330241187 0.04070981210855951
5 0.6688311688311688 0.4475469728601253 0.03896103896103896 0.0151356993736952
11 0.9183673469387754 0.28992693110647183 0.05936920222634508 0.01931106471816284
11 0.6725417439703154 0.21033402922755742 0.05009276437847866 0.016701461377870565
3 0.7096474953617811 0.21920668058455117 0.055658627087198514 0.015657620041753657
3 0.661873840445269 0.04305845511482255 0.03061224489795918 0.006784968684759917
3 0.848330241187384 0.04932150313152402 0.02504638218923933 0.005741127348643007
3 0.8478664192949907 0.03888308977035491 0.02411873840445269 0.006784968684759917
3 0.7472170686456401 0.10960334029227559 0.028756957328385898 0.010438413361169102
3 0.9869519832985386 0.11456400742115028 0.026096033402922755 0.011131725417439703
11 0.9823747680890538 0.10751565762004175 0.03339517625231911 0.010438413361169102
11 0.9591836734693877 0.09968684759916495 0.03525046382189239 0.010438413361169102
11 0.9350649350649349 0.08898747390396661 0.027829313543599257 0.007828810020876828
3 0.9318181818181818 0.08376826722338206 0.026901669758812616 0.007828810020876828
3 0.887291280148423 0.03862212943632568 0.023191094619666047 0.0062630480167014625
3 0.9290352504638218 0.03914405010438414 0.026901669758812616 0.0062630480167014625
3 0.8970315398886827 0.024269311064718167 0.01484230055658627 0.005741127348643007
3 0.8831168831168831 0.02479123173277662 0.012987012987012986 0.006784968684759917
3 0.8738404452690166 0.02192066805845512 0.012987012987012986 0.007306889352818372
3 0.8784786641929498 0.018006263048016703 0.012987012987012986 0.005741127348643007
3 0.8385899814471243 0.009133611691022966 0.011131725417439703 0.004697286012526097
3 0.900278293135436 0.019832985386221295 0.013914656771799629 0.0062630480167014625
8 0.9392393320964749 0.06680584551148226 0.0027829313543599257 0.004175365344467641
5 0.9387755102040816 0.06889352818371608 0.0055658627087198514 0.004175365344467641
4 0.9735621521335805 0.02505219206680585 0.004638218923933209 0.004175365344467641