3 0.25951776649746194 0.19785714285714284 0.03934010152284264 0.011428571428571429
3 0.0583756345177665 0.21928571428571428 0.03807106598984771 0.011428571428571429
3 0.217005076142132 0.39178571428571424 0.03807106598984771 0.02214285714285714
3 0.030456852791878174 0.3842857142857143 0.03553299492385787 0.02142857142857143
3 0.23667512690355333 0.5464285714285715 0.03934010152284264 0.025714285714285714
3 0.29251269035532995 0.5403571428571429 0.04695431472081218 0.027857142857142858
11 0.09263959390862944 0.34500000000000003 0.043147208121827416 0.027142857142857142
7 0.6351522842639593 0.28964285714285715 0.019035532994923856 0.016428571428571428
7 0.6859137055837563 0.3092857142857143 0.01649746192893401 0.017142857142857144
3 0.14974619289340102 0.2596428571428572 0.03299492385786802 0.013571428571428571
7 0.5818527918781726 0.24928571428571428 0.011421319796954314 0.012857142857142857
7 0.6592639593908629 0.2864285714285714 0.008883248730964468 0.01
7 0.6795685279187818 0.2828571428571428 0.01649746192893401 0.015714285714285715
7 0.6592639593908629 0.2764285714285714 0.01649746192893401 0.012857142857142857
7 0.684010152284264 0.27285714285714285 0.015228426395939087 0.014285714285714285
7 0.699238578680203 0.27285714285714285 0.01015228426395939 0.015714285714285715
7 0.7309644670050761 0.2864285714285714 0.015228426395939087 0.012857142857142857
7 0.7595177664974619 0.25107142857142856 0.019035532994923856 0.013571428571428571
7 0.7804568527918782 0.23392857142857143 0.015228426395939087 0.012142857142857141
7 0.7944162436548223 0.24035714285714285 0.01269035532994924 0.010714285714285714
7 0.809010152284264 0.2342857142857143 0.019035532994923856 0.012857142857142857
7 0.7461928934010152 0.27214285714285713 0.01269035532994924 0.014285714285714285
7 0.7557106598984772 0.27035714285714285 0.01649746192893401 0.013571428571428571
7 0.7417512690355329 0.265 0.013959390862944163 0.01
7 0.7836294416243655 0.26785714285714285 0.008883248730964468 0.011428571428571429
7 0.7880710659898478 0.2646428571428571 0.01269035532994924 0.015000000000000001
7 0.5805837563451777 0.24000000000000002 0.008883248730964468 0.011428571428571429
7 0.5818527918781726 0.2357142857142857 0.008883248730964468 0.01
4 0.5374365482233502 0.22428571428571428 0.03934010152284264 0.024285714285714282
3 0.3204314720812183 0.3225 0.03680203045685279 0.016428571428571428
3 0.3381979695431472 0.3310714285714285 0.04695431472081218 0.017857142857142856
3 0.3001269035532995 0.29857142857142854 0.04695431472081218 0.012857142857142857
7 0.9701776649746193 0.3839285714285714 0.008883248730964468 0.015000000000000001
7 0.9758883248730964 0.37892857142857145 0.01269035532994924 0.016428571428571428
3 0.99 0.18083756345177665 0.02 0.008883248730964468
3 0.9581218274111676 0.19535714285714284 0.03807106598984771 0.013571428571428571