11 0.22428571428571428 0.15928571428571428 0.025714285714285714 0.032857142857142856
3 0.25285714285714284 0.1957142857142857 0.04476190476190476 0.017142857142857144
3 0.2742857142857143 0.25821428571428573 0.022857142857142857 0.030714285714285715
3 0.2538095238095238 0.2557142857142857 0.021904761904761903 0.02857142857142857
3 0.18904761904761902 0.24428571428571427 0.027619047619047616 0.025714285714285714
10 0.22666666666666666 0.25 0.03809523809523809 0.03857142857142857
10 0.15476190476190477 0.2317857142857143 0.035238095238095235 0.03214285714285714
5 0.3385714285714286 0.19464285714285715 0.02 0.0064285714285714285
5 0.3495238095238095 0.18607142857142858 0.019047619047619046 0.007857142857142858
5 0.3357142857142857 0.18285714285714286 0.02 0.007142857142857143
10 0.7571428571428571 0.6842857142857143 0.03238095238095238 0.06142857142857143
5 0.6885714285714286 0.6442857142857142 0.009523809523809523 0.015714285714285715
5 0.6361904761904762 0.4125 0.007619047619047619 0.010714285714285714
5 0.5571428571428572 0.45285714285714285 0.007619047619047619 0.012857142857142857
5 0.5657142857142857 0.4446428571428571 0.007619047619047619 0.012142857142857143
5 0.5685714285714286 0.25892857142857145 0.015238095238095238 0.009285714285714286
5 0.569047619047619 0.2817857142857143 0.01619047619047619 0.007857142857142858
5 0.57 0.2889285714285714 0.02 0.007857142857142858
5 0.5714285714285714 0.30857142857142855 0.017142857142857144 0.008571428571428572
5 0.5476190476190476 0.23714285714285716 0.007619047619047619 0.011428571428571429
3 0.5657142857142857 0.5464285714285714 0.017142857142857144 0.02857142857142857
3 0.7147619047619047 0.5035714285714286 0.02 0.03
3 0.7042857142857143 0.43642857142857144 0.021904761904761903 0.03
3 0.6719047619047619 0.34464285714285714 0.02 0.029285714285714286
3 0.6480952380952381 0.21357142857142858 0.02 0.02857142857142857
3 0.5961904761904762 0.03892857142857143 0.017142857142857144 0.029285714285714286
11 0.59 0.007619047619047619 0.02 0.015238095238095238
11 0.6433333333333333 0.11357142857142857 0.01619047619047619 0.02857142857142857
3 0.9925 0.3304761904761905 0.015 0.02666666666666667
7 0.5828571428571429 0.62 0.007619047619047619 0.007142857142857143
7 0.6371428571428571 0.5842857142857143 0.005714285714285714 0.007142857142857143
7 0.6014285714285714 0.5885714285714285 0.006666666666666666 0.007142857142857143
7 0.6333333333333333 0.53 0.005714285714285714 0.008571428571428572
7 0.6047619047619047 0.5396428571428571 0.005714285714285714 0.0064285714285714285
7 0.6052380952380951 0.525 0.006666666666666666 0.005714285714285714
7 0.6161904761904762 0.5264285714285715 0.005714285714285714 0.008571428571428572
7 0.6257142857142857 0.5139285714285714 0.005714285714285714 0.005
7 0.6209523809523809 0.51 0.0038095238095238095 0.005714285714285714
7 0.6338095238095237 0.5010714285714286 0.006666666666666666 0.005
7 0.6166666666666666 0.49642857142857144 0.0047619047619047615 0.005714285714285714
7 0.6190476190476191 0.4782142857142857 0.005714285714285714 0.005
7 0.6342857142857142 0.47035714285714286 0.005714285714285714 0.005
7 0.6214285714285714 0.4589285714285714 0.006666666666666666 0.005
7 0.6176190476190476 0.4417857142857143 0.0047619047619047615 0.005
7 0.6123809523809524 0.44035714285714284 0.0038095238095238095 0.005
7 0.6209523809523809 0.4328571428571429 0.005714285714285714 0.002857142857142857
7 0.6247619047619047 0.42964285714285716 0.005714285714285714 0.0035714285714285713
7 0.6076190476190476 0.4282142857142857 0.005714285714285714 0.0035714285714285713
7 0.6171428571428571 0.42714285714285716 0.0038095238095238095 0.005714285714285714
7 0.6219047619047618 0.42464285714285716 0.0038095238095238095 0.005
7 0.6214285714285714 0.4160714285714286 0.0047619047619047615 0.005
7 0.6119047619047618 0.39285714285714285 0.006666666666666666 0.005714285714285714
7 0.6061904761904762 0.39321428571428574 0.0047619047619047615 0.005
7 0.5528571428571428 0.4107142857142857 0.006666666666666666 0.005714285714285714
7 0.5923809523809523 0.27464285714285713 0.009523809523809523 0.005
7 0.5838095238095238 0.09785714285714285 0.005714285714285714 0.007142857142857143
7 0.578095238095238 0.09642857142857143 0.005714285714285714 0.007142857142857143
7 0.9866666666666666 0.4925 0.007619047619047619 0.0035714285714285713
7 0.9895238095238095 0.49714285714285716 0.009523809523809523 0.004285714285714286
7 0.9919047619047618 0.5007142857142857 0.010476190476190476 0.004285714285714286
9 0.5147619047619048 0.4110714285714286 0.010476190476190476 0.020714285714285713
9 0.57 0.4110714285714286 0.014285714285714285 0.019285714285714285
0 0.5704761904761905 0.3896428571428571 0.009523809523809523 0.016428571428571428
0 0.5733333333333334 0.36392857142857143 0.017142857142857144 0.017857142857142856