3 0.5333333333333333 0.3675 0.08952380952380952 0.05071428571428571
3 0.4828571428571429 0.35214285714285715 0.10095238095238093 0.05714285714285714
3 0.659047619047619 0.33285714285714285 0.06476190476190476 0.041428571428571426
3 0.015714285714285715 0.3242857142857143 0.03142857142857143 0.037142857142857144
3 0.1361904761904762 0.2982142857142857 0.09714285714285714 0.039285714285714285
3 0.2838095238095238 0.3314285714285714 0.1219047619047619 0.04
3 0.41333333333333333 0.30107142857142855 0.09714285714285714 0.04071428571428572
3 0.49 0.2732142857142857 0.11142857142857143 0.03214285714285714
3 0.7247619047619047 0.2764285714285714 0.06476190476190476 0.032857142857142856
3 0.7880952380952381 0.26107142857142857 0.06 0.027857142857142858
3 0.06666666666666667 0.23857142857142857 0.0819047619047619 0.03142857142857143
3 0.12428571428571429 0.23107142857142857 0.07523809523809523 0.03214285714285714
3 0.06714285714285714 0.21428571428571427 0.0638095238095238 0.027142857142857142
3 0.09190476190476189 0.18285714285714286 0.07142857142857142 0.024285714285714285
3 0.05 0.1775 0.06952380952380952 0.023571428571428573
11 0.18047619047619046 0.2814285714285714 0.07714285714285714 0.03571428571428571
3 0.21333333333333332 0.2757142857142857 0.06095238095238095 0.03428571428571429
3 0.24095238095238095 0.2592857142857143 0.07619047619047618 0.03428571428571429
3 0.29095238095238096 0.2517857142857143 0.0638095238095238 0.03214285714285714
3 0.21285714285714286 0.23285714285714285 0.0676190476190476 0.032857142857142856
3 0.17666666666666667 0.2057142857142857 0.08095238095238094 0.025714285714285714
3 0.2357142857142857 0.21214285714285713 0.07333333333333332 0.025714285714285714
4 0.2847619047619047 0.22428571428571428 0.03809523809523809 0.024285714285714285
4 0.3538095238095238 0.2425 0.07904761904761905 0.03785714285714286
3 0.5457142857142857 0.22464285714285714 0.045714285714285714 0.025
1 0.4352380952380952 0.2342857142857143 0.022857142857142857 0.024285714285714285
11 0.650952380952381 0.24035714285714285 0.06 0.029285714285714286
7 0.5628571428571428 0.32785714285714285 0.013333333333333332 0.03428571428571429
7 0.5876190476190476 0.30357142857142855 0.015238095238095238 0.02857142857142857
4 0.5833333333333333 0.2571428571428571 0.04095238095238095 0.024285714285714285
4 0.7685714285714286 0.21357142857142858 0.015238095238095238 0.02
11 0.9985714285714286 0.24619047619047618 0.002857142857142857 0.024761904761904763
7 0.8895238095238095 0.18357142857142858 0.007619047619047619 0.012857142857142857
7 0.7128571428571429 0.24142857142857144 0.008571428571428572 0.012857142857142857
7 0.7223809523809523 0.2417857142857143 0.006666666666666666 0.012142857142857143