3 0.9041878172588833 0.4514285714285714 0.04187817258883249 0.04285714285714286
3 0.899746192893401 0.37749999999999995 0.06852791878172589 0.03357142857142857
3 0.7474619289340101 0.3121428571428571 0.06091370558375635 0.025714285714285714
3 0.6586294416243654 0.30142857142857143 0.07106598984771574 0.017142857142857144
3 0.9105329949238579 0.2953571428571429 0.02918781725888325 0.03214285714285715
3 0.774746192893401 0.21642857142857141 0.02918781725888325 0.024285714285714282
3 0.7690355329949239 0.1707142857142857 0.02284263959390863 0.02
3 0.7791878172588833 0.1282142857142857 0.02284263959390863 0.019285714285714285
3 0.8730964467005077 0.22428571428571428 0.02284263959390863 0.025714285714285714
3 0.9035532994923858 0.22071428571428572 0.02284263959390863 0.022857142857142857
3 0.7093908629441624 0.25607142857142856 0.02538071065989848 0.02214285714285714
3 0.5215736040609137 0.3096428571428571 0.07868020304568528 0.016428571428571428
3 0.9105329949238579 0.18785714285714283 0.024111675126903553 0.024285714285714282
3 0.9092639593908629 0.13392857142857142 0.021573604060913708 0.019285714285714285
3 0.8705583756345178 0.11821428571428572 0.02030456852791878 0.017857142857142856
3 0.9079949238578681 0.2517857142857143 0.024111675126903553 0.026428571428571426
11 0.8673857868020304 0.26035714285714284 0.02918781725888325 0.03071428571428571
11 0.8737309644670052 0.19285714285714284 0.021573604060913708 0.025714285714285714
3 0.8737309644670052 0.17 0.021573604060913708 0.02
3 0.7975888324873097 0.08071428571428571 0.021573604060913708 0.015714285714285715
3 0.8769035532994923 0.02142857142857143 0.017766497461928935 0.014285714285714285
3 0.8115482233502538 0.008928571428571428 0.01649746192893401 0.010714285714285714
11 0.8166243654822335 0.18535714285714286 0.024111675126903553 0.023571428571428573
11 0.825507614213198 0.09821428571428571 0.021573604060913708 0.019285714285714285
11 0.9498730964467005 0.265 0.02918781725888325 0.03428571428571429
11 0.8369289340101522 0.39107142857142857 0.06979695431472081 0.039285714285714285
3 0.9105329949238579 0.16 0.021573604060913708 0.02
3 0.9473350253807106 0.17928571428571427 0.019035532994923856 0.024285714285714282
11 0.950507614213198 0.23285714285714285 0.02538071065989848 0.025714285714285714
3 0.9029187817258884 0.11321428571428571 0.01649746192893401 0.017857142857142856
3 0.9048223350253807 0.08464285714285714 0.02030456852791878 0.017857142857142856
3 0.8318527918781725 0.018214285714285714 0.021573604060913708 0.015000000000000001
11 0.6211928934010152 0.34285714285714286 0.06725888324873097 0.017142857142857144
11 0.4860406091370558 0.34607142857142853 0.07868020304568528 0.016428571428571428
3 0.6269035532994923 0.32892857142857146 0.06091370558375635 0.017857142857142856
3 0.916243654822335 0.5467857142857142 0.03299492385786802 0.029285714285714286
2 0.9638324873096447 0.03357142857142857 0.0317258883248731 0.041428571428571426
11 0.09137055837563451 0.31642857142857145 0.08121827411167512 0.02