3 0.7842639593908629 0.4389285714285714 0.1269035532994924 0.05928571428571428
3 0.8331218274111676 0.41035714285714286 0.1281725888324873 0.05785714285714286
3 0.9696428571428571 0.541243654822335 0.060714285714285714 0.04060913705583756
3 0.9878571428571429 0.5158629441624365 0.024285714285714285 0.06472081218274112
3 0.700507614213198 0.22071428571428572 0.1116751269035533 0.05857142857142857
3 0.7753807106598984 0.17857142857142858 0.08883248730964467 0.04428571428571428
3 0.8439086294416244 0.15 0.07868020304568528 0.041428571428571426
3 0.97 0.10723350253807107 0.06 0.04949238578680203
3 0.9308375634517766 0.10035714285714287 0.0799492385786802 0.047857142857142855
3 0.9796428571428571 0.07550761421319797 0.04071428571428572 0.03299492385786802
3 0.9982142857142857 0.05203045685279188 0.0035714285714285713 0.03807106598984772
7 0.9416243654822335 0.2525 0.02030456852791878 0.020714285714285713
7 0.9549492385786802 0.25321428571428567 0.021573604060913708 0.019285714285714285
3 0.21827411167512692 0.23107142857142854 0.08883248730964467 0.043571428571428567
3 0.05139593908629441 0.20964285714285713 0.08248730964467005 0.034999999999999996
11 0.05139593908629441 0.16607142857142856 0.08756345177664974 0.03785714285714285
3 0.9957142857142857 0.017766497461928935 0.008571428571428572 0.024111675126903553