3 0.8845177664974619 0.2621428571428571 0.07614213197969542 0.045714285714285714
11 0.618020304568528 0.3857142857142857 0.116751269035533 0.06999999999999999
7 0.34708121827411165 0.4803571428571428 0.02918781725888325 0.019285714285714285
7 0.3838832487309644 0.45892857142857135 0.024111675126903553 0.017857142857142856
7 0.21637055837563451 0.4185714285714286 0.02918781725888325 0.018571428571428572
7 0.23604060913705585 0.41107142857142853 0.02538071065989848 0.017857142857142856
7 0.05901015228426396 0.37892857142857145 0.021573604060913708 0.015000000000000001
7 0.05583756345177665 0.32892857142857146 0.02538071065989848 0.017857142857142856
7 0.013324873096446699 0.305 0.021573604060913708 0.017142857142857144
7 0.013959390862944163 0.3996428571428571 0.02538071065989848 0.017857142857142856
7 0.03934010152284264 0.3857142857142857 0.027918781725888325 0.02142857142857143
7 0.01586294416243655 0.3489285714285714 0.024111675126903553 0.017857142857142856
7 0.33883248730964466 0.3525 0.02284263959390863 0.016428571428571428
7 0.567258883248731 0.26428571428571423 0.02030456852791878 0.015714285714285715
7 0.8489847715736041 0.40249999999999997 0.02030456852791878 0.019285714285714285
7 0.9447969543147208 0.33892857142857147 0.013959390862944163 0.020714285714285713
7 0.9333756345177665 0.3371428571428571 0.008883248730964468 0.017142857142857144
7 0.9213197969543147 0.3364285714285714 0.01269035532994924 0.014285714285714285
7 0.9663705583756345 0.4078571428571428 0.013959390862944163 0.02
7 0.8223350253807106 0.155 0.01269035532994924 0.017142857142857144
7 0.7411167512690355 0.1846428571428571 0.015228426395939087 0.016428571428571428
7 0.6592639593908629 0.22285714285714286 0.01649746192893401 0.017142857142857144
7 0.6459390862944162 0.2125 0.01015228426395939 0.017857142857142856
7 0.633248730964467 0.2117857142857143 0.015228426395939087 0.017857142857142856
7 0.6015228426395939 0.20964285714285713 0.017766497461928935 0.020714285714285713
7 0.7772842639593908 0.16214285714285714 0.011421319796954314 0.02
7 0.7975888324873097 0.16249999999999998 0.013959390862944163 0.015000000000000001
7 0.682741116751269 0.19785714285714284 0.01269035532994924 0.018571428571428572
7 0.7620558375634517 0.16428571428571428 0.013959390862944163 0.015714285714285715
7 0.31218274111675126 0.34249999999999997 0.02030456852791878 0.017857142857142856
7 0.9321065989847717 0.3217857142857143 0.013959390862944163 0.019285714285714285
7 0.9543147208121827 0.3214285714285714 0.015228426395939087 0.017142857142857144
7 0.8826142131979696 0.35464285714285715 0.013959390862944163 0.016428571428571428
7 0.8718274111675126 0.3514285714285714 0.01269035532994924 0.017142857142857144
7 0.9543147208121827 0.08785714285714286 0.01269035532994924 0.014285714285714285
7 0.9365482233502538 0.09821428571428571 0.01269035532994924 0.015000000000000001
7 0.9960714285714286 0.06979695431472081 0.007857142857142858 0.015228426395939087
7 0.7982233502538072 0.15535714285714286 0.01269035532994924 0.015000000000000001
7 0.7874365482233502 0.15464285714285714 0.013959390862944163 0.015000000000000001
7 0.8140862944162437 0.15428571428571428 0.013959390862944163 0.015714285714285715
7 0.9263959390862944 0.09392857142857142 0.01015228426395939 0.016428571428571428
7 0.9486040609137056 0.08464285714285714 0.008883248730964468 0.016428571428571428
7 0.7176395939086294 0.1932142857142857 0.01649746192893401 0.016428571428571428
7 0.07043147208121828 0.4339285714285714 0.01649746192893401 0.012142857142857141
7 0.02030456852791878 0.37535714285714283 0.02030456852791878 0.017857142857142856
7 0.3020304568527919 0.33464285714285713 0.017766497461928935 0.016428571428571428
7 0.3286802030456853 0.3439285714285714 0.015228426395939087 0.017857142857142856
7 0.31345177664974616 0.32357142857142857 0.015228426395939087 0.018571428571428572
7 0.012857142857142857 0.37944162436548223 0.025714285714285714 0.01903553299492386
7 0.8851522842639594 0.11464285714285714 0.011421319796954314 0.017857142857142856
7 0.8769035532994923 0.11392857142857143 0.015228426395939087 0.012142857142857141
7 0.8965736040609137 0.11499999999999999 0.013959390862944163 0.014285714285714285