3 0.112 0.602 0.104 0.118
3 0.26 0.38825 0.06133333333333333 0.0615
3 0.992 0.423 0.016 0.076
3 0.9663333333333333 0.3515 0.062 0.056
3 0.91 0.2745 0.058666666666666666 0.054
3 0.8746666666666666 0.22525 0.052 0.0435
3 0.8266666666666667 0.15775 0.041333333333333326 0.0295
2 0.7823333333333332 0.0625 0.066 0.07
3 0.744 0.02225 0.026666666666666665 0.0165
11 0.14266666666666666 0.467 0.09333333333333332 0.108
3 0.23766666666666666 0.288 0.05533333333333333 0.054
3 0.2676666666666666 0.2165 0.05133333333333333 0.051
3 0.32 0.11225 0.036 0.0305
3 0.34933333333333333 0.0715 0.029333333333333333 0.026
3 0.367 0.05 0.03133333333333333 0.03
3 0.379 0.031 0.02733333333333333 0.017
3 0.39675 0.007666666666666666 0.0225 0.015333333333333332
3 0.6296666666666666 0.05475 0.026 0.0215
11 0.72875 0.008 0.028 0.016
8 0.7536666666666666 0.107 0.008666666666666666 0.017
8 0.763 0.108 0.007333333333333333 0.016
1 0.7636666666666666 0.11475 0.006 0.0095
1 0.754 0.113 0.005333333333333333 0.009
4 0.67925 0.008 0.0185 0.016
7 0.23166666666666666 0.24 0.012666666666666666 0.027
4 0.2033333333333333 0.35975 0.07333333333333333 0.0905
4 0.3383333333333333 0.3815 0.03266666666666666 0.043