11 0.5356666666666666 0.51725 0.18733333333333332 0.1375
2 0.897 0.30033333333333334 0.206 0.14066666666666666
7 0.4036666666666666 0.32625 0.03133333333333333 0.0365
3 0.5373333333333332 0.35375 0.15733333333333333 0.0945
3 0.54 0.264 0.14666666666666667 0.091
3 0.6223333333333333 0.1515 0.1433333333333333 0.087
3 0.574 0.10525 0.136 0.0865
3 0.44166666666666665 0.18225 0.15 0.0915
3 0.369 0.12475 0.14066666666666666 0.0865
3 0.35125 0.018666666666666668 0.1385 0.037333333333333336
7 0.201 0.31875 0.03533333333333333 0.0385
7 0.187 0.27975 0.03133333333333333 0.0345
7 0.11133333333333333 0.25175 0.048 0.0335
3 0.142 0.44375 0.15066666666666667 0.1255
7 0.16066666666666665 0.542 0.044 0.02
7 0.12466666666666666 0.531 0.044 0.021
7 0.088 0.52925 0.044 0.0205
7 0.06833333333333333 0.57425 0.05 0.0205
11 0.03575 0.519 0.0715 0.084
7 0.07266666666666666 0.363 0.042666666666666665 0.029
7 0.02225 0.43233333333333335 0.0445 0.028666666666666667
7 0.05033333333333333 0.4585 0.04066666666666666 0.023
3 0.89975 0.011 0.086 0.022