3 0.8476190476190475 0.5621428571428572 0.2342857142857143 0.08285714285714285
3 0.8323809523809523 0.4853571428571429 0.2 0.07214285714285715
3 0.7661904761904761 0.3335714285714286 0.15714285714285714 0.05285714285714286
3 0.7476190476190475 0.295 0.15428571428571428 0.05142857142857143
3 0.7542857142857143 0.2664285714285714 0.13333333333333333 0.03571428571428571
3 0.7428571428571429 0.24321428571428572 0.1238095238095238 0.03785714285714286
3 0.7357142857142858 0.21678571428571428 0.11142857142857143 0.03642857142857143
3 0.72 0.19964285714285715 0.11619047619047618 0.03785714285714286
3 0.7414285714285714 0.1775 0.09809523809523808 0.030714285714285715
3 0.73 0.16035714285714286 0.08095238095238094 0.020714285714285713
3 0.7233333333333333 0.1492857142857143 0.08476190476190476 0.027142857142857142
3 0.67 0.13785714285714284 0.07904761904761905 0.032857142857142856
3 0.6347619047619047 0.12785714285714286 0.08285714285714285 0.027142857142857142
3 0.6357142857142857 0.11535714285714285 0.07333333333333332 0.020714285714285713
3 0.650952380952381 0.10678571428571429 0.08095238095238094 0.02642857142857143
3 0.6595238095238095 0.095 0.08095238095238094 0.025714285714285714
3 0.6195238095238095 0.08 0.07333333333333332 0.025714285714285714
3 0.6195238095238095 0.06678571428571428 0.06 0.019285714285714285
3 0.62 0.055714285714285716 0.06095238095238095 0.018571428571428572
3 0.6133333333333333 0.04285714285714286 0.05333333333333333 0.02142857142857143
3 0.20142857142857143 0.4039285714285714 0.20857142857142857 0.065
3 0.25047619047619046 0.35678571428571426 0.17714285714285713 0.062142857142857146
3 0.2604761904761905 0.3107142857142857 0.15904761904761905 0.05142857142857143
3 0.2847619047619047 0.28285714285714286 0.15619047619047619 0.045714285714285714
3 0.32619047619047614 0.25214285714285717 0.13809523809523808 0.047142857142857146
3 0.3419047619047619 0.23 0.13904761904761903 0.03857142857142857
3 0.36238095238095236 0.21285714285714286 0.13238095238095238 0.03857142857142857
3 0.4033333333333333 0.16357142857142856 0.1 0.03
3 0.4295238095238095 0.15214285714285714 0.10666666666666666 0.032857142857142856
3 0.4342857142857143 0.13857142857142857 0.09714285714285714 0.03428571428571429
3 0.41619047619047617 0.1175 0.08952380952380952 0.02642857142857143
3 0.4319047619047619 0.10642857142857143 0.08285714285714285 0.02142857142857143
3 0.439047619047619 0.10071428571428571 0.08761904761904761 0.024285714285714285
3 0.439047619047619 0.09321428571428571 0.0838095238095238 0.02214285714285714
3 0.45619047619047615 0.08535714285714285 0.07619047619047618 0.020714285714285713
3 0.4542857142857143 0.07785714285714286 0.07619047619047618 0.022857142857142857
3 0.047142857142857146 0.22523809523809524 0.09428571428571429 0.054285714285714284
3 0.10142857142857142 0.23357142857142857 0.1 0.047142857142857146
3 0.24 0.14464285714285716 0.05904761904761904 0.030714285714285715
3 0.2847619047619047 0.12035714285714286 0.04761904761904761 0.02214285714285714
3 0.4747619047619047 0.055714285714285716 0.06571428571428571 0.017142857142857144
3 0.4809523809523809 0.05142857142857143 0.05714285714285714 0.015714285714285715
3 0.4957142857142857 0.03357142857142857 0.06 0.017142857142857144
3 0.36476190476190473 0.055357142857142855 0.026666666666666665 0.017857142857142856
3 0.3742857142857143 0.040357142857142855 0.02476190476190476 0.012142857142857143
3 0.4009523809523809 0.0225 0.017142857142857144 0.016428571428571428
3 0.5071428571428571 0.01607142857142857 0.03333333333333333 0.010714285714285714
7 0.82 0.6960714285714286 0.04 0.05071428571428571
7 0.7780952380952381 0.6775 0.02857142857142857 0.05357142857142857
7 0.8328571428571429 0.6403571428571428 0.04095238095238095 0.06642857142857143
7 0.9903571428571428 0.6138095238095238 0.019285714285714285 0.05523809523809524
1 0.5471428571428572 0.39107142857142857 0.023809523809523805 0.052142857142857144
7 0.5461904761904761 0.3842857142857143 0.02 0.032857142857142856
7 0.44142857142857145 0.32392857142857145 0.021904761904761903 0.047857142857142855
7 0.48428571428571426 0.3132142857142857 0.023809523809523805 0.04071428571428572
7 0.5633333333333334 0.2007142857142857 0.01619047619047619 0.025714285714285714
7 0.5833333333333333 0.20142857142857143 0.01619047619047619 0.03428571428571429
7 0.5738095238095238 0.12714285714285714 0.01619047619047619 0.027142857142857142
7 0.7461904761904761 0.11178571428571428 0.01238095238095238 0.029285714285714286
3 0.69 0.055714285714285716 0.023809523809523805 0.02142857142857143
11 0.05095238095238095 0.38821428571428573 0.1 0.08642857142857142
11 0.3904761904761905 0.1825 0.10476190476190475 0.04642857142857143
11 0.16238095238095238 0.17964285714285713 0.09238095238095237 0.052142857142857144
6 0.5266666666666666 0.12535714285714286 0.030476190476190476 0.03642857142857143
3 0.5557142857142857 0.03464285714285714 0.02952380952380952 0.015
7 0.28 0.15571428571428572 0.015238095238095238 0.027142857142857142
7 0.2742857142857143 0.15535714285714286 0.013333333333333332 0.027857142857142858
7 0.43047619047619046 0.052142857142857144 0.009523809523809523 0.017142857142857144
7 0.4147619047619047 0.047142857142857146 0.010476190476190476 0.018571428571428572
4 0.4433333333333333 0.032857142857142856 0.010476190476190476 0.017142857142857144