3 0.30047619047619045 0.7139285714285715 0.24285714285714285 0.07071428571428572
11 0.7461904761904761 0.5967857142857143 0.11333333333333333 0.185
3 0.32571428571428573 0.6207142857142857 0.2819047619047619 0.14857142857142858
11 0.37047619047619046 0.49857142857142855 0.22476190476190475 0.11
11 0.7447619047619046 0.30892857142857144 0.07428571428571429 0.10642857142857143
11 0.44285714285714284 0.33 0.1638095238095238 0.07428571428571429
3 0.42476190476190473 0.4032142857142857 0.21142857142857144 0.09357142857142857
7 0.6304761904761904 0.6367857142857143 0.03809523809523809 0.047857142857142855
7 0.59 0.6221428571428571 0.04476190476190476 0.045714285714285714
7 0.5847619047619047 0.5375 0.03428571428571429 0.04214285714285714
7 0.6176190476190476 0.2307142857142857 0.01619047619047619 0.03857142857142857
7 0.64 0.22785714285714287 0.015238095238095238 0.037142857142857144
3 0.46047619047619043 0.27785714285714286 0.1457142857142857 0.054285714285714284
3 0.4857142857142857 0.23035714285714284 0.15047619047619046 0.052142857142857144
3 0.7323809523809524 0.2417857142857143 0.06666666666666667 0.07642857142857143
3 0.7228571428571429 0.13642857142857143 0.05142857142857143 0.055714285714285716
3 0.7233333333333333 0.08607142857142858 0.04666666666666666 0.04642857142857143
11 0.7138095238095238 0.05071428571428571 0.04285714285714286 0.05
3 0.49761904761904757 0.19142857142857142 0.12857142857142856 0.047142857142857146
11 0.5157142857142857 0.15285714285714286 0.12476190476190475 0.054285714285714284
11 0.5466666666666666 0.07642857142857143 0.09333333333333332 0.041428571428571426
3 0.5623809523809523 0.05714285714285714 0.09809523809523808 0.037142857142857144
3 0.5757142857142857 0.03642857142857143 0.09238095238095237 0.03
3 0.5776190476190476 0.02142857142857143 0.08285714285714285 0.032857142857142856
7 0.5285714285714286 0.029642857142857144 0.009523809523809523 0.023571428571428573
1 0.8933333333333332 0.15285714285714286 0.04 0.018571428571428572
7 0.29285714285714287 0.1792857142857143 0.023809523809523805 0.032857142857142856
3 0.05964285714285714 0.3261904761904762 0.11928571428571429 0.0761904761904762
3 0.037142857142857144 0.2509523809523809 0.07428571428571429 0.09333333333333334
3 0.10571428571428572 0.2710714285714286 0.1295238095238095 0.06357142857142857
11 0.17333333333333334 0.21714285714285714 0.1219047619047619 0.07285714285714286
11 0.21238095238095236 0.16607142857142856 0.09142857142857143 0.06785714285714285
11 0.24285714285714285 0.13214285714285715 0.08571428571428572 0.06
11 0.13476190476190475 0.11571428571428571 0.10952380952380951 0.06
11 0.22761904761904758 0.07035714285714285 0.06857142857142857 0.052142857142857144
3 0.3161904761904762 0.08321428571428571 0.06285714285714286 0.04214285714285714
3 0.3757142857142857 0.05714285714285714 0.056190476190476187 0.03857142857142857
3 0.3871428571428571 0.01607142857142857 0.07523809523809523 0.029285714285714286
3 0.40964285714285714 0.009523809523809525 0.07214285714285715 0.01904761904761905
3 0.29892857142857143 0.017142857142857144 0.06285714285714286 0.03428571428571429
5 0.15714285714285714 0.04107142857142857 0.03619047619047619 0.017857142857142856
5 0.1338095238095238 0.05071428571428571 0.03142857142857143 0.012857142857142857
5 0.09047619047619047 0.047142857142857146 0.0419047619047619 0.015714285714285715
5 0.11285714285714285 0.03892857142857143 0.037142857142857144 0.017857142857142856
5 0.09761904761904762 0.044642857142857144 0.039047619047619046 0.015