7 0.08523809523809524 0.3507142857142857 0.006666666666666666 0.015714285714285715
7 0.1652380952380952 0.3653571428571429 0.008571428571428572 0.019285714285714285
7 0.21476190476190474 0.335 0.006666666666666666 0.014285714285714285
7 0.19952380952380952 0.4342857142857143 0.010476190476190476 0.02142857142857143
7 0.11047619047619046 0.48892857142857143 0.009523809523809523 0.029285714285714286
7 0.05 0.45035714285714284 0.010476190476190476 0.02642857142857143
7 0.1652380952380952 0.6721428571428572 0.010476190476190476 0.02142857142857143
7 0.17142857142857143 0.6928571428571428 0.011428571428571429 0.02142857142857143
7 0.2757142857142857 0.385 0.006666666666666666 0.015714285714285715
7 0.3342857142857143 0.3267857142857143 0.011428571428571429 0.020714285714285713
7 0.3495238095238095 0.3467857142857143 0.019047619047619046 0.02214285714285714
7 0.38380952380952377 0.32142857142857145 0.005714285714285714 0.008571428571428572
7 0.37809523809523804 0.29178571428571426 0.009523809523809523 0.015
7 0.36857142857142855 0.28964285714285715 0.007619047619047619 0.015
7 0.3628571428571429 0.26571428571428574 0.005714285714285714 0.007142857142857143
7 0.42142857142857143 0.25035714285714283 0.0047619047619047615 0.012142857142857143
7 0.41666666666666663 0.24785714285714286 0.0047619047619047615 0.012857142857142857
7 0.41952380952380947 0.12857142857142856 0.0047619047619047615 0.01
7 0.5852380952380952 0.15535714285714286 0.002857142857142857 0.0064285714285714285
7 0.5533333333333333 0.1425 0.0038095238095238095 0.007857142857142858
7 0.5461904761904761 0.1417857142857143 0.002857142857142857 0.009285714285714286
7 0.48047619047619045 0.26357142857142857 0.0047619047619047615 0.008571428571428572
7 0.4538095238095238 0.27785714285714286 0.0047619047619047615 0.008571428571428572
7 0.4995238095238095 0.3389285714285714 0.0047619047619047615 0.007857142857142858
7 0.5123809523809524 0.3357142857142857 0.005714285714285714 0.008571428571428572
7 0.4538095238095238 0.42 0.006666666666666666 0.014285714285714285
3 0.5476190476190476 0.4732142857142857 0.06666666666666667 0.060714285714285714
5 0.6761904761904761 0.4182142857142857 0.05333333333333333 0.04214285714285714
3 0.6038095238095238 0.42142857142857143 0.05523809523809523 0.04857142857142857
3 0.6823809523809523 0.3382142857142857 0.050476190476190466 0.039285714285714285
7 0.6666666666666666 0.25214285714285717 0.005714285714285714 0.008571428571428572
7 0.5347619047619048 0.23142857142857143 0.0047619047619047615 0.008571428571428572
7 0.6733333333333333 0.16 0.005714285714285714 0.01
3 0.7371428571428571 0.09892857142857144 0.017142857142857144 0.016428571428571428
7 0.6652380952380952 0.15428571428571428 0.002857142857142857 0.005714285714285714
7 0.6533333333333333 0.1632142857142857 0.0038095238095238095 0.0064285714285714285
3 0.7071428571428572 0.31142857142857144 0.04095238095238095 0.03428571428571429
3 0.7952380952380952 0.09285714285714286 0.02095238095238095 0.011428571428571429
3 0.7519047619047617 0.1 0.025714285714285714 0.011428571428571429
3 0.7728571428571429 0.09071428571428572 0.02 0.01
3 0.8257142857142857 0.19535714285714287 0.02476190476190476 0.020714285714285713
3 0.7628571428571429 0.2617857142857143 0.03809523809523809 0.030714285714285715
3 0.7333333333333332 0.285 0.03619047619047619 0.02857142857142857
3 0.8061904761904761 0.21285714285714286 0.03142857142857143 0.024285714285714285
3 0.6395238095238095 0.38535714285714284 0.04666666666666666 0.04214285714285714
3 0.818095238095238 0.4228571428571429 0.04761904761904761 0.06
3 0.8509523809523809 0.47035714285714286 0.056190476190476187 0.07785714285714286
3 0.99 0.3638095238095238 0.02 0.03428571428571429
5 0.8904761904761904 0.15928571428571428 0.007619047619047619 0.011428571428571429
8 0.8904761904761904 0.15607142857142858 0.005714285714285714 0.0064285714285714285
3 0.9419047619047618 0.07357142857142857 0.017142857142857144 0.011428571428571429
3 0.948095238095238 0.06571428571428571 0.014285714285714285 0.01
3 0.5457142857142857 0.565 0.05333333333333333 0.04285714285714286
3 0.49714285714285716 0.5989285714285715 0.04952380952380952 0.05785714285714286
3 0.4328571428571429 0.6614285714285715 0.04476190476190476 0.05
7 0.043333333333333335 0.4857142857142857 0.014285714285714285 0.03