3 0.18877551020408162 0.02609603340292276 0.028756957328385898 0.010438413361169102
3 0.1108534322820037 0.036012526096033406 0.032467532467532464 0.009394572025052193
11 0.33812615955473097 0.052713987473903975 0.023191094619666047 0.013569937369519834
3 0.3724489795918367 0.05688935281837161 0.026901669758812616 0.013569937369519834
0 0.3311688311688311 0.0482776617954071 0.02040816326530612 0.012004175365344469
5 0.35157699443413726 0.06758872651356994 0.009276437847866418 0.006784968684759917
5 0.36456400742115025 0.06993736951983298 0.011131725417439703 0.010438413361169102
3 0.4202226345083488 0.05245302713987474 0.04823747680890538 0.009916492693110648
5 0.48608534322820035 0.09629436325678498 0.012987012987012986 0.008872651356993737
9 0.5357142857142857 0.13491649269311065 0.05287569573283859 0.02244258872651357
5 0.6762523191094619 0.14639874739039666 0.03525046382189239 0.012004175365344469
7 0.17578849721706863 0.1844989561586639 0.02133580705009276 0.01931106471816284
8 0.2411873840445269 0.20302713987473905 0.025974025974025972 0.015657620041753657
8 0.24860853432282 0.22520876826722339 0.02411873840445269 0.016179540709812108
8 0.35157699443413726 0.25287056367432154 0.02040816326530612 0.018267223382045932
8 0.3970315398886827 0.27113778705636743 0.02411873840445269 0.01722338204592902
8 0.423469387755102 0.28131524008350733 0.023191094619666047 0.018789144050104387
8 0.4587198515769944 0.2907098121085595 0.02504638218923933 0.020876826722338204
8 0.49536178107606677 0.30323590814196244 0.027829313543599257 0.017745302713987474
7 0.5380333951762523 0.29358037578288104 0.02411873840445269 0.029749478079331943
8 0.7087198515769945 0.32776617954070986 0.025974025974025972 0.02609603340292276
8 0.6071428571428571 0.31758872651357 0.02504638218923933 0.021398747390396662
8 0.9466604823747681 0.3810020876826723 0.032467532467532464 0.02192066805845512