10 0.014642857142857143 0.4352791878172589 0.029285714285714286 0.012690355329949238
10 0.25 0.39178571428571424 0.02538071065989848 0.027857142857142858
6 0.1751269035532995 0.4035714285714285 0.02538071065989848 0.011428571428571429
7 0.27284263959390864 0.40142857142857147 0.007614213197969543 0.005714285714285714
7 0.3166243654822335 0.34785714285714286 0.00634517766497462 0.005714285714285714
7 0.1979695431472081 0.33464285714285713 0.005076142131979695 0.0064285714285714285
8 0.5304568527918782 0.32499999999999996 0.005076142131979695 0.004285714285714286
11 0.04695431472081218 0.25 0.03299492385786802 0.008571428571428572
7 0.4460659898477158 0.15285714285714286 0.0038071065989847717 0.004285714285714286
4 0.4282994923857868 0.1514285714285714 0.00634517766497462 0.002857142857142857
4 0.35850253807106597 0.1846428571428571 0.00634517766497462 0.002142857142857143
3 0.7062182741116751 0.025714285714285714 0.0038071065989847717 0.002857142857142857
2 0.7195431472081218 0.02142857142857143 0.005076142131979695 0.005714285714285714
4 0.708756345177665 0.017857142857142856 0.011421319796954314 0.005714285714285714
4 0.7170050761421319 0.028214285714285713 0.007614213197969543 0.0064285714285714285
4 0.7157360406091371 0.033928571428571426 0.01015228426395939 0.0035714285714285713
4 0.7195431472081218 0.03785714285714285 0.0025380710659898475 0.002857142857142857
4 0.7138324873096447 0.038214285714285715 0.00634517766497462 0.0035714285714285713
2 0.7068527918781726 0.0425 0.015228426395939087 0.0035714285714285713
2 0.7163705583756346 0.045 0.019035532994923856 0.007142857142857143
3 0.6865482233502538 0.045 0.01269035532994924 0.002857142857142857
3 0.6947969543147209 0.045 0.008883248730964468 0.002857142857142857
2 0.7214467005076142 0.05714285714285714 0.008883248730964468 0.008571428571428572
2 0.7163705583756346 0.08142857142857143 0.008883248730964468 0.01
2 0.7138324873096447 0.07357142857142857 0.008883248730964468 0.01
2 0.7423857868020304 0.08785714285714286 0.015228426395939087 0.01
2 0.8521573604060915 0.1432142857142857 0.026649746192893398 0.016428571428571428
2 0.7062182741116751 0.08428571428571427 0.011421319796954314 0.01
2 0.7081218274111675 0.08928571428571429 0.01015228426395939 0.007142857142857143
2 0.7055837563451777 0.053571428571428575 0.005076142131979695 0.005714285714285714
3 0.7062182741116751 0.056428571428571425 0.0038071065989847717 0.002857142857142857
4 0.6960659898477157 0.05392857142857143 0.011421319796954314 0.0064285714285714285
4 0.6935279187817259 0.06107142857142857 0.013959390862944163 0.005
11 0.7151015228426396 0.0625 0.00634517766497462 0.005
11 0.7157360406091371 0.05285714285714285 0.005076142131979695 0.002857142857142857
3 0.7157360406091371 0.05607142857142857 0.005076142131979695 0.002142857142857143
3 0.7239847715736041 0.0625 0.00634517766497462 0.0035714285714285713
3 0.7195431472081218 0.06821428571428571 0.005076142131979695 0.0035714285714285713
3 0.7208121827411168 0.07142857142857142 0.005076142131979695 0.002857142857142857
11 0.7030456852791879 0.06714285714285714 0.005076142131979695 0.002857142857142857
4 0.7049492385786802 0.06107142857142857 0.00634517766497462 0.005
3 0.6947969543147209 0.06678571428571428 0.0038071065989847717 0.0035714285714285713
3 0.6967005076142132 0.06928571428571428 0.005076142131979695 0.002857142857142857
4 0.6871827411167513 0.06999999999999999 0.008883248730964468 0.007142857142857143
4 0.6782994923857868 0.07178571428571429 0.008883248730964468 0.0035714285714285713
4 0.6954314720812182 0.0757142857142857 0.007614213197969543 0.005714285714285714
4 0.6954314720812182 0.08285714285714285 0.0025380710659898475 0.005714285714285714
2 0.699238578680203 0.08928571428571429 0.007614213197969543 0.005714285714285714
11 0.7119289340101522 0.09321428571428571 0.005076142131979695 0.0035714285714285713
11 0.7151015228426396 0.09607142857142857 0.00634517766497462 0.0035714285714285713
3 0.7284263959390863 0.09785714285714285 0.007614213197969543 0.004285714285714286
3 0.7011421319796954 0.09321428571428571 0.00634517766497462 0.0035714285714285713
3 0.7049492385786802 0.09571428571428571 0.00634517766497462 0.004285714285714286
3 0.7081218274111675 0.09821428571428571 0.007614213197969543 0.0035714285714285713
3 0.7125634517766498 0.10035714285714287 0.00634517766497462 0.0035714285714285713
3 0.7170050761421319 0.1025 0.007614213197969543 0.0035714285714285713
3 0.7227157360406091 0.1057142857142857 0.00634517766497462 0.002857142857142857
3 0.7582487309644669 0.11142857142857143 0.008883248730964468 0.004285714285714286
3 0.7779187817258884 0.11928571428571427 0.01015228426395939 0.004285714285714286
3 0.7963197969543147 0.12535714285714283 0.011421319796954314 0.005
3 0.8178934010152283 0.14357142857142857 0.011421319796954314 0.004285714285714286
3 0.8420050761421319 0.15357142857142855 0.011421319796954314 0.004285714285714286
2 0.6763959390862944 0.08107142857142857 0.007614213197969543 0.005
4 0.6852791878172589 0.08 0.005076142131979695 0.007142857142857143
4 0.66751269035533 0.08107142857142857 0.005076142131979695 0.005
2 0.6560913705583756 0.09857142857142857 0.007614213197969543 0.008571428571428572
2 0.6643401015228426 0.10392857142857141 0.013959390862944163 0.010714285714285714
2 0.6548223350253808 0.11178571428571428 0.01269035532994924 0.010714285714285714
2 0.6618020304568528 0.11785714285714285 0.011421319796954314 0.008571428571428572
2 0.6522842639593909 0.12107142857142857 0.015228426395939087 0.010714285714285714
2 0.6395939086294417 0.11785714285714285 0.007614213197969543 0.004285714285714286
2 0.6370558375634517 0.13142857142857142 0.015228426395939087 0.008571428571428572
2 0.649746192893401 0.1307142857142857 0.01269035532994924 0.008571428571428572
2 0.6814720812182741 0.13535714285714287 0.03299492385786802 0.009285714285714286
2 0.6814720812182741 0.13142857142857142 0.03553299492385787 0.01
2 0.684010152284264 0.13035714285714284 0.030456852791878174 0.009285714285714286
2 0.690989847715736 0.12928571428571428 0.021573604060913708 0.008571428571428572
2 0.6865482233502538 0.125 0.03553299492385787 0.01
2 0.6859137055837563 0.1225 0.03426395939086294 0.009285714285714286
2 0.6833756345177665 0.12142857142857143 0.03426395939086294 0.011428571428571429
2 0.6890862944162437 0.11964285714285713 0.030456852791878174 0.010714285714285714
2 0.6916243654822335 0.11857142857142856 0.03553299492385787 0.012857142857142857
2 0.5729695431472082 0.15785714285714283 0.02918781725888325 0.012857142857142857
2 0.6465736040609137 0.19214285714285714 0.02918781725888325 0.01
2 0.5793147208121827 0.2092857142857143 0.03680203045685279 0.011428571428571429
10 0.6770304568527918 0.19678571428571426 0.0317258883248731 0.010714285714285714
3 0.4010152284263959 0.23678571428571427 0.02284263959390863 0.0064285714285714285
3 0.40164974619289334 0.2464285714285714 0.021573604060913708 0.007142857142857143
3 0.2969543147208122 0.2710714285714286 0.015228426395939087 0.007857142857142858
11 0.31091370558375636 0.26821428571428574 0.01269035532994924 0.007857142857142858
3 0.3375634517766497 0.26678571428571424 0.015228426395939087 0.009285714285714286
3 0.35088832487309646 0.26607142857142857 0.011421319796954314 0.007857142857142858
4 0.36548223350253806 0.26357142857142857 0.01015228426395939 0.005714285714285714
11 0.4276649746192893 0.25857142857142856 0.02030456852791878 0.007142857142857143
11 0.46446700507614214 0.255 0.017766497461928935 0.007142857142857143
11 0.48159898477157365 0.2521428571428571 0.019035532994923856 0.008571428571428572
11 0.501269035532995 0.25035714285714283 0.02030456852791878 0.007857142857142858
11 0.5184010152284264 0.24892857142857142 0.019035532994923856 0.007857142857142858
3 0.4460659898477158 0.2567857142857143 0.019035532994923856 0.0064285714285714285
10 0.4447969543147208 0.26357142857142857 0.04187817258883249 0.011428571428571429
10 0.5114213197969543 0.2582142857142857 0.06091370558375635 0.013571428571428571
3 0.5520304568527918 0.22071428571428572 0.02030456852791878 0.005714285714285714
6 0.5374365482233502 0.245 0.01649746192893401 0.01
3 0.5881979695431472 0.25142857142857145 0.024111675126903553 0.005714285714285714
11 0.5862944162436549 0.24428571428571427 0.02538071065989848 0.005714285714285714
11 0.5881979695431472 0.2471428571428571 0.021573604060913708 0.005714285714285714
11 0.6637055837563451 0.23535714285714285 0.015228426395939087 0.0064285714285714285
6 0.6903553299492386 0.22964285714285712 0.01269035532994924 0.007857142857142858
11 0.7906091370558376 0.25107142857142856 0.02030456852791878 0.0064285714285714285
3 0.8166243654822335 0.24928571428571428 0.021573604060913708 0.005714285714285714
2 0.9048223350253807 0.24892857142857142 0.05583756345177665 0.012142857142857141
2 0.9213197969543147 0.24535714285714286 0.03807106598984771 0.010714285714285714
3 0.9992857142857143 0.21129441624365483 0.0014285714285714286 0.007614213197969543
2 0.9784263959390863 0.2057142857142857 0.02538071065989848 0.012857142857142857
11 0.9276649746192894 0.1907142857142857 0.015228426395939087 0.007142857142857143
10 0.9885714285714285 0.19035532994923857 0.022857142857142857 0.008883248730964468
2 0.9841370558375635 0.15392857142857141 0.02918781725888325 0.0064285714285714285
7 0.9860714285714286 0.1453045685279188 0.027857142857142858 0.008883248730964468
7 0.9885714285714285 0.14720812182741116 0.022857142857142857 0.007614213197969543
3 0.9917512690355329 0.17428571428571427 0.01649746192893401 0.004285714285714286