3 0.7761904761904761 0.6903571428571429 0.15238095238095237 0.11785714285714285
11 0.19047619047619044 0.7096428571428571 0.19238095238095237 0.07928571428571428
3 0.7042857142857143 0.47035714285714286 0.10761904761904761 0.056428571428571425
3 0.56 0.5396428571428571 0.13142857142857142 0.06785714285714285
3 0.40952380952380946 0.6203571428571428 0.15238095238095237 0.08928571428571429
3 0.4752380952380952 0.6642857142857143 0.15428571428571428 0.09714285714285714
3 0.6647619047619048 0.5610714285714286 0.1276190476190476 0.07642857142857143
3 0.7138095238095238 0.6207142857142857 0.13238095238095238 0.08428571428571428
7 1 0.6228571428571429 0 0.02857142857142857
7 0.9328571428571428 0.48 0.03142857142857143 0.037142857142857144
7 0.9595238095238094 0.43107142857142855 0.027619047619047616 0.03642857142857143
7 0.9076190476190475 0.3775 0.015238095238095238 0.02642857142857143
7 0.94 0.3492857142857143 0.019047619047619046 0.024285714285714285
7 0.9542857142857143 0.30178571428571427 0.015238095238095238 0.025
3 0.9871428571428571 0.17952380952380953 0.025714285714285714 0.024761904761904763
3 0.9885714285714285 0.21 0.022857142857142857 0.02857142857142857
2 0.9896428571428572 0.2985714285714286 0.020714285714285713 0.11333333333333333
8 0.9595238095238094 0.6078571428571429 0.03142857142857143 0.03428571428571429
1 0.9623809523809523 0.6232142857142857 0.02952380952380952 0.035
8 0.44476190476190475 0.42857142857142855 0.015238095238095238 0.018571428571428572
8 0.3161904761904762 0.5325 0.022857142857142857 0.020714285714285713
5 0.44857142857142857 0.43535714285714283 0.030476190476190476 0.012142857142857143
5 0.31142857142857144 0.5385714285714286 0.06095238095238095 0.014285714285714285
3 0.46238095238095234 0.37785714285714284 0.08285714285714285 0.03571428571428571
3 0.3538095238095238 0.4139285714285714 0.12095238095238094 0.062142857142857146
3 0.19666666666666666 0.4732142857142857 0.11714285714285715 0.062142857142857146
3 0.06142857142857143 0.5352380952380953 0.12285714285714286 0.07047619047619047
7 0.49857142857142855 0.34214285714285714 0.014285714285714285 0.02142857142857143
7 0.2676190476190476 0.2646428571428571 0.013333333333333332 0.013571428571428571
7 0.29285714285714287 0.2782142857142857 0.01619047619047619 0.016428571428571428
7 0.27809523809523806 0.32035714285714284 0.013333333333333332 0.015
7 0.2857142857142857 0.31392857142857145 0.011428571428571429 0.016428571428571428
7 0.2985714285714286 0.3132142857142857 0.01619047619047619 0.013571428571428571
7 0.3061904761904762 0.3242857142857143 0.014285714285714285 0.014285714285714285
7 0.32904761904761903 0.325 0.01238095238095238 0.015714285714285715
7 0.32142857142857145 0.3242857142857143 0.010476190476190476 0.011428571428571429
7 0.7161904761904762 0.2571428571428571 0.011428571428571429 0.017142857142857144
3 0.7957142857142857 0.26964285714285713 0.06 0.03214285714285714
3 0.8595238095238095 0.27464285714285713 0.056190476190476187 0.03357142857142857
7 0.9371428571428572 0.215 0.013333333333333332 0.02
7 0.8980952380952381 0.20357142857142857 0.013333333333333332 0.015714285714285715
3 0.878095238095238 0.21 0.03619047619047619 0.022857142857142857
7 0.6552380952380952 0.2835714285714286 0.015238095238095238 0.024285714285714285
7 0.8309523809523809 0.20714285714285716 0.008571428571428572 0.015714285714285715
7 0.8352380952380952 0.21428571428571427 0.005714285714285714 0.017142857142857144
7 0.8409523809523809 0.21464285714285714 0.009523809523809523 0.019285714285714285
8 0.9982142857142857 0.23047619047619047 0.0035714285714285713 0.013333333333333334
1 0.9960714285714286 0.23523809523809525 0.007857142857142858 0.010476190476190476
5 0.016666666666666666 0.24642857142857144 0.014285714285714285 0.012857142857142857
5 0.03 0.24321428571428572 0.02 0.013571428571428571
7 0.11761904761904761 0.19071428571428573 0.010476190476190476 0.014285714285714285
7 0.12047619047619047 0.1825 0.010476190476190476 0.010714285714285714
7 0.1276190476190476 0.19035714285714286 0.013333333333333332 0.016428571428571428
7 0.16047619047619047 0.19 0.014285714285714285 0.015714285714285715
3 0.15428571428571428 0.22428571428571428 0.05904761904761904 0.02
3 0.19619047619047617 0.23714285714285716 0.06666666666666667 0.018571428571428572
3 0.21523809523809523 0.22535714285714287 0.05333333333333333 0.016428571428571428
3 0.22285714285714286 0.22107142857142856 0.045714285714285714 0.019285714285714285
3 0.23238095238095235 0.21642857142857144 0.043809523809523805 0.015714285714285715
3 0.24571428571428572 0.21 0.045714285714285714 0.017142857142857144
3 0.2538095238095238 0.20214285714285715 0.052380952380952375 0.017142857142857144
3 0.2538095238095238 0.24714285714285714 0.06952380952380952 0.02
3 0.22047619047619044 0.2692857142857143 0.08095238095238094 0.02
3 0.20714285714285716 0.2875 0.08476190476190476 0.020714285714285713
3 0.18571428571428572 0.30464285714285716 0.09523809523809522 0.029285714285714286
3 0.33285714285714285 0.13464285714285715 0.039047619047619046 0.017857142857142856
3 0.28523809523809524 0.14214285714285715 0.04095238095238095 0.012857142857142857
3 0.2795238095238095 0.14035714285714285 0.04095238095238095 0.012142857142857143
3 0.26095238095238094 0.13857142857142857 0.03619047619047619 0.011428571428571429
3 0.2604761904761905 0.13642857142857143 0.04095238095238095 0.014285714285714285
3 0.25047619047619046 0.13071428571428573 0.03619047619047619 0.014285714285714285
3 0.2338095238095238 0.1275 0.03333333333333333 0.012142857142857143
3 0.22619047619047616 0.12678571428571428 0.039047619047619046 0.013571428571428571
3 0.21904761904761902 0.12428571428571429 0.03619047619047619 0.01
3 0.20047619047619045 0.11928571428571429 0.037142857142857144 0.012857142857142857
11 0.19904761904761903 0.11357142857142857 0.04761904761904761 0.015714285714285715
3 0.18285714285714286 0.11607142857142858 0.02857142857142857 0.010714285714285714
11 0.17761904761904762 0.11321428571428571 0.03333333333333333 0.009285714285714286
11 0.2623809523809524 0.1175 0.04285714285714286 0.013571428571428571
3 0.24238095238095236 0.11321428571428571 0.023809523809523805 0.009285714285714286
3 0.23714285714285716 0.11142857142857143 0.02095238095238095 0.007142857142857143
3 0.22190476190476188 0.10892857142857143 0.03428571428571429 0.010714285714285714
3 0.20809523809523808 0.10464285714285715 0.021904761904761903 0.009285714285714286
3 0.3485714285714286 0.11142857142857143 0.03428571428571429 0.012857142857142857
3 0.3376190476190476 0.10714285714285714 0.039047619047619046 0.012857142857142857
3 0.3280952380952381 0.10678571428571429 0.037142857142857144 0.010714285714285714
3 0.31666666666666665 0.10535714285714286 0.02952380952380952 0.009285714285714286
3 0.3028571428571429 0.10071428571428571 0.03619047619047619 0.011428571428571429
3 0.2833333333333333 0.09857142857142857 0.03333333333333333 0.014285714285714285
7 0.22095238095238093 0.1475 0.011428571428571429 0.013571428571428571
2 0.43 0.12464285714285714 0.0638095238095238 0.025
3 0.4052380952380952 0.11928571428571429 0.037142857142857144 0.014285714285714285
3 0.3019047619047619 0.17785714285714285 0.03619047619047619 0.018571428571428572
3 0.3142857142857143 0.16964285714285715 0.03428571428571429 0.012142857142857143
3 0.3295238095238095 0.16607142857142856 0.03619047619047619 0.010714285714285714
3 0.3338095238095238 0.1625 0.039047619047619046 0.010714285714285714
3 0.3357142857142857 0.15464285714285714 0.050476190476190466 0.012142857142857143
4 0.19095238095238093 0.065 0.07904761904761905 0.015714285714285715
4 0.29285714285714287 0.08071428571428571 0.09238095238095237 0.02857142857142857
3 0.34809523809523807 0.09214285714285714 0.025714285714285714 0.012857142857142857
3 0.3723809523809523 0.08928571428571429 0.022857142857142857 0.012857142857142857
3 0.3823809523809523 0.0975 0.025714285714285714 0.010714285714285714
3 0.3985714285714286 0.09428571428571429 0.021904761904761903 0.012857142857142857
11 0.418095238095238 0.0925 0.022857142857142857 0.012142857142857143
3 0.4357142857142857 0.09928571428571428 0.025714285714285714 0.011428571428571429
3 0.4352380952380952 0.10714285714285714 0.03238095238095238 0.014285714285714285
3 0.4928571428571429 0.11607142857142858 0.03142857142857143 0.012142857142857143
3 0.4961904761904762 0.10857142857142857 0.03238095238095238 0.014285714285714285
3 0.5295238095238095 0.10785714285714286 0.03428571428571429 0.012857142857142857
3 0.5376190476190476 0.12285714285714286 0.03142857142857143 0.015714285714285715
3 0.5638095238095238 0.12035714285714286 0.030476190476190476 0.013571428571428571
3 0.5876190476190476 0.11178571428571428 0.03238095238095238 0.010714285714285714
3 0.6085714285714285 0.13392857142857142 0.04 0.016428571428571428
2 0.6376190476190476 0.12392857142857143 0.07333333333333332 0.03357142857142857
3 0.6680952380952381 0.14285714285714285 0.035238095238095235 0.014285714285714285
3 0.6957142857142857 0.1357142857142857 0.027619047619047616 0.012857142857142857
2 0.7714285714285715 0.15107142857142858 0.10857142857142857 0.03785714285714286
3 0.8504761904761904 0.17857142857142858 0.043809523809523805 0.024285714285714285
3 0.8585714285714285 0.1575 0.04285714285714286 0.02214285714285714
3 0.8804761904761904 0.15178571428571427 0.039047619047619046 0.019285714285714285
3 0.9419047619047618 0.15535714285714286 0.05714285714285714 0.019285714285714285
3 0.9128571428571428 0.11071428571428571 0.04285714285714286 0.014285714285714285
3 0.9760714285714286 0.1138095238095238 0.047857142857142855 0.01619047619047619
4 0.3242857142857143 0.215 0.06 0.032857142857142856
4 0.3966666666666666 0.16357142857142856 0.06 0.018571428571428572
4 0.36523809523809525 0.18714285714285714 0.04095238095238095 0.014285714285714285
7 0.40714285714285714 0.15464285714285714 0.01238095238095238 0.016428571428571428
7 0.32571428571428573 0.1925 0.007619047619047619 0.013571428571428571