5 0.40352504638218917 0.06863256784968685 0.04081632653061224 0.016179540709812108
7 0.44851576994434134 0.07437369519832986 0.015769944341372914 0.021398747390396662
7 0.37152133580705005 0.09316283924843424 0.013914656771799629 0.01722338204592902
7 0.3784786641929499 0.09603340292275575 0.018552875695732836 0.020876826722338204
3 0.15677179962894247 0.09003131524008352 0.12430426716141 0.028705636743215034
7 0.3678107606679035 0.09968684759916495 0.017625231910946195 0.014613778705636744
7 0.3854359925788497 0.10177453027139875 0.017625231910946195 0.017745302713987474
7 0.4211502782931354 0.09812108559498957 0.01484230055658627 0.018789144050104387
7 0.4424860853432282 0.0983820459290188 0.01484230055658627 0.016179540709812108
7 0.45779220779220775 0.09916492693110648 0.017625231910946195 0.018789144050104387
7 0.43460111317254174 0.09733820459290188 0.017625231910946195 0.016179540709812108
7 0.5157699443413729 0.0983820459290188 0.016697588126159554 0.016179540709812108
3 0.536178107606679 0.09185803757828812 0.11131725417439703 0.03131524008350731
3 0.5732838589981447 0.07750521920668059 0.09647495361781076 0.027661795407098125
7 0.5913729128014842 0.05636743215031315 0.02133580705009276 0.020876826722338204
3 0.7810760667903525 0.06732776617954071 0.08719851576994433 0.02192066805845512
8 0.74443413729128 0.16675365344467644 0.02504638218923933 0.01931106471816284
7 0.7467532467532467 0.1967640918580376 0.02040816326530612 0.028183716075156576
8 0.7504638218923932 0.21111691022964513 0.03525046382189239 0.018267223382045932
8 0.7105751391465677 0.21216075156576203 0.025974025974025972 0.016179540709812108
8 0.6906307977736549 0.20328810020876828 0.02133580705009276 0.020354906054279753
7 0.7402597402597403 0.23773486430062635 0.022263450834879406 0.0255741127348643
7 0.7249536178107606 0.24921711899791235 0.02133580705009276 0.028705636743215034
7 0.7230983302411873 0.2580897703549061 0.02133580705009276 0.028705636743215034
8 0.7518552875695732 0.3063674321503132 0.03061224489795918 0.019832985386221295
8 0.7184601113172542 0.3001043841336117 0.026901669758812616 0.018789144050104387
8 0.7022263450834879 0.3081941544885178 0.025974025974025972 0.01931106471816284
7 0.5756029684601113 0.5036534446764093 0.0398886827458256 0.018789144050104387
7 0.5765306122448979 0.5127870563674323 0.03617810760667903 0.01931106471816284
0 0.641465677179963 0.5388830897703549 0.17346938775510204 0.0454070981210856
8 0.6804267161410018 0.5148747390396661 0.034322820037105746 0.03288100208768267
5 0.6869202226345084 0.5140918580375783 0.09183673469387754 0.0302713987473904
5 0.7096474953617811 0.4830375782881002 0.09276437847866419 0.03392484342379959
9 0.7973098330241186 0.5318371607515658 0.05844155844155843 0.059498956158663886
0 0.7091836734693877 0.4355427974947808 0.13821892393320964 0.05375782881002088
7 0.7207792207792207 0.41884133611691027 0.03896103896103896 0.03183716075156577
5 0.7843228200371056 0.41518789144050106 0.07699443413729128 0.027661795407098125
0 0.7230983302411873 0.3909185803757829 0.11595547309833022 0.048016701461377875
0 0.7351576994434137 0.35490605427974947 0.1326530612244898 0.04488517745302714
0 0.7504638218923932 0.32985386221294366 0.12430426716141 0.04384133611691024
0 0.8413729128014842 0.3457724425887265 0.051948051948051945 0.0652400835073069
7 0.8724489795918366 0.3470772442588727 0.023191094619666047 0.02505219206680585
7 0.8900742115027829 0.3447286012526096 0.03061224489795918 0.036012526096033406
8 0.87291280148423 0.37500000000000006 0.03710575139146567 0.038100208768267224
7 0.9109461966604823 0.37291231732776625 0.03153988868274583 0.03914405010438414
9 0.8900742115027829 0.3697807933194155 0.10111317254174397 0.04645093945720251
0 0.7662337662337662 0.2862734864300627 0.10946196660482374 0.044363256784968684
0 0.7843228200371056 0.25939457202505223 0.10296846011131726 0.03966597077244259
9 0.87430426716141 0.2831419624217119 0.04359925788497217 0.06106471816283925
7 0.8756957328385899 0.2873173277661796 0.03339517625231911 0.023486430062630483
5 0.8812615955473098 0.2630480167014614 0.05380333951762523 0.02609603340292276
7 0.8627087198515769 0.25287056367432154 0.025974025974025972 0.029749478079331943
9 0.7968460111317254 0.2319937369519833 0.0909090909090909 0.037056367432150315
9 0.8840445269016698 0.2205114822546973 0.03896103896103896 0.05167014613778706
9 0.9202226345083487 0.20146137787056367 0.04638218923933209 0.028183716075156576
9 0.8673469387755101 0.20093945720250525 0.04823747680890538 0.03131524008350731
8 0.8562152133580705 0.19545929018789146 0.022263450834879406 0.020354906054279753
8 0.8371985157699442 0.19258872651356995 0.02133580705009276 0.015657620041753657
8 0.8186456400742115 0.19232776617954073 0.02133580705009276 0.01931106471816284
1 0.796382189239332 0.21216075156576203 0.038033395176252316 0.01931106471816284
1 0.8047309833024118 0.20772442588726517 0.04359925788497217 0.017745302713987474
1 0.8288497217068644 0.20746346555323594 0.0398886827458256 0.020354906054279753
0 0.858534322820037 0.18110647181628395 0.08627087198515769 0.03444676409185804
0 0.8696660482374767 0.1701461377870564 0.08070500927643784 0.03340292275574113
5 0.910482374768089 0.16858037578288101 0.028756957328385898 0.02505219206680585
7 0.858534322820037 0.1552713987473904 0.015769944341372914 0.020354906054279753
5 0.8919294990723562 0.15396659707724428 0.04916512059369202 0.016701461377870565
5 0.8627087198515769 0.14979123173277664 0.04452690166975881 0.014613778705636744
0 0.8696660482374767 0.13804801670146138 0.062152133580705 0.026617954070981213
4 0.8705936920222634 0.12969728601252611 0.06957328385899814 0.02244258872651357
5 0.8557513914656771 0.11299582463465555 0.03617810760667903 0.016179540709812108
5 0.8993506493506493 0.11743215031315242 0.041743970315398886 0.015657620041753657
5 0.8905380333951762 0.10751565762004175 0.027829313543599257 0.015657620041753657
5 0.8803339517625232 0.10882045929018791 0.03153988868274583 0.01096033402922756
8 0.9025974025974025 0.11143006263048018 0.016697588126159554 0.01722338204592902
5 0.9063079777365491 0.10386221294363258 0.018552875695732836 0.016701461377870565
8 0.9081632653061225 0.10177453027139875 0.018552875695732836 0.018789144050104387
7 0.8835807050092764 0.09890396659707724 0.017625231910946195 0.021398747390396662
8 0.8562152133580705 0.09316283924843424 0.01484230055658627 0.01722338204592902
8 0.833951762523191 0.09159707724425888 0.016697588126159554 0.01931106471816284
8 0.8529684601113172 0.08350730688935282 0.012059369202226345 0.019832985386221295
8 0.8492578849721706 0.08115866388308977 0.013914656771799629 0.01931106471816284
1 0.8548237476808905 0.08716075156576202 0.04730983302411874 0.015657620041753657
8 0.9299628942486086 0.07724425887265136 0.013914656771799629 0.012526096033402925
7 0.9216141001855287 0.07306889352818373 0.013914656771799629 0.024008350730688938
8 0.9392393320964749 0.09681628392484344 0.017625231910946195 0.01722338204592902
0 0.9369202226345084 0.10099164926931108 0.02968460111317254 0.023486430062630483
0 0.9782003710575139 0.10621085594989563 0.03061224489795918 0.030793319415448855
7 0.8877551020408162 0.05741127348643007 0.01484230055658627 0.020876826722338204
7 0.9007421150278293 0.05454070981210857 0.016697588126159554 0.020354906054279753
8 0.8784786641929498 0.055584551148225476 0.01484230055658627 0.01304801670146138
8 0.8882189239332096 0.04331941544885178 0.013914656771799629 0.016701461377870565
5 0.8882189239332096 0.04618997912317328 0.017625231910946195 0.0151356993736952
8 0.9030612244897959 0.04775574112734864 0.012059369202226345 0.01722338204592902
8 0.9090909090909091 0.04097077244258873 0.01484230055658627 0.018267223382045932
5 0.9072356215213357 0.04358037578288101 0.018552875695732836 0.014091858037578288
7 0.9016697588126159 0.03444676409185804 0.01484230055658627 0.013569937369519834
8 0.8436920222634507 0.05245302713987474 0.012059369202226345 0.014091858037578288
5 0.8441558441558441 0.056106471816283934 0.03339517625231911 0.012004175365344469
4 0.846938775510204 0.04175365344467641 0.04267161410018552 0.020876826722338204
4 0.8010204081632653 0.04932150313152402 0.03061224489795918 0.01096033402922756
7 0.8130797773654915 0.022181628392484342 0.012059369202226345 0.01722338204592902
5 0.8566790352504637 0.016179540709812108 0.028756957328385898 0.010438413361169102
9 0.8956400742115027 0.02583507306889353 0.04730983302411874 0.020354906054279753
9 0.8756957328385899 0.023486430062630483 0.04452690166975881 0.019832985386221295
9 0.8942486085343228 0.022181628392484342 0.051948051948051945 0.021398747390396662
9 0.9007421150278293 0.016179540709812108 0.04823747680890538 0.019832985386221295
9 0.9050104384133612 0.008348794063079777 0.038100208768267224 0.016697588126159554
0 0.9981732776617954 0.0074211502782931356 0.0036534446764091857 0.014842300556586271
3 0.9039888682745825 0.4926931106471817 0.12152133580705009 0.13778705636743216
5 0.9939979123173278 0.5384972170686456 0.012004175365344467 0.04638218923933209
5 0.9968684759916493 0.04359925788497217 0.006263048016701462 0.01948051948051948
8 0.9989561586638831 0.04267161410018553 0.0020876826722338203 0.014842300556586271
8 0.9791280148423005 0.2927974947807933 0.034322820037105746 0.03444676409185804
5 0.9809833024118737 0.2977557411273487 0.028756957328385898 0.036012526096033406