10 0.4957142857142857 0.021904761904761906 0.02214285714285714 0.04380952380952381
10 0.45714285714285713 0.18285714285714286 0.05523809523809523 0.02
10 0.8676190476190475 0.5689285714285715 0.022857142857142857 0.062142857142857146
10 0.5661904761904761 0.5942857142857143 0.02 0.03428571428571429
3 0.8457142857142858 0.2775 0.011428571428571429 0.023571428571428573
2 0.748095238095238 0.2675 0.025714285714285714 0.060714285714285714
3 0.5295238095238095 0.5421428571428571 0.03428571428571429 0.011428571428571429
3 0.48857142857142855 0.30857142857142855 0.03238095238095238 0.011428571428571429
3 0.49476190476190474 0.3196428571428571 0.03142857142857143 0.013571428571428571
3 0.49476190476190474 0.33285714285714285 0.02952380952380952 0.011428571428571429
3 0.4952380952380952 0.3575 0.030476190476190476 0.012142857142857143
10 0.5542857142857143 0.3867857142857143 0.019047619047619046 0.05785714285714286
5 0.6833333333333333 0.023928571428571428 0.008571428571428572 0.013571428571428571
5 0.7028571428571428 0.048928571428571425 0.007619047619047619 0.012142857142857143
4 0.6276190476190476 0.30714285714285716 0.07047619047619047 0.19