1 0.42633333333333334 0.42575 0.015333333333333332 0.0245
1 0.3643333333333333 0.35075 0.028666666666666663 0.0145
1 0.3296666666666666 0.335 0.026 0.018
0 0.2776666666666666 0.37225 0.034 0.0305
3 0.1983333333333333 0.42725 0.058 0.0395
10 0.12666666666666665 0.2835 0.07733333333333332 0.072
3 0.14366666666666666 0.2405 0.03133333333333333 0.017
3 0.007 0.222 0.014 0.016
10 0.087 0.219 0.054 0.047
10 0.06566666666666665 0.1805 0.038 0.036
3 0.144 0.1765 0.042666666666666665 0.011
7 0.12766666666666665 0.1705 0.007333333333333333 0.011
7 0.06066666666666667 0.13325 0.005333333333333333 0.0075
10 0.05466666666666666 0.141 0.018666666666666665 0.011
10 0.024333333333333332 0.1365 0.015333333333333332 0.011
11 0.019666666666666666 0.12775 0.012666666666666666 0.0095
3 0.038 0.127 0.012 0.006
3 0.042666666666666665 0.12475 0.012 0.0065
3 0.036 0.119 0.010666666666666666 0.006
3 0.02333333333333333 0.12425 0.010666666666666666 0.0055
11 0.016666666666666663 0.12 0.010666666666666666 0.006
3 0.018 0.11675 0.010666666666666666 0.0045
3 0.012333333333333332 0.11375 0.01 0.0055
11 0.03233333333333333 0.11425 0.01 0.0075
3 0.028666666666666663 0.112 0.009333333333333332 0.005
10 0.029 0.108 0.011333333333333332 0.01
11 0.010333333333333332 0.1095 0.01 0.006
11 0.009333333333333332 0.10575 0.008 0.0045
3 0.022333333333333334 0.104 0.007333333333333333 0.005
10 0.022666666666666665 0.10025 0.009333333333333332 0.0085
10 0.007666666666666666 0.09975 0.014 0.0115
3 0.016 0.09625 0.008 0.0035
3 0.011333333333333332 0.09425 0.006666666666666666 0.0035
3 0.006666666666666666 0.09125 0.004 0.0035
3 0.010333333333333332 0.09 0.004666666666666666 0.003
10 0.25566666666666665 0.16275 0.05133333333333333 0.0145
11 0.348 0.1925 0.036 0.013
11 0.3406666666666666 0.1885 0.033333333333333326 0.015
3 0.3263333333333333 0.183 0.038 0.011
3 0.30066666666666664 0.1725 0.041333333333333326 0.01
3 0.30133333333333334 0.175 0.034666666666666665 0.01
11 0.405 0.1795 0.02333333333333333 0.012
10 0.4026666666666666 0.17 0.029333333333333333 0.014
3 0.461 0.17625 0.03533333333333333 0.0105
11 0.47 0.18325 0.025333333333333333 0.0145
11 0.47866666666666663 0.196 0.021333333333333333 0.014
3 0.491 0.21225 0.03533333333333333 0.0145
3 0.4086666666666666 0.21625 0.04666666666666666 0.0105
11 0.4006666666666666 0.21975 0.026666666666666665 0.0095
3 0.416 0.2235 0.04 0.011
5 0.5143333333333333 0.21225 0.011333333333333332 0.0105
11 0.49966666666666665 0.25325 0.05533333333333333 0.0205
3 0.5163333333333333 0.26475 0.054 0.0165
3 0.5486666666666666 0.27 0.057333333333333326 0.019
11 0.5646666666666667 0.27925 0.057333333333333326 0.0225
11 0.603 0.298 0.056666666666666664 0.025
5 0.6266666666666666 0.30375 0.025333333333333333 0.0205
3 0.6666666666666666 0.325 0.068 0.027
0 0.7383333333333333 0.3505 0.05 0.032
11 0.776 0.36875 0.084 0.0355
3 0.8093333333333332 0.38475 0.08666666666666666 0.0325
11 0.99975 0.48333333333333334 0.0005 0.04533333333333334
11 0.9596666666666667 0.32675 0.08066666666666665 0.0295
1 0.9693333333333333 0.305 0.012 0.016
5 0.9113333333333332 0.27675 0.02 0.0155
3 0.6933333333333332 0.2765 0.04533333333333333 0.019
8 0.566 0.233 0.008 0.007
3 0.4486666666666666 0.14125 0.028 0.0075
11 0.31666666666666665 0.146 0.028 0.01
9 0.3296666666666666 0.143 0.01 0.007
7 0.346 0.15525 0.004 0.0065
3 0.3846666666666666 0.139 0.012 0.008
11 0.36066666666666664 0.1355 0.012 0.008
10 0.36333333333333334 0.13025 0.016 0.0115
4 0.2636666666666666 0.124 0.094 0.032
2 0.3153333333333333 0.0645 0.028 0.008
2 0.38166666666666665 0.06475 0.026 0.0065
10 0.4103333333333333 0.0675 0.020666666666666663 0.005
2 0.22333333333333333 0.06375 0.030666666666666665 0.0085