3 0.9346446700507615 0.4828571428571429 0.03426395939086294 0.047142857142857146
10 0.9821428571428571 0.43083756345177665 0.03571428571428571 0.07233502538071065
3 0.9263959390862944 0.41678571428571426 0.03299492385786802 0.042142857142857135
3 0.7684010152284264 0.42642857142857143 0.03934010152284264 0.03571428571428571
3 0.9314720812182741 0.3510714285714286 0.03299492385786802 0.034999999999999996
2 0.9810714285714286 0.3013959390862944 0.03785714285714286 0.07868020304568528
3 0.9371827411167514 0.29714285714285715 0.026649746192893398 0.025714285714285714
3 0.8508883248730964 0.29678571428571426 0.02918781725888325 0.024999999999999998
2 0.8172588832487309 0.26107142857142857 0.03553299492385787 0.039285714285714285
3 0.9390862944162437 0.2446428571428571 0.02538071065989848 0.024999999999999998
3 0.9777918781725887 0.23214285714285712 0.021573604060913708 0.02142857142857143
3 0.9371827411167514 0.21357142857142855 0.024111675126903553 0.017142857142857144
3 0.8718274111675126 0.215 0.02284263959390863 0.017142857142857144
3 0.9790609137055838 0.20285714285714285 0.026649746192893398 0.024285714285714282
3 0.9397208121827412 0.19035714285714284 0.021573604060913708 0.017857142857142856
3 0.9758883248730964 0.18 0.02284263959390863 0.017142857142857144
3 0.9460659898477157 0.16357142857142856 0.024111675126903553 0.02142857142857143
3 0.9771573604060915 0.14607142857142857 0.02284263959390863 0.020714285714285713
10 0.9422588832487309 0.12928571428571428 0.024111675126903553 0.024285714285714282
3 0.8883248730964467 0.13642857142857143 0.015228426395939087 0.012857142857142857
3 0.8807106598984772 0.07285714285714286 0.017766497461928935 0.008571428571428572
3 0.8483502538071066 0.07428571428571429 0.01649746192893401 0.011428571428571429
3 0.8597715736040609 0.04964285714285714 0.019035532994923856 0.012142857142857141
3 0.8832487309644669 0.03892857142857143 0.017766497461928935 0.016428571428571428
3 0.9086294416243655 0.02964285714285714 0.01269035532994924 0.007857142857142858
3 0.8883248730964467 0.02142857142857143 0.01269035532994924 0.008571428571428572
3 0.8667512690355329 0.032857142857142856 0.015228426395939087 0.011428571428571429
10 0.9460659898477157 0.09 0.024111675126903553 0.02857142857142857
4 0.9803571428571428 0.0532994923857868 0.039285714285714285 0.0901015228426396
3 0.9467005076142133 0.06535714285714285 0.017766497461928935 0.010714285714285714
10 0.9467005076142133 0.04178571428571428 0.01269035532994924 0.013571428571428571
3 0.9067258883248732 0.04607142857142857 0.013959390862944163 0.009285714285714286
10 0.95 0.008248730964467006 0.016428571428571428 0.01649746192893401
3 0.9156091370558376 0.013571428571428571 0.011421319796954314 0.007142857142857143
3 0.8953045685279187 0.010357142857142856 0.011421319796954314 0.009285714285714286