3 0.980427974947808 0.3538961038961039 0.03914405010438413 0.03525046382189239
3 0.9601113172541744 0.33950939457202506 0.07235621521335805 0.03288100208768267
3 0.9016697588126159 0.31341336116910234 0.06679035250463822 0.03392484342379959
3 0.8641001855287569 0.3008872651356994 0.07142857142857142 0.030793319415448855
3 0.7741187384044527 0.25965553235908145 0.06029684601113172 0.026617954070981213
3 0.7560296846011132 0.24947807933194155 0.07235621521335805 0.027139874739039668
3 0.7040816326530612 0.22781837160751567 0.06307977736549165 0.026617954070981213
3 0.6544526901669758 0.20850730688935284 0.0640074211502783 0.023486430062630483
3 0.6066790352504637 0.13100208768267224 0.055658627087198514 0.017745302713987474
3 0.5533395176252319 0.14692066805845513 0.04730983302411874 0.01722338204592902
3 0.583951762523191 0.08350730688935282 0.04730983302411874 0.016701461377870565
3 0.5384972170686456 0.09316283924843424 0.0398886827458256 0.016179540709812108
3 0.48654916512059365 0.10751565762004175 0.05287569573283859 0.018789144050104387
3 0.4183673469387755 0.12134655532359082 0.05380333951762523 0.01931106471816284
1 0.4457328385899814 0.10647181628392485 0.006493506493506493 0.007306889352818372
8 0.4452690166975881 0.10307933194154491 0.0037105751391465673 0.006784968684759917
5 0.39053803339517623 0.09003131524008352 0.01484230055658627 0.007828810020876828
5 0.4007421150278293 0.08716075156576202 0.016697588126159554 0.007306889352818372
0 0.44897959183673464 0.0850730688935282 0.03339517625231911 0.012526096033402925
3 0.9174397031539888 0.044363256784968684 0.025974025974025972 0.013569937369519834
3 0.7838589981447124 0.012526096033402925 0.03525046382189239 0.013569937369519834
5 0.3831168831168831 0.12004175365344469 0.02968460111317254 0.011482254697286014
11 0.07235621521335805 0.20485386221294363 0.06307977736549165 0.024530271398747392
3 0.014874739039665972 0.2212430426716141 0.029749478079331943 0.02040816326530612
5 0.0797773654916512 0.18841336116910232 0.01484230055658627 0.009394572025052193
5 0.06447124304267161 0.18997912317327767 0.013914656771799629 0.011482254697286014
5 0.05148423005565863 0.19180584551148228 0.023191094619666047 0.01304801670146138
5 0.034322820037105746 0.1967640918580376 0.025974025974025972 0.013569937369519834
9 0.014352818371607515 0.2012987012987013 0.02870563674321503 0.013914656771799629
3 0.08487940630797773 0.27192066805845516 0.05102040816326531 0.024008350730688938
3 0.019572025052192066 0.2940630797773655 0.03914405010438413 0.022263450834879406
4 0.11595547309833022 0.5174843423799583 0.03710575139146567 0.08820459290187892