3 0.9986951983298539 0.08905380333951762 0.0026096033402922755 0.00927643784786642
11 0.9744897959183674 0.07620041753653445 0.013914656771799629 0.010438413361169102
3 0.9730983302411873 0.059498956158663886 0.012987012987012986 0.007306889352818372
3 0.9884044526901669 0.04149269311064718 0.013914656771799629 0.006784968684759917
3 0.9652133580705008 0.006002087682672234 0.008348794063079777 0.005741127348643007
8 0.7305194805194805 0.2382567849686848 0.008348794063079777 0.01096033402922756
8 0.7597402597402597 0.1876304801670146 0.0055658627087198514 0.005741127348643007
8 0.9406307977736549 0.20876826722338207 0.007421150278293135 0.009394572025052193
8 0.6113172541743971 0.3794363256784969 0.012987012987012986 0.012526096033402925
8 0.6544526901669758 0.3765657620041754 0.013914656771799629 0.01096033402922756
8 0.62152133580705 0.43606471816283926 0.01484230055658627 0.016179540709812108
8 0.5913729128014842 0.43919624217119 0.013914656771799629 0.016179540709812108
8 0.5677179962894249 0.43763048016701467 0.01484230055658627 0.016179540709812108
8 0.511595547309833 0.5151356993736952 0.01948051948051948 0.017745302713987474
8 0.5199443413729128 0.5117432150313153 0.01020408163265306 0.016179540709812108
8 0.7022263450834879 0.2713987473903967 0.009276437847866418 0.008350730688935283
8 0.8186456400742115 0.0908141962421712 0.004638218923933209 0.004175365344467641
8 0.8075139146567718 0.10203549060542799 0.004638218923933209 0.004697286012526097
8 0.87152133580705 0.05245302713987474 0.0027829313543599257 0.003653444676409186
8 0.8719851576994434 0.058977035490605435 0.0037105751391465673 0.0031315240083507312
8 0.8631725417439703 0.05819415448851775 0.0027829313543599257 0.003653444676409186
5 0.8167903525046382 0.09420668058455116 0.006493506493506493 0.004697286012526097
5 0.8079777365491652 0.1059498956158664 0.0055658627087198514 0.0062630480167014625
5 0.9406307977736549 0.21216075156576203 0.022263450834879406 0.009916492693110648
8 0.7462894248608535 0.23903966597077247 0.008348794063079777 0.008350730688935283
5 0.7597402597402597 0.1920668058455115 0.007421150278293135 0.007306889352818372
5 0.7305194805194805 0.24347599164926934 0.008348794063079777 0.007828810020876828
5 0.74582560296846 0.2437369519832986 0.009276437847866418 0.007306889352818372
9 0.7040816326530612 0.27400835073068897 0.018552875695732836 0.014613778705636744
5 0.6080705009276437 0.3862212943632568 0.012059369202226345 0.013569937369519834
5 0.6530612244897959 0.3828288100208769 0.01484230055658627 0.009916492693110648
5 0.564935064935065 0.44493736951983304 0.012987012987012986 0.0151356993736952
5 0.5876623376623377 0.44598121085594994 0.012059369202226345 0.016179540709812108
5 0.6201298701298701 0.44493736951983304 0.013914656771799629 0.0151356993736952
5 0.5088126159554731 0.5253131524008351 0.017625231910946195 0.018267223382045932