3 0.0675 0.6623809523809524 0.135 0.17333333333333334
3 0.1819047619047619 0.7007142857142857 0.1219047619047619 0.09714285714285714
3 0.43476190476190474 0.6196428571428572 0.12476190476190475 0.18928571428571428
5 0.02142857142857143 0.3871428571428571 0.04285714285714286 0.04857142857142857
5 0.022857142857142857 0.31857142857142856 0.0419047619047619 0.03428571428571429
3 0.17 0.4664285714285714 0.1457142857142857 0.13857142857142857
3 0.9771428571428571 0.5290476190476191 0.045714285714285714 0.1361904761904762
3 0.9333333333333332 0.4067857142857143 0.13333333333333333 0.10928571428571429
3 0.8947619047619046 0.3125 0.1 0.08928571428571429
3 0.73 0.31142857142857144 0.07523809523809523 0.07857142857142857
11 0.46238095238095234 0.4253571428571429 0.09619047619047619 0.12785714285714286
11 0.2480952380952381 0.3360714285714286 0.12666666666666665 0.12785714285714286
3 0.8547619047619046 0.24142857142857144 0.07904761904761905 0.05857142857142857
3 0.4828571428571429 0.31285714285714283 0.0819047619047619 0.09142857142857143
3 0.3395238095238095 0.36642857142857144 0.1 0.11142857142857143
11 0.9960714285714286 0.10095238095238095 0.007857142857142858 0.039047619047619046
11 0.859047619047619 0.039285714285714285 0.11428571428571428 0.04428571428571428
11 0.7228571428571429 0.04214285714285714 0.07238095238095238 0.03428571428571429
11 0.3871428571428571 0.04285714285714286 0.09809523809523808 0.03142857142857143
11 0.6190476190476191 0.15678571428571428 0.05714285714285714 0.06357142857142857
3 0.7566666666666666 0.1992857142857143 0.08095238095238094 0.054285714285714284
8 0.8028571428571428 0.22178571428571428 0.019047619047619046 0.03357142857142857
5 0.8038095238095238 0.22857142857142856 0.02857142857142857 0.03
7 0.8485714285714285 0.2032142857142857 0.017142857142857144 0.035
3 0.3661904761904762 0.2767857142857143 0.08285714285714285 0.07214285714285715
3 0.10619047619047618 0.255 0.18 0.06142857142857143
3 0.07952380952380952 0.2307142857142857 0.13047619047619047 0.05714285714285714
3 0.05904761904761904 0.2017857142857143 0.09142857142857143 0.052142857142857144
7 0.17857142857142858 0.19107142857142856 0.027619047619047616 0.035
7 0.21428571428571427 0.17857142857142858 0.02476190476190476 0.03857142857142857
7 0.24190476190476187 0.17607142857142857 0.022857142857142857 0.03642857142857143
7 0.2195238095238095 0.1692857142857143 0.023809523809523805 0.03571428571428571
7 0.5304761904761904 0.11642857142857142 0.011428571428571429 0.03
11 0.34238095238095234 0.165 0.11523809523809522 0.054285714285714284
3 0.30857142857142855 0.15321428571428572 0.11047619047619046 0.04642857142857143
3 0.27666666666666667 0.13714285714285715 0.11714285714285715 0.04285714285714286
3 0.23619047619047617 0.12392857142857143 0.11428571428571428 0.04071428571428572
3 0.047142857142857146 0.10178571428571428 0.06571428571428571 0.04928571428571429
3 0.032857142857142856 0.0825 0.039047619047619046 0.03357142857142857
3 0.10333333333333333 0.040357142857142855 0.10571428571428572 0.02642857142857143
3 0.2885714285714286 0.04214285714285714 0.0838095238095238 0.027142857142857142
3 0.5038095238095237 0.15428571428571428 0.06285714285714286 0.054285714285714284
3 0.5147619047619048 0.045 0.08285714285714285 0.027142857142857142
3 0.6238095238095237 0.04392857142857143 0.0819047619047619 0.027857142857142858
7 0.39809523809523806 0.07785714285714286 0.007619047619047619 0.022857142857142857
3 0.836190476190476 0.15142857142857144 0.06476190476190476 0.045714285714285714
3 0.9371428571428572 0.11142857142857143 0.0838095238095238 0.03428571428571429
3 0.9989285714285714 0.05142857142857143 0.002142857142857143 0.02857142857142857
5 0.10142857142857142 0.09892857142857144 0.01238095238095238 0.020714285714285713
3 0.14476190476190476 0.08714285714285715 0.10285714285714286 0.02857142857142857
3 0.025714285714285714 0.08047619047619048 0.05142857142857143 0.03238095238095238
7 0.004642857142857143 0.09619047619047619 0.009285714285714286 0.01619047619047619