10 0.547 0.56375 0.09933333333333333 0.1915
7 0.618 0.5355 0.010666666666666666 0.02
7 0.619 0.51625 0.016666666666666663 0.0295
3 0.908 0.52275 0.10133333333333333 0.0875
7 0.8513333333333333 0.5035 0.017333333333333333 0.034
7 0.849 0.39475 0.018 0.0305
7 0.684 0.4255 0.016 0.026
7 0.677 0.41525 0.018 0.0255
8 0.793 0.40025 0.007333333333333333 0.0135
7 0.7876666666666666 0.39225 0.011333333333333332 0.0185
7 0.787 0.38425 0.011333333333333332 0.0245
7 0.6916666666666667 0.38 0.011333333333333332 0.028
10 0.8273333333333333 0.354 0.07066666666666666 0.047
11 0.7793333333333332 0.32925 0.04666666666666666 0.0415
10 0.6556666666666666 0.41375 0.066 0.0815
9 0.6453333333333332 0.35225 0.044 0.0465
8 0.671 0.35 0.006 0.01
7 0.67 0.34125 0.008 0.0245
7 0.675 0.33475 0.01 0.0245
7 0.69 0.32925 0.010666666666666666 0.0245
8 0.683 0.33025 0.008666666666666666 0.0165
1 0.683 0.3355 0.008666666666666666 0.015
3 0.6966666666666667 0.298 0.03866666666666666 0.031
7 0.6216666666666666 0.2925 0.007333333333333333 0.021
7 0.645 0.294 0.007333333333333333 0.022
8 0.6416666666666666 0.29325 0.011333333333333332 0.0115
7 0.747 0.26825 0.011333333333333332 0.0205
10 0.7216666666666667 0.2565 0.038 0.031
7 0.6976666666666667 0.255 0.011333333333333332 0.019
3 0.6693333333333332 0.25975 0.034666666666666665 0.0285
11 0.58 0.2645 0.07733333333333332 0.03
10 0.589 0.22375 0.06066666666666667 0.0215
3 0.5576666666666666 0.2075 0.026 0.021
7 0.6886666666666666 0.2205 0.006666666666666666 0.016
7 0.687 0.216 0.01 0.016
3 0.6616666666666666 0.191 0.02333333333333333 0.017
3 0.6333333333333333 0.179 0.018666666666666665 0.015
3 0.6586666666666666 0.1735 0.02 0.013
3 0.602 0.1875 0.02 0.016
1 0.6223333333333333 0.19675 0.006 0.0105
8 0.6223333333333333 0.1935 0.007333333333333333 0.012
7 0.613 0.18175 0.007333333333333333 0.0135
7 0.5553333333333332 0.181 0.008 0.014
7 0.5473333333333332 0.1805 0.006666666666666666 0.014
7 0.546 0.19675 0.006666666666666666 0.0125
7 0.649 0.1555 0.007333333333333333 0.012
7 0.6546666666666666 0.1565 0.005333333333333333 0.012
11 0.5586666666666666 0.15175 0.014666666666666666 0.0155
11 0.555 0.14175 0.012666666666666666 0.0145
11 0.5486666666666666 0.12725 0.024 0.0105
11 0.5623333333333332 0.1315 0.011333333333333332 0.011
11 0.538 0.12375 0.022666666666666665 0.0095
3 0.5216666666666666 0.12 0.026 0.008
3 0.498 0.12475 0.026666666666666665 0.0075
3 0.5916666666666667 0.11775 0.018 0.0105
7 0.6353333333333333 0.13075 0.004 0.0095
7 0.6006666666666667 0.14425 0.005333333333333333 0.0095
5 0.605 0.1445 0.006 0.007
8 0.6046666666666666 0.142 0.004 0.008
7 0.5956666666666667 0.147 0.004666666666666666 0.01
4 0.5993333333333333 0.085 0.049333333333333326 0.047
7 0.6213333333333333 0.1135 0.004 0.009
7 0.6233333333333333 0.116 0.0026666666666666666 0.004