3 0.43714285714285717 0.59 0.08571428571428572 0.10428571428571429
3 0.3938095238095238 0.485 0.07523809523809523 0.08285714285714285
3 0.37 0.395 0.07142857142857142 0.08285714285714285
3 0.33190476190476187 0.315 0.06571428571428571 0.06714285714285714
3 0.3052380952380952 0.21607142857142858 0.04666666666666666 0.047857142857142855
3 0.27190476190476187 0.12535714285714286 0.04285714285714286 0.039285714285714285
3 0.37285714285714283 0.11357142857142857 0.04285714285714286 0.041428571428571426
3 0.5433333333333333 0.22214285714285714 0.054285714285714284 0.047142857142857146
3 0.9653571428571428 0.23238095238095238 0.06928571428571428 0.04285714285714286
3 0.8933333333333332 0.18571428571428572 0.07809523809523809 0.041428571428571426
3 0.8347619047619047 0.14642857142857144 0.05809523809523809 0.032857142857142856
3 0.7128571428571429 0.0725 0.04857142857142857 0.025
3 0.6728571428571428 0.07142857142857142 0.04285714285714286 0.025714285714285714
3 0.6214285714285714 0.0475 0.054285714285714284 0.023571428571428573
3 0.7685714285714286 0.07428571428571429 0.04761904761904761 0.03428571428571429
3 0.8376190476190475 0.06892857142857142 0.02952380952380952 0.02642857142857143
3 0.8847619047619046 0.08214285714285714 0.03809523809523809 0.03142857142857143
3 0.6938095238095238 0.6589285714285714 0.16857142857142857 0.11785714285714285
3 0.5723809523809523 0.45285714285714285 0.1295238095238095 0.06857142857142857
3 0.5023809523809524 0.3339285714285714 0.10761904761904761 0.056428571428571425
3 0.4642857142857143 0.2857142857142857 0.09238095238095237 0.054285714285714284
3 0.7595238095238095 0.5567857142857143 0.10571428571428572 0.10928571428571429
3 0.6657142857142857 0.4421428571428571 0.09714285714285714 0.09
3 0.6019047619047618 0.3560714285714286 0.0838095238095238 0.06785714285714285
3 0.5176190476190476 0.2525 0.056190476190476187 0.04928571428571429
3 0.8695238095238095 0.6867857142857143 0.13714285714285715 0.12357142857142857
3 0.40964285714285714 0.010476190476190476 0.03214285714285714 0.02095238095238095
11 0.41285714285714287 0.19392857142857142 0.04857142857142857 0.062142857142857146
11 0.43714285714285717 0.2357142857142857 0.0819047619047619 0.04428571428571428
11 0.47619047619047616 0.19535714285714287 0.05523809523809523 0.05785714285714286
11 0.559047619047619 0.29 0.06476190476190476 0.06285714285714286
3 0.4857142857142857 0.7132142857142857 0.10666666666666666 0.07214285714285715
10 0.11809523809523809 0.28535714285714286 0.0819047619047619 0.09642857142857143
10 0.6461904761904762 0.027857142857142858 0.04857142857142857 0.03142857142857143
11 0.6147619047619047 0.015357142857142857 0.04857142857142857 0.02214285714285714
3 0.6109523809523809 0.031071428571428573 0.04095238095238095 0.02214285714285714
3 0.6785714285714286 0.05142857142857143 0.04095238095238095 0.022857142857142857
3 0.7961904761904761 0.07 0.04 0.032857142857142856
3 0.8709523809523809 0.13392857142857142 0.056190476190476187 0.03642857142857143
3 0.9123809523809523 0.12785714285714286 0.06095238095238095 0.037142857142857144
3 0.9504761904761904 0.16 0.0838095238095238 0.037142857142857144
3 0.9771428571428571 0.19666666666666666 0.045714285714285714 0.035238095238095235
3 0.9975 0.11238095238095239 0.005 0.029523809523809525
3 0.9853571428571428 0.10095238095238095 0.029285714285714286 0.03142857142857143
3 0.9717857142857143 0.08952380952380952 0.056428571428571425 0.02666666666666667
11 0.748095238095238 0.1367857142857143 0.052380952380952375 0.03785714285714286
3 0.42 0.10142857142857142 0.03809523809523809 0.04
3 0.39523809523809517 0.08285714285714285 0.03428571428571429 0.03142857142857143
3 0.3761904761904762 0.05928571428571429 0.03619047619047619 0.03
3 0.36428571428571427 0.039285714285714285 0.03333333333333333 0.025714285714285714
3 0.3557142857142857 0.019642857142857142 0.03333333333333333 0.029285714285714286
3 0.35047619047619044 0.09035714285714286 0.045714285714285714 0.030714285714285715
3 0.3352380952380952 0.07428571428571429 0.04952380952380952 0.024285714285714285
3 0.3161904761904762 0.05785714285714286 0.03619047619047619 0.02857142857142857
3 0.30142857142857143 0.023928571428571428 0.03333333333333333 0.023571428571428573
3 0.25476190476190474 0.09964285714285714 0.04095238095238095 0.03357142857142857
3 0.2538095238095238 0.07535714285714286 0.039047619047619046 0.03642857142857143
3 0.24285714285714285 0.056428571428571425 0.03619047619047619 0.024285714285714285
3 0.239047619047619 0.04107142857142857 0.03428571428571429 0.029285714285714286
11 0.22714285714285715 0.018214285714285714 0.037142857142857144 0.03214285714285714
7 0.16190476190476188 0.19714285714285715 0.02476190476190476 0.02857142857142857
8 0.12047619047619047 0.21571428571428572 0.023809523809523805 0.024285714285714285
8 0.1442857142857143 0.21107142857142858 0.018095238095238095 0.017857142857142856
8 0.4433333333333333 0.07714285714285714 0.01238095238095238 0.014285714285714285
1 0.44571428571428573 0.08428571428571428 0.011428571428571429 0.018571428571428572
5 0.1652380952380952 0.14535714285714285 0.021904761904761903 0.025
5 0.15380952380952378 0.11964285714285715 0.025714285714285714 0.02214285714285714
5 0.18047619047619046 0.09571428571428571 0.02 0.02
5 0.07 0.0925 0.023809523809523805 0.020714285714285713
5 0.20809523809523808 0.10714285714285714 0.018095238095238095 0.02142857142857143
1 0.20476190476190473 0.15071428571428572 0.02857142857142857 0.014285714285714285