4 0.99525 0.044333333333333336 0.0095 0.03866666666666667
3 0.99675 0.06866666666666667 0.0065 0.006
3 0.993 0.0735 0.008666666666666666 0.007
3 0.9843333333333333 0.07175 0.007333333333333333 0.0055
3 0.9853333333333333 0.07675 0.009333333333333332 0.0055
3 0.9766666666666667 0.091 0.009333333333333332 0.007
1 0.287 0.4345 0.03533333333333333 0.018
1 0.29533333333333334 0.3865 0.024 0.013
1 0.352 0.378 0.03733333333333333 0.015
5 0.442 0.3375 0.014666666666666666 0.02
3 0.516 0.24125 0.05333333333333333 0.0215
3 0.585 0.249 0.048666666666666664 0.02
3 0.6103333333333333 0.23375 0.056666666666666664 0.0215
3 0.5633333333333332 0.3125 0.056 0.039
5 0.629 0.20025 0.01 0.0115
8 0.6253333333333333 0.19975 0.006666666666666666 0.0075
8 0.628 0.1965 0.008 0.01
4 0.633 0.217 0.03 0.013
4 0.66 0.1985 0.016 0.013
1 0.65 0.22525 0.017333333333333333 0.0115
5 0.664 0.22175 0.009333333333333332 0.0155
5 0.6533333333333332 0.2185 0.009333333333333332 0.009
1 0.703 0.203 0.01933333333333333 0.01
1 0.686 0.201 0.014666666666666666 0.013
5 0.6783333333333332 0.18525 0.016666666666666663 0.0095
1 0.6746666666666666 0.1885 0.013333333333333332 0.009
1 0.6716666666666666 0.19425 0.008666666666666666 0.0105
1 0.6876666666666666 0.1745 0.007333333333333333 0.009
9 0.7016666666666667 0.179 0.012666666666666666 0.012
3 0.703 0.16125 0.03266666666666666 0.0115
3 0.7306666666666666 0.1515 0.029333333333333333 0.013
10 0.782 0.1525 0.049333333333333326 0.017
7 0.7506666666666666 0.165 0.004 0.011
7 0.7626666666666666 0.16925 0.005333333333333333 0.0125
7 0.7676666666666666 0.17475 0.004666666666666666 0.0125
7 0.7356666666666666 0.2185 0.006 0.015
11 0.9356666666666666 0.0745 0.01933333333333333 0.009
7 0.973 0.081 0.003333333333333333 0.006
7 0.976 0.08125 0.0026666666666666666 0.0065
8 0.9643333333333333 0.10125 0.004666666666666666 0.0065
1 0.9643333333333333 0.10325 0.003333333333333333 0.0045
7 0.9483333333333333 0.11475 0.003333333333333333 0.0075
7 0.9453333333333332 0.115 0.0026666666666666666 0.006
0 0.948 0.0975 0.012 0.007
3 0.947 0.10775 0.01 0.0085
11 0.939 0.1125 0.011333333333333332 0.01
11 0.9426666666666667 0.10925 0.012 0.0105
8 0.9676666666666667 0.1135 0.004666666666666666 0.007
5 0.9676666666666667 0.115 0.004666666666666666 0.006
8 0.9633333333333333 0.11725 0.004 0.0065
1 0.9633333333333333 0.1195 0.004 0.006
7 0.931 0.13 0.006 0.011
7 0.9253333333333332 0.13 0.005333333333333333 0.01
8 0.9023333333333332 0.133 0.006 0.006
5 0.9386666666666666 0.13 0.005333333333333333 0.006
8 0.939 0.12775 0.004666666666666666 0.0065
8 0.9336666666666666 0.1405 0.006 0.008
1 0.9333333333333332 0.14275 0.006666666666666666 0.0075
7 0.9103333333333332 0.1455 0.004666666666666666 0.009
3 0.93 0.15475 0.02 0.0115
11 0.961 0.1935 0.03266666666666666 0.019
11 0.9626666666666667 0.21 0.029333333333333333 0.021
11 0.84 0.2035 0.024 0.02
11 0.8043333333333332 0.21125 0.03 0.0185
10 0.8213333333333332 0.22475 0.03866666666666666 0.0245
10 0.8543333333333333 0.19225 0.02733333333333333 0.0195
8 0.9036666666666666 0.16775 0.008666666666666666 0.0105
5 0.904 0.1715 0.008 0.009
8 0.89 0.18075 0.006666666666666666 0.0135
1 0.89 0.18275 0.006666666666666666 0.0095
7 0.8916666666666666 0.17175 0.004666666666666666 0.0105
5 0.879 0.1805 0.01 0.009
7 0.8863333333333333 0.1715 0.006 0.011
7 0.888 0.16825 0.005333333333333333 0.0125
7 0.883 0.168 0.007333333333333333 0.012
7 0.882 0.1665 0.005333333333333333 0.011
8 0.878 0.16925 0.006666666666666666 0.0085
7 0.9203333333333332 0.18575 0.007333333333333333 0.0115
7 0.921 0.182 0.007333333333333333 0.01
8 0.901 0.18925 0.007333333333333333 0.0115
8 0.9026666666666666 0.1975 0.008 0.011
8 0.8876666666666666 0.20875 0.007333333333333333 0.0105
1 0.9013333333333332 0.1925 0.006666666666666666 0.011
1 0.9026666666666666 0.2005 0.008 0.009
1 0.8886666666666666 0.2115 0.008 0.011
7 0.865 0.191 0.006 0.015
7 0.8666666666666666 0.198 0.005333333333333333 0.01
7 0.8523333333333333 0.20675 0.008666666666666666 0.0145
7 0.86 0.20925 0.008 0.0155
8 0.8463333333333333 0.217 0.007333333333333333 0.012
8 0.841 0.22025 0.007333333333333333 0.0145
8 0.8366666666666667 0.22825 0.008 0.0195
8 0.8316666666666667 0.217 0.008666666666666666 0.009
7 0.8123333333333332 0.2315 0.008666666666666666 0.017
8 0.8433333333333333 0.24525 0.010666666666666666 0.0135
7 0.8046666666666666 0.24325 0.006666666666666666 0.0145
7 0.8203333333333332 0.24875 0.006 0.0115
7 0.814 0.246 0.005333333333333333 0.01
7 0.7906666666666666 0.2535 0.010666666666666666 0.018
7 0.762 0.25925 0.008 0.0195
8 0.769 0.251 0.01 0.013
8 0.7856666666666666 0.24125 0.011333333333333332 0.0095
5 0.804 0.2575 0.017333333333333333 0.012
9 0.7726666666666666 0.262 0.016 0.018
7 0.9346666666666666 0.3 0.013333333333333332 0.018
7 0.8336666666666667 0.30025 0.011333333333333332 0.0225
7 0.7923333333333332 0.29675 0.01 0.0195
7 0.7193333333333333 0.29575 0.016 0.0185
8 0.7203333333333333 0.3075 0.01 0.012
8 0.935 0.331 0.012666666666666666 0.015
7 0.9303333333333332 0.32925 0.012666666666666666 0.0215
11 0.8983333333333332 0.35725 0.046 0.0515
7 0.711 0.369 0.011333333333333332 0.027
7 0.6536666666666666 0.37475 0.012666666666666666 0.0195
7 0.794 0.3865 0.012 0.023
5 0.7323333333333333 0.37725 0.018 0.0295
8 0.7316666666666666 0.37375 0.015333333333333332 0.0215
7 0.7036666666666667 0.396 0.015333333333333332 0.026
7 0.6843333333333332 0.3875 0.015333333333333332 0.023
7 0.6936666666666667 0.37375 0.006 0.0175
7 0.682 0.372 0.013333333333333332 0.02
7 0.696 0.42125 0.008 0.0175
7 0.6846666666666666 0.423 0.016 0.018
7 0.6703333333333332 0.42625 0.01933333333333333 0.0245
8 0.6613333333333332 0.44075 0.012 0.0145
7 0.703 0.444 0.02333333333333333 0.026
7 0.6186666666666666 0.40525 0.017333333333333333 0.0245
7 0.646 0.40775 0.010666666666666666 0.0245
7 0.656 0.4045 0.006666666666666666 0.012
7 0.6636666666666666 0.39375 0.01 0.0235
8 0.651 0.40875 0.011333333333333332 0.0115
1 0.6806666666666666 0.3885 0.021333333333333333 0.018
1 0.6533333333333332 0.4255 0.028 0.02
8 0.63 0.424 0.017333333333333333 0.012
8 0.6226666666666666 0.432 0.021333333333333333 0.019
1 0.7066666666666667 0.4495 0.030666666666666665 0.025
5 0.744 0.4055 0.014666666666666666 0.023
8 0.743 0.3985 0.014 0.016
7 0.787 0.38025 0.011333333333333332 0.0255
1 0.8906666666666666 0.41025 0.034666666666666665 0.0225
10 0.8603333333333333 0.457 0.05266666666666667 0.057
10 0.5033333333333333 0.4475 0.13066666666666665 0.085
5 0.4566666666666666 0.51175 0.044 0.0185
7 0.685 0.475 0.015333333333333332 0.028
7 0.5793333333333333 0.49025 0.02 0.0305
7 0.5943333333333333 0.47725 0.015333333333333332 0.0255
7 0.605 0.48225 0.01 0.0165
7 0.5996666666666667 0.49625 0.016666666666666663 0.0225
7 0.6046666666666666 0.52 0.02 0.034
8 0.6733333333333332 0.50375 0.021333333333333333 0.0215
8 0.634 0.52925 0.02 0.0265
1 0.6716666666666666 0.513 0.022 0.034
1 0.6346666666666666 0.5335 0.018666666666666665 0.036
10 0.799 0.5735 0.12866666666666665 0.1
5 0.5986666666666667 0.5915 0.028 0.042
8 0.599 0.58625 0.024666666666666663 0.0245
5 0.482 0.62725 0.04666666666666666 0.0385
7 0.47833333333333333 0.6165 0.028666666666666663 0.035
7 0.6133333333333333 0.629 0.025333333333333333 0.039
7 0.42166666666666663 0.61275 0.026 0.0295
7 0.682 0.66325 0.017333333333333333 0.0355
7 0.448 0.6705 0.018666666666666665 0.035
7 0.436 0.65925 0.02 0.0385
7 0.393 0.688 0.03 0.037
8 0.36666666666666664 0.7285 0.032 0.041
5 0.37066666666666664 0.72725 0.06133333333333333 0.0445
10 0.35866666666666663 0.67975 0.17733333333333332 0.1355