3 0.3252380952380952 0.7392857142857143 0.0638095238095238 0.02
3 0.8704761904761904 0.68 0.05142857142857143 0.018571428571428572
3 0.8352380952380952 0.6271428571428571 0.0419047619047619 0.014285714285714285
3 0.889047619047619 0.6196428571428572 0.04095238095238095 0.013571428571428571
3 0.8633333333333332 0.61 0.039047619047619046 0.012857142857142857
3 0.628095238095238 0.6 0.039047619047619046 0.012857142857142857
3 0.43 0.6139285714285714 0.039047619047619046 0.016428571428571428
3 0.4752380952380952 0.5521428571428572 0.019047619047619046 0.012857142857142857
3 0.5004761904761904 0.5489285714285714 0.01619047619047619 0.013571428571428571
3 0.5538095238095238 0.4325 0.010476190476190476 0.005
3 0.55 0.4317857142857143 0.01238095238095238 0.005
4 0.559047619047619 0.4232142857142857 0.10666666666666666 0.012142857142857143
3 0.9723809523809523 0.4442857142857143 0.011428571428571429 0.004285714285714286
3 0.9814285714285714 0.44357142857142856 0.01238095238095238 0.005714285714285714
2 0.9866666666666666 0.44142857142857145 0.017142857142857144 0.007142857142857143
4 0.9553571428571429 0.42952380952380953 0.08928571428571429 0.015238095238095238