3 0.5161904761904762 0.3225 0.030476190476190476 0.013571428571428571
3 0.5942857142857143 0.3217857142857143 0.03619047619047619 0.012142857142857143
3 0.598095238095238 0.35 0.03619047619047619 0.014285714285714285
3 0.5257142857142857 0.35464285714285715 0.03428571428571429 0.012142857142857143
3 0.5223809523809523 0.3939285714285714 0.03142857142857143 0.013571428571428571
3 0.599047619047619 0.39107142857142857 0.0419047619047619 0.016428571428571428
3 0.5252380952380952 0.4328571428571429 0.04095238095238095 0.015714285714285715
3 0.5252380952380952 0.4642857142857143 0.037142857142857144 0.014285714285714285
3 0.5252380952380952 0.48964285714285716 0.04285714285714286 0.013571428571428571
3 0.6076190476190476 0.48392857142857143 0.04 0.015
3 0.5323809523809523 0.545 0.03619047619047619 0.015714285714285715
11 0.5395238095238095 0.6435714285714286 0.03333333333333333 0.015714285714285715
3 0.09047619047619047 0.6282142857142857 0.04761904761904761 0.017857142857142856
3 0.9842857142857143 0.21107142857142858 0.018095238095238095 0.027857142857142858
5 0.9982142857142857 0.05380952380952381 0.0035714285714285713 0.011428571428571429
7 1 0.06904761904761905 0 0.006666666666666667