11 0.9957142857142857 0.23730964467005075 0.008571428571428572 0.046954314720812185
11 0.9757142857142858 0.20050761421319796 0.04857142857142857 0.04187817258883249
11 0.9486040609137056 0.1657142857142857 0.044416243654822336 0.03428571428571429
11 0.9276649746192894 0.13999999999999999 0.04568527918781726 0.03857142857142857
11 0.9029187817258884 0.11642857142857142 0.03680203045685279 0.03142857142857143
3 0.799492385786802 0.042142857142857135 0.03807106598984771 0.02
3 0.875 0.1332142857142857 0.03934010152284264 0.029285714285714286
7 0.8832487309644669 0.48857142857142855 0.02030456852791878 0.018571428571428572
7 0.8807106598984772 0.5432142857142856 0.027918781725888325 0.02214285714285714
7 0.9479695431472082 0.08928571428571429 0.007614213197969543 0.014285714285714285
7 0.9422588832487309 0.08892857142857143 0.008883248730964468 0.016428571428571428
7 0.958756345177665 0.07285714285714286 0.008883248730964468 0.014285714285714285
3 0.8889593908629442 0.09857142857142857 0.026649746192893398 0.02
11 0.7742857142857142 0.007614213197969543 0.025714285714285714 0.015228426395939087
7 0.6916243654822335 0.04821428571428571 0.01015228426395939 0.010714285714285714
4 0.8597715736040609 0.0642857142857143 0.06979695431472081 0.05714285714285714
7 0.8470812182741116 0.02964285714285714 0.01649746192893401 0.012142857142857141
3 0.8261421319796954 0.03357142857142857 0.030456852791878174 0.017142857142857144