3 0.2886666666666666 0.61475 0.07066666666666666 0.0565
10 0.2823333333333333 0.45525 0.14466666666666667 0.1195
10 0.366 0.6085 0.12266666666666666 0.131
3 0.429 0.33675 0.024666666666666663 0.0145
3 0.454 0.319 0.018666666666666665 0.013
11 0.42533333333333334 0.29825 0.026666666666666665 0.0105
3 0.5156666666666666 0.36025 0.018 0.0155
10 0.5473333333333332 0.2525 0.009333333333333332 0.007
3 0.5363333333333332 0.23775 0.006 0.0045
3 0.508 0.22225 0.009333333333333332 0.0025
3 0.52 0.224 0.010666666666666666 0.003
11 0.5283333333333332 0.22175 0.008666666666666666 0.0025
11 0.4606666666666666 0.22075 0.005333333333333333 0.0045
11 0.4533333333333333 0.221 0.005333333333333333 0.004
3 0.44566666666666666 0.221 0.006 0.004
11 0.4373333333333333 0.22275 0.009333333333333332 0.0035
10 0.18966666666666665 0.31925 0.04733333333333333 0.0165
3 0.593 0.22375 0.014 0.0035
3 0.955 0.7356666666666667 0.09 0.028
3 0.9316666666666666 0.65425 0.12333333333333332 0.0515
3 0.861 0.56175 0.102 0.0355
3 0.98475 0.49233333333333335 0.0305 0.027333333333333334
3 0.8096666666666666 0.47975 0.07666666666666666 0.0245
11 0.9436666666666667 0.43575 0.074 0.0245
3 0.787 0.43875 0.07133333333333333 0.0215
7 0.9536666666666667 0.402 0.007333333333333333 0.015
7 0.9703333333333333 0.404 0.006 0.013
3 0.8616666666666666 0.3655 0.05 0.015
3 0.8403333333333333 0.34725 0.046 0.0135
3 0.8186666666666667 0.3325 0.041333333333333326 0.012
3 0.8033333333333332 0.3165 0.03733333333333333 0.01
3 0.8006666666666666 0.31225 0.03733333333333333 0.0085
3 0.7956666666666666 0.309 0.03133333333333333 0.008
3 0.7886666666666666 0.30475 0.03733333333333333 0.0095
3 0.705 0.30925 0.026 0.0115
3 0.7313333333333333 0.28475 0.026666666666666665 0.0095
3 0.781 0.2785 0.01933333333333333 0.009
3 0.831 0.28325 0.024666666666666663 0.0075
3 0.755 0.283 0.026 0.007
3 0.7486666666666666 0.27775 0.026666666666666665 0.0075
3 0.7496666666666666 0.2755 0.022 0.006
3 0.7376666666666666 0.27125 0.028666666666666663 0.0065
3 0.7346666666666666 0.26825 0.021333333333333333 0.0055
3 0.7263333333333333 0.263 0.020666666666666663 0.007
3 0.702 0.2675 0.014666666666666666 0.007
3 0.7143333333333333 0.2595 0.022 0.006
3 0.7103333333333333 0.25625 0.016666666666666663 0.0045
3 0.7063333333333333 0.2555 0.018 0.005
11 0.686 0.27725 0.017333333333333333 0.0145
11 0.678 0.2695 0.02 0.009
3 0.664 0.259 0.024 0.007
3 0.6456666666666666 0.24975 0.01933333333333333 0.0045
3 0.6243333333333333 0.23875 0.01933333333333333 0.0055
3 0.617 0.2355 0.018 0.004
3 0.6593333333333332 0.236 0.014666666666666666 0.004
3 0.6743333333333332 0.242 0.012666666666666666 0.004
3 0.6743333333333332 0.24075 0.015333333333333332 0.0035
3 0.6566666666666666 0.235 0.017333333333333333 0.004
11 0.6973333333333332 0.24025 0.014666666666666666 0.0065
11 0.6586666666666666 0.234 0.013333333333333332 0.005
10 0.4656666666666666 0.46775 0.066 0.0475