5 0.44571428571428573 0.7310714285714286 0.03619047619047619 0.03642857142857143
8 0.4442857142857143 0.7342857142857143 0.03142857142857143 0.017142857142857144
11 0.12095238095238094 0.6992857142857143 0.1657142857142857 0.06285714285714286
3 0.11476190476190476 0.635 0.17809523809523808 0.06142857142857143
3 0.209047619047619 0.5125 0.15523809523809523 0.05928571428571429
11 0.46285714285714286 0.4767857142857143 0.08571428571428572 0.09928571428571428
3 0.5066666666666666 0.3967857142857143 0.07047619047619047 0.08357142857142857
11 0.36714285714285716 0.2642857142857143 0.13047619047619047 0.05
7 0.44190476190476186 0.2892857142857143 0.019047619047619046 0.022857142857142857
7 0.28095238095238095 0.3975 0.02476190476190476 0.02642857142857143
5 0.239047619047619 0.38357142857142856 0.04 0.02
5 0.24285714285714285 0.39535714285714285 0.030476190476190476 0.013571428571428571
5 0.5723809523809523 0.30964285714285716 0.015238095238095238 0.02642857142857143
3 0.5419047619047619 0.30392857142857144 0.06476190476190476 0.07214285714285715
3 0.5647619047619047 0.23964285714285713 0.05904761904761904 0.06928571428571428
3 0.5909523809523809 0.185 0.052380952380952375 0.05714285714285714
7 0.549047619047619 0.05107142857142857 0.014285714285714285 0.023571428571428573
3 0.6338095238095237 0.085 0.039047619047619046 0.041428571428571426
3 0.8957142857142857 0.31285714285714283 0.052380952380952375 0.07
3 0.8938095238095237 0.24071428571428571 0.04476190476190476 0.06
3 0.6528571428571428 0.05107142857142857 0.039047619047619046 0.045
3 0.47952380952380946 0.1 0.09619047619047619 0.03857142857142857
3 0.5328571428571428 0.007619047619047619 0.07928571428571428 0.015238095238095238
3 0.8095238095238094 0.02892857142857143 0.03809523809523809 0.039285714285714285
8 0.6852380952380952 0.07392857142857143 0.014285714285714285 0.015
5 0.6861904761904761 0.08214285714285714 0.010476190476190476 0.018571428571428572
10 0.7632142857142857 0.017142857142857144 0.04071428571428572 0.03428571428571429
3 0.3657142857142857 0.7192857142857143 0.08952380952380952 0.06