7 0.032 0.6936666666666667 0.064 0.034666666666666665
7 0.21633333333333332 0.61775 0.10333333333333333 0.0525
8 0.30266666666666664 0.57275 0.07466666666666666 0.0535
5 0.30566666666666664 0.575 0.08466666666666665 0.062
7 0.10833333333333332 0.48125 0.07533333333333334 0.0525
8 0.3983333333333333 0.5685 0.07266666666666666 0.058
8 0.4516666666666666 0.56325 0.078 0.0525
3 0.385 0.68175 0.35533333333333333 0.1355
8 0.8966666666666666 0.67575 0.06933333333333333 0.0665
5 0.899 0.678 0.09133333333333332 0.08
7 0.758 0.584 0.04666666666666666 0.045
7 0.8993333333333332 0.5465 0.04666666666666666 0.043
7 0.825 0.5395 0.042 0.057
7 0.7803333333333332 0.53175 0.04066666666666666 0.0365
7 0.834 0.4905 0.04666666666666666 0.05
7 0.882 0.4755 0.04666666666666666 0.044
7 0.887 0.42525 0.038 0.0585
7 0.9346666666666666 0.37175 0.041333333333333326 0.0445
1 0.9443333333333332 0.4075 0.04066666666666666 0.066
7 0.8236666666666667 0.408 0.03 0.047
7 0.8003333333333332 0.414 0.03 0.047
8 0.7443333333333333 0.41075 0.042 0.0465
5 0.7423333333333333 0.41 0.06733333333333333 0.062
7 0.8136666666666666 0.37675 0.04066666666666666 0.0455
7 0.8413333333333333 0.37175 0.025333333333333333 0.0465
7 0.883 0.342 0.038 0.054
7 0.8933333333333333 0.3185 0.03733333333333333 0.046
5 0.844 0.256 0.04 0.049
7 0.8983333333333332 0.25875 0.03666666666666667 0.0515
7 0.931 0.24775 0.02733333333333333 0.0325
7 0.923 0.22625 0.028666666666666663 0.0475
5 0.99075 0.17633333333333334 0.0185 0.03333333333333333
5 0.933 0.13575 0.06066666666666667 0.0355
7 0.8446666666666667 0.14675 0.024 0.0395
7 0.8636666666666666 0.17175 0.022 0.0425
7 0.8626666666666666 0.14375 0.034666666666666665 0.0425
3 0.7323333333333333 0.16475 0.1953333333333333 0.0615
5 0.6196666666666666 0.2245 0.03933333333333333 0.054
11 0.7396666666666666 0.13 0.142 0.049
11 0.776 0.1065 0.12133333333333333 0.06
11 0.785 0.0625 0.122 0.058
7 0.6873333333333332 0.02525 0.025333333333333333 0.0355
11 0.482 0.32475 0.116 0.1135
11 0.3413333333333333 0.29825 0.228 0.0845
11 0.2763333333333333 0.242 0.19 0.058
11 0.41966666666666663 0.164 0.18866666666666665 0.069
5 0.5383333333333332 0.1195 0.038 0.033
11 0.545 0.065 0.11266666666666665 0.057
11 0.5423333333333332 0.0375 0.11666666666666665 0.044
7 0.59475 0.01 0.016 0.02
11 0.9123333333333332 0.0965 0.06866666666666665 0.065
4 0.385 0.04766666666666667 0.194 0.09533333333333334
7 0.25366666666666665 0.08625 0.034 0.0405
8 0.226 0.0815 0.036 0.027
8 0.203 0.086 0.02733333333333333 0.025
1 0.143 0.11525 0.04066666666666666 0.0305
7 0.9603333333333333 0.338 0.028666666666666663 0.055