10 0.7906666666666666 0.345 0.064 0.03
7 0.7 0.3025 0.005333333333333333 0.008
3 0.759 0.716 0.10066666666666665 0.067
10 0.47833333333333333 0.597 0.05266666666666667 0.07
3 0.5273333333333332 0.52675 0.04533333333333333 0.0515
3 0.6423333333333333 0.449 0.038 0.033
3 0.5923333333333333 0.381 0.024666666666666663 0.021
10 0.6473333333333332 0.2905 0.025333333333333333 0.014
3 0.5966666666666667 0.2895 0.013333333333333332 0.007
3 0.5896666666666667 0.28325 0.011333333333333332 0.0065
3 0.10933333333333332 0.35375 0.057333333333333326 0.0135
10 0.18 0.28075 0.036 0.0095
10 0.23766666666666666 0.278 0.028666666666666663 0.008
7 0.303 0.2815 0.004666666666666666 0.006
3 0.3073333333333333 0.282 0.025333333333333333 0.006
7 0.31166666666666665 0.278 0.003333333333333333 0.005
3 0.31866666666666665 0.27775 0.024 0.0065
10 0.366 0.2805 0.033333333333333326 0.008
7 0.4126666666666666 0.28025 0.004 0.0075
3 0.4093333333333333 0.28025 0.025333333333333333 0.0065
8 0.42966666666666664 0.28075 0.004666666666666666 0.0065
3 0.4393333333333333 0.2805 0.025333333333333333 0.006
3 0.437 0.2755 0.020666666666666663 0.006
11 0.417 0.24625 0.008666666666666666 0.0035
3 0.529 0.27225 0.015333333333333332 0.0055
10 0.5473333333333332 0.26675 0.010666666666666666 0.0065
8 0.5663333333333332 0.26325 0.002 0.0035
5 0.5663333333333332 0.26425 0.003333333333333333 0.0035
3 0.5503333333333332 0.261 0.007333333333333333 0.005
3 0.5396666666666666 0.252 0.006 0.004
10 0.552 0.2495 0.004 0.004
3 0.5366666666666666 0.2445 0.004 0.003
3 0.5356666666666666 0.24075 0.003333333333333333 0.0025
3 0.5343333333333332 0.23825 0.003333333333333333 0.0025
3 0.5333333333333332 0.236 0.0026666666666666666 0.002
11 0.5403333333333332 0.2385 0.003333333333333333 0.003