3 0.4546666666666666 0.51075 0.232 0.1135
11 0.3403333333333333 0.26 0.154 0.075
3 0.3223333333333333 0.18075 0.162 0.0615
3 0.31866666666666665 0.11975 0.152 0.0545
3 0.296 0.075 0.12 0.045
3 0.29066666666666663 0.0525 0.12666666666666665 0.044
3 0.29033333333333333 0.029 0.122 0.039
3 0.32375 0.009666666666666667 0.1115 0.019333333333333334
11 0.93875 0.3243333333333333 0.1225 0.08733333333333333
11 0.862 0.23075 0.14533333333333331 0.0705
3 0.809 0.195 0.166 0.058
7 0.8733333333333333 0.13 0.025333333333333333 0.04
7 0.96 0.129 0.029333333333333333 0.039
3 0.734 0.10525 0.18666666666666665 0.0755
3 0.697 0.0865 0.11933333333333333 0.038
3 0.667 0.064 0.122 0.045
11 0.642 0.03875 0.11466666666666665 0.0465
3 0.6143333333333333 0.02375 0.11933333333333333 0.0415
3 0.60075 0.012666666666666666 0.116 0.025333333333333333