11 0.6346666666666666 0.64625 0.048 0.0905
11 0.582 0.64075 0.056 0.0925
11 0.8333333333333333 0.57675 0.13466666666666666 0.0485
11 0.8596666666666666 0.4195 0.098 0.036
11 0.5566666666666666 0.4505 0.104 0.041
11 0.5103333333333333 0.498 0.09666666666666665 0.04
11 0.41766666666666663 0.4625 0.10066666666666665 0.044
11 0.35833333333333334 0.41825 0.10733333333333332 0.0375
11 0.24733333333333332 0.466 0.104 0.035
11 0.153 0.488 0.05933333333333333 0.079
11 0.2503333333333333 0.3855 0.10733333333333332 0.04
11 0.235 0.346 0.142 0.041
11 0.3306666666666666 0.34225 0.06 0.0785
11 0.3516666666666666 0.19925 0.05 0.0465
11 0.29333333333333333 0.19875 0.04533333333333333 0.0625
11 0.41633333333333333 0.291 0.06466666666666666 0.037
3 0.314 0.0665 0.09333333333333332 0.059
11 0.8996666666666666 0.07225 0.058 0.0755
11 0.8616666666666666 0.0885 0.06333333333333332 0.072
11 0.8026666666666666 0.107 0.092 0.039
9 0.857 0.136 0.054 0.022
4 0.92075 0.18833333333333332 0.1585 0.08333333333333333
4 0.1313333333333333 0.0965 0.25066666666666665 0.176
7 0.10166666666666666 0.4405 0.03133333333333333 0.018
7 0.352 0.635 0.028 0.01
7 0.381 0.6155 0.016666666666666663 0.014
7 0.409 0.629 0.020666666666666663 0.016
7 0.6043333333333333 0.57825 0.018 0.0155
7 0.6086666666666666 0.5645 0.014666666666666666 0.013
7 0.689 0.5965 0.020666666666666663 0.013
7 0.7266666666666667 0.51975 0.018666666666666665 0.0125
7 0.647 0.5785 0.018 0.013
7 0.6473333333333332 0.59225 0.025333333333333333 0.0125
7 0.7156666666666667 0.6695 0.02333333333333333 0.014
7 0.6803333333333332 0.69575 0.022 0.0145
7 0.7323333333333333 0.48575 0.018 0.0135
7 0.8216666666666667 0.456 0.022 0.012
7 0.7736666666666666 0.46525 0.016666666666666663 0.0105
7 0.67 0.29225 0.013333333333333332 0.0155
3 0.8986666666666666 0.73725 0.12666666666666665 0.0245
4 0.094 0.28975 0.112 0.1655
5 0.2823333333333333 0.28375 0.026 0.0285
5 0.1733333333333333 0.328 0.04 0.019
4 0.41133333333333333 0.37025 0.058666666666666666 0.0185
9 0.411 0.34 0.034 0.04
7 0.5253333333333332 0.4015 0.022666666666666665 0.014
8 0.6743333333333332 0.30625 0.008666666666666666 0.0085
7 0.6633333333333332 0.24775 0.016 0.0185
8 0.6036666666666666 0.25025 0.014 0.0175
5 0.606 0.25125 0.018666666666666665 0.0245
7 0.592 0.21625 0.022666666666666665 0.0205
7 0.5783333333333333 0.192 0.012666666666666666 0.024
7 0.6803333333333332 0.16175 0.016666666666666663 0.0235
4 0.5423333333333332 0.04675 0.32066666666666666 0.0875
11 0.7056666666666667 0.11725 0.11266666666666665 0.0415
4 0.97675 0.08766666666666667 0.0465 0.11133333333333334
5 0.06433333333333333 0.50775 0.03533333333333333 0.0375
1 0.219 0.60675 0.05133333333333333 0.0305
7 0.7026666666666667 0.56625 0.026666666666666665 0.0195
5 0.8166666666666667 0.521 0.042666666666666665 0.025