7 0.14866666666666667 0.37675 0.050666666666666665 0.0385
8 0.11366666666666665 0.386 0.01933333333333333 0.017
8 0.669 0.29775 0.01933333333333333 0.0205
8 0.685 0.2975 0.015333333333333332 0.016
7 0.788 0.30675 0.02 0.0345
7 0.6593333333333332 0.2675 0.02 0.029
7 0.6573333333333332 0.2775 0.014666666666666666 0.018
7 0.7746666666666666 0.27975 0.024 0.0355
7 0.675 0.24325 0.022 0.0355
7 0.7013333333333333 0.24175 0.016 0.0375
7 0.7 0.2295 0.024 0.031
7 0.6903333333333332 0.24275 0.012666666666666666 0.0205
8 0.68 0.2275 0.016 0.016
1 0.6816666666666666 0.2355 0.03133333333333333 0.016
7 0.755 0.26125 0.022 0.0345
8 0.7813333333333332 0.2575 0.024 0.025
8 0.8046666666666666 0.25975 0.026666666666666665 0.0205
8 0.795 0.2675 0.015333333333333332 0.015
7 0.8806666666666666 0.263 0.018666666666666665 0.036
7 0.8993333333333332 0.26475 0.016 0.0305
7 0.8813333333333333 0.25225 0.016 0.0305
8 0.885 0.2585 0.015333333333333332 0.016
8 0.9 0.25325 0.016 0.0145
8 0.888 0.2445 0.010666666666666666 0.011
1 0.703 0.1165 0.03666666666666667 0.029
1 0.716 0.1145 0.03733333333333333 0.027
1 0.8623333333333333 0.1305 0.03666666666666667 0.024
1 0.9633333333333333 0.11475 0.030666666666666665 0.0215