7 0.1713333333333333 0.7155 0.058666666666666666 0.038
7 0.133 0.669 0.06733333333333333 0.054
7 0.942 0.57075 0.044 0.0515
7 0.9796666666666666 0.24025 0.02733333333333333 0.0415
8 0.8293333333333333 0.301 0.014666666666666666 0.018
7 0.8263333333333333 0.3105 0.01933333333333333 0.038
8 0.833 0.29175 0.01 0.0185
8 0.8223333333333332 0.2845 0.024666666666666663 0.027
7 0.8396666666666667 0.222 0.01933333333333333 0.042
7 0.8793333333333333 0.19375 0.022666666666666665 0.0395
8 0.874 0.152 0.022666666666666665 0.032
5 0.8726666666666666 0.1605 0.026666666666666665 0.033
6 0.992 0.015666666666666666 0.016 0.03133333333333333
7 0.873 0.012 0.0165 0.024
11 0.05133333333333333 0.0795 0.07733333333333332 0.062
3 0.201 0.0685 0.05933333333333333 0.055
3 0.05725 0.019333333333333334 0.1025 0.03866666666666667
3 0.17775 0.016 0.13 0.032
11 0.28966666666666663 0.0525 0.05133333333333333 0.055
3 0.329 0.008666666666666666 0.1085 0.017333333333333333
11 0.36333333333333334 0.04875 0.06133333333333333 0.0845
7 0.48033333333333333 0.094 0.01933333333333333 0.035
3 0.442 0.04375 0.064 0.0635
3 0.5753333333333333 0.031 0.06266666666666666 0.06
11 0.5076666666666666 0.033 0.06333333333333332 0.055
11 0.63525 0.029 0.0575 0.058