7 0.3904761904761905 0.4760714285714286 0.015238095238095238 0.03214285714285714
3 0.4176190476190476 0.5960714285714286 0.16476190476190475 0.10214285714285715
7 0.5519047619047619 0.43785714285714283 0.01238095238095238 0.018571428571428572
7 0.9004761904761903 0.4546428571428571 0.01238095238095238 0.025
7 0.9176190476190476 0.45821428571428574 0.006666666666666666 0.017857142857142856
7 0.94 0.41964285714285715 0.005714285714285714 0.012142857142857143
7 0.8242857142857143 0.39785714285714285 0.002857142857142857 0.005714285714285714
7 0.8185714285714286 0.39785714285714285 0.002857142857142857 0.005714285714285714
7 0.6204761904761904 0.41 0.0047619047619047615 0.01
7 0.6176190476190476 0.4082142857142857 0.0047619047619047615 0.012142857142857143
3 0.5128571428571429 0.45821428571428574 0.050476190476190466 0.02642857142857143
3 0.5823809523809523 0.4742857142857143 0.0638095238095238 0.04428571428571428
3 0.5952380952380952 0.4517857142857143 0.045714285714285714 0.02642857142857143
3 0.6495238095238095 0.4328571428571429 0.026666666666666665 0.017142857142857144
3 0.65 0.4142857142857143 0.01619047619047619 0.01
3 0.66 0.40785714285714286 0.015238095238095238 0.008571428571428572
2 0.61 0.39785714285714285 0.01619047619047619 0.011428571428571429
3 0.6623809523809523 0.395 0.01619047619047619 0.005714285714285714
3 0.6866666666666666 0.40785714285714286 0.013333333333333332 0.008571428571428572
3 0.7409523809523809 0.4092857142857143 0.015238095238095238 0.008571428571428572
3 0.7161904761904762 0.4025 0.011428571428571429 0.007857142857142858
3 0.7038095238095238 0.3985714285714286 0.009523809523809523 0.005714285714285714
3 0.6847619047619047 0.4039285714285714 0.013333333333333332 0.0064285714285714285
3 0.679047619047619 0.39964285714285713 0.009523809523809523 0.005
3 0.6714285714285714 0.3942857142857143 0.015238095238095238 0.004285714285714286
3 0.6914285714285714 0.3960714285714286 0.009523809523809523 0.005
3 0.6923809523809523 0.3925 0.005714285714285714 0.0035714285714285713
3 0.708095238095238 0.3917857142857143 0.006666666666666666 0.0035714285714285713
3 0.7204761904761905 0.39107142857142857 0.006666666666666666 0.0035714285714285713
3 0.7252380952380952 0.38821428571428573 0.0047619047619047615 0.0035714285714285713
11 0.7328571428571429 0.3989285714285714 0.008571428571428572 0.007857142857142858
3 0.7333333333333332 0.395 0.007619047619047619 0.004285714285714286
3 0.7352380952380951 0.3925 0.005714285714285714 0.0035714285714285713
3 0.7352380952380951 0.39071428571428574 0.005714285714285714 0.004285714285714286
3 0.7338095238095238 0.3871428571428571 0.0047619047619047615 0.002857142857142857
3 0.9996428571428572 0.4738095238095238 0.0007142857142857143 0.03619047619047619
3 0.9657142857142857 0.45476190476190476 0.06857142857142857 0.024761904761904763
3 0.8571428571428571 0.44571428571428573 0.07238095238095238 0.02
3 0.8442857142857143 0.44035714285714284 0.06571428571428571 0.015
3 0.8409523809523809 0.43892857142857145 0.05904761904761904 0.016428571428571428
3 0.8404761904761904 0.43535714285714283 0.0638095238095238 0.016428571428571428
3 0.8076190476190475 0.4307142857142857 0.05142857142857143 0.014285714285714285
3 0.7947619047619047 0.4182142857142857 0.04285714285714286 0.010714285714285714
3 0.7976190476190476 0.4157142857142857 0.04476190476190476 0.01
3 0.88 0.42857142857142855 0.05142857142857143 0.017142857142857144
3 0.8747619047619046 0.4235714285714286 0.052380952380952375 0.011428571428571429
3 0.868095238095238 0.42142857142857143 0.052380952380952375 0.011428571428571429
3 0.8652380952380951 0.41928571428571426 0.052380952380952375 0.011428571428571429
3 0.8557142857142858 0.41785714285714287 0.04666666666666666 0.011428571428571429
3 0.8495238095238095 0.4160714285714286 0.043809523809523805 0.012142857142857143
3 0.8438095238095238 0.415 0.0419047619047619 0.012857142857142857
3 0.9671428571428572 0.41785714285714287 0.04666666666666666 0.011428571428571429
3 0.9566666666666667 0.415 0.039047619047619046 0.011428571428571429
3 0.948095238095238 0.4142857142857143 0.04095238095238095 0.008571428571428572
3 0.9452380952380952 0.4135714285714286 0.03142857142857143 0.011428571428571429
3 0.7714285714285715 0.4042857142857143 0.02857142857142857 0.007142857142857143
3 0.8019047619047618 0.4032142857142857 0.026666666666666665 0.007857142857142858
3 0.8823809523809524 0.4039285714285714 0.02952380952380952 0.005
3 0.8742857142857143 0.4032142857142857 0.026666666666666665 0.0064285714285714285
3 0.8714285714285714 0.40035714285714286 0.026666666666666665 0.0064285714285714285
3 0.8657142857142858 0.4010714285714286 0.026666666666666665 0.0064285714285714285
3 0.8571428571428571 0.39964285714285713 0.026666666666666665 0.0064285714285714285
3 0.8609523809523809 0.3989285714285714 0.026666666666666665 0.0064285714285714285
3 0.8438095238095238 0.3982142857142857 0.026666666666666665 0.0064285714285714285
3 0.8485714285714285 0.3975 0.026666666666666665 0.0064285714285714285
3 0.836190476190476 0.3960714285714286 0.026666666666666665 0.0064285714285714285
3 0.838095238095238 0.3960714285714286 0.026666666666666665 0.0064285714285714285
3 0.8333333333333333 0.39535714285714285 0.026666666666666665 0.0064285714285714285
3 0.8219047619047618 0.3939285714285714 0.026666666666666665 0.0064285714285714285
3 0.8228571428571428 0.3939285714285714 0.026666666666666665 0.0064285714285714285
3 0.7990476190476189 0.40035714285714286 0.026666666666666665 0.0064285714285714285
3 0.7961904761904761 0.3989285714285714 0.026666666666666665 0.0064285714285714285
3 0.7923809523809523 0.3967857142857143 0.026666666666666665 0.0064285714285714285
3 0.7895238095238095 0.3960714285714286 0.026666666666666665 0.0064285714285714285
3 0.7695238095238095 0.4010714285714286 0.026666666666666665 0.0064285714285714285
3 0.7657142857142857 0.39964285714285713 0.026666666666666665 0.0064285714285714285
3 0.7647619047619046 0.3982142857142857 0.026666666666666665 0.0064285714285714285
3 0.7609523809523809 0.3960714285714286 0.026666666666666665 0.0064285714285714285
3 0.7752380952380952 0.3889285714285714 0.005714285714285714 0.0035714285714285713
3 0.7866666666666666 0.39 0.005714285714285714 0.004285714285714286
7 0.7814285714285715 0.3889285714285714 0.002857142857142857 0.0035714285714285713