3 0.09190476190476189 0.6053571428571428 0.08857142857142856 0.10214285714285715
3 0.16476190476190475 0.35892857142857143 0.06666666666666667 0.052142857142857144
3 0.958095238095238 0.38357142857142856 0.07619047619047618 0.04428571428571428
3 0.06285714285714286 0.26857142857142857 0.06476190476190476 0.04428571428571428
5 0.7519047619047617 0.3196428571428571 0.01619047619047619 0.017857142857142856
5 0.7923809523809523 0.31464285714285717 0.019047619047619046 0.010714285714285714
9 0.7933333333333332 0.285 0.02095238095238095 0.014285714285714285
5 0.6771428571428572 0.26035714285714284 0.019047619047619046 0.009285714285714286
7 0.5580952380952381 0.22642857142857142 0.007619047619047619 0.015714285714285715
7 0.5376190476190476 0.18892857142857142 0.006666666666666666 0.015
7 0.5052380952380952 0.185 0.006666666666666666 0.014285714285714285
7 0.5142857142857142 0.185 0.005714285714285714 0.014285714285714285
7 0.5776190476190476 0.19642857142857142 0.0047619047619047615 0.012857142857142857
7 0.589047619047619 0.19642857142857142 0.006666666666666666 0.014285714285714285
7 0.5676190476190476 0.19214285714285714 0.005714285714285714 0.011428571428571429
7 0.6576190476190475 0.2617857142857143 0.008571428571428572 0.015
8 0.7538095238095237 0.31357142857142856 0.01238095238095238 0.014285714285714285
8 0.7957142857142857 0.31214285714285717 0.014285714285714285 0.015714285714285715