3 0.9828571428571429 0.4107142857142857 0.03238095238095238 0.012857142857142857
3 0.9338095238095238 0.3992857142857143 0.025714285714285714 0.01
3 0.299047619047619 0.435 0.05714285714285714 0.018571428571428572
3 0.3876190476190476 0.42464285714285716 0.07238095238095238 0.017857142857142856
3 0.4619047619047619 0.425 0.07428571428571429 0.018571428571428572
2 0.6038095238095238 0.40785714285714286 0.11809523809523809 0.027142857142857142
3 0.698095238095238 0.41214285714285714 0.03428571428571429 0.012857142857142857
3 0.79 0.4060714285714286 0.03333333333333333 0.013571428571428571
3 0.8366666666666666 0.4067857142857143 0.03142857142857143 0.012142857142857143
3 0.8385714285714285 0.4025 0.03333333333333333 0.009285714285714286
3 0.7547619047619046 0.39571428571428574 0.025714285714285714 0.008571428571428572
3 0.5919047619047618 0.39071428571428574 0.02 0.005714285714285714
11 0.8742857142857143 0.40214285714285714 0.026666666666666665 0.012857142857142857
3 0.8876190476190475 0.40035714285714286 0.022857142857142857 0.009285714285714286
3 0.9033333333333332 0.4035714285714286 0.02952380952380952 0.008571428571428572
3 0.9852380952380951 0.3989285714285714 0.023809523809523805 0.009285714285714286
3 0.9752380952380952 0.39785714285714285 0.019047619047619046 0.008571428571428572
3 0.9633333333333333 0.3964285714285714 0.021904761904761903 0.007142857142857143