7 0.8128571428571428 0.6071428571428571 0.008571428571428572 0.02
7 0.8057142857142857 0.6060714285714286 0.005714285714285714 0.017857142857142856
7 0.7166666666666666 0.5139285714285714 0.008571428571428572 0.015
7 0.7957142857142857 0.4710714285714286 0.0047619047619047615 0.009285714285714286
7 0.5 0.5282142857142857 0.007619047619047619 0.015
7 0.6347619047619047 0.45785714285714285 0.002857142857142857 0.005714285714285714
7 0.6314285714285715 0.4585714285714286 0.0038095238095238095 0.007142857142857143
7 0.769047619047619 0.4382142857142857 0.002857142857142857 0.005
0 0.6452380952380952 0.5025 0.006666666666666666 0.010714285714285714
6 0.7014285714285714 0.475 0.01238095238095238 0.012857142857142857
1 0.7771428571428571 0.5825 0.017142857142857144 0.012142857142857143
2 0.4442857142857143 0.68 0.0638095238095238 0.05857142857142857
3 0.3233333333333333 0.675 0.039047619047619046 0.041428571428571426
3 0.7276190476190476 0.5853571428571429 0.02476190476190476 0.02214285714285714
3 0.6523809523809523 0.5257142857142857 0.02095238095238095 0.02142857142857143
3 0.6185714285714285 0.5067857142857143 0.01619047619047619 0.013571428571428571
3 0.6961904761904761 0.5075 0.015238095238095238 0.012142857142857143
3 0.7004761904761905 0.49607142857142855 0.014285714285714285 0.009285714285714286
3 0.6609523809523808 0.5042857142857143 0.017142857142857144 0.012857142857142857
3 0.6633333333333333 0.4725 0.010476190476190476 0.009285714285714286
3 0.6814285714285714 0.4714285714285714 0.01238095238095238 0.01
3 0.6861904761904761 0.4614285714285714 0.008571428571428572 0.007142857142857143
3 0.7071428571428572 0.4567857142857143 0.010476190476190476 0.0064285714285714285
3 0.6871428571428572 0.4521428571428571 0.008571428571428572 0.005714285714285714
3 0.6057142857142858 0.48035714285714287 0.013333333333333332 0.009285714285714286
2 0.6138095238095238 0.44142857142857145 0.010476190476190476 0.01
3 0.6109523809523809 0.4357142857142857 0.008571428571428572 0.004285714285714286
3 0.6419047619047619 0.4421428571428571 0.011428571428571429 0.005714285714285714
3 0.7038095238095238 0.4367857142857143 0.009523809523809523 0.005
3 0.6995238095238094 0.43392857142857144 0.006666666666666666 0.0035714285714285713
3 0.7004761904761905 0.4325 0.0047619047619047615 0.0035714285714285713
3 0.6819047619047619 0.435 0.015238095238095238 0.004285714285714286
3 0.6452380952380952 0.4317857142857143 0.01238095238095238 0.0035714285714285713
3 0.65 0.42678571428571427 0.01238095238095238 0.0035714285714285713
3 0.6514285714285715 0.425 0.011428571428571429 0.004285714285714286
3 0.6661904761904761 0.4257142857142857 0.0047619047619047615 0.004285714285714286
11 0.7019047619047619 0.4282142857142857 0.005714285714285714 0.005
2 0.6876190476190476 0.4275 0.005714285714285714 0.0064285714285714285
3 0.6880952380952381 0.42392857142857143 0.0047619047619047615 0.0035714285714285713
3 0.7004761904761905 0.42464285714285716 0.0047619047619047615 0.002142857142857143
3 0.6985714285714286 0.4225 0.0047619047619047615 0.0035714285714285713
3 0.6885714285714286 0.4225 0.005714285714285714 0.0035714285714285713
3 0.6904761904761905 0.4207142857142857 0.0038095238095238095 0.002857142857142857
3 0.6961904761904761 0.4164285714285714 0.0038095238095238095 0.002857142857142857
3 0.6871428571428572 0.41678571428571426 0.0047619047619047615 0.002142857142857143
3 0.6780952380952381 0.4164285714285714 0.0038095238095238095 0.002857142857142857
3 0.6814285714285714 0.4117857142857143 0.002857142857142857 0.002142857142857143
3 0.66 0.4175 0.011428571428571429 0.0035714285714285713
3 0.698095238095238 0.4139285714285714 0.0038095238095238095 0.002142857142857143
3 0.689047619047619 0.4157142857142857 0.0047619047619047615 0.002857142857142857
10 0.6885714285714286 0.4117857142857143 0.005714285714285714 0.005
4 0.6957142857142857 0.405 0.06952380952380952 0.012857142857142857
4 0.7333333333333332 0.41964285714285715 0.05333333333333333 0.015
3 0.73 0.45035714285714284 0.018095238095238095 0.005
3 0.729047619047619 0.4475 0.018095238095238095 0.005
3 0.729047619047619 0.44607142857142856 0.018095238095238095 0.005
3 0.7271428571428571 0.44535714285714284 0.018095238095238095 0.005
3 0.7261904761904762 0.44392857142857145 0.018095238095238095 0.005
3 0.7252380952380952 0.4417857142857143 0.018095238095238095 0.005
3 0.7242857142857143 0.44107142857142856 0.018095238095238095 0.005
3 0.7252380952380952 0.4382142857142857 0.018095238095238095 0.005
3 0.7233333333333333 0.4375 0.018095238095238095 0.005
3 0.7233333333333333 0.43535714285714283 0.018095238095238095 0.005
3 0.7214285714285714 0.4317857142857143 0.018095238095238095 0.005
3 0.7204761904761905 0.4325 0.018095238095238095 0.005
3 0.7376190476190475 0.4317857142857143 0.018095238095238095 0.005
3 0.7361904761904761 0.4328571428571429 0.015238095238095238 0.004285714285714286
3 0.74 0.4342857142857143 0.015238095238095238 0.004285714285714286
3 0.7414285714285714 0.4367857142857143 0.014285714285714285 0.0035714285714285713
3 0.7423809523809524 0.4375 0.014285714285714285 0.0035714285714285713
3 0.7433333333333332 0.43964285714285717 0.014285714285714285 0.0035714285714285713
3 0.7433333333333332 0.4375 0.014285714285714285 0.0035714285714285713
3 0.7452380952380951 0.4417857142857143 0.014285714285714285 0.0035714285714285713
3 0.7461904761904761 0.44392857142857145 0.014285714285714285 0.0035714285714285713
3 0.748095238095238 0.44535714285714284 0.014285714285714285 0.0035714285714285713
3 0.75 0.4475 0.014285714285714285 0.0035714285714285713
3 0.7538095238095237 0.4496428571428571 0.014285714285714285 0.0035714285714285713
3 0.7509523809523809 0.45035714285714284 0.014285714285714285 0.0035714285714285713
3 0.8052380952380952 0.45321428571428574 0.018095238095238095 0.005
3 0.8047619047619047 0.4517857142857143 0.015238095238095238 0.0035714285714285713
3 0.7995238095238094 0.44857142857142857 0.014285714285714285 0.004285714285714286
3 0.8004761904761903 0.4496428571428571 0.014285714285714285 0.0035714285714285713
3 0.7838095238095237 0.44785714285714284 0.015238095238095238 0.004285714285714286
3 0.7985714285714286 0.4475 0.01619047619047619 0.005
3 0.7928571428571428 0.44535714285714284 0.01619047619047619 0.005
3 0.7909523809523809 0.44392857142857145 0.01619047619047619 0.005
3 0.7833333333333332 0.44035714285714284 0.01619047619047619 0.005
3 0.7795238095238095 0.43607142857142855 0.01619047619047619 0.005
3 0.7814285714285715 0.4367857142857143 0.01619047619047619 0.005
3 0.7747619047619047 0.43392857142857144 0.01619047619047619 0.005
3 0.7757142857142857 0.43392857142857144 0.01619047619047619 0.005
3 0.7738095238095237 0.4332142857142857 0.01619047619047619 0.005
3 0.7719047619047618 0.4325 0.01619047619047619 0.005
3 0.769047619047619 0.4303571428571429 0.01619047619047619 0.005
3 0.769047619047619 0.49892857142857144 0.03333333333333333 0.009285714285714286
3 0.7652380952380952 0.4967857142857143 0.03333333333333333 0.009285714285714286
3 0.7666666666666666 0.49392857142857144 0.03238095238095238 0.009285714285714286
3 0.7638095238095237 0.49107142857142855 0.03238095238095238 0.009285714285714286
3 0.7928571428571428 0.4875 0.03333333333333333 0.009285714285714286
3 0.79 0.48464285714285715 0.03333333333333333 0.009285714285714286
3 0.7880952380952381 0.4825 0.03333333333333333 0.009285714285714286
3 0.7861904761904761 0.47964285714285715 0.03333333333333333 0.009285714285714286
3 0.7852380952380952 0.4767857142857143 0.03333333333333333 0.009285714285714286
3 0.78 0.475 0.02857142857142857 0.008571428571428572
3 0.7776190476190475 0.47214285714285714 0.025714285714285714 0.008571428571428572
3 0.7766666666666666 0.47 0.025714285714285714 0.008571428571428572
3 0.7723809523809523 0.46785714285714286 0.02476190476190476 0.007142857142857143
3 0.7457142857142857 0.47 0.02476190476190476 0.007142857142857143
3 0.7433333333333332 0.47214285714285714 0.023809523809523805 0.007142857142857143
3 0.8366666666666666 0.4682142857142857 0.021904761904761903 0.007857142857142858
3 0.8423809523809523 0.4735714285714286 0.027619047619047616 0.007142857142857143
3 0.8652380952380951 0.48392857142857143 0.023809523809523805 0.0064285714285714285
3 0.868095238095238 0.4875 0.023809523809523805 0.0064285714285714285
3 0.8747619047619046 0.49 0.02952380952380952 0.008571428571428572
3 0.8776190476190475 0.49464285714285716 0.023809523809523805 0.0064285714285714285
3 0.8876190476190475 0.4982142857142857 0.03428571428571429 0.007857142857142858
3 0.8933333333333332 0.5007142857142857 0.03428571428571429 0.007142857142857143
3 0.899047619047619 0.5046428571428572 0.03428571428571429 0.007857142857142858
3 0.9028571428571428 0.5103571428571428 0.03428571428571429 0.007857142857142858
3 0.9190476190476189 0.5135714285714286 0.03809523809523809 0.008571428571428572
3 0.9280952380952381 0.5192857142857142 0.04666666666666666 0.012857142857142857
3 0.9395238095238094 0.5271428571428571 0.04666666666666666 0.012857142857142857
3 0.948095238095238 0.5307142857142857 0.04666666666666666 0.012857142857142857
3 0.9566666666666667 0.5364285714285715 0.04666666666666666 0.012857142857142857
3 0.9642857142857143 0.5414285714285715 0.04666666666666666 0.012857142857142857
3 0.8542857142857143 0.5457142857142857 0.05142857142857143 0.014285714285714285
3 0.8476190476190475 0.5396428571428571 0.04761904761904761 0.012142857142857143
3 0.8447619047619046 0.5346428571428572 0.04761904761904761 0.012142857142857143
3 0.8352380952380952 0.5296428571428572 0.04761904761904761 0.012142857142857143
3 0.8319047619047618 0.5232142857142857 0.037142857142857144 0.012142857142857143
3 0.8347619047619047 0.5182142857142857 0.037142857142857144 0.012142857142857143
3 0.8290476190476189 0.5160714285714286 0.03142857142857143 0.010714285714285714
3 0.8409523809523809 0.5110714285714286 0.030476190476190476 0.010714285714285714
3 0.9047619047619047 0.5710714285714286 0.05714285714285714 0.019285714285714285