3 0.8304761904761904 0.61 0.13904761904761903 0.12
3 0.9457142857142857 0.4961904761904762 0.10857142857142857 0.09333333333333334
7 0.9642857142857143 0.44 0.025714285714285714 0.037142857142857144
7 0.8966666666666666 0.23285714285714285 0.01619047619047619 0.025714285714285714
3 0.9828571428571429 0.20904761904761904 0.03428571428571429 0.029523809523809525
3 0.94 0.2382142857142857 0.06285714285714286 0.035
3 0.8714285714285714 0.2757142857142857 0.07428571428571429 0.04
3 0.9238095238095237 0.30392857142857144 0.07619047619047618 0.04642857142857143
3 0.7876190476190476 0.3182142857142857 0.0819047619047619 0.04357142857142857
8 0.7457142857142857 0.24357142857142858 0.013333333333333332 0.018571428571428572
8 0.7495238095238095 0.24142857142857144 0.011428571428571429 0.017142857142857144
5 0.7471428571428571 0.24857142857142858 0.02952380952380952 0.02
3 0.6119047619047618 0.315 0.09619047619047619 0.047142857142857146
2 0.6042857142857143 0.4 0.3152380952380952 0.19285714285714287
3 0.43714285714285717 0.4303571428571429 0.13333333333333333 0.08214285714285714
3 0.21238095238095236 0.4635714285714286 0.19238095238095237 0.09571428571428571
3 0.1419047619047619 0.5646428571428571 0.23238095238095235 0.125
3 0.299047619047619 0.5778571428571428 0.2057142857142857 0.12571428571428572
8 0.239047619047619 0.36178571428571427 0.02476190476190476 0.03357142857142857
8 0.35523809523809524 0.3264285714285714 0.022857142857142857 0.03
1 0.35619047619047617 0.33535714285714285 0.043809523809523805 0.02642857142857143
1 0.2395238095238095 0.3725 0.050476190476190466 0.030714285714285715
7 0.31476190476190474 0.3182142857142857 0.025714285714285714 0.035
3 0.05142857142857143 0.35428571428571426 0.10285714285714286 0.06761904761904762
3 0.11619047619047618 0.34214285714285714 0.11428571428571428 0.05714285714285714
3 0.11285714285714285 0.2675 0.11142857142857143 0.029285714285714286
3 0.13047619047619047 0.2953571428571429 0.14476190476190476 0.03785714285714286
3 0.17904761904761904 0.3192857142857143 0.10476190476190475 0.06
3 0.24428571428571427 0.30642857142857144 0.1 0.05285714285714286
3 0.30666666666666664 0.2907142857142857 0.0838095238095238 0.045714285714285714
3 0.28 0.2617857142857143 0.10285714285714286 0.027857142857142858
3 0.2642857142857143 0.24071428571428571 0.1019047619047619 0.032857142857142856
3 0.3442857142857143 0.2760714285714286 0.1038095238095238 0.045
3 0.38047619047619047 0.25392857142857145 0.10571428571428572 0.04357142857142857
3 0.5971428571428572 0.23964285714285713 0.07809523809523809 0.03214285714285714
3 0.5966666666666666 0.215 0.0676190476190476 0.02857142857142857
3 0.6266666666666666 0.20964285714285713 0.06095238095238095 0.02642857142857143
3 0.6471428571428571 0.1982142857142857 0.07523809523809523 0.03214285714285714
3 0.6719047619047619 0.19285714285714287 0.06571428571428571 0.02857142857142857
3 0.6952380952380952 0.18678571428571428 0.06285714285714286 0.03357142857142857
3 0.7176190476190476 0.1825 0.06 0.02642857142857143
3 0.7333333333333332 0.17535714285714285 0.06285714285714286 0.029285714285714286
3 0.7785714285714286 0.18642857142857142 0.05809523809523809 0.025714285714285714
3 0.7695238095238095 0.1625 0.06476190476190476 0.02642857142857143
3 0.8895238095238095 0.15428571428571428 0.043809523809523805 0.02142857142857143
3 0.9438095238095238 0.13 0.04952380952380952 0.018571428571428572
3 0.9914285714285714 0.13238095238095238 0.017142857142857144 0.018095238095238095