8 0.6440355329949239 0.5364285714285715 0.013959390862944163 0.007142857142857143
1 0.6434010152284264 0.5378571428571428 0.01269035532994924 0.012857142857142857
7 0.666243654822335 0.5582142857142857 0.01015228426395939 0.005
11 0.7354060913705583 0.5021428571428571 0.03934010152284264 0.04285714285714286
2 0.7696700507614214 0.05464285714285714 0.09517766497461928 0.03357142857142857
2 0.8781725888324874 0.031071428571428573 0.11421319796954316 0.03785714285714285
3 0.8965736040609137 0.05392857142857143 0.049492385786802026 0.013571428571428571
3 0.9917857142857143 0.15609137055837563 0.016428571428571428 0.02030456852791878
3 0.9276649746192894 0.2475 0.030456852791878174 0.024999999999999998
3 0.8908629441624365 0.2482142857142857 0.030456852791878174 0.024999999999999998
3 0.9054568527918782 0.31035714285714283 0.03426395939086294 0.029285714285714286
3 0.9815989847715736 0.4078571428571428 0.03426395939086294 0.03571428571428571
3 0.7626903553299493 0.4471428571428571 0.04060913705583756 0.03571428571428571
3 0.8705583756345178 0.46785714285714286 0.04060913705583756 0.04
11 0.8140862944162437 0.4946428571428571 0.03680203045685279 0.04071428571428572
11 0.8026649746192894 0.3853571428571429 0.03934010152284264 0.03357142857142857
10 0.8204314720812182 0.4235714285714286 0.052030456852791875 0.054285714285714284
11 0.8534263959390863 0.31035714285714283 0.03680203045685279 0.03357142857142857
2 0.8959390862944162 0.37285714285714283 0.04060913705583756 0.048571428571428564
10 0.9568527918781725 0.19285714285714284 0.03807106598984771 0.04285714285714286