3 0.7071428571428572 0.69 0.021904761904761903 0.04
3 0.7038095238095238 0.6414285714285715 0.02095238095238095 0.041428571428571426
3 0.8052380952380952 0.6446428571428572 0.04857142857142857 0.017857142857142856
3 0.8042857142857143 0.6267857142857143 0.04666666666666666 0.016428571428571428
3 0.8052380952380952 0.6053571428571428 0.039047619047619046 0.016428571428571428
3 0.8061904761904761 0.5857142857142857 0.04666666666666666 0.017142857142857144
3 0.8009523809523809 0.5292857142857142 0.04761904761904761 0.015714285714285715
3 0.7942857142857143 0.5085714285714286 0.04761904761904761 0.018571428571428572
3 0.7914285714285715 0.47285714285714286 0.04761904761904761 0.017142857142857144
3 0.7871428571428571 0.4185714285714286 0.04095238095238095 0.014285714285714285
3 0.7871428571428571 0.36142857142857143 0.04476190476190476 0.015714285714285715
3 0.85 0.3028571428571429 0.02 0.03428571428571429
7 0.8314285714285714 0.6996428571428571 0.011428571428571429 0.007857142857142858
7 0.8242857142857143 0.6907142857142857 0.008571428571428572 0.005714285714285714
3 0.708095238095238 0.7335714285714285 0.021904761904761903 0.03142857142857143
3 0.5009523809523809 0.715 0.022857142857142857 0.037142857142857144
3 0.5004761904761904 0.6675 0.021904761904761903 0.039285714285714285
3 0.5028571428571429 0.5289285714285714 0.02095238095238095 0.03642857142857143
3 0.49809523809523804 0.48892857142857143 0.02095238095238095 0.027857142857142858
3 0.6971428571428572 0.4992857142857143 0.022857142857142857 0.03571428571428571
3 0.7014285714285714 0.5967857142857143 0.021904761904761903 0.03785714285714286
3 0.41 0.6321428571428571 0.027619047619047616 0.03857142857142857
3 0.4714285714285714 0.7335714285714285 0.022857142857142857 0.03142857142857143
3 0.46714285714285714 0.6342857142857142 0.023809523809523805 0.04
3 0.4633333333333333 0.585 0.021904761904761903 0.03857142857142857
3 0.5076190476190476 0.5746428571428571 0.022857142857142857 0.04214285714285714
11 0.47333333333333333 0.6989285714285715 0.02095238095238095 0.035
5 0.8 0.5439285714285714 0.019047619047619046 0.0064285714285714285
3 0.7252380952380952 0.4664285714285714 0.02 0.03142857142857143
3 0.7185714285714285 0.4228571428571429 0.021904761904761903 0.03428571428571429
3 0.6928571428571428 0.415 0.021904761904761903 0.037142857142857144
3 0.6947619047619047 0.4567857142857143 0.021904761904761903 0.03214285714285714
3 0.7 0.5457142857142857 0.02095238095238095 0.025714285714285714
3 0.479047619047619 0.36178571428571427 0.02095238095238095 0.03642857142857143
3 0.4742857142857143 0.43142857142857144 0.02095238095238095 0.037142857142857144
3 0.5004761904761904 0.37214285714285716 0.021904761904761903 0.03142857142857143
3 0.5561904761904761 0.3357142857142857 0.02095238095238095 0.032857142857142856
11 0.49809523809523804 0.44821428571428573 0.022857142857142857 0.03785714285714286
11 0.7676190476190475 0.20392857142857143 0.03809523809523809 0.015
3 0.7785714285714286 0.2907142857142857 0.04476190476190476 0.017142857142857144
3 0.7766666666666666 0.30714285714285716 0.04285714285714286 0.015714285714285715
3 0.7766666666666666 0.2725 0.04476190476190476 0.017857142857142856
3 0.8419047619047618 0.2225 0.02095238095238095 0.03214285714285714
3 0.9338095238095238 0.22535714285714287 0.021904761904761903 0.03357142857142857
3 0.9471428571428572 0.1742857142857143 0.04666666666666666 0.017142857142857144
3 0.7757142857142857 0.22535714285714287 0.04476190476190476 0.017857142857142856
3 0.7795238095238095 0.24214285714285713 0.035238095238095235 0.015714285714285715
3 0.6742857142857143 0.06785714285714285 0.02095238095238095 0.02857142857142857
3 0.6009523809523809 0.085 0.02095238095238095 0.03142857142857143
3 0.7028571428571428 0.075 0.022857142857142857 0.032857142857142856
10 0.7676190476190475 0.1467857142857143 0.05904761904761904 0.020714285714285713
3 0.11285714285714285 0.17 0.04095238095238095 0.015714285714285715
3 0.21047619047619046 0.20285714285714285 0.043809523809523805 0.015714285714285715
3 0.28095238095238095 0.25785714285714284 0.04761904761904761 0.015714285714285715
3 0.3476190476190476 0.255 0.043809523809523805 0.015714285714285715
3 0.22904761904761903 0.3028571428571429 0.04285714285714286 0.03
7 0.40809523809523807 0.33 0.008571428571428572 0.005714285714285714
3 0.409047619047619 0.36607142857142855 0.04857142857142857 0.016428571428571428
7 0.41952380952380947 0.3335714285714286 0.010476190476190476 0.005714285714285714
7 0.7428571428571429 0.33107142857142857 0.007619047619047619 0.007857142857142858
8 0.5604761904761905 0.23392857142857143 0.006666666666666666 0.0064285714285714285
7 0.7195238095238095 0.20464285714285715 0.008571428571428572 0.009285714285714286
5 0.56 0.23535714285714285 0.005714285714285714 0.007857142857142858
5 0.5085714285714286 0.03428571428571429 0.011428571428571429 0.015714285714285715
8 0.5071428571428571 0.0325 0.010476190476190476 0.0064285714285714285
7 0.48857142857142855 0.06571428571428571 0.007619047619047619 0.008571428571428572
7 0.4685714285714286 0.03464285714285714 0.007619047619047619 0.009285714285714286
7 0.4652380952380952 0.046785714285714285 0.006666666666666666 0.009285714285714286
3 0.4466666666666666 0.07857142857142857 0.02095238095238095 0.03142857142857143
3 0.67 0.03785714285714286 0.018095238095238095 0.03
3 0.6696428571428571 0.009523809523809525 0.019285714285714285 0.01904761904761905
8 0.478095238095238 0.2692857142857143 0.009523809523809523 0.005714285714285714
3 0.47952380952380946 0.2710714285714286 0.01619047619047619 0.0064285714285714285
7 0.4942857142857143 0.24678571428571427 0.007619047619047619 0.007857142857142858
5 0.8195238095238094 0.32821428571428574 0.014285714285714285 0.007857142857142858
3 0.15238095238095237 0.5192857142857142 0.026666666666666665 0.03571428571428571
3 0.10285714285714286 0.5096428571428572 0.026666666666666665 0.03785714285714286
3 0.08 0.5117857142857143 0.02857142857142857 0.04214285714285714
3 0.026190476190476188 0.5125 0.02952380952380952 0.03785714285714286
3 0.3342857142857143 0.16392857142857142 0.04761904761904761 0.016428571428571428
8 0.31238095238095237 0.17714285714285713 0.011428571428571429 0.01
1 0.3138095238095238 0.1775 0.018095238095238095 0.009285714285714286
5 0.15857142857142856 0.1775 0.014285714285714285 0.009285714285714286
5 0.0619047619047619 0.18821428571428572 0.02095238095238095 0.007857142857142858
8 0.06047619047619047 0.18928571428571428 0.010476190476190476 0.01
7 0.9390476190476189 0.135 0.007619047619047619 0.011428571428571429
8 0.7895238095238095 0.17535714285714285 0.007619047619047619 0.007857142857142858
5 0.7895238095238095 0.17714285714285713 0.017142857142857144 0.007142857142857143
10 0.3638095238095238 0.2125 0.05523809523809523 0.019285714285714285