3 0.057333333333333326 0.27075 0.112 0.0715
11 0.10966666666666666 0.244 0.12866666666666665 0.079
3 0.14933333333333332 0.33175 0.124 0.0795
3 0.15633333333333332 0.40525 0.122 0.0755
3 0.2633333333333333 0.39825 0.092 0.0855
10 0.2673333333333333 0.33275 0.15866666666666665 0.1015
8 0.3313333333333333 0.37275 0.021333333333333333 0.0205
10 0.345 0.3015 0.13266666666666665 0.088
7 0.422 0.34625 0.026666666666666665 0.0225
8 0.3456666666666666 0.4055 0.03266666666666666 0.02
8 0.439 0.404 0.03 0.023
5 0.3516666666666666 0.40875 0.05266666666666667 0.0295
1 0.4373333333333333 0.40625 0.048 0.0215
3 0.146 0.478 0.14266666666666666 0.088
11 0.2663333333333333 0.48175 0.162 0.1035
3 0.211 0.5695 0.14733333333333332 0.069
3 0.279 0.62575 0.15666666666666665 0.0625
3 0.41666666666666663 0.5165 0.07466666666666666 0.117
8 0.3986666666666666 0.67925 0.03866666666666666 0.0265
7 0.393 0.73925 0.03 0.0205
3 0.5476666666666666 0.693 0.16466666666666666 0.113
3 0.592 0.60825 0.096 0.1325
7 0.534 0.5985 0.022666666666666665 0.014
7 0.5743333333333333 0.5345 0.03133333333333333 0.023
3 0.5973333333333333 0.462 0.104 0.108
8 0.7196666666666667 0.50375 0.028666666666666663 0.0165
7 0.582 0.33525 0.02 0.0245
11 0.681 0.3635 0.122 0.116
3 0.6723333333333332 0.3015 0.114 0.072
10 0.5866666666666667 0.302 0.1413333333333333 0.078
8 0.6566666666666666 0.262 0.02 0.02
7 0.7426666666666666 0.2345 0.016 0.03
7 0.7356666666666666 0.37325 0.014 0.0265
7 0.7633333333333333 0.362 0.02 0.021
7 0.805 0.3785 0.01933333333333333 0.026
7 0.7906666666666666 0.3485 0.018666666666666665 0.022
3 0.7523333333333333 0.692 0.15 0.115
3 0.8606666666666666 0.73675 0.07733333333333332 0.0255
11 0.8306666666666667 0.566 0.148 0.104
10 0.95275 0.33366666666666667 0.0945 0.06933333333333333
8 0.762 0.2065 0.024 0.018
1 0.7856666666666666 0.217 0.04333333333333333 0.028
7 0.7963333333333332 0.2315 0.022 0.025
7 0.7886666666666666 0.226 0.017333333333333333 0.025
8 0.839 0.1925 0.018 0.027
7 0.89 0.25075 0.02 0.0225
1 0.8366666666666667 0.19975 0.034666666666666665 0.0275
7 0.7913333333333332 0.17625 0.018666666666666665 0.0275
10 0.7806666666666666 0.12375 0.14666666666666667 0.0795
7 0.899 0.1195 0.024666666666666663 0.025
8 0.9706666666666667 0.115 0.028 0.023
5 0.973 0.11975 0.02333333333333333 0.0305
7 0.9826666666666666 0.06825 0.025333333333333333 0.0285
1 0.589 0.055 0.03666666666666667 0.027
8 0.883 0.20525 0.020666666666666663 0.0215
8 0.89 0.20425 0.014666666666666666 0.0195
5 0.8816666666666666 0.21325 0.04333333333333333 0.0225