10 0.7290609137055838 0.2525 0.10279187817258882 0.023571428571428573
3 0.725253807106599 0.23285714285714285 0.049492385786802026 0.017142857142857144
3 0.6560913705583756 0.22464285714285714 0.04060913705583756 0.016428571428571428
3 0.5989847715736041 0.21357142857142855 0.048223350253807105 0.015714285714285715
3 0.5304568527918782 0.20678571428571427 0.04568527918781726 0.015000000000000001
3 0.5526649746192893 0.2382142857142857 0.049492385786802026 0.015000000000000001
3 0.4562182741116751 0.19964285714285715 0.052030456852791875 0.015000000000000001
3 0.5234771573604061 0.1875 0.05710659898477158 0.017857142857142856
3 0.47017766497461927 0.18428571428571427 0.052030456852791875 0.014285714285714285
3 0.309010152284264 0.17928571428571427 0.052030456852791875 0.014285714285714285
3 0.19860406091370558 0.17892857142857144 0.05456852791878173 0.015000000000000001
11 0.2506345177664975 0.17892857142857144 0.052030456852791875 0.015000000000000001
3 0.13324873096446702 0.12178571428571427 0.02538071065989848 0.023571428571428573
3 0.3604060913705584 0.17964285714285713 0.05076142131979696 0.015000000000000001
3 0.4168781725888325 0.18142857142857144 0.049492385786802026 0.014285714285714285