11 0.8134517766497462 0.028214285714285713 0.06852791878172589 0.042142857142857135
11 0.38451776649746194 0.06714285714285714 0.08121827411167512 0.04
11 0.3381979695431472 0.24107142857142855 0.11040609137055836 0.039285714285714285
11 0.32614213197969544 0.2735714285714286 0.116751269035533 0.04
11 0.3217005076142132 0.30607142857142855 0.12055837563451777 0.04071428571428572
11 0.33883248730964466 0.3514285714285714 0.1269035532994924 0.04428571428571428
3 0.9460714285714286 0.40545685279187815 0.10785714285714286 0.046954314720812185
3 0.9957142857142857 0.5348984771573604 0.008571428571428572 0.0532994923857868
3 0.9689086294416244 0.15035714285714286 0.05964467005076142 0.03214285714285715
3 0.3032994923857868 0.024642857142857143 0.0634517766497462 0.03214285714285715
2 0.17639593908629442 0.07392857142857143 0.1979695431472081 0.09785714285714285
2 0.05071428571428571 0.1516497461928934 0.10142857142857142 0.11294416243654823
2 0.11548223350253807 0.44499999999999995 0.2233502538071066 0.09428571428571429
2 0.3610406091370558 0.5125 0.29314720812182743 0.09785714285714285
11 0.5120558375634517 0.12607142857142856 0.08756345177664974 0.045
5 0.5786802030456852 0.04107142857142857 0.03553299492385787 0.012142857142857141
5 0.6326142131979696 0.03071428571428571 0.026649746192893398 0.012857142857142857
8 0.574238578680203 0.03785714285714285 0.01649746192893401 0.015714285714285715
8 0.6300761421319797 0.026428571428571426 0.01649746192893401 0.011428571428571429
7 0.625 0.021071428571428567 0.019035532994923856 0.015000000000000001
3 0.21129441624365483 0.26107142857142857 0.07233502538071065 0.03642857142857143