3 0.6033333333333333 0.5571428571428572 0.052380952380952375 0.09142857142857143
3 0.7028571428571428 0.6260714285714286 0.05142857142857143 0.075
3 0.6957142857142857 0.42464285714285716 0.02952380952380952 0.030714285714285715
3 0.7528571428571429 0.3532142857142857 0.02 0.023571428571428573
3 0.7033333333333333 0.33 0.023809523809523805 0.02
11 0.7047619047619047 0.27464285714285713 0.019047619047619046 0.017857142857142856
3 0.71 0.18357142857142858 0.01238095238095238 0.007142857142857143
3 0.7119047619047619 0.1625 0.008571428571428572 0.0064285714285714285
3 0.7095238095238094 0.14785714285714285 0.007619047619047619 0.004285714285714286
3 0.7233333333333333 0.14285714285714285 0.006666666666666666 0.004285714285714286
3 0.7261904761904762 0.15678571428571428 0.010476190476190476 0.005
3 0.7195238095238095 0.11285714285714285 0.006666666666666666 0.002857142857142857
3 0.709047619047619 0.11035714285714286 0.0047619047619047615 0.0035714285714285713
3 0.7109523809523809 0.105 0.006666666666666666 0.004285714285714286
3 0.7195238095238095 0.1075 0.0047619047619047615 0.0035714285714285713
3 0.6876190476190476 0.1025 0.005714285714285714 0.0035714285714285713
3 0.6928571428571428 0.09857142857142857 0.006666666666666666 0.002857142857142857
3 0.7157142857142857 0.09964285714285714 0.0047619047619047615 0.0035714285714285713
3 0.709047619047619 0.14214285714285715 0.006666666666666666 0.004285714285714286
3 0.7109523809523809 0.1367857142857143 0.006666666666666666 0.0035714285714285713
3 0.7247619047619047 0.15071428571428572 0.009523809523809523 0.005714285714285714
2 0.6552380952380952 0.13035714285714287 0.005714285714285714 0.005
5 0.73 0.17892857142857144 0.0047619047619047615 0.0064285714285714285
5 0.8557142857142858 0.5160714285714286 0.01619047619047619 0.023571428571428573
5 0.8861904761904761 0.4421428571428571 0.014285714285714285 0.02
5 0.8276190476190475 0.32571428571428573 0.007619047619047619 0.011428571428571429
1 0.8552380952380951 0.38285714285714284 0.007619047619047619 0.011428571428571429
1 0.8723809523809524 0.38357142857142856 0.007619047619047619 0.011428571428571429
5 0.8438095238095238 0.32571428571428573 0.007619047619047619 0.011428571428571429
5 0.7666666666666666 0.175 0.0038095238095238095 0.005714285714285714
5 0.7585714285714286 0.15357142857142858 0.002857142857142857 0.004285714285714286
5 0.7538095238095237 0.1367857142857143 0.002857142857142857 0.0035714285714285713
5 0.7566666666666666 0.16142857142857142 0.002857142857142857 0.004285714285714286
7 0.7609523809523809 0.16071428571428573 0.0019047619047619048 0.004285714285714286
7 0.7671428571428571 0.15964285714285714 0.002857142857142857 0.005
11 0.9557142857142857 0.19285714285714287 0.03142857142857143 0.024285714285714285
3 0.9766666666666666 0.22071428571428572 0.03333333333333333 0.01
1 0.9657142857142857 0.6382142857142857 0.013333333333333332 0.025
1 0.9871428571428571 0.6385714285714286 0.01238095238095238 0.02
3 0.9309523809523809 0.7217857142857143 0.037142857142857144 0.055
8 0.9885714285714285 0.6278571428571429 0.017142857142857144 0.02142857142857143
8 0.966190476190476 0.6275 0.018095238095238095 0.02214285714285714
8 0.8557142857142858 0.51 0.01238095238095238 0.017142857142857144
8 0.8852380952380952 0.4367857142857143 0.010476190476190476 0.016428571428571428
8 0.8557142857142858 0.37892857142857145 0.008571428571428572 0.010714285714285714
8 0.8733333333333332 0.37892857142857145 0.007619047619047619 0.009285714285714286
8 0.8447619047619046 0.32035714285714284 0.007619047619047619 0.012142857142857143
8 0.7547619047619046 0.135 0.002857142857142857 0.002857142857142857
8 0.7585714285714286 0.1525 0.002857142857142857 0.0035714285714285713
8 0.7566666666666666 0.16071428571428573 0.002857142857142857 0.002857142857142857
8 0.7666666666666666 0.17357142857142857 0.0038095238095238095 0.002857142857142857
8 0.73 0.17785714285714285 0.0047619047619047615 0.005714285714285714
8 0.8285714285714286 0.3221428571428571 0.007619047619047619 0.01