3 0.02225 0.6946666666666667 0.0445 0.04
3 0.04075 0.6546666666666666 0.0815 0.04
3 0.096 0.62425 0.1 0.0395
3 0.1403333333333333 0.6035 0.08066666666666665 0.026
3 0.169 0.5835 0.082 0.029
3 0.217 0.55575 0.034 0.0285
3 0.30166666666666664 0.588 0.04466666666666667 0.043
3 0.129 0.556 0.03533333333333333 0.029
3 0.131 0.528 0.028666666666666663 0.025
3 0.08066666666666665 0.54475 0.03866666666666666 0.0245
3 0.03766666666666667 0.55425 0.05266666666666667 0.0255
3 0.02125 0.5906666666666667 0.0425 0.03133333333333333
3 0.225 0.5305 0.028666666666666663 0.025
3 0.264 0.49925 0.024 0.0335
3 0.3296666666666666 0.53475 0.026 0.0285
3 0.35666666666666663 0.5605 0.08133333333333333 0.026
3 0.4096666666666666 0.54325 0.06466666666666666 0.0255
3 0.36866666666666664 0.58 0.07733333333333332 0.031
3 0.3773333333333333 0.59475 0.088 0.0355
3 0.379 0.62775 0.086 0.0585
3 0.6723333333333332 0.66125 0.05533333333333333 0.0595
7 0.6743333333333332 0.7225 0.015333333333333332 0.033
7 0.6583333333333332 0.7315 0.012666666666666666 0.03
7 0.4103333333333333 0.718 0.012666666666666666 0.026
7 0.3946666666666666 0.711 0.016 0.026
7 0.3856666666666666 0.71775 0.018 0.0225
7 0.31366666666666665 0.67775 0.016666666666666663 0.0275
7 0.021666666666666664 0.51675 0.011333333333333332 0.0155
7 0.035 0.508 0.01 0.018
7 0.04433333333333333 0.52425 0.008666666666666666 0.0145
3 0.15166666666666664 0.434 0.028666666666666663 0.017
3 0.10933333333333332 0.4165 0.022666666666666665 0.015
3 0.23066666666666666 0.5015 0.026666666666666665 0.019
3 0.3303333333333333 0.492 0.022 0.023
3 0.325 0.47425 0.02333333333333333 0.0185
3 0.322 0.45725 0.021333333333333333 0.0165
3 0.319 0.4435 0.01933333333333333 0.014
3 0.315 0.42925 0.018 0.0115
3 0.3133333333333333 0.41825 0.016 0.0115
3 0.3103333333333333 0.40775 0.014 0.0115
3 0.3093333333333333 0.396 0.014666666666666666 0.009
3 0.306 0.38425 0.010666666666666666 0.0085
3 0.12933333333333333 0.39425 0.028 0.0095
3 0.13466666666666666 0.398 0.022666666666666665 0.009
3 0.14466666666666667 0.3995 0.022666666666666665 0.009
3 0.151 0.402 0.020666666666666663 0.009
3 0.15866666666666665 0.4055 0.029333333333333333 0.011
3 0.23566666666666666 0.4735 0.02733333333333333 0.023
3 0.2373333333333333 0.458 0.029333333333333333 0.018
3 0.241 0.44725 0.024666666666666663 0.0155
3 0.246 0.432 0.022666666666666665 0.017
3 0.249 0.42225 0.020666666666666663 0.0135
3 0.25466666666666665 0.40175 0.017333333333333333 0.0175
3 0.2603333333333333 0.383 0.014 0.009
3 0.2806666666666666 0.385 0.012 0.01
3 0.3033333333333333 0.37325 0.013333333333333332 0.0085
3 0.3033333333333333 0.369 0.010666666666666666 0.007
3 0.3033333333333333 0.3645 0.009333333333333332 0.006
3 0.30266666666666664 0.35675 0.008 0.0085
3 0.302 0.34875 0.008 0.0085
3 0.30066666666666664 0.34 0.008 0.007
3 0.3 0.3355 0.006666666666666666 0.004
3 0.298 0.33175 0.005333333333333333 0.0045
3 0.29733333333333334 0.326 0.004 0.004
4 0.2643333333333333 0.34875 0.022 0.0535
4 0.2763333333333333 0.311 0.05133333333333333 0.023
3 0.221 0.3525 0.020666666666666663 0.007
3 0.21166666666666667 0.352 0.01933333333333333 0.007
3 0.199 0.35 0.018 0.006
7 0.199 0.3615 0.003333333333333333 0.007
7 0.21066666666666667 0.36875 0.004 0.0075
7 0.2373333333333333 0.604 0.014666666666666666 0.02
7 0.224 0.6075 0.009333333333333332 0.017
8 0.35366666666666663 0.66625 0.016666666666666663 0.0275
5 0.35433333333333333 0.66875 0.022 0.0185
7 0.17466666666666666 0.52525 0.009333333333333332 0.0185
8 0.037 0.47275 0.008666666666666666 0.0085
4 0.7903333333333332 0.517 0.18333333333333332 0.085
5 0.6536666666666666 0.551 0.012666666666666666 0.018
10 0.705 0.579 0.07666666666666666 0.033
11 0.7646666666666666 0.59325 0.06133333333333333 0.0435
11 0.8173333333333332 0.6325 0.08 0.051
3 0.9236666666666666 0.67625 0.09 0.0425
7 0.7746666666666666 0.7275 0.010666666666666666 0.03
7 0.8703333333333333 0.72 0.015333333333333332 0.035
7 0.8616666666666666 0.72525 0.015333333333333332 0.0335
7 0.8293333333333333 0.70875 0.012 0.0255
8 0.8383333333333333 0.71325 0.012666666666666666 0.0215
5 0.8403333333333333 0.72 0.020666666666666663 0.023
5 0.6176666666666666 0.68975 0.038 0.0175
7 0.7046666666666667 0.677 0.013333333333333332 0.03
7 0.74 0.6855 0.016 0.029
7 0.769 0.68325 0.011333333333333332 0.0285
7 0.7676666666666666 0.665 0.015333333333333332 0.019
7 0.7423333333333333 0.665 0.014 0.026
7 0.82 0.671 0.009333333333333332 0.029
7 0.8403333333333333 0.67375 0.012666666666666666 0.0255
7 0.8663333333333333 0.639 0.011333333333333332 0.022
7 0.7946666666666666 0.65825 0.012 0.0185
7 0.8053333333333332 0.6685 0.012 0.027
7 0.811 0.65425 0.012666666666666666 0.0145
7 0.826 0.6655 0.010666666666666666 0.028
7 0.8243333333333333 0.6525 0.008666666666666666 0.02
7 0.8183333333333332 0.6465 0.01 0.02
8 0.8393333333333333 0.651 0.010666666666666666 0.016
8 0.8536666666666666 0.646 0.011333333333333332 0.017
8 0.944 0.63 0.014666666666666666 0.022
8 0.99925 0.6056666666666667 0.0015 0.011333333333333334
7 0.5866666666666667 0.6335 0.013333333333333332 0.022
8 0.5796666666666667 0.611 0.016666666666666663 0.016
8 0.5916666666666667 0.60425 0.012666666666666666 0.0125
8 0.5946666666666667 0.6125 0.013333333333333332 0.007
8 0.5986666666666667 0.621 0.010666666666666666 0.015
11 0.4333333333333333 0.6855 0.096 0.051
3 0.883 0.366 0.026 0.009
3 0.8046666666666666 0.3525 0.018666666666666665 0.008
3 0.8416666666666667 0.341 0.016666666666666663 0.006
3 0.8246666666666667 0.3415 0.017333333333333333 0.007
3 0.796 0.3395 0.017333333333333333 0.006
3 0.7786666666666666 0.3405 0.014666666666666666 0.007
3 0.8853333333333333 0.33925 0.016 0.0065
3 0.8383333333333333 0.3365 0.011333333333333332 0.005
3 0.736 0.34825 0.014666666666666666 0.0075
3 0.6236666666666666 0.3675 0.015333333333333332 0.01
2 0.5983333333333333 0.36075 0.026 0.0165
3 0.59 0.39525 0.025333333333333333 0.0085
10 0.5333333333333332 0.38125 0.049333333333333326 0.0125
3 0.48833333333333334 0.368 0.026 0.007
3 0.5233333333333332 0.3675 0.026666666666666665 0.007
10 0.5076666666666666 0.36025 0.02733333333333333 0.0095
4 0.4653333333333333 0.34675 0.09333333333333332 0.0375
3 0.5733333333333333 0.3565 0.022666666666666665 0.006
3 0.5593333333333332 0.3515 0.021333333333333333 0.007
10 0.5506666666666666 0.3465 0.022666666666666665 0.006
3 0.543 0.3445 0.016666666666666663 0.006
3 0.5333333333333332 0.3425 0.013333333333333332 0.005
10 0.5163333333333333 0.335 0.022 0.008
10 0.512 0.3335 0.025333333333333333 0.011