3 0.5906666666666667 0.65475 0.076 0.1265
3 0.4746666666666666 0.60275 0.07066666666666666 0.1165
9 0.978 0.18233333333333332 0.044 0.09533333333333334
9 0.948 0.074 0.05333333333333333 0.098
9 0.469 0.23325 0.05933333333333333 0.0865
3 0.96225 0.5623333333333334 0.0755 0.13533333333333333
7 0.49966666666666665 0.0205 0.02333333333333333 0.032
7 0.493 0.083 0.024666666666666663 0.031
7 0.4576666666666666 0.05925 0.026 0.0305
7 0.6073333333333333 0.0485 0.02 0.032
7 0.6706666666666666 0.143 0.024 0.03
7 0.5563333333333332 0.0905 0.026 0.022
7 0.555 0.096 0.015333333333333332 0.015
7 0.706 0.066 0.018666666666666665 0.031
5 0.6896666666666667 0.088 0.01933333333333333 0.041
5 0.6063333333333333 0.05925 0.022 0.0545
5 0.67 0.14375 0.022666666666666665 0.0455
5 0.556 0.09925 0.025333333333333333 0.0505
7 0.4766666666666666 0.16475 0.028 0.0305
7 0.4473333333333333 0.21475 0.018666666666666665 0.0205
7 0.7276666666666667 0.2705 0.020666666666666663 0.02
7 0.7473333333333333 0.29925 0.024 0.0215
8 0.4636666666666666 0.3805 0.028666666666666663 0.018
9 0.3916666666666666 0.398 0.05533333333333333 0.08
11 0.7386666666666666 0.43925 0.042666666666666665 0.0645
10 0.7446666666666666 0.579 0.06266666666666666 0.143
9 0.77 0.6995 0.092 0.047
8 0.8756666666666666 0.68025 0.03 0.0245
8 0.877 0.70525 0.024666666666666663 0.0205
7 0.7253333333333333 0.7285 0.024 0.037
5 0.6743333333333332 0.7255 0.034 0.048
7 0.7223333333333333 0.5765 0.04333333333333333 0.022
7 0.6896666666666667 0.59825 0.018 0.0215
1 0.6996666666666667 0.61125 0.01933333333333333 0.0455
9 0.8853333333333333 0.645 0.042666666666666665 0.051
10 0.8363333333333333 0.0955 0.118 0.127