3 0.8228571428571428 0.45714285714285713 0.06857142857142857 0.05
3 0.8147619047619047 0.28464285714285714 0.03142857142857143 0.025
3 0.7819047619047618 0.30857142857142855 0.04 0.025714285714285714
3 0.8390476190476189 0.2714285714285714 0.02857142857142857 0.02142857142857143
3 0.7371428571428571 0.3514285714285714 0.04952380952380952 0.037142857142857144
3 0.8585714285714285 0.25821428571428573 0.025714285714285714 0.02214285714285714
3 0.8714285714285714 0.24392857142857144 0.022857142857142857 0.019285714285714285
3 0.8838095238095237 0.23392857142857143 0.026666666666666665 0.017857142857142856
3 0.8933333333333332 0.22535714285714287 0.022857142857142857 0.017857142857142856
3 0.9057142857142857 0.21535714285714286 0.02476190476190476 0.019285714285714285
3 0.9180952380952381 0.20892857142857144 0.022857142857142857 0.015
3 0.17047619047619048 0.5089285714285714 0.11047619047619046 0.08357142857142857
9 0.9466666666666667 0.19357142857142856 0.013333333333333332 0.008571428571428572
7 0.9371428571428572 0.19 0.005714285714285714 0.012857142857142857
3 0.9190476190476189 0.19178571428571428 0.019047619047619046 0.013571428571428571
8 0.8019047619047618 0.3267857142857143 0.013333333333333332 0.016428571428571428
5 0.8019047619047618 0.3325 0.015238095238095238 0.016428571428571428