7 0.8076190476190475 0.7182142857142857 0.05333333333333333 0.062142857142857146
7 0.6714285714285714 0.6357142857142857 0.045714285714285714 0.06714285714285714
7 0.31285714285714283 0.43892857142857145 0.025714285714285714 0.03642857142857143
7 0.36476190476190473 0.41928571428571426 0.030476190476190476 0.05
7 0.4504761904761905 0.28964285714285715 0.02476190476190476 0.035
7 0.8090476190476189 0.20214285714285715 0.01238095238095238 0.02
7 0.8419047619047618 0.20035714285714284 0.015238095238095238 0.02214285714285714
7 0.8647619047619046 0.20142857142857143 0.011428571428571429 0.02142857142857143
7 0.88 0.21035714285714285 0.009523809523809523 0.023571428571428573
7 0.8904761904761904 0.2025 0.015238095238095238 0.025
7 0.8733333333333332 0.19857142857142857 0.011428571428571429 0.022857142857142857
7 0.9176190476190476 0.1875 0.01619047619047619 0.019285714285714285
7 0.9838095238095238 0.1825 0.011428571428571429 0.017857142857142856
7 0.9757142857142858 0.17464285714285716 0.01238095238095238 0.016428571428571428
3 0.17714285714285713 0.44571428571428573 0.1352380952380952 0.08857142857142856
3 0.2557142857142857 0.38 0.09428571428571429 0.06285714285714286
3 0.47333333333333333 0.5582142857142857 0.26476190476190475 0.09642857142857143
3 0.4933333333333333 0.45571428571428574 0.2076190476190476 0.06857142857142857
3 0.5228571428571429 0.34964285714285714 0.16 0.045
3 0.6166666666666666 0.30357142857142855 0.07142857142857142 0.06142857142857143
3 0.5323809523809523 0.29178571428571426 0.11428571428571428 0.035
3 0.729047619047619 0.3492857142857143 0.09619047619047619 0.07
3 0.8709523809523809 0.6182142857142857 0.15333333333333332 0.18071428571428572
3 0.9028571428571428 0.3867857142857143 0.1657142857142857 0.05928571428571429
11 0.8323809523809523 0.4735714285714286 0.10476190476190475 0.11714285714285715
11 0.5495238095238094 0.265 0.10095238095238093 0.03
11 0.5719047619047619 0.2517857142857143 0.08476190476190476 0.02642857142857143
11 0.5752380952380952 0.22714285714285715 0.07428571428571429 0.022857142857142857
3 0.5785714285714286 0.2382142857142857 0.07142857142857142 0.016428571428571428
3 0.5728571428571428 0.22035714285714286 0.09238095238095237 0.02214285714285714
3 0.5895238095238095 0.1925 0.07428571428571429 0.020714285714285713
3 0.5947619047619047 0.17857142857142858 0.05809523809523809 0.014285714285714285
3 0.598095238095238 0.1725 0.05714285714285714 0.017857142857142856
11 0.6023809523809524 0.15857142857142856 0.06 0.017142857142857144
3 0.6104761904761904 0.1467857142857143 0.04 0.013571428571428571
3 0.61 0.13785714285714284 0.04476190476190476 0.015714285714285715
3 0.5728571428571428 0.1375 0.027619047619047616 0.015
3 0.6409523809523809 0.13392857142857142 0.026666666666666665 0.015
11 0.7704761904761903 0.14285714285714285 0.043809523809523805 0.011428571428571429
3 0.7133333333333333 0.15035714285714286 0.04761904761904761 0.012142857142857143
3 0.7095238095238094 0.14392857142857143 0.0419047619047619 0.015
3 0.7066666666666667 0.13607142857142857 0.0419047619047619 0.013571428571428571
3 0.6952380952380952 0.135 0.04761904761904761 0.012857142857142857
3 0.679047619047619 0.12 0.019047619047619046 0.014285714285714285
3 0.669047619047619 0.10964285714285714 0.014285714285714285 0.009285714285714286
3 0.6642857142857143 0.10357142857142858 0.018095238095238095 0.01
4 0.6185714285714285 0.11285714285714285 0.023809523809523805 0.03
4 0.6623809523809523 0.09607142857142857 0.04285714285714286 0.009285714285714286