3 0.16095238095238093 0.25285714285714284 0.23047619047619045 0.09714285714285714
3 0.3352380952380952 0.14785714285714285 0.17714285714285713 0.07857142857142857
3 0.7652380952380952 0.22392857142857142 0.15333333333333332 0.09928571428571428
3 0.6171428571428571 0.13535714285714287 0.09142857142857143 0.08071428571428571
3 0.6419047619047619 0.045 0.07238095238095238 0.07
3 0.5019047619047619 0.07928571428571428 0.1238095238095238 0.06714285714285714
3 0.23047619047619045 0.10892857142857143 0.18095238095238095 0.07214285714285715
3 0.9628571428571429 0.14333333333333334 0.07428571428571429 0.07523809523809524
3 0.9571428571428572 0.02761904761904762 0.08571428571428572 0.05333333333333334
3 0.7517857142857143 0.021904761904761906 0.09642857142857143 0.04380952380952381
11 0.4033333333333333 0.044642857142857144 0.17619047619047618 0.08071428571428571
7 0.03142857142857143 0.056428571428571425 0.043809523809523805 0.055714285714285716
8 0.039047619047619046 0.06892857142857142 0.04952380952380952 0.045
8 0.1276190476190476 0.08214285714285714 0.05142857142857143 0.037142857142857144
8 0.07952380952380952 0.12 0.04285714285714286 0.04285714285714286
8 0.7804761904761903 0.32392857142857145 0.035238095238095235 0.045
8 0.45714285714285713 0.12285714285714286 0.03428571428571429 0.04
1 0.4619047619047619 0.13464285714285715 0.043809523809523805 0.03785714285714286
1 0.7771428571428571 0.3357142857142857 0.07809523809523809 0.045714285714285714
1 0.08428571428571428 0.12928571428571428 0.06 0.037142857142857144
1 0.12857142857142856 0.09071428571428572 0.06285714285714286 0.03142857142857143
1 0.04761904761904761 0.08035714285714286 0.06666666666666667 0.029285714285714286
7 0.8696428571428572 0.02095238095238095 0.025 0.0419047619047619
7 0.909047619047619 0.10607142857142857 0.023809523809523805 0.04642857142857143
7 0.8933333333333332 0.10035714285714285 0.026666666666666665 0.04928571428571429
7 0.9357142857142857 0.2982142857142857 0.04476190476190476 0.05785714285714286
7 0.9104761904761903 0.2914285714285714 0.030476190476190476 0.041428571428571426
7 0.9290476190476189 0.145 0.025714285714285714 0.045714285714285714