11 0.525 0.457 0.3153333333333333 0.272
7 0.36666666666666664 0.50775 0.068 0.0395
7 0.306 0.37275 0.06666666666666665 0.0615
7 0.754 0.19575 0.029333333333333333 0.0675
7 0.82 0.208 0.03866666666666666 0.074
7 0.16966666666666666 0.3415 0.086 0.057
7 0.20866666666666667 0.17325 0.044 0.0525
7 0.21566666666666665 0.1535 0.06066666666666667 0.062
7 0.07233333333333333 0.076 0.08466666666666665 0.075
7 0.1973333333333333 0.064 0.056 0.067
7 0.1943333333333333 0.04425 0.056666666666666664 0.0565
8 0.187 0.02725 0.018 0.0185
5 0.24475 0.02 0.0865 0.04
7 0.232 0.021666666666666667 0.0345 0.043333333333333335
1 0.13325 0.017333333333333333 0.0735 0.034666666666666665
3 0.3456666666666666 0.0945 0.1713333333333333 0.125
7 0.56575 0.025 0.03 0.05
7 0.7713333333333332 0.116 0.034666666666666665 0.06
7 0.8123333333333332 0.1405 0.038 0.061
7 0.84 0.161 0.042666666666666665 0.055
7 0.99025 0.3443333333333333 0.0195 0.04933333333333333
7 0.98925 0.326 0.0215 0.059333333333333335
1 0.97125 0.3626666666666667 0.0575 0.037333333333333336
8 0.99675 0.56 0.0065 0.052
1 0.97325 0.563 0.0535 0.098