7 0.6023809523809524 0.6478571428571429 0.02952380952380952 0.05285714285714286
11 0.8542857142857143 0.4135714285714286 0.08571428571428572 0.10142857142857142
3 0.9539285714285715 0.4642857142857143 0.09214285714285714 0.07428571428571429
5 0.8671428571428571 0.3460714285714286 0.027619047619047616 0.03357142857142857
1 0.7752380952380952 0.32535714285714284 0.017142857142857144 0.02214285714285714
8 0.7761904761904761 0.31285714285714283 0.015238095238095238 0.022857142857142857
7 0.7471428571428571 0.25214285714285717 0.014285714285714285 0.02857142857142857
7 0.7114285714285714 0.2860714285714286 0.013333333333333332 0.02642857142857143
7 0.7261904761904762 0.345 0.014285714285714285 0.03428571428571429
7 0.7109523809523809 0.3582142857142857 0.018095238095238095 0.030714285714285715
7 0.7142857142857143 0.3439285714285714 0.011428571428571429 0.03357142857142857
7 0.6961904761904761 0.35642857142857143 0.015238095238095238 0.032857142857142856
7 0.6961904761904761 0.3410714285714286 0.015238095238095238 0.03214285714285714
7 0.6676190476190476 0.3414285714285714 0.017142857142857144 0.03142857142857143
7 0.3628571428571429 0.4317857142857143 0.03428571428571429 0.04214285714285714
7 0.429047619047619 0.42 0.03333333333333333 0.041428571428571426
7 0.418095238095238 0.40964285714285714 0.03238095238095238 0.03785714285714286
7 0.4966666666666666 0.4007142857142857 0.023809523809523805 0.04
7 0.520952380952381 0.41464285714285715 0.02857142857142857 0.039285714285714285
7 0.5152380952380952 0.4017857142857143 0.019047619047619046 0.03357142857142857
7 0.5809523809523809 0.4042857142857143 0.017142857142857144 0.04
7 0.5676190476190476 0.3917857142857143 0.017142857142857144 0.03642857142857143
7 0.5547619047619048 0.3842857142857143 0.014285714285714285 0.03428571428571429
7 0.58 0.395 0.019047619047619046 0.03571428571428571
7 0.64 0.38607142857142857 0.017142857142857144 0.03214285714285714
7 0.6314285714285715 0.3692857142857143 0.015238095238095238 0.03571428571428571
7 0.6466666666666666 0.3717857142857143 0.019047619047619046 0.03642857142857143
7 0.6614285714285715 0.3925 0.02952380952380952 0.03785714285714286
7 0.6814285714285714 0.3817857142857143 0.014285714285714285 0.035
7 0.6676190476190476 0.3757142857142857 0.017142857142857144 0.037142857142857144
7 0.669047619047619 0.325 0.018095238095238095 0.02857142857142857
7 0.6852380952380952 0.31357142857142856 0.014285714285714285 0.032857142857142856
7 0.699047619047619 0.3132142857142857 0.015238095238095238 0.03214285714285714
7 0.6657142857142857 0.3092857142857143 0.015238095238095238 0.03
7 0.6538095238095237 0.30178571428571427 0.014285714285714285 0.030714285714285715
7 0.6452380952380952 0.2710714285714286 0.01238095238095238 0.027857142857142858
7 0.6709523809523809 0.2817857142857143 0.014285714285714285 0.030714285714285715
7 0.6880952380952381 0.28285714285714286 0.018095238095238095 0.027142857142857142
7 0.6580952380952381 0.27214285714285713 0.015238095238095238 0.03
7 0.6785714285714286 0.23214285714285715 0.010476190476190476 0.022857142857142857
7 0.6933333333333334 0.2325 0.011428571428571429 0.023571428571428573
7 0.7004761904761905 0.22964285714285715 0.008571428571428572 0.02214285714285714
7 0.7138095238095238 0.2125 0.010476190476190476 0.020714285714285713
11 0.659047619047619 0.2125 0.030476190476190476 0.025
7 0.6923809523809523 0.19642857142857142 0.007619047619047619 0.018571428571428572
7 0.7242857142857143 0.2025 0.008571428571428572 0.017857142857142856
7 0.7328571428571429 0.2032142857142857 0.008571428571428572 0.02214285714285714
7 0.7138095238095238 0.19035714285714286 0.008571428571428572 0.017857142857142856
7 0.7214285714285714 0.18928571428571428 0.008571428571428572 0.018571428571428572
7 0.7038095238095238 0.18428571428571427 0.007619047619047619 0.017142857142857144
7 0.7114285714285714 0.1825 0.007619047619047619 0.019285714285714285
7 0.6895238095238094 0.19071428571428573 0.007619047619047619 0.018571428571428572
7 0.6833333333333333 0.18 0.0047619047619047615 0.018571428571428572
7 0.6895238095238094 0.17964285714285713 0.007619047619047619 0.016428571428571428
3 0.6680952380952381 0.17392857142857143 0.027619047619047616 0.019285714285714285
4 0.6928571428571428 0.16107142857142856 0.023809523809523805 0.019285714285714285
4 0.6685714285714286 0.15142857142857144 0.022857142857142857 0.022857142857142857
7 0.6452380952380952 0.13 0.0047619047619047615 0.011428571428571429