3 0.8821892393320964 0.5266179540709813 0.05936920222634508 0.059498956158663886
3 0.9947807933194155 0.5097402597402597 0.010438413361169102 0.05473098330241188
3 0.9564007421150278 0.3361169102296451 0.04267161410018552 0.032359081419624215
3 0.9947807933194155 0.3163265306122449 0.010438413361169102 0.030612244897959183
3 0.9869519832985386 0.24489795918367346 0.026096033402922755 0.022263450834879406
3 0.6572356215213357 0.2567849686847599 0.062152133580705 0.017745302713987474
3 0.7694805194805194 0.22207724425887265 0.06586270871985157 0.0151356993736952
3 1 0.20871985157699444 0 0.01855287569573284
8 0.8538961038961039 0.2630480167014614 0.008348794063079777 0.007306889352818372
8 0.8464749536178108 0.23721294363256787 0.006493506493506493 0.005741127348643007
8 0.910482374768089 0.1766701461377871 0.006493506493506493 0.004697286012526097
8 0.9290352504638218 0.16910229645093947 0.004638218923933209 0.0062630480167014625
8 0.9452690166975881 0.1751043841336117 0.007421150278293135 0.006784968684759917
8 0.9540816326530612 0.1704070981210856 0.006493506493506493 0.005741127348643007
5 0.9090909090909091 0.18136743215031317 0.0055658627087198514 0.005741127348643007
5 0.9281076066790351 0.17327766179540713 0.004638218923933209 0.005219206680584551
5 0.9438775510204082 0.17849686847599167 0.008348794063079777 0.007306889352818372
5 0.9531539888682745 0.17562630480167016 0.006493506493506493 0.006784968684759917
5 0.8455473098330241 0.24295407098121088 0.006493506493506493 0.007828810020876828
5 0.8515769944341371 0.26957202505219213 0.009276437847866418 0.007828810020876828
5 0.9294990723562152 0.15918580375782881 0.0037105751391465673 0.005219206680584551
8 0.9304267161410018 0.15683716075156576 0.007421150278293135 0.007828810020876828