11 0.5219047619047619 0.015357142857142857 0.026666666666666665 0.029285714285714286
11 0.5566666666666666 0.03571428571428571 0.02952380952380952 0.041428571428571426
3 0.5423809523809523 0.12392857142857143 0.035238095238095235 0.047857142857142855
5 0.47333333333333333 0.09357142857142857 0.009523809523809523 0.02142857142857143
8 0.4714285714285714 0.09107142857142857 0.013333333333333332 0.015
7 0.33809523809523806 0.09321428571428571 0.017142857142857144 0.019285714285714285
11 0.41047619047619044 0.04428571428571428 0.03619047619047619 0.045714285714285714
11 0.3976190476190476 0.09892857142857144 0.04666666666666666 0.05785714285714286
3 0.3357142857142857 0.05357142857142857 0.039047619047619046 0.04285714285714286
3 0.26666666666666666 0.08535714285714285 0.07619047619047618 0.02642857142857143
3 0.2642857142857143 0.10928571428571429 0.07714285714285714 0.027142857142857142
9 0.2495238095238095 0.13107142857142856 0.05333333333333333 0.025
3 0.20238095238095236 0.2017857142857143 0.07523809523809523 0.047857142857142855
1 0.1519047619047619 0.23892857142857143 0.01238095238095238 0.019285714285714285
3 0.37857142857142856 0.1667857142857143 0.04285714285714286 0.05071428571428571
10 0.5257142857142857 0.21214285714285713 0.05523809523809523 0.07571428571428572
7 0.6052380952380951 0.3653571428571429 0.014285714285714285 0.013571428571428571
7 0.6214285714285714 0.3607142857142857 0.01238095238095238 0.012857142857142857
7 0.6323809523809524 0.37 0.009523809523809523 0.014285714285714285
9 0.2552380952380952 0.26142857142857145 0.04 0.04285714285714286
9 0.22285714285714286 0.3067857142857143 0.045714285714285714 0.035
1 0.3752380952380952 0.4064285714285714 0.03619047619047619 0.01
8 0.3723809523809523 0.405 0.015238095238095238 0.012857142857142857
3 0.0938095238095238 0.26 0.023809523809523805 0.02142857142857143
3 0.09666666666666665 0.2785714285714286 0.03142857142857143 0.015714285714285715
3 0.08476190476190476 0.2914285714285714 0.03238095238095238 0.01
3 0.08761904761904761 0.30107142857142855 0.030476190476190476 0.010714285714285714
7 0.08952380952380952 0.31142857142857144 0.02476190476190476 0.015714285714285715
7 0.10904761904761905 0.31607142857142856 0.025714285714285714 0.013571428571428571
7 0.1219047619047619 0.35964285714285715 0.02476190476190476 0.015
7 0.03095238095238095 0.3357142857142857 0.025714285714285714 0.014285714285714285
7 0.08523809523809524 0.38821428571428573 0.027619047619047616 0.015
5 0.0719047619047619 0.32821428571428574 0.04095238095238095 0.016428571428571428
11 0.056666666666666664 0.4107142857142857 0.08666666666666667 0.03571428571428571
3 0.5466666666666666 0.45071428571428573 0.09904761904761904 0.047142857142857146
7 0.014285714285714285 0.5095238095238095 0.02857142857142857 0.014285714285714285
7 0.027619047619047616 0.6010714285714286 0.026666666666666665 0.010714285714285714
7 0.09523809523809522 0.5214285714285715 0.02476190476190476 0.012857142857142857
3 0.17285714285714285 0.555 0.07142857142857142 0.07428571428571429
3 0.21523809523809523 0.6517857142857143 0.06476190476190476 0.08642857142857142
7 0.021904761904761903 0.6625 0.03428571428571429 0.010714285714285714
8 0.6823809523809523 0.5739285714285715 0.01619047619047619 0.010714285714285714
11 0.7566666666666666 0.42678571428571427 0.09047619047619047 0.030714285714285715
11 0.7385714285714285 0.47035714285714286 0.09428571428571429 0.03357142857142857
11 0.9176190476190476 0.46785714285714286 0.08476190476190476 0.032857142857142856
0 0.6704761904761904 0.6325 0.02476190476190476 0.04928571428571429