10 0.5717005076142132 0.5375 0.14086294416243655 0.03071428571428571
3 0.9435279187817259 0.41035714285714286 0.03934010152284264 0.03642857142857143
3 0.9935714285714285 0.5038071065989848 0.012857142857142857 0.04060913705583756
3 0.833756345177665 0.2889285714285714 0.030456852791878174 0.03071428571428571
10 0.7855329949238579 0.2792857142857143 0.05076142131979696 0.0642857142857143
3 0.799492385786802 0.16714285714285712 0.02538071065989848 0.022857142857142857
10 0.7626903553299493 0.16785714285714287 0.04060913705583756 0.037142857142857144
3 0.7956852791878173 0.13 0.02538071065989848 0.02
3 0.7772842639593908 0.06035714285714286 0.026649746192893398 0.020714285714285713
10 0.7310714285714286 0.014593908629441625 0.03785714285714286 0.02918781725888325
7 0.8191624365482234 0.4689285714285714 0.019035532994923856 0.024999999999999998