3 0.312 0.51875 0.10533333333333333 0.0635
3 0.3886666666666666 0.49075 0.09466666666666666 0.0495
11 0.459 0.4585 0.07533333333333334 0.057
11 0.5 0.42875 0.08266666666666665 0.0465
11 0.5316666666666666 0.3945 0.07133333333333333 0.041
3 0.5556666666666666 0.3755 0.074 0.035
3 0.58 0.36 0.068 0.03
3 0.5993333333333333 0.34225 0.06933333333333333 0.0285
3 0.6196666666666666 0.32575 0.06733333333333333 0.0255
11 0.6373333333333333 0.3085 0.058666666666666666 0.027
11 0.651 0.297 0.05 0.022
11 0.664 0.28875 0.06 0.0235
3 0.669 0.2795 0.056666666666666664 0.021
3 0.6916666666666667 0.27125 0.05133333333333333 0.0185
3 0.692 0.26075 0.049333333333333326 0.0155
3 0.705 0.254 0.04466666666666667 0.017
11 0.7136666666666667 0.244 0.04066666666666666 0.015
3 0.7203333333333333 0.23275 0.024666666666666663 0.0155
11 0.7463333333333333 0.2195 0.03266666666666666 0.013
11 0.783 0.18325 0.018 0.0115
11 0.7936666666666666 0.1755 0.02333333333333333 0.011
11 0.8043333333333332 0.16725 0.012666666666666666 0.0075
3 0.8263333333333333 0.154 0.01 0.006
8 0.8433333333333333 0.1355 0.0026666666666666666 0.003
5 0.8433333333333333 0.137 0.0026666666666666666 0.003
8 0.8473333333333333 0.1515 0.0026666666666666666 0.005
9 0.8456666666666667 0.1525 0.008666666666666666 0.005
3 0.20566666666666666 0.19275 0.026 0.0105
3 0.19266666666666665 0.186 0.025333333333333333 0.01
3 0.238 0.1875 0.025333333333333333 0.01
3 0.24333333333333332 0.18125 0.025333333333333333 0.0085
3 0.2783333333333333 0.181 0.026 0.009
11 0.3213333333333333 0.173 0.021333333333333333 0.009
11 0.3386666666666666 0.16325 0.022666666666666665 0.0075
11 0.8273333333333333 0.729 0.21333333333333332 0.041
10 0.8246666666666667 0.639 0.21333333333333332 0.107
11 0.7336666666666666 0.59025 0.14866666666666667 0.0765
3 0.7736666666666666 0.53925 0.16066666666666665 0.0485
11 0.786 0.49125 0.12666666666666665 0.0525
11 0.6496666666666666 0.49625 0.09 0.0675
3 0.7616666666666666 0.4255 0.08733333333333333 0.04
3 0.758 0.39325 0.09333333333333332 0.0345
11 0.81 0.32125 0.033333333333333326 0.0255
11 0.811 0.294 0.04466666666666667 0.023
3 0.818 0.27825 0.04666666666666666 0.0195
11 0.825 0.259 0.042 0.018
11 0.8383333333333333 0.232 0.020666666666666663 0.014
3 0.8423333333333333 0.22175 0.03266666666666666 0.0125
3 0.8423333333333333 0.21575 0.034 0.0125
3 0.8443333333333333 0.20925 0.03266666666666666 0.0115
3 0.8566666666666666 0.196 0.014666666666666666 0.011
11 0.8556666666666666 0.18775 0.024666666666666663 0.0125
3 0.8686666666666666 0.176 0.010666666666666666 0.008