3 0.22904761904761903 0.5885714285714285 0.28095238095238095 0.09142857142857143
3 0.24523809523809523 0.4957142857142857 0.25047619047619046 0.08
3 0.9810714285714286 0.5652380952380952 0.03785714285714286 0.18761904761904763
3 0.33 0.3625 0.19714285714285715 0.060714285714285714
3 0.38285714285714284 0.31642857142857145 0.17904761904761904 0.05714285714285714
3 0.3723809523809523 0.2735714285714286 0.18285714285714286 0.05142857142857143
3 0.4476190476190476 0.18142857142857144 0.13142857142857142 0.04428571428571428
11 0.479047619047619 0.12142857142857143 0.11047619047619046 0.041428571428571426
11 0.29238095238095235 0.415 0.2476190476190476 0.08142857142857143
3 0.7828571428571428 0.3335714285714286 0.18666666666666665 0.055714285714285716
3 0.7761904761904761 0.29285714285714287 0.1676190476190476 0.05285714285714286
11 0.770952380952381 0.25392857142857145 0.1495238095238095 0.05357142857142857
11 0.7723809523809523 0.21821428571428572 0.12571428571428572 0.052142857142857144
3 0.7504761904761904 0.17142857142857143 0.13333333333333333 0.041428571428571426
3 0.739047619047619 0.13107142857142856 0.11809523809523809 0.039285714285714285
3 0.7438095238095238 0.11035714285714286 0.10857142857142857 0.030714285714285715
5 0.5714285714285714 0.3142857142857143 0.02476190476190476 0.045714285714285714
7 0.7085714285714285 0.4278571428571429 0.02476190476190476 0.041428571428571426
7 0.6419047619047619 0.3142857142857143 0.02095238095238095 0.04428571428571428
7 0.6571428571428571 0.3082142857142857 0.02095238095238095 0.04214285714285714
3 0.8390476190476189 0.10678571428571429 0.045714285714285714 0.045
3 0.9817857142857143 0.07666666666666666 0.03642857142857143 0.035238095238095235
3 0.9985714285714286 0.016666666666666666 0.002857142857142857 0.024761904761904763
3 0.8252380952380952 0.07178571428571429 0.04285714285714286 0.03642857142857143
3 0.8080952380952381 0.04357142857142857 0.037142857142857144 0.03428571428571429
11 0.7366666666666666 0.04428571428571428 0.08285714285714285 0.03142857142857143
3 0.7309523809523809 0.03321428571428572 0.08476190476190476 0.025
3 0.7304761904761905 0.020714285714285713 0.06857142857142857 0.022857142857142857
3 0.7296428571428571 0.005714285714285714 0.07071428571428572 0.011428571428571429
1 0.49761904761904757 0.05607142857142857 0.035238095238095235 0.017857142857142856
1 0.6204761904761904 0.07535714285714286 0.014285714285714285 0.020714285714285713
8 0.6190476190476191 0.0675 0.013333333333333332 0.02642857142857143
1 0.4471428571428571 0.1425 0.04857142857142857 0.023571428571428573
1 0.4852380952380952 0.13892857142857143 0.04285714285714286 0.02214285714285714
8 0.42428571428571427 0.15785714285714286 0.014285714285714285 0.03
5 0.42476190476190473 0.15821428571428572 0.05142857142857143 0.02214285714285714
11 0.8 0.3796428571428571 0.21523809523809523 0.07785714285714286
8 0.5714285714285714 0.3025 0.02476190476190476 0.029285714285714286
3 0.4966666666666666 0.08821428571428572 0.09619047619047619 0.03357142857142857
1 0.8285714285714286 0.5028571428571429 0.06095238095238095 0.04428571428571428
3 0.5682142857142857 0.010952380952380953 0.07714285714285714 0.021904761904761906