10 0.8233333333333333 0.688 0.13466666666666666 0.123
10 0.7806666666666666 0.355 0.124 0.125
0 0.805 0.30675 0.02733333333333333 0.0235
3 0.796 0.2585 0.06533333333333333 0.018
11 0.858 0.24575 0.048 0.0205
11 0.9093333333333332 0.15975 0.033333333333333326 0.0115
11 0.9613333333333333 0.226 0.04533333333333333 0.016
11 0.97625 0.23066666666666666 0.0475 0.015333333333333332
10 0.9266666666666666 0.20825 0.06266666666666666 0.0265
8 0.5353333333333332 0.14575 0.004 0.0065
8 0.5443333333333332 0.14675 0.004666666666666666 0.0075
8 0.6406666666666666 0.13575 0.004 0.0055
8 0.5503333333333332 0.08675 0.002 0.0025
8 0.57 0.094 0.0013333333333333333 0.003
1 0.5353333333333332 0.14825 0.004 0.0075
1 0.5443333333333332 0.14825 0.004666666666666666 0.0065
1 0.6406666666666666 0.13775 0.004 0.0055
1 0.6753333333333332 0.14675 0.009333333333333332 0.0055
1 0.681 0.14875 0.004666666666666666 0.0065
1 0.6863333333333332 0.159 0.004666666666666666 0.007
7 0.541 0.096 0.002 0.005
3 0.5733333333333333 0.1675 0.016 0.011
11 0.5956666666666667 0.174 0.016666666666666663 0.014
10 0.6503333333333332 0.1575 0.01933333333333333 0.015
3 0.621 0.1435 0.012666666666666666 0.007
3 0.605 0.123 0.01 0.006
11 0.61 0.11425 0.009333333333333332 0.0055
10 0.5963333333333333 0.10975 0.011333333333333332 0.0085
3 0.6033333333333333 0.10525 0.008 0.0045
11 0.5906666666666667 0.10725 0.005333333333333333 0.0065
11 0.6006666666666667 0.1025 0.006666666666666666 0.005
11 0.5976666666666667 0.1005 0.006 0.004
11 0.5856666666666667 0.09975 0.006 0.0055
3 0.5903333333333333 0.10475 0.007333333333333333 0.0055
3 0.587 0.1025 0.007333333333333333 0.005
10 0.5976666666666667 0.097 0.007333333333333333 0.008
3 0.595 0.09625 0.006 0.0035
3 0.5836666666666667 0.0975 0.006 0.004
3 0.5906666666666667 0.09375 0.005333333333333333 0.0045
11 0.5816666666666667 0.0935 0.006 0.005
3 0.584 0.0915 0.005333333333333333 0.004
10 0.5943333333333333 0.09 0.006 0.006
3 0.591 0.09 0.004666666666666666 0.003
3 0.5886666666666667 0.088 0.005333333333333333 0.003
10 0.5793333333333333 0.087 0.008 0.009
3 0.5873333333333333 0.086 0.005333333333333333 0.003
3 0.5743333333333333 0.0835 0.006 0.004
3 0.5836666666666667 0.0825 0.004666666666666666 0.003
4 0.5703333333333332 0.07125 0.03266666666666666 0.0165
5 0.5703333333333332 0.09475 0.002 0.0025
5 0.55 0.08775 0.0013333333333333333 0.0025
3 0.5186666666666666 0.0585 0.008 0.003
3 0.5283333333333332 0.058 0.008666666666666666 0.003
3 0.548 0.0685 0.004 0.002
3 0.787 0.13 0.015333333333333332 0.007
11 0.791 0.1255 0.012666666666666666 0.008
11 0.7633333333333333 0.11875 0.013333333333333332 0.0045
10 0.767 0.1155 0.012666666666666666 0.007
3 0.7673333333333333 0.1025 0.006666666666666666 0.005
10 0.7723333333333332 0.10025 0.008666666666666666 0.0075
4 0.7183333333333333 0.09825 0.054 0.0265
3 0.7936666666666666 0.11925 0.015333333333333332 0.0045
11 0.7966666666666666 0.121 0.014666666666666666 0.006