3 0.337 0.59975 0.08066666666666665 0.0775
3 0.3943333333333333 0.53425 0.07133333333333333 0.0605
3 0.5466666666666666 0.5185 0.058666666666666666 0.05
3 0.517 0.58725 0.07 0.0645
3 0.4383333333333333 0.73025 0.078 0.0385
3 0.603 0.46475 0.08866666666666666 0.0305
3 0.633 0.42775 0.07666666666666666 0.0265
8 0.6583333333333332 0.43775 0.012666666666666666 0.0165
8 0.673 0.43025 0.014 0.0145
0 0.669 0.44225 0.05933333333333333 0.0185
3 0.7423333333333333 0.39825 0.03533333333333333 0.0305
3 0.8253333333333333 0.421 0.028 0.025
3 0.6126666666666666 0.31925 0.026666666666666665 0.0165
3 0.565 0.354 0.034 0.025
3 0.544 0.37325 0.036 0.0265
11 0.6646666666666666 0.3335 0.029333333333333333 0.021
3 0.651 0.356 0.03133333333333333 0.021
3 0.641 0.374 0.03266666666666666 0.022
7 0.7696666666666666 0.1985 0.002 0.007
7 0.772 0.20025 0.0026666666666666666 0.0045
8 0.7906666666666666 0.19575 0.004 0.0055
1 0.7903333333333332 0.1975 0.002 0.005
3 0.8083333333333332 0.1865 0.008666666666666666 0.006
3 0.7816666666666666 0.206 0.014 0.007
3 0.7856666666666666 0.20225 0.008666666666666666 0.0035
3 0.8076666666666666 0.202 0.01 0.007
3 0.821 0.1945 0.01 0.006
3 0.8213333333333332 0.1985 0.010666666666666666 0.006
3 0.8323333333333333 0.19975 0.016666666666666663 0.0055
3 0.7756666666666666 0.248 0.034 0.01
3 0.7623333333333333 0.2565 0.03 0.008
3 0.7763333333333332 0.25625 0.034 0.0115
3 0.7743333333333332 0.262 0.038 0.011
3 0.76 0.2665 0.042666666666666665 0.008
3 0.253 0.3635 0.04733333333333333 0.023
3 0.8576666666666666 0.151 0.011333333333333332 0.003
3 0.8873333333333333 0.15 0.008 0.003
4 0.8606666666666666 0.1465 0.017333333333333333 0.005