7 0.3882189239332096 0.4005741127348643 0.015769944341372914 0.024530271398747392
7 0.18320964749536178 0.4037056367432151 0.023191094619666047 0.0255741127348643
7 0.16372912801484227 0.4024008350730689 0.01948051948051948 0.02609603340292276
7 0.2829313543599258 0.3974425887265136 0.01484230055658627 0.024530271398747392
7 0.24953617810760667 0.40135699373695205 0.012987012987012986 0.02505219206680585
7 0.4758812615955473 0.3368997912317328 0.01484230055658627 0.01931106471816284
7 0.8520408163265305 0.35046972860125264 0.015769944341372914 0.01931106471816284
7 0.8659554730983302 0.355427974947808 0.012059369202226345 0.017745302713987474
7 0.87430426716141 0.354384133611691 0.01020408163265306 0.019832985386221295
3 0.9926931106471816 0.3325602968460111 0.014613778705636743 0.02040816326530612
7 0.6521335807050093 0.31837160751565763 0.011131725417439703 0.016701461377870565
7 0.6799628942486086 0.3157620041753654 0.009276437847866418 0.015657620041753657
7 0.6924860853432281 0.30767223382045933 0.013914656771799629 0.014091858037578288
7 0.6813543599257884 0.3063674321503132 0.01020408163265306 0.016701461377870565
7 0.6219851576994434 0.3228079331941545 0.015769944341372914 0.01722338204592902
7 0.22541743970315398 0.46216075156576203 0.02968460111317254 0.029749478079331943
7 0.22866419294990722 0.4572025052192067 0.03061224489795918 0.028183716075156576
7 0.2101113172541744 0.45146137787056373 0.01948051948051948 0.028183716075156576
7 0.21428571428571427 0.44624217118997916 0.018552875695732836 0.03131524008350731
7 0.020871985157699443 0.4467640918580376 0.013914656771799629 0.0302713987473904
4 0.08905380333951762 0.2700939457202506 0.10946196660482374 0.018267223382045932