10 0.19479695431472083 0.41214285714285714 0.22208121827411167 0.054285714285714284
10 0.23540609137055837 0.3314285714285714 0.21954314720812185 0.055714285714285716
10 0.25 0.295 0.2233502538071066 0.049999999999999996
10 0.2519035532994924 0.25785714285714284 0.18908629441624364 0.047142857142857146
10 0.2614213197969543 0.2307142857142857 0.17258883248730966 0.045714285714285714
10 0.28109137055837563 0.19714285714285715 0.1611675126903553 0.041428571428571426
10 0.31725888324873097 0.17392857142857143 0.1649746192893401 0.052142857142857144
10 0.6389593908629442 0.26857142857142857 0.19416243654822335 0.045714285714285714
10 0.600253807106599 0.41607142857142854 0.1878172588832487 0.052142857142857144
10 0.6294416243654822 0.3046428571428571 0.18527918781725888 0.053571428571428575
10 0.6440355329949239 0.20964285714285713 0.1865482233502538 0.05071428571428571
11 0.7753807106598984 0.4582142857142857 0.13959390862944163 0.042142857142857135
11 0.7956852791878173 0.2975 0.13705583756345177 0.03357142857142857
3 0.7861675126903553 0.4232142857142857 0.13578680203045684 0.03785714285714285
3 0.7988578680203046 0.3557142857142857 0.11802030456852793 0.03571428571428571
3 0.7950507614213198 0.3271428571428571 0.11802030456852793 0.030000000000000002
3 0.995 0.46573604060913704 0.01 0.07487309644670051
3 0.9878571428571429 0.27220812182741116 0.024285714285714285 0.06345177664974619
3 0.8045685279187818 0.27285714285714285 0.1269035532994924 0.030000000000000002
3 0.8064720812182741 0.2214285714285714 0.12309644670050761 0.037142857142857144
3 0.8178934010152283 0.1957142857142857 0.12055837563451777 0.02857142857142857
3 0.8172588832487309 0.15214285714285714 0.10913705583756346 0.03571428571428571
3 0.9789285714285715 0.13388324873096447 0.04214285714285714 0.0583756345177665
3 0.8147208121827412 0.11357142857142856 0.08629441624365483 0.032857142857142856