3 0.12333333333333332 0.35928571428571426 0.02952380952380952 0.024285714285714285
3 0.21333333333333332 0.4114285714285714 0.04 0.014285714285714285
11 0.26142857142857145 0.4164285714285714 0.04095238095238095 0.014285714285714285
10 0.33190476190476187 0.3782142857142857 0.04476190476190476 0.013571428571428571
3 0.5428571428571428 0.2760714285714286 0.04 0.015
3 0.5438095238095237 0.2592857142857143 0.03809523809523809 0.014285714285714285
3 0.7347619047619046 0.3914285714285714 0.035238095238095235 0.017142857142857144
3 0.74 0.3264285714285714 0.017142857142857144 0.03
3 0.8066666666666666 0.35642857142857143 0.022857142857142857 0.027142857142857142
3 0.6142857142857143 0.14142857142857143 0.019047619047619046 0.02857142857142857
3 0.5323809523809523 0.06535714285714286 0.019047619047619046 0.030714285714285715
3 0.51 0.06928571428571428 0.021904761904761903 0.03
3 0.6514285714285715 0.2825 0.03619047619047619 0.013571428571428571
3 0.6538095238095237 0.26571428571428574 0.03333333333333333 0.011428571428571429
3 0.568095238095238 0.14357142857142857 0.039047619047619046 0.017142857142857144
3 0.5104761904761904 0.12642857142857142 0.03428571428571429 0.014285714285714285
10 0.5495238095238094 0.18642857142857142 0.05333333333333333 0.02142857142857143
10 0.6571428571428571 0.25142857142857145 0.03619047619047619 0.014285714285714285
10 0.6628571428571428 0.30392857142857144 0.0419047619047619 0.013571428571428571
10 0.6552380952380952 0.3182142857142857 0.03619047619047619 0.015
11 0.6557142857142857 0.335 0.03142857142857143 0.012857142857142857
11 0.5471428571428572 0.24357142857142858 0.03333333333333333 0.012857142857142857
11 0.5857142857142857 0.24357142857142858 0.022857142857142857 0.032857142857142856
11 0.4652380952380952 0.6117857142857143 0.039047619047619046 0.016428571428571428
3 0.7704761904761903 0.5614285714285714 0.019047619047619046 0.027142857142857142
10 0.7714285714285715 0.7307142857142858 0.017142857142857144 0.037142857142857144
3 0.9504761904761904 0.5092857142857142 0.019047619047619046 0.03
3 0.9238095238095237 0.51 0.02095238095238095 0.03
10 0.9414285714285714 0.6210714285714286 0.023809523809523805 0.04214285714285714
10 0.9747619047619046 0.6417857142857143 0.035238095238095235 0.07214285714285715
10 0.9438095238095238 0.7035714285714286 0.03238095238095238 0.06428571428571428
10 0.9704761904761904 0.7110714285714286 0.022857142857142857 0.04357142857142857
7 0.9690476190476189 0.14357142857142857 0.01238095238095238 0.008571428571428572
7 0.966190476190476 0.1707142857142857 0.010476190476190476 0.007142857142857143
7 0.9747619047619046 0.3925 0.01238095238095238 0.0064285714285714285
5 0.9428571428571428 0.35 0.007619047619047619 0.011428571428571429
5 0.6676190476190476 0.3782142857142857 0.011428571428571429 0.010714285714285714
5 0.5104761904761904 0.41535714285714287 0.009523809523809523 0.012142857142857143
7 0.289047619047619 0.38107142857142856 0.01238095238095238 0.0064285714285714285
7 0.30476190476190473 0.3925 0.009523809523809523 0.0064285714285714285
7 0.2814285714285714 0.39964285714285713 0.010476190476190476 0.0064285714285714285
7 0.2176190476190476 0.3982142857142857 0.01238095238095238 0.007857142857142858
4 0.5185714285714286 0.3510714285714286 0.04666666666666666 0.06785714285714285
4 0.4466666666666666 0.37357142857142855 0.0838095238095238 0.022857142857142857