3 0.4279580152671756 0.0844062947067239 0.1402671755725191 0.05436337625178827
3 0.6006679389312977 0.1123032904148784 0.12309160305343513 0.06437768240343347
3 0.25047709923664124 0.06330472103004292 0.13454198473282442 0.0407725321888412
3 0.24570815450643776 0.023377862595419848 0.13662374821173104 0.046755725190839696
7 0.14169847328244276 0.03612303290414879 0.03530534351145038 0.033619456366237484
7 0.4804389312977099 0.13268955650929898 0.025763358778625955 0.025035765379113017
7 0.5319656488549618 0.17203147353361947 0.020038167938931296 0.03791130185979972
7 0.33778625954198477 0.2349785407725322 0.02862595419847328 0.027896995708154508
7 0.2657442748091603 0.10836909871244635 0.031488549618320615 0.032188841201716736
7 0.2738549618320611 0.10121602288984263 0.03053435114503817 0.032188841201716736
3 0.11116412213740458 0.19527896995708155 0.10209923664122138 0.09155937052932761
3 0.1875 0.21101573676680974 0.125 0.1044349070100143
3 0.26479007633587787 0.22782546494992847 0.1135496183206107 0.1022889842632332
3 0.4255725190839695 0.24785407725321887 0.09732824427480917 0.09656652360515022
3 0.5 0.25858369098712447 0.10305343511450382 0.10371959942775393
3 0.5944656488549618 0.26824034334763946 0.09541984732824428 0.10872675250357654
3 0.6669847328244275 0.2854077253218884 0.08969465648854963 0.10014306151645207
3 0.754293893129771 0.2882689556509299 0.07538167938931298 0.10157367668097282
7 0.08730916030534351 0.7285407725321889 0.042938931297709926 0.022174535050071532
7 0.8625954198473282 0.5264663805436338 0.03435114503816794 0.024320457796852647
7 0.9594465648854962 0.30329041487839775 0.021946564885496185 0.02861230329041488
7 0.8721374045801527 0.12911301859799715 0.015267175572519085 0.026466380543633764
5 0.4980916030534351 0.04935622317596566 0.04961832061068702 0.024320457796852647
7 0.7609732824427482 0.17060085836909872 0.01812977099236641 0.032188841201716736
7 0.7509541984732824 0.16917024320457796 0.011450381679389313 0.016452074391988557
7 0.8024809160305344 0.18311874105865522 0.019083969465648856 0.034334763948497854
1 0.8053435114503817 0.18204577968526467 0.04007633587786259 0.030758226037195996
6 0.7848282442748092 0.1427038626609442 0.01812977099236641 0.016452074391988557
7 0.9308206106870229 0.14592274678111586 0.021946564885496185 0.027181688125894134
7 0.9494274809160306 0.1530758226037196 0.02480916030534351 0.030042918454935626
7 0.9957081545064378 0.2719465648854962 0.008583690987124463 0.029580152671755726
1 0.85543893129771 0.29542203147353363 0.031488549618320615 0.03862660944206008
1 0.8053435114503817 0.3458512160228899 0.04580152671755725 0.036480686695278965
1 0.8520992366412214 0.2771816881258941 0.0267175572519084 0.04363376251788269
1 0.883587786259542 0.30257510729613735 0.02480916030534351 0.0357653791130186
1 0.928912213740458 0.33869814020028616 0.031488549618320615 0.04363376251788269
7 0.9946351931330472 0.21087786259541985 0.01072961373390558 0.029580152671755726
1 0.8435114503816794 0.3780400572246066 0.06106870229007634 0.027896995708154508
1 0.9060114503816794 0.4030758226037196 0.020038167938931296 0.0407725321888412
1 0.9255725190839694 0.38590844062947066 0.019083969465648856 0.04363376251788269
1 0.8926526717557252 0.34620886981402 0.029580152671755726 0.034334763948497854
1 0.9098282442748092 0.31723891273247495 0.029580152671755726 0.025035765379113017
7 0.9083969465648856 0.2964949928469242 0.019083969465648856 0.015021459227467813
1 0.8974236641221374 0.45028612303290416 0.020038167938931296 0.04506437768240343
1 0.911736641221374 0.4517167381974249 0.01431297709923664 0.04363376251788269
8 0.23807251908396945 0.6162374821173106 0.033396946564885496 0.026466380543633764
5 0.24188931297709926 0.6187410586552218 0.06965648854961833 0.027181688125894134
5 0.5305343511450382 0.4145207439198856 0.05916030534351145 0.023605150214592273
1 0.4179389312977099 0.498211731044349 0.07251908396946564 0.023605150214592273
1 0.3950381679389313 0.4835479256080114 0.04580152671755725 0.03719599427753934
1 0.4446564885496183 0.3898426323319027 0.05725190839694656 0.02145922746781116
9 0.5138358778625954 0.5143061516452075 0.058206106870229014 0.01430615164520744
1 0.607824427480916 0.5042918454935622 0.06488549618320612 0.020028612303290415
1 0.6035305343511451 0.5282546494992847 0.05248091603053435 0.022174535050071532
7 0.5620229007633588 0.4581545064377683 0.03244274809160306 0.036480686695278965
7 0.6197519083969466 0.4281115879828326 0.021946564885496185 0.030758226037195996
7 0.5825381679389313 0.43991416309012876 0.025763358778625955 0.020028612303290415
1 0.5887404580152672 0.4220314735336195 0.05152671755725191 0.032904148783977114
1 0.6913167938931298 0.44527896995708155 0.03721374045801527 0.03791130185979972
1 0.7104007633587786 0.44849785407725323 0.03530534351145038 0.0357653791130186
1 0.7313931297709924 0.4445636623748212 0.048664122137404585 0.036480686695278965
1 0.821087786259542 0.46888412017167386 0.05248091603053435 0.02932761087267525
1 0.8182251908396946 0.4803290414878398 0.048664122137404585 0.026466380543633764
1 0.737118320610687 0.5565092989985694 0.044847328244274814 0.050071530758226034
1 0.7681297709923665 0.5282546494992847 0.0534351145038168 0.05221745350500715
5 0.8034351145038168 0.5396995708154506 0.0267175572519084 0.04792560801144492
7 0.7709923664122138 0.4917739628040057 0.03435114503816794 0.023605150214592273
1 0.6650763358778626 0.5354077253218884 0.04961832061068702 0.04506437768240343
1 0.6708015267175573 0.4370529327610873 0.05152671755725191 0.0357653791130186
5 0.571087786259542 0.448140200286123 0.06202290076335878 0.022174535050071532