7 0.6385714285714286 0.4982142857142857 0.01238095238095238 0.010714285714285714
7 0.6304761904761904 0.51 0.013333333333333332 0.01
7 0.6195238095238095 0.5582142857142857 0.01619047619047619 0.007857142857142858
7 0.6338095238095237 0.5517857142857143 0.018095238095238095 0.009285714285714286
7 0.7366666666666666 0.5857142857142857 0.010476190476190476 0.01
7 0.6323809523809524 0.5903571428571428 0.017142857142857144 0.010714285714285714
3 0.5895238095238095 0.5796428571428571 0.05142857142857143 0.08642857142857142
7 0.6795238095238094 0.7328571428571429 0.014285714285714285 0.011428571428571429
7 0.7042857142857143 0.7110714285714286 0.014285714285714285 0.012142857142857143
7 0.6957142857142857 0.6778571428571428 0.014285714285714285 0.01
5 0.81 0.6753571428571429 0.025714285714285714 0.04214285714285714
4 0.8552380952380951 0.6978571428571428 0.043809523809523805 0.017142857142857144
9 0.9176190476190476 0.5275 0.07714285714285714 0.03214285714285714
7 0.7385714285714285 0.48964285714285716 0.021904761904761903 0.019285714285714285
9 0.5876190476190476 0.5139285714285714 0.04 0.02214285714285714
5 0.5876190476190476 0.4992857142857143 0.04 0.015714285714285715
1 0.5833333333333333 0.48428571428571426 0.037142857142857144 0.011428571428571429
1 0.5752380952380952 0.42214285714285715 0.030476190476190476 0.015714285714285715
3 0.6614285714285715 0.23464285714285715 0.054285714285714284 0.08071428571428571
7 0.6147619047619047 0.09892857142857144 0.01238095238095238 0.02214285714285714