3 0.3369289340101523 0.02964285714285714 0.049492385786802026 0.026428571428571426
3 0.5076142131979696 0.10535714285714286 0.05076142131979696 0.03071428571428571
3 0.5539340101522843 0.16392857142857142 0.05964467005076142 0.04071428571428572
3 0.6605329949238579 0.24035714285714285 0.08502538071065989 0.03214285714285715
3 0.7760152284263959 0.2714285714285714 0.09517766497461928 0.02142857142857143
3 0.6586294416243654 0.1932142857142857 0.06852791878172589 0.029285714285714286
3 0.7601522842639594 0.22499999999999998 0.08375634517766498 0.024285714285714282
3 0.34644670050761417 0.42428571428571427 0.07106598984771574 0.055714285714285716
11 0.5710659898477157 0.4903571428571428 0.09644670050761421 0.047857142857142855
11 0.43845177664974616 0.06142857142857142 0.05456852791878173 0.032857142857142856
3 0.8800761421319797 0.02321428571428571 0.05456852791878173 0.026428571428571426
7 0.9777918781725887 0.0775 0.013959390862944163 0.015000000000000001
7 0.8857868020304568 0.056428571428571425 0.01269035532994924 0.012857142857142857
11 0.99 0.5348984771573604 0.02 0.0532994923857868
3 0.9739285714285715 0.5532994923857868 0.052142857142857144 0.01649746192893401