10 0.9558977035490606 0.32653061224489793 0.08820459290187892 0.09925788497217068
0 0.8200371057513914 0.255741127348643 0.025974025974025972 0.032359081419624215
10 0.8956400742115027 0.18423799582463465 0.032467532467532464 0.028183716075156576
3 0.9128014842300556 0.16257828810020877 0.01484230055658627 0.008872651356993737
11 0.8376623376623377 0.13856993736951984 0.009276437847866418 0.007828810020876828
3 0.9007421150278293 0.13752609603340293 0.011131725417439703 0.006784968684759917
3 0.8794063079777364 0.13126304801670147 0.011131725417439703 0.004697286012526097
3 0.8840445269016698 0.12395615866388311 0.009276437847866418 0.004697286012526097
3 0.8974953617810759 0.12004175365344469 0.008348794063079777 0.004175365344467641
3 0.8854359925788496 0.11795407098121087 0.008348794063079777 0.004175365344467641
3 0.8831168831168831 0.11299582463465555 0.007421150278293135 0.003653444676409186
8 0.7699443413729128 0.18528183716075158 0.007421150278293135 0.007306889352818372
5 0.7699443413729128 0.1876304801670146 0.0055658627087198514 0.007828810020876828