3 0.4947519083969466 0.7296137339055794 0.16316793893129772 0.0357653791130186
3 0.02575107296137339 0.15124045801526717 0.05150214592274678 0.02767175572519084
3 0.3854961832061069 0.399856938483548 0.14312977099236643 0.05293276108726753
3 0.754293893129771 0.4821173104434907 0.16889312977099238 0.07725321888412016
3 0.9341917024320457 0.5319656488549618 0.13161659513590845 0.07824427480916031
7 0.5734732824427481 0.3623032904148784 0.0267175572519084 0.02932761087267525
7 0.8110687022900764 0.37553648068669526 0.02099236641221374 0.03719599427753934
7 0.795324427480916 0.3590844062947068 0.021946564885496185 0.034334763948497854
7 0.8501908396946566 0.34942775393419173 0.019083969465648856 0.036480686695278965
7 0.6583969465648855 0.3190271816881259 0.02099236641221374 0.032904148783977114
7 0.5543893129770993 0.32045779685264664 0.02099236641221374 0.030042918454935626
7 0.6269083969465649 0.32260371959942774 0.0133587786259542 0.0357653791130186
7 0.022900763358778626 0.2013590844062947 0.02099236641221374 0.02074391988555079
7 0.1001908396946565 0.22424892703862662 0.022900763358778626 0.022174535050071532
7 0.49093511450381677 0.25643776824034337 0.012404580152671756 0.025035765379113017
3 0.12452290076335877 0.33082975679542204 0.08683206106870228 0.03934191702432046
7 0.622614503816794 0.30364806866952787 0.012404580152671756 0.02074391988555079
7 0.6240458015267176 0.29327610872675247 0.01717557251908397 0.024320457796852647
7 0.5033396946564886 0.31223175965665234 0.021946564885496185 0.027896995708154508
5 0.2991412213740458 0.33798283261802575 0.04103053435114504 0.022174535050071532
5 0.7681297709923665 0.4059370529327611 0.05152671755725191 0.032188841201716736
5 0.6197519083969466 0.4581545064377683 0.048664122137404585 0.030758226037195996
5 0.9889127324749643 0.4508587786259542 0.022174535050071532 0.03244274809160305
5 0.9017175572519084 0.42989985693848354 0.05916030534351145 0.03719599427753934
5 0.6025763358778626 0.34120171673819744 0.01622137404580153 0.02861230329041488
1 0.5634541984732825 0.4488555078683834 0.031488549618320615 0.02074391988555079
0 0.5109732824427481 0.4352646638054363 0.07156488549618321 0.030758226037195996
7 0.5071564885496183 0.41988555078683837 0.021946564885496185 0.025751072961373394
7 0.8301526717557252 0.32546494992846925 0.011450381679389313 0.031473533619456366
7 0.734732824427481 0.36695278969957085 0.0133587786259542 0.0357653791130186
7 0.9150763358778626 0.3984263233190272 0.022900763358778626 0.04005722460658083
7 0.8201335877862596 0.31509298998569385 0.020038167938931296 0.026466380543633764
7 0.9107824427480916 0.32045779685264664 0.012404580152671756 0.025751072961373394
1 0.9946351931330472 0.39360687022900764 0.01072961373390558 0.03816793893129771
1 0.754293893129771 0.35586552217453504 0.039122137404580155 0.026466380543633764
1 0.7657442748091604 0.34835479256080115 0.042938931297709926 0.025751072961373394
1 0.7657442748091604 0.33798283261802575 0.039122137404580155 0.02932761087267525
1 0.5772900763358779 0.33476394849785407 0.02480916030534351 0.02861230329041488
5 0.5887404580152672 0.34120171673819744 0.01717557251908397 0.020028612303290415