1 0.06966666666666665 0.402 0.022 0.012
5 0.05033333333333333 0.39975 0.016666666666666663 0.0155
1 0.051666666666666666 0.41175 0.022 0.0125
5 0.033666666666666664 0.41875 0.022 0.0105
7 0.021333333333333333 0.42175 0.008 0.0095
7 0.079 0.4335 0.018 0.013
7 0.2746666666666666 0.539 0.017333333333333333 0.013
8 0.2696666666666666 0.53875 0.007333333333333333 0.0055
7 0.25266666666666665 0.5415 0.010666666666666666 0.012
7 0.437 0.51725 0.014 0.0145
7 0.114 0.54925 0.012 0.0105
8 0.07333333333333333 0.568 0.012 0.009
8 0.08133333333333333 0.5735 0.009333333333333332 0.008
8 0.088 0.6185 0.02 0.01
8 0.077 0.60975 0.020666666666666663 0.0135
8 0.062 0.59775 0.021333333333333333 0.0125
7 0.030333333333333334 0.62125 0.014 0.0085
7 0.02733333333333333 0.61475 0.018666666666666665 0.0125
11 0.29833333333333334 0.6755 0.048666666666666664 0.066
7 0.2683333333333333 0.665 0.012666666666666666 0.013
7 0.266 0.6565 0.008 0.009
3 0.897 0.7255 0.06733333333333333 0.048
3 0.7183333333333333 0.72275 0.074 0.0535
3 0.9333333333333332 0.663 0.06133333333333333 0.071
3 0.977 0.5876666666666667 0.046 0.064
3 0.99725 0.5333333333333333 0.0055 0.048666666666666664
3 0.7836666666666666 0.658 0.074 0.073
11 0.8346666666666667 0.5865 0.057333333333333326 0.057
11 0.871 0.534 0.046 0.045
3 0.9186666666666666 0.4795 0.05333333333333333 0.05
3 0.98925 0.43733333333333335 0.0215 0.042666666666666665
3 0.9553333333333333 0.43125 0.044 0.0405
3 0.98425 0.38366666666666666 0.0315 0.03266666666666666
3 0.648 0.5335 0.076 0.049
11 0.8343333333333333 0.3555 0.056666666666666664 0.028
3 0.8466666666666667 0.34025 0.052 0.0245
3 0.987 0.30466666666666664 0.026 0.021333333333333333