3 0.5119047619047619 0.7328571428571429 0.025714285714285714 0.027142857142857142
3 0.5195238095238095 0.6571428571428571 0.02 0.018571428571428572
3 0.549047619047619 0.5753571428571429 0.014285714285714285 0.010714285714285714
3 0.5276190476190475 0.5707142857142857 0.013333333333333332 0.011428571428571429
3 0.5352380952380952 0.5446428571428571 0.013333333333333332 0.009285714285714286
3 0.4852380952380952 0.5360714285714285 0.010476190476190476 0.009285714285714286
3 0.5342857142857143 0.5135714285714286 0.013333333333333332 0.007142857142857143
3 0.5471428571428572 0.5153571428571428 0.01238095238095238 0.009285714285714286
3 0.5495238095238094 0.5035714285714286 0.011428571428571429 0.008571428571428572
3 0.5023809523809524 0.4907142857142857 0.010476190476190476 0.007142857142857143
3 0.4609523809523809 0.4832142857142857 0.013333333333333332 0.007857142857142858
3 0.5128571428571429 0.4614285714285714 0.008571428571428572 0.005714285714285714
3 0.5452380952380952 0.4660714285714286 0.008571428571428572 0.0064285714285714285
3 0.5380952380952381 0.455 0.009523809523809523 0.004285714285714286
4 0.5261904761904762 0.41892857142857143 0.04666666666666666 0.047857142857142855
3 0.8123809523809523 0.5417857142857143 0.017142857142857144 0.012142857142857143
3 0.826190476190476 0.54 0.01619047619047619 0.011428571428571429
3 0.8542857142857143 0.5389285714285714 0.015238095238095238 0.010714285714285714
3 0.8342857142857143 0.5528571428571428 0.017142857142857144 0.01
3 0.8447619047619046 0.5592857142857143 0.02095238095238095 0.011428571428571429
3 0.8628571428571429 0.56 0.019047619047619046 0.012857142857142857
3 0.8814285714285715 0.5596428571428571 0.021904761904761903 0.010714285714285714
3 0.659047619047619 0.5103571428571428 0.02095238095238095 0.0064285714285714285
3 0.6680952380952381 0.5185714285714286 0.02 0.005714285714285714
3 0.9028571428571428 0.58 0.03238095238095238 0.01
3 0.8852380952380952 0.5739285714285715 0.02952380952380952 0.007857142857142858
3 0.9033333333333332 0.5853571428571429 0.03333333333333333 0.007857142857142858
3 0.9076190476190475 0.5907142857142857 0.03238095238095238 0.008571428571428572
3 0.9190476190476189 0.5971428571428572 0.03428571428571429 0.011428571428571429
3 0.9038095238095237 0.6053571428571428 0.02857142857142857 0.015
3 0.9285714285714286 0.6232142857142857 0.02857142857142857 0.015
3 0.9609523809523809 0.62 0.03809523809523809 0.017142857142857144
3 0.9428571428571428 0.6292857142857143 0.02857142857142857 0.014285714285714285
3 0.9647619047619046 0.6457142857142857 0.02857142857142857 0.017142857142857144
3 0.9323809523809523 0.5717857142857142 0.02857142857142857 0.012142857142857143
3 0.9442857142857143 0.575 0.03142857142857143 0.011428571428571429
3 0.9576190476190475 0.5810714285714286 0.02952380952380952 0.012142857142857143
3 0.9633333333333333 0.5892857142857143 0.021904761904761903 0.012857142857142857
3 0.978095238095238 0.595 0.02095238095238095 0.012857142857142857
3 0.99 0.6014285714285714 0.02 0.011428571428571429
3 0.9971428571428571 0.6095238095238096 0.005714285714285714 0.013333333333333334
10 0.11666666666666665 0.7357142857142858 0.052380952380952375 0.027142857142857142
4 0.9057142857142857 0.4860714285714286 0.06666666666666667 0.020714285714285713
3 0.6757142857142857 0.5446428571428571 0.025714285714285714 0.007857142857142858
4 0.6833333333333333 0.5542857142857143 0.023809523809523805 0.012857142857142857