3 0.484 0.24275 0.030666666666666665 0.0105
3 0.468 0.262 0.030666666666666665 0.009
3 0.49366666666666664 0.2835 0.03266666666666666 0.01
3 0.4693333333333333 0.2875 0.034666666666666665 0.012
7 0.5136666666666666 0.28625 0.004666666666666666 0.0105
3 0.484 0.2995 0.034666666666666665 0.01
3 0.47933333333333333 0.3065 0.03866666666666666 0.01
3 0.4716666666666666 0.31275 0.04066666666666666 0.0105
3 0.4696666666666666 0.3195 0.034 0.012
3 0.4643333333333333 0.333 0.03933333333333333 0.013
3 0.627 0.261 0.03133333333333333 0.01
3 0.624 0.2705 0.033333333333333326 0.01
3 0.6186666666666666 0.28125 0.033333333333333326 0.0105
3 0.5763333333333333 0.2965 0.034 0.01
11 0.572 0.302 0.030666666666666665 0.012
3 0.41133333333333333 0.17275 0.014666666666666666 0.0095
3 0.42666666666666664 0.1725 0.013333333333333332 0.01
3 0.4403333333333333 0.17325 0.014 0.0085
11 0.4536666666666666 0.1735 0.011333333333333332 0.009
3 0.4663333333333333 0.17275 0.012666666666666666 0.0075
3 0.47966666666666663 0.1735 0.011333333333333332 0.009
3 0.493 0.174 0.012666666666666666 0.009
3 0.507 0.1735 0.012666666666666666 0.01
3 0.521 0.1745 0.012666666666666666 0.009
3 0.535 0.1745 0.011333333333333332 0.009
3 0.583 0.17525 0.012666666666666666 0.0095
3 0.5956666666666667 0.17475 0.011333333333333332 0.0095
3 0.6073333333333333 0.17625 0.010666666666666666 0.0085
3 0.62 0.17725 0.012 0.0095
3 0.6336666666666666 0.1755 0.01 0.01
3 0.6486666666666666 0.1765 0.009333333333333332 0.01
3 0.6623333333333332 0.17475 0.008666666666666666 0.0095
3 0.6656666666666666 0.163 0.01 0.007
3 0.653 0.16275 0.011333333333333332 0.0075
3 0.6393333333333333 0.16225 0.010666666666666666 0.0095
3 0.6266666666666666 0.163 0.010666666666666666 0.009
3 0.602 0.16175 0.010666666666666666 0.0085
3 0.5566666666666666 0.16125 0.010666666666666666 0.0075
3 0.545 0.16125 0.01 0.0075
3 0.5236666666666666 0.16025 0.01 0.0085
3 0.5083333333333333 0.161 0.008666666666666666 0.007
3 0.49466666666666664 0.16025 0.012 0.0075
3 0.469 0.1595 0.02333333333333333 0.007
2 0.436 0.15525 0.030666666666666665 0.0115
11 0.47733333333333333 0.086 0.010666666666666666 0.01
3 0.3073333333333333 0.21175 0.025333333333333333 0.0085
3 0.3233333333333333 0.2055 0.024 0.008
3 0.417 0.418 0.04733333333333333 0.017
3 0.5806666666666667 0.43525 0.06 0.0195
3 0.6813333333333332 0.4975 0.022666666666666665 0.032
3 0.6496666666666666 0.49725 0.02333333333333333 0.0315
3 0.625 0.49425 0.026 0.0295
3 0.5183333333333333 0.4365 0.06066666666666667 0.024
3 0.5326666666666666 0.42275 0.048 0.0165
3 0.5856666666666667 0.421 0.03933333333333333 0.014
3 0.587 0.41125 0.04733333333333333 0.0145
3 0.5366666666666666 0.40975 0.048 0.0135
3 0.5436666666666666 0.4 0.03933333333333333 0.013
3 0.5913333333333333 0.40075 0.042666666666666665 0.0135
3 0.5943333333333333 0.39175 0.04066666666666666 0.0125
3 0.545 0.39125 0.04333333333333333 0.0135
3 0.553 0.3825 0.04333333333333333 0.013
3 0.5933333333333333 0.37575 0.03866666666666666 0.0135
3 0.5493333333333332 0.3735 0.04 0.012
3 0.6053333333333333 0.35825 0.04 0.0135
3 0.727 0.475 0.05133333333333333 0.017
3 0.7283333333333333 0.46225 0.054 0.0175
3 0.728 0.451 0.048 0.015
3 0.7363333333333333 0.44025 0.03933333333333333 0.0155
3 0.7326666666666666 0.42875 0.050666666666666665 0.0155
3 0.731 0.417 0.04466666666666667 0.015
3 0.7246666666666667 0.408 0.041333333333333326 0.012
3 0.723 0.389 0.04466666666666667 0.014
3 0.7236666666666667 0.37875 0.04466666666666667 0.0135
3 0.7216666666666667 0.3695 0.042 0.012
3 0.7253333333333333 0.3615 0.042666666666666665 0.012
5 0.804 0.38775 0.006666666666666666 0.0115
8 0.8046666666666666 0.38525 0.005333333333333333 0.0105
1 0.5986666666666667 0.348 0.012 0.006
8 0.599 0.34575 0.007333333333333333 0.0105
3 0.5633333333333332 0.34275 0.04 0.0125
3 0.604 0.33625 0.03733333333333333 0.0125
3 0.6053333333333333 0.329 0.04 0.011
1 0.589 0.31675 0.012666666666666666 0.0075
1 0.5856666666666667 0.31475 0.014 0.0075
8 0.5896666666666667 0.31425 0.006 0.0085
8 0.585 0.3125 0.006 0.008
1 0.38066666666666665 0.35225 0.008 0.0095
1 0.4066666666666666 0.34525 0.009333333333333332 0.0075
1 0.4026666666666666 0.34675 0.009333333333333332 0.0075
1 0.3953333333333333 0.35475 0.012 0.0095
1 0.3893333333333333 0.34975 0.008 0.0085
1 0.35466666666666663 0.26125 0.012 0.0045
7 0.924 0.35425 0.008 0.0105
3 0.9476666666666667 0.3535 0.034 0.017
3 0.9153333333333332 0.33175 0.02 0.0135
3 0.938 0.33 0.022666666666666665 0.017
3 0.907 0.31575 0.020666666666666663 0.0155
3 0.9263333333333332 0.3165 0.020666666666666663 0.015
3 0.944 0.316 0.021333333333333333 0.014
7 0.9333333333333332 0.2705 0.005333333333333333 0.008
1 0.7343333333333333 0.283 0.012666666666666666 0.006
3 0.9606666666666667 0.28725 0.018666666666666665 0.0135
3 0.9843333333333333 0.28675 0.018 0.0135
3 0.99625 0.286 0.0075 0.015333333333333332
7 0.513 0.14 0.004666666666666666 0.007
3 0.709 0.243 0.03266666666666666 0.009
3 0.7063333333333333 0.24725 0.03266666666666666 0.0095
3 0.703 0.2515 0.02733333333333333 0.008
11 0.7033333333333333 0.256 0.026666666666666665 0.011
3 0.7086666666666667 0.26175 0.033333333333333326 0.0105
3 0.7063333333333333 0.267 0.03133333333333333 0.01
3 0.7086666666666667 0.272 0.029333333333333333 0.011
3 0.707 0.27675 0.03133333333333333 0.0115
3 0.433 0.38975 0.03933333333333333 0.0135
3 0.43166666666666664 0.39925 0.03933333333333333 0.0135