3 0.30166666666666664 0.5705 0.05133333333333333 0.048
3 0.29433333333333334 0.5215 0.04333333333333333 0.036
3 0.3333333333333333 0.464 0.034666666666666665 0.028
11 0.30033333333333334 0.4795 0.034 0.038
10 0.28633333333333333 0.44825 0.04733333333333333 0.0555
2 0.348 0.42725 0.048 0.0545
3 0.29 0.41975 0.025333333333333333 0.0165
3 0.3243333333333333 0.4125 0.02333333333333333 0.019
3 0.3293333333333333 0.39425 0.024 0.0165
3 0.3273333333333333 0.38425 0.02 0.0125
3 0.3233333333333333 0.37625 0.02 0.0135
10 0.29133333333333333 0.38525 0.034666666666666665 0.0525
10 0.2886666666666666 0.3475 0.025333333333333333 0.031
10 0.36 0.321 0.014666666666666666 0.014
10 0.29 0.314 0.016 0.015
3 0.3313333333333333 0.31525 0.010666666666666666 0.0065
3 0.316 0.34175 0.010666666666666666 0.0105
8 0.2723333333333333 0.38025 0.006 0.0095
5 0.2716666666666666 0.3835 0.004666666666666666 0.011
3 0.9296666666666666 0.50275 0.066 0.0225
3 0.9046666666666666 0.49375 0.05466666666666666 0.0205
7 0.9123333333333332 0.448 0.008666666666666666 0.018
3 0.805 0.398 0.04333333333333333 0.014
3 0.8403333333333333 0.41475 0.046 0.0155
11 0.733 0.38825 0.02333333333333333 0.0165
3 0.642 0.365 0.022666666666666665 0.012
11 0.609 0.3405 0.026 0.01
3 0.5806666666666667 0.33525 0.022666666666666665 0.0075
11 0.588 0.3385 0.016 0.01
11 0.5956666666666667 0.3485 0.01933333333333333 0.011
3 0.56 0.35625 0.030666666666666665 0.0105
3 0.478 0.307 0.009333333333333332 0.005
3 0.6263333333333333 0.38075 0.038 0.0095
3 0.628 0.38575 0.04 0.0125
3 0.6353333333333333 0.38925 0.036 0.0135
3 0.6493333333333332 0.39225 0.036 0.0145
3 0.6776666666666666 0.4045 0.03666666666666667 0.01
3 0.6866666666666666 0.407 0.034666666666666665 0.01
11 0.7063333333333333 0.41125 0.038 0.0135
5 0.965 0.46525 0.01933333333333333 0.0165
5 0.9806666666666666 0.46175 0.014666666666666666 0.0145
5 0.99575 0.47633333333333333 0.0085 0.014666666666666666
4 0.302 0.2715 0.048 0.029