3 0.5977157360406091 0.024285714285714282 0.05583756345177665 0.018571428571428572
3 0.6027918781725888 0.016785714285714286 0.048223350253807105 0.015000000000000001
3 0.6110406091370558 0.008928571428571428 0.049492385786802026 0.013571428571428571
3 0.8204314720812182 0.08857142857142856 0.024111675126903553 0.024285714285714282
3 0.8381979695431473 0.11821428571428572 0.02918781725888325 0.026428571428571426
3 0.7557106598984772 0.19 0.052030456852791875 0.015714285714285715
3 0.7506345177664975 0.20071428571428573 0.05710659898477158 0.015714285714285715
3 0.75 0.21464285714285714 0.07106598984771574 0.015000000000000001
7 0.7836294416243655 0.22071428571428572 0.013959390862944163 0.01
3 0.8477157360406092 0.22464285714285714 0.02538071065989848 0.026428571428571426
3 0.75 0.25321428571428567 0.0583756345177665 0.016428571428571428
3 0.7512690355329948 0.2664285714285714 0.05583756345177665 0.017142857142857144
3 0.7449238578680203 0.2814285714285714 0.06091370558375635 0.017142857142857144
3 0.743020304568528 0.31 0.06218274111675127 0.017142857142857144
3 0.7366751269035533 0.3264285714285714 0.06472081218274112 0.017142857142857144
3 0.7303299492385787 0.3407142857142857 0.06218274111675127 0.017142857142857144
11 0.725253807106599 0.35678571428571426 0.07233502538071065 0.020714285714285713
3 0.7284263959390863 0.3907142857142857 0.07106598984771574 0.018571428571428572
3 0.7246192893401016 0.40678571428571425 0.06852791878172589 0.017857142857142856
3 0.7271573604060914 0.42571428571428566 0.07106598984771574 0.02142857142857143
3 0.7170050761421319 0.4632142857142857 0.07360406091370558 0.019285714285714285
3 0.7100253807106599 0.485 0.07487309644670051 0.02
3 0.70748730964467 0.5060714285714286 0.06979695431472081 0.019285714285714285
3 0.6935279187817259 0.5307142857142857 0.07741116751269035 0.02142857142857143
3 0.6954314720812182 0.5532142857142857 0.07868020304568528 0.016428571428571428
3 0.9073604060913705 0.5414285714285715 0.0634517766497462 0.03428571428571429
3 0.8908629441624365 0.4689285714285714 0.07360406091370558 0.019285714285714285
11 0.8908629441624365 0.4442857142857143 0.08121827411167512 0.022857142857142857
3 0.8864213197969543 0.41928571428571426 0.06979695431472081 0.02
3 0.8864213197969543 0.3996428571428571 0.07233502538071065 0.019285714285714285
3 0.8864213197969543 0.38107142857142856 0.07233502538071065 0.019285714285714285
3 0.8934010152284264 0.36321428571428566 0.06598984771573604 0.017857142857142856
3 0.8908629441624365 0.33249999999999996 0.06598984771573604 0.017857142857142856
11 0.8604060913705583 0.2632142857142857 0.027918781725888325 0.03071428571428571
3 0.09644670050761421 0.5475 0.06852791878172589 0.02214285714285714