7 0.7257142857142858 0.7246428571428571 0.02857142857142857 0.03785714285714286
7 0.7066666666666667 0.7110714285714286 0.02857142857142857 0.04357142857142857
7 0.8366666666666666 0.6578571428571428 0.039047619047619046 0.037142857142857144
7 0.868095238095238 0.6639285714285714 0.035238095238095235 0.04357142857142857
7 0.99 0.44666666666666666 0.02 0.037142857142857144
7 0.9967857142857143 0.40523809523809523 0.0064285714285714285 0.039047619047619046
7 0.6619047619047619 0.4585714285714286 0.015238095238095238 0.03428571428571429
7 0.6595238095238095 0.4446428571428571 0.021904761904761903 0.030714285714285715
7 0.7880952380952381 0.38857142857142857 0.018095238095238095 0.03571428571428571
7 0.7985714285714286 0.38285714285714284 0.02 0.03571428571428571
7 0.8042857142857143 0.3757142857142857 0.018095238095238095 0.03571428571428571
7 0.7961904761904761 0.32071428571428573 0.017142857142857144 0.03142857142857143
7 0.4719047619047619 0.27 0.01619047619047619 0.025714285714285714
7 0.4857142857142857 0.26857142857142857 0.011428571428571429 0.025714285714285714
7 0.49380952380952375 0.26857142857142857 0.01238095238095238 0.025714285714285714
7 0.3895238095238095 0.3157142857142857 0.02095238095238095 0.03
7 0.3966666666666666 0.30392857142857144 0.021904761904761903 0.029285714285714286
7 0.36809523809523803 0.3514285714285714 0.023809523809523805 0.027142857142857142
7 0.3580952380952381 0.3482142857142857 0.013333333333333332 0.02642857142857143
7 0.2742857142857143 0.3510714285714286 0.022857142857142857 0.029285714285714286
7 0.25857142857142856 0.3682142857142857 0.021904761904761903 0.027857142857142858
7 0.21333333333333332 0.3657142857142857 0.03428571428571429 0.032857142857142856
7 0.23285714285714285 0.3425 0.02952380952380952 0.035
7 0.13190476190476189 0.4253571428571429 0.03142857142857143 0.030714285714285715
7 0.10333333333333333 0.43892857142857145 0.037142857142857144 0.030714285714285715
7 0.10809523809523808 0.37392857142857144 0.039047619047619046 0.035
7 0.07619047619047618 0.32 0.03619047619047619 0.03
7 0.01892857142857143 0.2923809523809524 0.03785714285714286 0.030476190476190476
7 0.010357142857142856 0.31142857142857144 0.020714285714285713 0.02761904761904762
7 0.47333333333333333 0.24607142857142858 0.013333333333333332 0.02642857142857143
7 0.49380952380952375 0.22857142857142856 0.01238095238095238 0.022857142857142857
7 0.45476190476190476 0.23285714285714285 0.01238095238095238 0.022857142857142857
7 0.4652380952380952 0.23142857142857143 0.01238095238095238 0.022857142857142857
7 0.47285714285714286 0.23107142857142857 0.014285714285714285 0.02214285714285714
7 0.4642857142857143 0.22035714285714286 0.010476190476190476 0.016428571428571428
7 0.47333333333333333 0.21928571428571428 0.011428571428571429 0.018571428571428572
7 0.44047619047619047 0.21321428571428572 0.014285714285714285 0.023571428571428573
7 0.45190476190476186 0.20964285714285713 0.014285714285714285 0.023571428571428573
7 0.4619047619047619 0.20892857142857144 0.011428571428571429 0.020714285714285713
7 0.47238095238095235 0.20714285714285716 0.015238095238095238 0.022857142857142857
3 0.4395238095238095 0.1757142857142857 0.06571428571428571 0.02857142857142857
7 0.41952380952380947 0.1982142857142857 0.01238095238095238 0.020714285714285713
7 0.4319047619047619 0.20535714285714285 0.010476190476190476 0.019285714285714285
7 0.429047619047619 0.19678571428571429 0.010476190476190476 0.016428571428571428
7 0.44142857142857145 0.1982142857142857 0.010476190476190476 0.015
7 0.45 0.1975 0.010476190476190476 0.016428571428571428
7 0.5471428571428572 0.13714285714285715 0.010476190476190476 0.018571428571428572
7 0.5538095238095238 0.1367857142857143 0.008571428571428572 0.019285714285714285
7 0.56 0.13642857142857143 0.009523809523809523 0.02
7 0.5695238095238094 0.13714285714285715 0.011428571428571429 0.018571428571428572
7 0.5685714285714286 0.14214285714285715 0.011428571428571429 0.018571428571428572
7 0.5809523809523809 0.1425 0.009523809523809523 0.016428571428571428
7 0.5771428571428572 0.12928571428571428 0.009523809523809523 0.015714285714285715
7 0.5876190476190476 0.12785714285714286 0.009523809523809523 0.015714285714285715
7 0.5966666666666666 0.12392857142857143 0.008571428571428572 0.016428571428571428
7 0.6228571428571429 0.1357142857142857 0.009523809523809523 0.018571428571428572
7 0.6161904761904762 0.13178571428571428 0.007619047619047619 0.017857142857142856
7 0.5823809523809523 0.11178571428571428 0.010476190476190476 0.017857142857142856
4 0.5961904761904762 0.11464285714285714 0.017142857142857144 0.012142857142857143
7 0.56 0.09857142857142857 0.007619047619047619 0.017142857142857144
7 0.5533333333333333 0.09928571428571428 0.007619047619047619 0.017142857142857144
7 0.5476190476190476 0.1 0.009523809523809523 0.015714285714285715
7 0.5404761904761904 0.09964285714285714 0.008571428571428572 0.016428571428571428
7 0.5266666666666666 0.09928571428571428 0.009523809523809523 0.015714285714285715
7 0.5195238095238095 0.09785714285714285 0.008571428571428572 0.012857142857142857
7 0.5242857142857142 0.09392857142857143 0.010476190476190476 0.013571428571428571
7 0.5152380952380952 0.09285714285714286 0.007619047619047619 0.014285714285714285
7 0.5095238095238095 0.09392857142857143 0.007619047619047619 0.013571428571428571
1 0.5314285714285715 0.07785714285714286 0.009523809523809523 0.008571428571428572
8 0.5314285714285715 0.07357142857142857 0.007619047619047619 0.01
1 0.4585714285714286 0.05607142857142857 0.008571428571428572 0.007857142857142858
8 0.45714285714285713 0.0525 0.005714285714285714 0.009285714285714286
7 0.43047619047619046 0.07535714285714286 0.007619047619047619 0.012142857142857143
7 0.4342857142857143 0.07428571428571429 0.007619047619047619 0.012857142857142857
4 0.36523809523809525 0.04107142857142857 0.12285714285714286 0.06785714285714285
7 0.7747619047619047 0.11607142857142858 0.010476190476190476 0.015
7 0.8438095238095238 0.12428571428571429 0.013333333333333332 0.018571428571428572
7 0.8385714285714285 0.12142857142857143 0.010476190476190476 0.017142857142857144
7 0.8404761904761904 0.11 0.008571428571428572 0.017142857142857144
7 0.8347619047619047 0.10964285714285714 0.008571428571428572 0.016428571428571428
7 0.9204761904761903 0.10785714285714286 0.010476190476190476 0.018571428571428572
7 0.9866666666666666 0.10071428571428571 0.009523809523809523 0.017142857142857144