3 0.07033333333333333 0.45625 0.04733333333333333 0.0285
11 0.11666666666666665 0.46075 0.041333333333333326 0.0245
3 0.136 0.467 0.04533333333333333 0.026
3 0.027 0.523 0.03533333333333333 0.015
3 0.048 0.53525 0.03866666666666666 0.0225
3 0.066 0.5425 0.05333333333333333 0.031
3 0.08833333333333333 0.552 0.04333333333333333 0.027
3 0.1973333333333333 0.5755 0.044 0.032
3 0.1443333333333333 0.6155 0.056666666666666664 0.04
3 0.08566666666666665 0.66025 0.06466666666666666 0.0425
3 0.04533333333333333 0.743 0.041333333333333326 0.013
3 0.11 0.698 0.056 0.04
11 0.1953333333333333 0.733 0.052 0.033
11 0.233 0.68725 0.042 0.0395
3 0.276 0.64875 0.04666666666666666 0.0335
3 0.48066666666666663 0.37125 0.028 0.0215
3 0.49966666666666665 0.35425 0.022 0.0145
3 0.522 0.3405 0.022666666666666665 0.016
3 0.587 0.30075 0.01933333333333333 0.0145
3 0.5486666666666666 0.27325 0.018666666666666665 0.0135
3 0.5973333333333333 0.2735 0.017333333333333333 0.013
11 0.6226666666666666 0.27675 0.02 0.0145
3 0.6366666666666666 0.26875 0.017333333333333333 0.0105
3 0.64 0.227 0.016 0.012
11 0.6553333333333332 0.25475 0.02 0.0165
3 0.673 0.24925 0.015333333333333332 0.0105
3 0.683 0.2285 0.018 0.011
3 0.7033333333333333 0.229 0.013333333333333332 0.01
3 0.714 0.22025 0.016 0.0085
3 0.7243333333333333 0.215 0.015333333333333332 0.01
3 0.7253333333333333 0.207 0.013333333333333332 0.008
3 0.736 0.20825 0.012 0.0095
3 0.7303333333333333 0.197 0.014 0.009
3 0.7546666666666666 0.19725 0.014666666666666666 0.0085
3 0.763 0.1925 0.012666666666666666 0.008
3 0.771 0.18775 0.011333333333333332 0.0085
3 0.778 0.18225 0.012 0.0085
3 0.8006666666666666 0.1675 0.010666666666666666 0.008
3 0.806 0.16275 0.010666666666666666 0.0065
11 0.8203333333333332 0.16 0.012666666666666666 0.01
3 0.8233333333333333 0.146 0.008 0.007
3 0.8173333333333332 0.14275 0.008 0.0065
3 0.8306666666666667 0.1385 0.008 0.008
3 0.841 0.1385 0.007333333333333333 0.007
3 0.855 0.13175 0.007333333333333333 0.0065
3 0.833 0.1355 0.01 0.005
3 0.8363333333333333 0.133 0.007333333333333333 0.006
10 0.8426666666666667 0.128 0.012 0.011
3 0.846 0.12125 0.008 0.0055
3 0.8516666666666667 0.11675 0.006 0.0045
3 0.8546666666666666 0.113 0.008 0.005
11 0.8593333333333333 0.1065 0.008 0.007
3 0.8683333333333333 0.09875 0.007333333333333333 0.0055
3 0.8606666666666666 0.095 0.008 0.006
11 0.8603333333333333 0.09025 0.011333333333333332 0.0055
11 0.8746666666666666 0.0935 0.010666666666666666 0.007
3 0.886 0.088 0.013333333333333332 0.004
3 0.8586666666666666 0.08325 0.009333333333333332 0.0045
3 0.8696666666666666 0.081 0.006 0.004
3 0.8963333333333332 0.0805 0.006 0.004
3 0.912 0.08225 0.008 0.0035
3 0.9033333333333332 0.077 0.006666666666666666 0.006
3 0.904 0.07325 0.006666666666666666 0.0035
3 0.9063333333333332 0.072 0.007333333333333333 0.003
3 0.8906666666666666 0.06975 0.006666666666666666 0.0045
3 0.9156666666666666 0.0665 0.004666666666666666 0.004
11 0.9236666666666666 0.05575 0.006 0.0055
3 0.938 0.589 0.064 0.024
3 0.9406666666666667 0.57375 0.049333333333333326 0.0225
3 0.8636666666666666 0.57875 0.06066666666666667 0.0215
3 0.8696666666666666 0.56525 0.054 0.0235
3 0.869 0.55 0.054 0.02
3 0.7263333333333333 0.5595 0.06066666666666667 0.02
3 0.877 0.52075 0.058 0.0205
3 0.9413333333333332 0.54125 0.068 0.0275
3 0.953 0.52825 0.06066666666666667 0.0215
3 0.9483333333333333 0.5135 0.054 0.022
3 0.9466666666666667 0.5 0.05333333333333333 0.02
3 0.9503333333333333 0.4875 0.05533333333333333 0.019
3 0.8886666666666666 0.495 0.05333333333333333 0.018
3 0.8893333333333333 0.4815 0.06133333333333333 0.02
3 0.8023333333333332 0.5125 0.03266666666666666 0.029
3 0.9736666666666667 0.45725 0.05 0.0205
11 0.907 0.44975 0.04066666666666666 0.0195
11 0.923 0.41125 0.05133333333333333 0.0235
3 0.916 0.3925 0.04 0.015
3 0.9223333333333332 0.38475 0.042 0.0155
11 0.8516666666666667 0.37875 0.020666666666666663 0.0215
3 0.923 0.369 0.034 0.013
3 0.9316666666666666 0.36175 0.03666666666666667 0.0105
3 0.931 0.3545 0.03666666666666667 0.011
3 0.9403333333333332 0.34425 0.03 0.0115
3 0.944 0.3205 0.016 0.016
3 0.9586666666666667 0.31025 0.024 0.0105
3 0.9606666666666667 0.30425 0.028 0.0115
3 0.96 0.30025 0.025333333333333333 0.0095
3 0.9596666666666667 0.29525 0.026 0.0085
3 0.9536666666666667 0.28575 0.012666666666666666 0.0125
3 0.8906666666666666 0.327 0.02 0.016
3 0.8956666666666666 0.3135 0.02733333333333333 0.012
3 0.921 0.287 0.016666666666666663 0.015
11 0.9486666666666667 0.2355 0.014666666666666666 0.015