7 0.5816666666666667 0.65075 0.03533333333333333 0.0405
7 0.6976666666666667 0.5405 0.03 0.033
7 0.722 0.5255 0.026666666666666665 0.035
7 0.748 0.5095 0.022666666666666665 0.045
7 0.6726666666666666 0.48075 0.032 0.0285
7 0.9263333333333332 0.49075 0.042 0.0395
7 0.7393333333333333 0.5805 0.041333333333333326 0.036
8 0.7366666666666666 0.57475 0.016 0.0215
7 0.6986666666666667 0.6455 0.056 0.038
5 0.695 0.63875 0.07 0.0565
7 0.99725 0.431 0.0055 0.044
7 0.99025 0.38366666666666666 0.0195 0.05466666666666667
7 0.994 0.32266666666666666 0.012 0.042666666666666665
7 0.911 0.369 0.04466666666666667 0.044
7 0.9263333333333332 0.34375 0.03 0.0345
7 0.9283333333333332 0.3355 0.05266666666666667 0.045
7 0.9643333333333333 0.32975 0.028666666666666663 0.0275
7 0.9766666666666667 0.3035 0.034666666666666665 0.035
8 0.9746666666666667 0.30425 0.018666666666666665 0.0235
7 0.8943333333333332 0.274 0.03133333333333333 0.027
7 0.9203333333333332 0.27125 0.024666666666666663 0.0355
7 0.978 0.22675 0.03866666666666666 0.0245
8 0.5453333333333332 0.0295 0.026666666666666665 0.044
7 0.4343333333333333 0.6025 0.04733333333333333 0.032