7 0.07296954314720812 0.05321428571428571 0.00634517766497462 0.005
7 0.06852791878172589 0.05499999999999999 0.007614213197969543 0.004285714285714286
7 0.0634517766497462 0.053571428571428575 0.005076142131979695 0.004285714285714286
3 0.12753807106598983 0.04 0.0317258883248731 0.012857142857142857
3 0.13261421319796954 0.030000000000000002 0.0317258883248731 0.011428571428571429
3 0.13388324873096447 0.017857142857142856 0.026649746192893398 0.008571428571428572
3 0.02855329949238579 0.03571428571428571 0.0317258883248731 0.01
3 0.027284263959390865 0.030000000000000002 0.0317258883248731 0.01
3 0.02284263959390863 0.024285714285714282 0.03299492385786802 0.007142857142857143
3 0.12880710659898478 0.01 0.026649746192893398 0.008571428571428572
3 0.1313451776649746 0.005 0.0317258883248731 0.008571428571428572
3 0.021573604060913708 0.018214285714285714 0.030456852791878174 0.007857142857142858
3 0.019035532994923856 0.013571428571428571 0.027918781725888325 0.008571428571428572
3 0.02855329949238579 0.043571428571428567 0.02918781725888325 0.008571428571428572
11 0.3889593908629442 0.14214285714285715 0.019035532994923856 0.017142857142857144
11 0.399746192893401 0.12392857142857143 0.02538071065989848 0.020714285714285713
3 0.4321065989847716 0.3792857142857143 0.03680203045685279 0.01
3 0.18274111675126903 0.40499999999999997 0.04568527918781726 0.011428571428571429
3 0.2652284263959391 0.5135714285714286 0.043147208121827416 0.014285714285714285
3 0.5463197969543148 0.5282142857142857 0.03934010152284264 0.015000000000000001
3 0.6884517766497462 0.4492857142857143 0.04187817258883249 0.014285714285714285
10 0.6560913705583756 0.47107142857142853 0.06598984771573604 0.020714285714285713
3 0.8083756345177665 0.3439285714285714 0.03299492385786802 0.009285714285714286
3 0.8147208121827412 0.4096428571428571 0.03807106598984771 0.012142857142857141
3 0.8039340101522843 0.39464285714285713 0.03934010152284264 0.010714285714285714
11 0.9371827411167514 0.4139285714285714 0.04187817258883249 0.015000000000000001
11 0.8527918781725887 0.35500000000000004 0.03553299492385787 0.01
10 0.8673857868020304 0.43964285714285717 0.06979695431472081 0.020714285714285713