9 0.9123376623376622 0.23590814196242174 0.015769944341372914 0.019832985386221295
8 0.9438775510204082 0.19232776617954073 0.008348794063079777 0.007828810020876828
9 0.9448051948051948 0.194937369519833 0.013914656771799629 0.009916492693110648
9 0.9870129870129869 0.1617954070981211 0.012987012987012986 0.012526096033402925
0 0.9994780793319415 0.16048237476808905 0.0010438413361169101 0.012987012987012988
5 0.9494434137291279 0.15683716075156576 0.008348794063079777 0.006784968684759917
7 0.9406307977736549 0.15057411273486432 0.007421150278293135 0.009916492693110648
9 0.9146567717996289 0.14248434237995827 0.011131725417439703 0.008350730688935283
9 0.9072356215213357 0.13465553235908143 0.022263450834879406 0.007306889352818372
5 0.9503710575139146 0.12943632567849686 0.015769944341372914 0.0062630480167014625
7 0.9239332096474954 0.12708768267223383 0.007421150278293135 0.007828810020876828
7 0.9332096474953617 0.12656576200417538 0.007421150278293135 0.005741127348643007
5 0.9406307977736549 0.12082463465553238 0.0055658627087198514 0.006784968684759917
5 0.9494434137291279 0.12160751565762004 0.004638218923933209 0.004175365344467641
9 0.9605751391465677 0.12317327766179542 0.013914656771799629 0.009394572025052193