3 0.6547619047619048 0.055357142857142855 0.027619047619047616 0.03214285714285714
3 0.8809523809523809 0.07357142857142857 0.026666666666666665 0.024285714285714285
2 0.9867857142857143 0.40714285714285714 0.02642857142857143 0.1676190476190476
11 0.8185714285714286 0.014642857142857143 0.01619047619047619 0.020714285714285713
3 0.2342857142857143 0.04535714285714286 0.03428571428571429 0.02214285714285714
3 0.2561904761904762 0.02642857142857143 0.022857142857142857 0.03
3 0.08428571428571428 0.4057142857142857 0.10571428571428572 0.07571428571428572
3 0.1719047619047619 0.07678571428571429 0.035238095238095235 0.02214285714285714
5 0.1338095238095238 0.1775 0.027619047619047616 0.013571428571428571
5 0.08333333333333333 0.1775 0.027619047619047616 0.013571428571428571
5 0.23 0.19642857142857142 0.025714285714285714 0.018571428571428572
7 0.770952380952381 0.011428571428571429 0.008571428571428572 0.011428571428571429
7 0.41619047619047617 0.21142857142857144 0.011428571428571429 0.02
7 0.4057142857142857 0.21071428571428572 0.011428571428571429 0.02142857142857143
7 0.10714285714285714 0.30464285714285716 0.02 0.025
7 0.08809523809523809 0.3067857142857143 0.018095238095238095 0.020714285714285713
8 0.3638095238095238 0.4735714285714286 0.019047619047619046 0.015714285714285715
8 0.8628571428571429 0.12071428571428572 0.009523809523809523 0.01
8 0.9638095238095238 0.14535714285714285 0.011428571428571429 0.012142857142857143
8 0.5095238095238095 0.1357142857142857 0.007619047619047619 0.012857142857142857
7 0.9304761904761903 0.061785714285714284 0.007619047619047619 0.012142857142857143
7 0.98 0.055714285714285716 0.007619047619047619 0.012857142857142857
1 0.9623809523809523 0.14857142857142858 0.010476190476190476 0.015714285714285715
5 0.8628571428571429 0.12357142857142857 0.007619047619047619 0.014285714285714285
5 0.36476190476190473 0.48035714285714287 0.026666666666666665 0.02642857142857143
7 0.4852380952380952 0.15785714285714286 0.006666666666666666 0.017142857142857144
7 0.5995238095238095 0.06642857142857143 0.006666666666666666 0.007142857142857143
1 0.509047619047619 0.14 0.008571428571428572 0.012857142857142857
3 0.8467857142857143 0.004761904761904762 0.017142857142857144 0.009523809523809525
3 0.9982142857142857 0.04904761904761905 0.0035714285714285713 0.01904761904761905