3 0.239047619047619 0.22535714285714287 0.026666666666666665 0.03214285714285714
3 0.7666666666666666 0.2835714285714286 0.04761904761904761 0.025714285714285714
3 0.7866666666666666 0.29642857142857143 0.045714285714285714 0.02857142857142857
3 0.6371428571428571 0.45964285714285713 0.06476190476190476 0.03214285714285714
3 0.8033333333333332 0.31214285714285717 0.04666666666666666 0.03142857142857143
3 0.8257142857142857 0.3264285714285714 0.04952380952380952 0.03142857142857143
3 0.85 0.3425 0.04476190476190476 0.027857142857142858
3 0.8785714285714286 0.3557142857142857 0.04095238095238095 0.02857142857142857
3 0.8971428571428571 0.37107142857142855 0.043809523809523805 0.03214285714285714
3 0.9209523809523809 0.39321428571428574 0.04952380952380952 0.03642857142857143
11 0.8057142857142857 0.5921428571428572 0.06857142857142857 0.05857142857142857
3 0.7752380952380952 0.6228571428571429 0.05714285714285714 0.054285714285714284
3 0.7485714285714286 0.6464285714285715 0.06857142857142857 0.05285714285714286
3 0.5585714285714286 0.6432142857142857 0.050476190476190466 0.06642857142857143
3 0.5966666666666666 0.725 0.04857142857142857 0.04857142857142857
3 0.9471428571428572 0.41285714285714287 0.052380952380952375 0.037142857142857144
3 0.7704761904761903 0.23607142857142857 0.043809523809523805 0.029285714285714286
3 0.6052380952380951 0.2689285714285714 0.04476190476190476 0.017857142857142856
3 0.6185714285714285 0.31785714285714284 0.037142857142857144 0.015714285714285715
3 0.6252380952380951 0.3360714285714286 0.04476190476190476 0.015
3 0.6309523809523809 0.3585714285714286 0.04857142857142857 0.02142857142857143
3 0.6185714285714285 0.3025 0.04285714285714286 0.017857142857142856
3 0.6114285714285714 0.2842857142857143 0.05142857142857143 0.02
10 0.7652380952380952 0.185 0.050476190476190466 0.03571428571428571
5 0.30761904761904757 0.28464285714285714 0.011428571428571429 0.016428571428571428
8 0.3061904761904762 0.2825 0.010476190476190476 0.010714285714285714