3 0.1738095238095238 0.7096428571428571 0.33619047619047615 0.07928571428571428
3 0.3519047619047619 0.5853571428571429 0.32095238095238093 0.12785714285714286
3 0.5338095238095237 0.4660714285714286 0.2257142857142857 0.09928571428571428
3 0.599047619047619 0.4010714285714286 0.22095238095238093 0.08357142857142857
3 0.6885714285714286 0.3489285714285714 0.20190476190476186 0.07214285714285715
3 0.7533333333333332 0.30464285714285716 0.18095238095238095 0.06642857142857143
3 0.7871428571428571 0.2735714285714286 0.16857142857142857 0.06
3 0.8271428571428572 0.23785714285714285 0.13809523809523808 0.04285714285714286
3 0.8838095238095237 0.20392857142857143 0.1352380952380952 0.04357142857142857
3 0.9228571428571428 0.17714285714285713 0.11428571428571428 0.04285714285714286
7 0.89 0.1025 0.018095238095238095 0.04071428571428572
10 0.9447619047619047 0.12892857142857142 0.08571428571428572 0.06785714285714285
3 0.98 0.12333333333333334 0.04 0.035238095238095235