3 0.20190476190476186 0.7257142857142858 0.07047619047619047 0.047142857142857146
5 0.28 0.6917857142857143 0.03238095238095238 0.016428571428571428
5 0.44476190476190475 0.6160714285714286 0.04 0.025
3 0.4785714285714286 0.49892857142857144 0.0619047619047619 0.03785714285714286
3 0.5761904761904761 0.47285714285714286 0.05904761904761904 0.041428571428571426
5 0.5371428571428571 0.4757142857142857 0.026666666666666665 0.02142857142857143
3 0.7933333333333332 0.3417857142857143 0.05333333333333333 0.03785714285714286
3 0.6347619047619047 0.2953571428571429 0.050476190476190466 0.03642857142857143
3 0.5919047619047618 0.325 0.050476190476190466 0.03428571428571429
3 0.4942857142857143 0.38 0.04952380952380952 0.03571428571428571
3 0.2814285714285714 0.5007142857142857 0.0638095238095238 0.045714285714285714
3 0.9390476190476189 0.33071428571428574 0.05714285714285714 0.03571428571428571
11 0.8842857142857142 0.19142857142857142 0.02952380952380952 0.041428571428571426
3 0.8009523809523809 0.175 0.05523809523809523 0.03428571428571429
3 0.49761904761904757 0.7264285714285714 0.05809523809523809 0.041428571428571426
3 0.06238095238095238 0.6367857142857143 0.056190476190476187 0.03785714285714286