2 0.08964285714285715 0.048095238095238094 0.05357142857142857 0.09619047619047619
7 0.09428571428571429 0.4375 0.02095238095238095 0.007857142857142858
3 0.01 0.73 0.02 0.037142857142857144
11 0.6228571428571429 0.7242857142857143 0.03238095238095238 0.05
3 0.5638095238095238 0.7275 0.07428571428571429 0.02642857142857143
5 0.7228571428571429 0.7275 0.030476190476190476 0.017857142857142856
3 0.5914285714285714 0.6821428571428572 0.07238095238095238 0.02857142857142857
8 0.7228571428571429 0.73 0.013333333333333332 0.011428571428571429
5 0.7342857142857143 0.6964285714285714 0.017142857142857144 0.018571428571428572
5 0.7338095238095238 0.6482142857142857 0.014285714285714285 0.020714285714285713
5 0.7547619047619046 0.6439285714285714 0.021904761904761903 0.015
5 0.7438095238095238 0.6325 0.02476190476190476 0.007857142857142858
5 0.7471428571428571 0.6214285714285714 0.02952380952380952 0.01
5 0.75 0.5882142857142857 0.023809523809523805 0.012142857142857143
5 0.7352380952380951 0.5585714285714286 0.02476190476190476 0.012857142857142857
7 0.6819047619047619 0.6532142857142857 0.009523809523809523 0.012142857142857143
7 0.6938095238095238 0.6303571428571428 0.008571428571428572 0.010714285714285714
7 0.7038095238095238 0.6285714285714286 0.011428571428571429 0.008571428571428572
3 0.5695238095238094 0.65 0.06476190476190476 0.02142857142857143
3 0.5752380952380952 0.6210714285714286 0.06476190476190476 0.025
3 0.5695238095238094 0.5814285714285714 0.07047619047619047 0.022857142857142857
11 0.6023809523809524 0.5532142857142858 0.056190476190476187 0.025
3 0.5923809523809523 0.5257142857142857 0.07428571428571429 0.025714285714285714
11 0.5923809523809523 0.4689285714285714 0.06476190476190476 0.02642857142857143
5 0.589047619047619 0.49357142857142855 0.023809523809523805 0.012857142857142857
7 0.6642857142857143 0.5 0.010476190476190476 0.008571428571428572
7 0.6771428571428572 0.4928571428571429 0.011428571428571429 0.007142857142857143
7 0.6876190476190476 0.49892857142857144 0.007619047619047619 0.007857142857142858
7 0.650952380952381 0.4342857142857143 0.008571428571428572 0.008571428571428572
7 0.659047619047619 0.44 0.009523809523809523 0.005714285714285714
7 0.6047619047619047 0.4282142857142857 0.009523809523809523 0.007857142857142858
3 0.5804761904761905 0.3382142857142857 0.06952380952380952 0.02214285714285714
11 0.749047619047619 0.27285714285714285 0.0638095238095238 0.05
11 0.7561904761904761 0.30964285714285716 0.05523809523809523 0.04071428571428572
5 0.77 0.23392857142857143 0.01238095238095238 0.019285714285714285
5 0.679047619047619 0.2621428571428571 0.007619047619047619 0.008571428571428572
5 0.6338095238095237 0.23607142857142857 0.010476190476190476 0.009285714285714286
10 0.57 0.2639285714285714 0.09619047619047619 0.030714285714285715
10 0.5733333333333334 0.23035714285714284 0.09333333333333332 0.030714285714285715
10 0.5733333333333334 0.1732142857142857 0.0838095238095238 0.02642857142857143
0 0.5876190476190476 0.20214285714285715 0.04952380952380952 0.017142857142857144
7 0.5776190476190476 0.20392857142857143 0.006666666666666666 0.007857142857142858
8 0.6228571428571429 0.16428571428571428 0.009523809523809523 0.007142857142857143
0 0.6128571428571429 0.12107142857142857 0.039047619047619046 0.025
8 0.6242857142857143 0.12285714285714286 0.008571428571428572 0.008571428571428572
7 0.6319047619047619 0.14142857142857143 0.014285714285714285 0.008571428571428572
7 0.5566666666666666 0.09964285714285714 0.008571428571428572 0.009285714285714286
7 0.6285714285714286 0.10071428571428571 0.009523809523809523 0.01
5 0.7609523809523809 0.12964285714285714 0.02476190476190476 0.010714285714285714
7 0.6133333333333333 0.030714285714285715 0.013333333333333332 0.012857142857142857
7 0.5638095238095238 0.0625 0.007619047619047619 0.010714285714285714
7 0.5642857142857143 0.05392857142857143 0.010476190476190476 0.010714285714285714
0 0.5523809523809523 0.06321428571428571 0.022857142857142857 0.025
8 0.6447619047619048 0.024285714285714285 0.009523809523809523 0.01
7 0.5476190476190476 0.033928571428571426 0.011428571428571429 0.012142857142857143
7 0.5561904761904761 0.02642857142857143 0.011428571428571429 0.012857142857142857