7 0.1794990723562152 0.5427974947807934 0.01020408163265306 0.015657620041753657
8 0.13729128014842298 0.5540187891440501 0.018552875695732836 0.012004175365344469
7 0.08487940630797773 0.42406054279749483 0.013914656771799629 0.01304801670146138
7 0.0974025974025974 0.4258872651356994 0.01484230055658627 0.009394572025052193
0 0.099721706864564 0.3008872651356994 0.05102040816326531 0.01931106471816284
0 0.0398886827458256 0.06863256784968685 0.03153988868274583 0.01304801670146138
7 0.03153988868274583 0.024269311064718167 0.011131725417439703 0.007828810020876828
7 0.08163265306122448 0.016701461377870565 0.009276437847866418 0.008350730688935283
3 0.5742115027829313 0.08768267223382048 0.04638218923933209 0.013569937369519834
3 0.5909090909090908 0.10360125260960334 0.04452690166975881 0.014091858037578288
3 0.6099257884972171 0.1163883089770355 0.05287569573283859 0.014613778705636744
3 0.6196660482374768 0.12317327766179542 0.05380333951762523 0.014613778705636744
3 0.6280148423005566 0.13074112734864302 0.04823747680890538 0.0151356993736952
3 0.6326530612244897 0.13856993736951984 0.04823747680890538 0.016179540709812108
11 0.6716141001855288 0.16022964509394572 0.04823747680890538 0.015657620041753657
3 0.6781076066790351 0.16884133611691024 0.057513914656771796 0.01722338204592902
3 0.7397959183673469 0.19519832985386223 0.05844155844155843 0.016701461377870565
3 0.7379406307977736 0.21320459290187893 0.05844155844155843 0.021398747390396662
7 0.7583487940630798 0.2507828810020877 0.006493506493506493 0.01304801670146138
8 0.7690166975881261 0.25626304801670147 0.007421150278293135 0.007306889352818372
8 0.7806122448979591 0.25704592901878914 0.012059369202226345 0.005741127348643007
8 0.786178107606679 0.2523486430062631 0.012059369202226345 0.006784968684759917
8 0.7717996289424861 0.2507828810020877 0.009276437847866418 0.005741127348643007
11 0.8668831168831168 0.30793319415448855 0.06029684601113172 0.02505219206680585
11 0.8418367346938775 0.29331941544885176 0.05473098330241187 0.024008350730688938
3 0.8232838589981447 0.4339770354906055 0.08998144712430427 0.03392484342379959
9 0.9508348794063078 0.3596033402922756 0.04638218923933209 0.024008350730688938
8 0.7467532467532467 0.23930062630480167 0.009276437847866418 0.009916492693110648
5 0.8135435992578849 0.24034446764091863 0.011131725417439703 0.01096033402922756
3 0.5435992578849722 0.2194676409185804 0.055658627087198514 0.021398747390396662
3 0.38775510204081626 0.06158663883089771 0.03710575139146567 0.011482254697286014
7 0.38729128014842296 0.027661795407098125 0.006493506493506493 0.008350730688935283
8 0.3812615955473098 0.025313152400835075 0.0055658627087198514 0.006784968684759917
3 0.5435992578849722 0.012526096033402925 0.03153988868274583 0.010438413361169102