3 0.040357142857142855 0.4004761904761905 0.08071428571428571 0.10952380952380952
3 0.3433333333333333 0.7271428571428571 0.06 0.041428571428571426
3 0.4361904761904762 0.7289285714285715 0.05523809523809523 0.039285714285714285
3 0.9496428571428571 0.029523809523809525 0.06285714285714286 0.05904761904761905
3 0.8867857142857143 0.02619047619047619 0.05714285714285714 0.05238095238095238
11 0.8242857142857143 0.02666666666666667 0.06 0.05333333333333334
11 0.7353571428571428 0.02619047619047619 0.07785714285714286 0.05238095238095238
11 0.9932142857142857 0.023809523809523808 0.013571428571428571 0.047619047619047616
3 0.24464285714285713 0.05285714285714286 0.08214285714285714 0.10571428571428572
3 0.1895238095238095 0.2357142857142857 0.07428571428571429 0.10857142857142857
3 0.3176190476190476 0.35 0.08285714285714285 0.09571428571428571
3 0.31190476190476185 0.5392857142857143 0.06571428571428571 0.10285714285714286
3 0.24476190476190474 0.655 0.0838095238095238 0.11
3 0.6295238095238095 0.1432142857142857 0.13904761904761903 0.04928571428571429
7 0.6895238095238094 0.15964285714285714 0.011428571428571429 0.017857142857142856
7 0.7 0.18178571428571427 0.013333333333333332 0.023571428571428573
3 0.7361904761904761 0.21107142857142858 0.06476190476190476 0.09642857142857143
3 0.8014285714285714 0.2092857142857143 0.056190476190476187 0.09714285714285714
3 0.6238095238095237 0.09 0.1276190476190476 0.045714285714285714
3 0.6176190476190476 0.037142857142857144 0.14 0.054285714285714284
11 0.49 0.1417857142857143 0.0676190476190476 0.08785714285714286
11 0.9276190476190476 0.4139285714285714 0.10857142857142857 0.03785714285714286
11 0.9557142857142857 0.4695238095238095 0.08857142857142856 0.0419047619047619
3 0.9857142857142858 0.19666666666666666 0.02857142857142857 0.10095238095238095
3 0.9380952380952381 0.19857142857142857 0.06666666666666667 0.09857142857142857
3 0.8714285714285714 0.20285714285714285 0.07619047619047618 0.10714285714285714
4 0.8676190476190475 0.345 0.03619047619047619 0.01
4 0.3223809523809524 0.13714285714285715 0.02952380952380952 0.037142857142857144
4 0.3595238095238095 0.09964285714285714 0.027619047619047616 0.03357142857142857
4 0.09333333333333332 0.29035714285714287 0.04 0.03785714285714286
7 0.3966666666666666 0.056428571428571425 0.014285714285714285 0.02
7 0.5257142857142857 0.05785714285714286 0.017142857142857144 0.02857142857142857
7 0.5809523809523809 0.24214285714285713 0.017142857142857144 0.017142857142857144
7 0.5614285714285714 0.31642857142857145 0.014285714285714285 0.015714285714285715
7 0.6642857142857143 0.3032142857142857 0.01238095238095238 0.010714285714285714
7 0.6195238095238095 0.23964285714285713 0.018095238095238095 0.016428571428571428
7 0.6461904761904762 0.2332142857142857 0.014285714285714285 0.017857142857142856
9 0.4019047619047619 0.045 0.05142857142857143 0.05857142857142857
9 0.409047619047619 0.17642857142857143 0.050476190476190466 0.06285714285714286
8 0.4009523809523809 0.15571428571428572 0.017142857142857144 0.02
8 0.5219047619047619 0.2792857142857143 0.017142857142857144 0.011428571428571429
8 0.6133333333333333 0.2067857142857143 0.009523809523809523 0.012142857142857143
8 0.6176190476190476 0.18964285714285714 0.018095238095238095 0.015
8 0.5138095238095237 0.21678571428571428 0.02 0.017857142857142856
7 0.4657142857142857 0.21321428571428572 0.017142857142857144 0.019285714285714285
7 0.6757142857142857 0.2782142857142857 0.018095238095238095 0.013571428571428571
7 0.6709523809523809 0.2914285714285714 0.02 0.012857142857142857
4 0.4876190476190476 0.30428571428571427 0.030476190476190476 0.014285714285714285
7 0.5909523809523809 0.39464285714285713 0.018095238095238095 0.013571428571428571
7 0.5704761904761905 0.3846428571428571 0.017142857142857144 0.016428571428571428
9 0.5014285714285714 0.2885714285714286 0.0676190476190476 0.041428571428571426
9 0.7066666666666667 0.2907142857142857 0.07619047619047618 0.027142857142857142
7 0.7357142857142858 0.6439285714285714 0.02 0.02642857142857143
7 0.7352380952380951 0.5771428571428572 0.019047619047619046 0.018571428571428572
7 0.6261904761904762 0.4907142857142857 0.02 0.014285714285714285
7 0.6795238095238094 0.5485714285714286 0.025714285714285714 0.015714285714285715