3 0.5145939086294417 0.4289285714285714 0.05456852791878173 0.043571428571428567
3 0.574238578680203 0.29214285714285715 0.03934010152284264 0.03142857142857143
3 0.9029187817258884 0.3096428571428571 0.03680203045685279 0.03642857142857143
3 0.649746192893401 0.22464285714285714 0.03553299492385787 0.029285714285714286
11 0.8864213197969543 0.21107142857142858 0.03680203045685279 0.034999999999999996
3 0.7741116751269036 0.1425 0.030456852791878174 0.024999999999999998
3 0.6694162436548223 0.1392857142857143 0.0317258883248731 0.02142857142857143
3 0.7125634517766498 0.11928571428571427 0.02918781725888325 0.02142857142857143
11 0.6211928934010152 0.16178571428571428 0.03680203045685279 0.026428571428571426
3 0.674492385786802 0.09214285714285714 0.02918781725888325 0.02
3 0.6440355329949239 0.0642857142857143 0.026649746192893398 0.017142857142857144
3 0.7189086294416244 0.04107142857142857 0.024111675126903553 0.017857142857142856
3 0.6802030456852791 0.026785714285714288 0.02538071065989848 0.016428571428571428
10 0.6535532994923858 0.009642857142857142 0.04568527918781726 0.016428571428571428
3 0.9928571428571429 0.03934010152284264 0.014285714285714285 0.012690355329949238