3 0.7080152671755725 0.43741058655221743 0.11068702290076335 0.06795422031473534
3 0.9446564885496184 0.3708869814020029 0.08969465648854963 0.0636623748211731
3 0.8959923664122138 0.6634477825464951 0.15076335877862596 0.08512160228898427
3 0.9266809728183119 0.7175572519083969 0.14663805436337626 0.060114503816793896
11 0.7767175572519084 0.402002861230329 0.08015267175572519 0.07439198855507868
3 0.8998091603053436 0.3841201716738198 0.08778625954198474 0.06294706723891273
3 0.9842632331902719 0.366412213740458 0.031473533619456366 0.06393129770992366
3 0.795324427480916 0.2113733905579399 0.07538167938931298 0.026466380543633764
3 0.22328244274809161 0.27467811158798283 0.09732824427480917 0.030042918454935626
3 0.08730916030534351 0.22389127324749641 0.09255725190839695 0.03719599427753934
3 0.1851145038167939 0.11659513590844063 0.04770992366412214 0.024320457796852647
3 0.06965648854961833 0.09227467811158799 0.03244274809160306 0.020028612303290415
7 0.15028625954198474 0.1452074391988555 0.01431297709923664 0.020028612303290415
3 0.20610687022900764 0.25 0.08587786259541985 0.032188841201716736
3 0.03625954198473282 0.08226037195994278 0.03053435114503817 0.01859799713876967
7 0.010019083969465648 0.14699570815450644 0.012404580152671756 0.01931330472103004
7 0.17700381679389313 0.6405579399141631 0.039122137404580155 0.035050071530758224
7 0.08730916030534351 0.6831187410586552 0.042938931297709926 0.027181688125894134
7 0.28625954198473286 0.694206008583691 0.03244274809160306 0.035050071530758224
7 0.5248091603053435 0.3111587982832618 0.015267175572519085 0.030042918454935626
7 0.5801526717557252 0.27539341917024324 0.019083969465648856 0.020028612303290415
7 0.4541984732824428 0.6241058655221746 0.0267175572519084 0.025035765379113017
7 0.4470419847328244 0.607653791130186 0.02385496183206107 0.027896995708154508
3 0.5877862595419847 0.23032904148783978 0.08587786259541985 0.024320457796852647
3 0.508587786259542 0.21530758226037194 0.05152671755725191 0.04005722460658083
3 0.4699427480916031 0.15486409155937053 0.06202290076335878 0.016452074391988557
11 0.42032442748091603 0.19062947067238914 0.10209923664122138 0.033619456366237484
11 0.5782442748091603 0.1838340486409156 0.08015267175572519 0.032904148783977114
11 0.35353053435114506 0.10622317596566525 0.027671755725190837 0.035050071530758224
7 0.3525763358778626 0.13125894134477828 0.01431297709923664 0.0178826895565093
3 0.23330152671755724 0.013590844062947067 0.01812977099236641 0.01430615164520744
7 0.3373091603053435 0.10765379113018597 0.008587786259541985 0.01072961373390558
3 0.34064885496183206 0.04184549356223176 0.019083969465648856 0.015021459227467813
3 0.3301526717557252 0.025393419170243205 0.01717557251908397 0.013590844062947067
3 0.3368320610687023 0.015379113018597998 0.01717557251908397 0.012160228898426323
5 0.45229007633587787 0.12875536480686695 0.02480916030534351 0.011444921316165951
0 0.34208015267175573 0.15593705293276108 0.04103053435114504 0.01859799713876967
8 0.35162213740458015 0.15343347639484978 0.012404580152671756 0.015021459227467813
7 0.6245229007633588 0.3236766809728183 0.012404580152671756 0.025035765379113017
7 0.9508587786259542 0.0894134477825465 0.0066793893129771 0.012875536480686697
5 0.7185114503816794 0.276824034334764 0.03053435114503817 0.015736766809728183
8 0.7218511450381679 0.2732474964234621 0.01622137404580153 0.01430615164520744
3 0.9860515021459227 0.1049618320610687 0.027896995708154508 0.01717557251908397