3 0.06476190476190476 0.22428571428571428 0.07428571428571429 0.03
11 0.14761904761904762 0.22321428571428573 0.08761904761904761 0.029285714285714286
7 0.2180952380952381 0.21214285714285713 0.019047619047619046 0.015714285714285715
7 0.23047619047619045 0.20285714285714285 0.017142857142857144 0.012857142857142857
7 0.3514285714285714 0.10142857142857142 0.013333333333333332 0.015714285714285715
7 0.38047619047619047 0.08785714285714286 0.01238095238095238 0.017142857142857144
7 0.369047619047619 0.09107142857142857 0.008571428571428572 0.010714285714285714
7 0.36857142857142855 0.03964285714285714 0.011428571428571429 0.017857142857142856
11 0.379047619047619 0.016785714285714286 0.06857142857142857 0.029285714285714286
11 0.5133333333333333 0.019285714285714285 0.06285714285714286 0.03
5 0.5642857142857143 0.07107142857142858 0.010476190476190476 0.020714285714285713
8 0.5642857142857143 0.06642857142857143 0.01238095238095238 0.012857142857142857
7 0.4471428571428571 0.10642857142857143 0.014285714285714285 0.02142857142857143
3 0.44 0.06035714285714286 0.04952380952380952 0.04214285714285714
3 0.47380952380952374 0.10678571428571429 0.037142857142857144 0.04642857142857143
3 0.5614285714285714 0.16142857142857142 0.04666666666666666 0.05285714285714286
5 0.45476190476190476 0.23607142857142857 0.01238095238095238 0.025
8 0.45476190476190476 0.23464285714285715 0.014285714285714285 0.016428571428571428
11 0.39571428571428574 0.19642857142857142 0.037142857142857144 0.06428571428571428
5 0.45476190476190476 0.33 0.014285714285714285 0.022857142857142857
8 0.4538095238095238 0.32607142857142857 0.01238095238095238 0.015
8 0.45571428571428574 0.32 0.010476190476190476 0.012857142857142857
7 0.3233333333333333 0.39107142857142857 0.01619047619047619 0.015
5 0.31047619047619046 0.31607142857142856 0.02095238095238095 0.023571428571428573
8 0.29523809523809524 0.4521428571428571 0.02095238095238095 0.015714285714285715
8 0.2914285714285714 0.4635714285714286 0.02476190476190476 0.005714285714285714
8 0.29 0.4639285714285714 0.010476190476190476 0.0064285714285714285
3 0.38571428571428573 0.4035714285714286 0.04952380952380952 0.06428571428571428
10 0.33476190476190476 0.5592857142857143 0.07904761904761905 0.10857142857142857
11 0.309047619047619 0.6617857142857143 0.05809523809523809 0.06785714285714285
1 0.35285714285714287 0.7042857142857143 0.018095238095238095 0.032857142857142856
8 0.35238095238095235 0.7025 0.019047619047619046 0.016428571428571428
8 0.79 0.07392857142857143 0.01238095238095238 0.012142857142857143
3 0.76 0.029285714285714286 0.06666666666666667 0.03142857142857143
3 0.699047619047619 0.24 0.03428571428571429 0.04857142857142857
11 0.6952380952380952 0.4035714285714286 0.03619047619047619 0.04857142857142857
11 0.6876190476190476 0.5871428571428572 0.03619047619047619 0.06571428571428571
11 0.6838095238095238 0.7232142857142857 0.04 0.052142857142857144
0 0.7828571428571428 0.10357142857142858 0.017142857142857144 0.03