7 0.99 0.7128571428571429 0.02 0.045714285714285714
7 0.9461904761904761 0.5764285714285714 0.01619047619047619 0.025714285714285714
7 0.7476190476190475 0.4467857142857143 0.017142857142857144 0.027857142857142858
7 0.7623809523809524 0.445 0.014285714285714285 0.027142857142857142
7 0.7752380952380952 0.42714285714285716 0.011428571428571429 0.022857142857142857
7 0.8023809523809523 0.4225 0.014285714285714285 0.02642857142857143
7 0.7352380952380951 0.3575 0.009523809523809523 0.019285714285714285
7 0.7457142857142857 0.36964285714285716 0.007619047619047619 0.02214285714285714
7 0.7552380952380952 0.36964285714285716 0.009523809523809523 0.020714285714285713
7 0.6861904761904761 0.3267857142857143 0.010476190476190476 0.017857142857142856
7 0.6123809523809524 0.2925 0.009523809523809523 0.016428571428571428
7 0.6214285714285714 0.2960714285714286 0.010476190476190476 0.016428571428571428
7 0.65 0.31 0.006666666666666666 0.017142857142857144
7 0.6547619047619048 0.30642857142857144 0.008571428571428572 0.017142857142857144
7 0.6614285714285715 0.31535714285714284 0.010476190476190476 0.016428571428571428
7 0.6680952380952381 0.3117857142857143 0.008571428571428572 0.019285714285714285
10 0.5023809523809524 0.2875 0.16476190476190475 0.04642857142857143
7 0.4852380952380952 0.2664285714285714 0.006666666666666666 0.014285714285714285
7 0.4752380952380952 0.2671428571428571 0.009523809523809523 0.014285714285714285
7 0.47047619047619044 0.2617857142857143 0.007619047619047619 0.013571428571428571
7 0.4819047619047619 0.26035714285714284 0.007619047619047619 0.012142857142857143
7 0.42761904761904757 0.2507142857142857 0.007619047619047619 0.012857142857142857
7 0.4328571428571429 0.2507142857142857 0.008571428571428572 0.012857142857142857
7 0.4395238095238095 0.2507142857142857 0.008571428571428572 0.014285714285714285
7 0.4019047619047619 0.24321428571428572 0.007619047619047619 0.013571428571428571
7 0.40809523809523807 0.24142857142857144 0.008571428571428572 0.012857142857142857
4 0.38523809523809516 0.23785714285714285 0.02 0.018571428571428572
7 0.3176190476190476 0.23107142857142857 0.010476190476190476 0.012142857142857143
7 0.3904761904761905 0.2032142857142857 0.007619047619047619 0.009285714285714286
7 0.22857142857142856 0.6010714285714286 0.02476190476190476 0.030714285714285715
7 0.22523809523809524 0.5817857142857142 0.01619047619047619 0.025