4 0.6133333333333333 0.12 0.03428571428571429 0.03142857142857143
4 0.6219047619047618 0.08642857142857142 0.02095238095238095 0.02857142857142857
4 0.6419047619047619 0.11678571428571428 0.017142857142857144 0.023571428571428573
3 0.6466666666666666 0.15035714285714286 0.007619047619047619 0.005
3 0.64 0.15357142857142858 0.009523809523809523 0.005714285714285714
3 0.5871428571428572 0.16107142857142856 0.010476190476190476 0.007857142857142858
3 0.6033333333333333 0.18107142857142858 0.010476190476190476 0.007857142857142858
3 0.5895238095238095 0.18107142857142858 0.009523809523809523 0.007857142857142858
3 0.63 0.19107142857142856 0.014285714285714285 0.012142857142857143
4 0.6247619047619047 0.17035714285714285 0.02476190476190476 0.027857142857142858
3 0.6557142857142857 0.17821428571428571 0.010476190476190476 0.007857142857142858
3 0.66 0.21392857142857144 0.017142857142857144 0.009285714285714286
3 0.68 0.2125 0.017142857142857144 0.007857142857142858
3 0.6961904761904761 0.20785714285714285 0.011428571428571429 0.008571428571428572
3 0.679047619047619 0.2057142857142857 0.011428571428571429 0.008571428571428572
3 0.6552380952380952 0.2082142857142857 0.02095238095238095 0.009285714285714286
3 0.5942857142857143 0.31892857142857145 0.022857142857142857 0.020714285714285713
3 0.5914285714285714 0.3425 0.02476190476190476 0.023571428571428573
3 0.5904761904761905 0.3703571428571429 0.022857142857142857 0.025
3 0.6276190476190476 0.38142857142857145 0.02857142857142857 0.02857142857142857
3 0.6671428571428571 0.3682142857142857 0.02952380952380952 0.029285714285714286
3 0.6757142857142857 0.4064285714285714 0.03142857142857143 0.03571428571428571
3 0.6304761904761904 0.4185714285714286 0.03428571428571429 0.037142857142857144
3 0.5852380952380952 0.40535714285714286 0.027619047619047616 0.03357142857142857
3 0.5747619047619047 0.43857142857142856 0.03142857142857143 0.037142857142857144
3 0.6333333333333333 0.4642857142857143 0.03428571428571429 0.04285714285714286
3 0.6857142857142857 0.4446428571428571 0.03619047619047619 0.03785714285714286
3 0.6938095238095238 0.5064285714285715 0.039047619047619046 0.05285714285714286
3 0.6323809523809524 0.5128571428571429 0.0419047619047619 0.054285714285714284
3 0.5728571428571428 0.5025 0.039047619047619046 0.047857142857142855
8 0.35238095238095235 0.6592857142857143 0.026666666666666665 0.03
8 0.48666666666666664 0.4257142857142857 0.009523809523809523 0.008571428571428572
8 0.4685714285714286 0.44142857142857145 0.009523809523809523 0.011428571428571429
5 0.48714285714285716 0.43392857142857144 0.008571428571428572 0.013571428571428571
5 0.46809523809523806 0.4514285714285714 0.010476190476190476 0.014285714285714285
5 0.34714285714285714 0.6689285714285714 0.018095238095238095 0.02214285714285714
7 0.39285714285714285 0.44285714285714284 0.014285714285714285 0.02
8 0.4442857142857143 0.46285714285714286 0.010476190476190476 0.01
8 0.45809523809523806 0.4642857142857143 0.009523809523809523 0.012857142857142857
8 0.47285714285714286 0.46535714285714286 0.010476190476190476 0.010714285714285714
5 0.4742857142857143 0.4757142857142857 0.013333333333333332 0.017142857142857144
5 0.4433333333333333 0.4725 0.010476190476190476 0.012142857142857143
5 0.45714285714285713 0.4732142857142857 0.011428571428571429 0.009285714285714286
4 0.44380952380952376 0.5075 0.05333333333333333 0.04214285714285714
4 0.4319047619047619 0.5417857142857143 0.050476190476190466 0.020714285714285713
4 0.42714285714285716 0.5707142857142857 0.05809523809523809 0.03
4 0.4257142857142857 0.5967857142857143 0.03238095238095238 0.019285714285714285
8 0.38857142857142857 0.5853571428571429 0.017142857142857144 0.015
8 0.45238095238095233 0.6064285714285714 0.013333333333333332 0.014285714285714285
8 0.41952380952380947 0.6114285714285714 0.01619047619047619 0.014285714285714285
8 0.3133333333333333 0.6475 0.017142857142857144 0.02642857142857143
5 0.419047619047619 0.6264285714285714 0.019047619047619046 0.024285714285714285
5 0.45285714285714285 0.6196428571428572 0.018095238095238095 0.016428571428571428
5 0.3895238095238095 0.5978571428571429 0.011428571428571429 0.018571428571428572
5 0.3133333333333333 0.6525 0.03619047619047619 0.02642857142857143
7 0.21523809523809523 0.6628571428571428 0.030476190476190476 0.03
4 0.46904761904761905 0.6385714285714286 0.02 0.03
8 0.4709523809523809 0.6157142857142858 0.01238095238095238 0.014285714285714285
5 0.2885714285714286 0.5728571428571428 0.03428571428571429 0.03857142857142857
3 0.5714285714285714 0.2275 0.03238095238095238 0.013571428571428571
7 0.519047619047619 0.17 0.0038095238095238095 0.007142857142857143
7 0.5295238095238095 0.16142857142857142 0.0038095238095238095 0.005714285714285714