11 0.4057142857142857 0.6889285714285714 0.07047619047619047 0.10214285714285715
3 0.9271428571428572 0.6833333333333333 0.1457142857142857 0.06476190476190476
3 0.7885714285714286 0.5557142857142857 0.09142857142857143 0.11428571428571428
3 0.8642857142857143 0.3742857142857143 0.1361904761904762 0.08428571428571428
3 0.9453571428571429 0.13 0.10928571428571429 0.08761904761904762
3 0.9628571428571429 0.17333333333333334 0.07428571428571429 0.10095238095238095
3 0.7204761904761905 0.07607142857142857 0.05809523809523809 0.085
11 0.7166666666666666 0.20142857142857143 0.0619047619047619 0.11285714285714285
11 0.72 0.33285714285714285 0.05333333333333333 0.08714285714285715
11 0.6185714285714285 0.2957142857142857 0.05809523809523809 0.09428571428571429
3 0.42380952380952375 0.365 0.07047619047619047 0.11714285714285715
3 0.42809523809523803 0.2357142857142857 0.0676190476190476 0.10285714285714286
7 0.8666666666666666 0.5492857142857143 0.026666666666666665 0.014285714285714285
7 0.9967857142857143 0.37142857142857144 0.0064285714285714285 0.017142857142857144