7 0.9433333333333332 0.3078571428571429 0.01238095238095238 0.018571428571428572
7 0.9409523809523809 0.3003571428571429 0.011428571428571429 0.016428571428571428
0 1 0.37714285714285717 0 0.04857142857142857
7 0.9866666666666666 0.4114285714285714 0.015238095238095238 0.022857142857142857
3 0.569047619047619 0.03 0.014285714285714285 0.012857142857142857
3 0.5795238095238094 0.05071428571428571 0.018095238095238095 0.015714285714285715
3 0.5861904761904762 0.06107142857142857 0.02 0.017857142857142856
3 0.5928571428571429 0.07892857142857143 0.014285714285714285 0.016428571428571428
3 0.6 0.09178571428571429 0.022857142857142857 0.017857142857142856
11 0.7638095238095237 0.18178571428571427 0.030476190476190476 0.027857142857142858
3 0.7866666666666666 0.21107142857142858 0.03619047619047619 0.027857142857142858
4 0.7576190476190475 0.14035714285714285 0.04285714285714286 0.04214285714285714
7 0.8357142857142857 0.22642857142857142 0.010476190476190476 0.018571428571428572
11 0.7557142857142857 0.24142857142857144 0.03142857142857143 0.03571428571428571
3 0.2838095238095238 0.24892857142857142 0.03809523809523809 0.035
7 0.39190476190476187 0.2307142857142857 0.010476190476190476 0.018571428571428572
1 0.3776190476190476 0.23857142857142857 0.02 0.017142857142857144
3 0.4919047619047619 0.285 0.07904761904761905 0.025714285714285714
3 0.47619047619047616 0.3078571428571429 0.08 0.027142857142857142
10 0.45285714285714285 0.36964285714285716 0.11333333333333333 0.052142857142857144
11 0.5804761904761905 0.3960714285714286 0.0676190476190476 0.075
5 0.7195238095238095 0.39107142857142857 0.01238095238095238 0.02214285714285714
7 0.7176190476190476 0.3846428571428571 0.008571428571428572 0.010714285714285714
7 0.6219047619047618 0.49892857142857144 0.011428571428571429 0.025
9 0.5685714285714286 0.4496428571428571 0.04 0.020714285714285713
1 0.5347619047619048 0.4275 0.02952380952380952 0.013571428571428571
7 0.30952380952380953 0.4317857142857143 0.017142857142857144 0.02214285714285714
3 0.38 0.4810714285714286 0.1219047619047619 0.039285714285714285
3 0.03571428571428571 0.3047619047619048 0.07142857142857142 0.0380952380952381
3 0.1261904761904762 0.7125 0.1495238095238095 0.06357142857142857
7 0.8666666666666666 0.6442857142857142 0.022857142857142857 0.022857142857142857
3 0.6304761904761904 0.6346428571428572 0.1276190476190476 0.05785714285714286
3 0.7847619047619047 0.6925 0.1276190476190476 0.07642857142857143
9 0.6857142857142857 0.7096428571428571 0.05333333333333333 0.029285714285714286
8 0.699047619047619 0.7089285714285715 0.017142857142857144 0.02214285714285714
3 0.02107142857142857 0.29523809523809524 0.04214285714285714 0.04