3 0.5088832487309645 0.17464285714285713 0.08629441624365483 0.023571428571428573
3 0.9447969543147208 0.2607142857142857 0.09263959390862944 0.02
11 0.8356598984771574 0.28535714285714286 0.0901015228426396 0.02214285714285714
11 0.12246192893401016 0.1832142857142857 0.08756345177664974 0.02214285714285714
11 0.6567258883248731 0.14214285714285715 0.09263959390862944 0.022857142857142857
3 0.03535714285714286 0.14593908629441624 0.07071428571428572 0.01903553299492386
10 0.045714285714285714 0.11802030456852793 0.09142857142857143 0.03680203045685279
3 0.8756345177664975 0.04178571428571428 0.06598984771573604 0.020714285714285713
7 0.5951776649746192 0.3678571428571428 0.01269035532994924 0.011428571428571429
7 0.5774111675126903 0.3742857142857142 0.017766497461928935 0.014285714285714285
7 0.8540609137055838 0.3557142857142857 0.01269035532994924 0.012857142857142857
7 0.8610406091370558 0.4342857142857143 0.011421319796954314 0.012857142857142857
7 0.8623096446700507 0.4189285714285714 0.013959390862944163 0.007857142857142858
7 0.8654822335025381 0.40499999999999997 0.017766497461928935 0.011428571428571429
7 0.7309644670050761 0.3453571428571428 0.01269035532994924 0.012142857142857141
7 0.06598984771573604 0.04964285714285714 0.017766497461928935 0.013571428571428571
7 0.11611675126903553 0.09785714285714285 0.01649746192893401 0.012857142857142857