2 0.08571428571428572 0.5738095238095238 0.17142857142857143 0.13904761904761906
10 0.28523809523809524 0.42678571428571427 0.056190476190476187 0.052142857142857144
10 0.3909523809523809 0.3578571428571429 0.06571428571428571 0.07
3 0.02892857142857143 0.4142857142857143 0.05785714285714286 0.022857142857142857
10 0.6795238095238094 0.425 0.021904761904761903 0.03428571428571429
10 0.6471428571428571 0.415 0.027619047619047616 0.04
10 0.6742857142857143 0.27714285714285714 0.02476190476190476 0.03428571428571429
10 0.6761904761904761 0.23107142857142857 0.022857142857142857 0.03642857142857143
10 0.699047619047619 0.19785714285714287 0.015238095238095238 0.024285714285714285
10 0.6838095238095238 0.18035714285714285 0.015238095238095238 0.025
10 0.6838095238095238 0.14285714285714285 0.011428571428571429 0.017142857142857144
10 0.6866666666666666 0.10535714285714286 0.007619047619047619 0.007857142857142858
10 0.6519047619047619 0.09285714285714286 0.006666666666666666 0.008571428571428572
3 0.22809523809523807 0.2978571428571429 0.037142857142857144 0.014285714285714285
3 0.4209523809523809 0.30642857142857144 0.02095238095238095 0.015714285714285715
3 0.5033333333333333 0.24107142857142858 0.01619047619047619 0.012142857142857143
3 0.6904761904761905 0.15785714285714286 0.005714285714285714 0.004285714285714286
3 0.26285714285714284 0.28035714285714286 0.03238095238095238 0.010714285714285714
3 0.22142857142857142 0.2575 0.021904761904761903 0.013571428571428571
3 0.17857142857142858 0.315 0.04476190476190476 0.012857142857142857
3 0.25142857142857145 0.2542857142857143 0.02095238095238095 0.012857142857142857
3 0.19476190476190475 0.3082142857142857 0.04285714285714286 0.012142857142857143
3 0.2814285714285714 0.2732142857142857 0.035238095238095235 0.012142857142857143
3 0.2947619047619047 0.26821428571428574 0.03142857142857143 0.012142857142857143
3 0.0838095238095238 0.38571428571428573 0.05523809523809523 0.02
3 0.02142857142857143 0.3523809523809524 0.04285714285714286 0.01904761904761905
4 0.07285714285714286 0.33714285714285713 0.027619047619047616 0.018571428571428572
5 0.29285714285714287 0.39285714285714285 0.010476190476190476 0.011428571428571429
8 0.29285714285714287 0.39071428571428574 0.008571428571428572 0.008571428571428572
11 0.4909523809523809 0.2664285714285714 0.02 0.015714285714285715
3 0.5471428571428572 0.21464285714285714 0.01238095238095238 0.010714285714285714
3 0.699047619047619 0.22892857142857143 0.009523809523809523 0.007857142857142858
5 0.7228571428571429 0.48714285714285716 0.009523809523809523 0.014285714285714285
8 0.7238095238095238 0.4853571428571429 0.011428571428571429 0.010714285714285714
7 0.7647619047619046 0.3875 0.0038095238095238095 0.009285714285714286
6 0.4114285714285714 0.5257142857142857 0.1276190476190476 0.10714285714285714
3 0.5380952380952381 0.11785714285714285 0.013333333333333332 0.007142857142857143
3 0.6738095238095237 0.10464285714285715 0.006666666666666666 0.0035714285714285713
3 0.6352380952380952 0.08 0.0038095238095238095 0.002857142857142857
10 0.6638095238095237 0.10107142857142858 0.011428571428571429 0.0064285714285714285
3 0.6861904761904761 0.13214285714285715 0.006666666666666666 0.005714285714285714
6 0.7557142857142857 0.11357142857142857 0.02 0.04
4 0.6985714285714286 0.13107142857142856 0.014285714285714285 0.03214285714285714
11 0.8142857142857143 0.15071428571428572 0.019047619047619046 0.005714285714285714
10 0.9766666666666666 0.1957142857142857 0.01619047619047619 0.011428571428571429
4 0.5919047619047618 0.15285714285714286 0.008571428571428572 0.007142857142857143
4 0.6161904761904762 0.12964285714285714 0.005714285714285714 0.0064285714285714285
4 0.7928571428571428 0.11285714285714285 0.021904761904761903 0.015714285714285715
4 0.509047619047619 0.11928571428571429 0.010476190476190476 0.012857142857142857