11 0.5621827411167513 0.09607142857142857 0.017766497461928935 0.016428571428571428
3 0.5799492385786802 0.12000000000000001 0.01269035532994924 0.017142857142857144
3 0.6516497461928934 0.23892857142857143 0.013959390862944163 0.015000000000000001
3 0.6782994923857868 0.16499999999999998 0.013959390862944163 0.017142857142857144
3 0.6427664974619289 0.15392857142857141 0.011421319796954314 0.016428571428571428
2 0.616751269035533 0.09178571428571429 0.02284263959390863 0.039285714285714285
11 0.6395939086294417 0.06571428571428571 0.01269035532994924 0.015714285714285715
3 0.6763959390862944 0.09035714285714284 0.01269035532994924 0.015000000000000001
3 0.7055837563451777 0.11249999999999999 0.017766497461928935 0.017857142857142856
3 0.7062182741116751 0.15464285714285714 0.013959390862944163 0.015000000000000001
10 0.7062182741116751 0.205 0.021573604060913708 0.037142857142857144
11 0.5723350253807107 0.2567857142857143 0.02284263959390863 0.03214285714285715
3 0.7208121827411168 0.05071428571428571 0.007614213197969543 0.011428571428571429
11 0.7315989847715736 0.16499999999999998 0.013959390862944163 0.02142857142857143
11 0.018571428571428572 0.48413705583756345 0.037142857142857144 0.012690355329949238
3 0.5666243654822335 0.3414285714285714 0.01649746192893401 0.02
2 0.6383248730964467 0.38285714285714284 0.027918781725888325 0.05142857142857143
3 0.6795685279187818 0.47928571428571426 0.01649746192893401 0.02
11 0.7131979695431472 0.4128571428571428 0.015228426395939087 0.02142857142857143
3 0.7239847715736041 0.48857142857142855 0.01649746192893401 0.015714285714285715
3 0.6681472081218274 0.3782142857142857 0.013959390862944163 0.015000000000000001
3 0.7823604060913705 0.40249999999999997 0.01649746192893401 0.019285714285714285
3 0.6579949238578681 0.29214285714285715 0.013959390862944163 0.018571428571428572
11 0.6986040609137056 0.30642857142857144 0.013959390862944163 0.02142857142857143
11 0.8401015228426396 0.06678571428571428 0.030456852791878174 0.009285714285714286
3 0.9892131979695432 0.1225 0.01649746192893401 0.017857142857142856
3 0.9714467005076142 0.12178571428571427 0.011421319796954314 0.016428571428571428
3 0.9403553299492385 0.16142857142857142 0.01269035532994924 0.018571428571428572
3 0.9467005076142133 0.17928571428571427 0.015228426395939087 0.017142857142857144
3 0.8178934010152283 0.10357142857142856 0.01649746192893401 0.014285714285714285
11 0.8826142131979696 0.1717857142857143 0.013959390862944163 0.016428571428571428
11 0.868020304568528 0.17107142857142854 0.015228426395939087 0.019285714285714285
11 0.8527918781725887 0.16857142857142854 0.015228426395939087 0.015714285714285715
11 0.8299492385786802 0.14714285714285713 0.015228426395939087 0.014285714285714285
11 0.9130710659898478 0.17464285714285713 0.01649746192893401 0.017857142857142856
3 0.9295685279187818 0.18035714285714285 0.013959390862944163 0.016428571428571428
11 0.9549492385786802 0.1607142857142857 0.013959390862944163 0.014285714285714285
3 0.9251269035532995 0.15857142857142856 0.01269035532994924 0.014285714285714285
3 0.9073604060913705 0.15714285714285714 0.017766497461928935 0.012857142857142857
3 0.8762690355329948 0.1525 0.01649746192893401 0.015000000000000001
3 0.8610406091370558 0.15 0.011421319796954314 0.014285714285714285
11 0.8439086294416244 0.14857142857142858 0.017766497461928935 0.014285714285714285
11 0.8927664974619288 0.15464285714285714 0.021573604060913708 0.016428571428571428
11 0.9428934010152283 0.11749999999999998 0.015228426395939087 0.015000000000000001
11 0.9105329949238579 0.11464285714285714 0.01649746192893401 0.016428571428571428
3 0.9263959390862944 0.11678571428571427 0.01269035532994924 0.016428571428571428
3 0.934010152284264 0.09928571428571428 0.01015228426395939 0.011428571428571429
3 0.9187817258883249 0.09821428571428571 0.015228426395939087 0.015000000000000001
11 0.8661167512690355 0.1075 0.013959390862944163 0.015000000000000001
11 0.8464467005076142 0.10821428571428571 0.02030456852791878 0.015000000000000001
11 0.83248730964467 0.10428571428571429 0.01015228426395939 0.015714285714285715
11 0.8293147208121827 0.08607142857142856 0.019035532994923856 0.015000000000000001
3 0.8432741116751268 0.08821428571428572 0.013959390862944163 0.010714285714285714
11 0.8578680203045684 0.09142857142857143 0.017766497461928935 0.014285714285714285
5 0.9957142857142857 0.11357868020304568 0.008571428571428572 0.007614213197969543
5 0.9982142857142857 0.108502538071066 0.0035714285714285713 0.0038071065989847717
5 0.9985714285714286 0.1034263959390863 0.002857142857142857 0.007614213197969543
11 0.9758883248730964 0.2214285714285714 0.015228426395939087 0.015714285714285715
3 0.9911167512690355 0.22535714285714287 0.015228426395939087 0.016428571428571428