11 0.9104761904761903 0.5789285714285715 0.14476190476190476 0.09642857142857143
3 0.7152380952380952 0.49 0.10857142857142857 0.06428571428571428
3 0.4995238095238095 0.37642857142857145 0.07333333333333332 0.037142857142857144
7 0.518095238095238 0.365 0.011428571428571429 0.02142857142857143
7 0.5385714285714286 0.3692857142857143 0.01238095238095238 0.02142857142857143
7 0.5561904761904761 0.37285714285714283 0.017142857142857144 0.022857142857142857
3 0.39238095238095233 0.32571428571428573 0.05523809523809523 0.025714285714285714
3 0.35047619047619044 0.3053571428571429 0.043809523809523805 0.023571428571428573
3 0.38904761904761903 0.2857142857142857 0.04857142857142857 0.02
11 0.3133333333333333 0.2860714285714286 0.043809523809523805 0.027857142857142858
3 0.27809523809523806 0.2714285714285714 0.04 0.02142857142857143
3 0.2557142857142857 0.25642857142857145 0.035238095238095235 0.02
7 0.27714285714285714 0.2275 0.007619047619047619 0.015
7 0.2633333333333333 0.2367857142857143 0.008571428571428572 0.013571428571428571
7 0.23238095238095235 0.22535714285714287 0.005714285714285714 0.005
7 0.12904761904761905 0.21321428571428572 0.006666666666666666 0.007857142857142858
7 0.12523809523809523 0.2117857142857143 0.0047619047619047615 0.009285714285714286
7 0.12047619047619047 0.21142857142857144 0.0047619047619047615 0.008571428571428572
10 0.3666666666666666 0.1657142857142857 0.02095238095238095 0.014285714285714285