8 0.4582560296846011 0.2515657620041754 0.018552875695732836 0.017745302713987474
3 0.30890538033395176 0.09890396659707724 0.08719851576994433 0.023486430062630483
3 0.3594619666048237 0.17849686847599167 0.0844155844155844 0.02609603340292276
3 0.40584415584415584 0.2823590814196243 0.10482374768089053 0.03549060542797495
3 0.410482374768089 0.33637787056367435 0.0640074211502783 0.05480167014613779
3 0.521799628942486 0.41022964509394577 0.11410018552875695 0.036534446764091864
3 0.7115027829313544 0.4921711899791232 0.10018552875695733 0.05219206680584552
3 0.7666975881261595 0.5224425887265136 0.09554730983302412 0.048016701461377875
3 0.8232838589981447 0.5409707724425888 0.08998144712430427 0.04123173277661796
3 0.9049165120593691 0.39222338204592905 0.0640074211502783 0.05375782881002088
3 0.9903444676409185 0.36641929499072357 0.019311064718162838 0.055658627087198514
3 0.9963465553235908 0.26205936920222633 0.007306889352818371 0.03339517625231911