7 0.6961904761904761 0.715 0.030476190476190476 0.037142857142857144
8 0.9885714285714285 0.5438095238095239 0.022857142857142857 0.0419047619047619
7 0.97 0.37642857142857145 0.018095238095238095 0.02142857142857143
7 0.7371428571428571 0.34285714285714286 0.013333333333333332 0.02
7 0.5657142857142857 0.3514285714285714 0.009523809523809523 0.015714285714285715
7 0.6847619047619047 0.35214285714285715 0.007619047619047619 0.012857142857142857
7 0.6933333333333334 0.35 0.009523809523809523 0.018571428571428572
7 0.07142857142857142 0.2757142857142857 0.009523809523809523 0.015714285714285715
7 0.05 0.2839285714285714 0.014285714285714285 0.015
8 0.25 0.3053571428571429 0.014285714285714285 0.013571428571428571
8 0.29619047619047617 0.29964285714285716 0.011428571428571429 0.012142857142857143
8 0.4042857142857143 0.275 0.006666666666666666 0.011428571428571429
1 0.4019047619047619 0.2782142857142857 0.019047619047619046 0.0064285714285714285
7 0.4952380952380952 0.31857142857142856 0.009523809523809523 0.011428571428571429
7 0.5138095238095237 0.31892857142857145 0.010476190476190476 0.019285714285714285
7 0.5257142857142857 0.3175 0.011428571428571429 0.019285714285714285
7 0.5028571428571429 0.25607142857142856 0.005714285714285714 0.009285714285714286
7 0.4714285714285714 0.25214285714285717 0.005714285714285714 0.008571428571428572
7 0.4657142857142857 0.25142857142857145 0.005714285714285714 0.008571428571428572
7 0.49714285714285716 0.24642857142857144 0.005714285714285714 0.008571428571428572
7 0.5042857142857143 0.24428571428571427 0.0047619047619047615 0.008571428571428572
7 0.52 0.2807142857142857 0.007619047619047619 0.015714285714285715
7 0.5357142857142857 0.275 0.008571428571428572 0.014285714285714285
7 0.6128571428571429 0.27464285714285713 0.008571428571428572 0.010714285714285714
7 0.6233333333333333 0.2735714285714286 0.006666666666666666 0.011428571428571429
7 0.6314285714285715 0.27464285714285713 0.005714285714285714 0.010714285714285714
7 0.6538095238095237 0.28214285714285714 0.008571428571428572 0.014285714285714285
7 0.769047619047619 0.2860714285714286 0.008571428571428572 0.013571428571428571
7 0.5761904761904761 0.24785714285714286 0.0038095238095238095 0.007142857142857143
7 0.5795238095238094 0.24714285714285714 0.0047619047619047615 0.007142857142857143
8 0.6552380952380952 0.2692857142857143 0.007619047619047619 0.008571428571428572
8 0.659047619047619 0.27035714285714285 0.007619047619047619 0.007857142857142858
5 0.8971428571428571 0.2925 0.026666666666666665 0.009285714285714286
5 0.81 0.3157142857142857 0.02 0.008571428571428572
8 0.8909523809523809 0.31285714285714283 0.008571428571428572 0.01
3 0.728095238095238 0.2532142857142857 0.023809523809523805 0.0064285714285714285
11 0.6957142857142857 0.245 0.01619047619047619 0.007142857142857143
4 0.739047619047619 0.24678571428571427 0.05333333333333333 0.013571428571428571
3 0.5361904761904762 0.23642857142857143 0.026666666666666665 0.01
4 0.489047619047619 0.2257142857142857 0.054285714285714284 0.017142857142857144