7 0.11038961038961038 0.46294363256784976 0.022263450834879406 0.020876826722338204
8 0.1261595547309833 0.4587682672233821 0.03896103896103896 0.027139874739039668
8 0.15816326530612243 0.456419624217119 0.03617810760667903 0.021398747390396662
7 0.6178107606679035 0.3389874739039666 0.018552875695732836 0.024530271398747392
7 0.6029684601113172 0.31132567849686854 0.012987012987012986 0.021398747390396662
7 0.6154916512059369 0.32750521920668063 0.017625231910946195 0.023486430062630483
7 0.6739332096474954 0.32332985386221297 0.017625231910946195 0.0151356993736952
7 0.708256029684601 0.31811064718162846 0.017625231910946195 0.02244258872651357
7 0.9420222634508348 0.24295407098121088 0.012059369202226345 0.020354906054279753
7 0.9707792207792207 0.25704592901878914 0.017625231910946195 0.016179540709812108
7 0.9638218923933208 0.2515657620041754 0.018552875695732836 0.018789144050104387
7 0.9522263450834879 0.2515657620041754 0.012059369202226345 0.019832985386221295
7 0.9517625231910946 0.24765135699373697 0.012987012987012986 0.01931106471816284
8 0.8798701298701298 0.19363256784968688 0.01020408163265306 0.009394572025052193
9 0.8747680890538032 0.19545929018789146 0.02411873840445269 0.018267223382045932
7 0.9174397031539888 0.12656576200417538 0.007421150278293135 0.01304801670146138
7 0.9058441558441559 0.12760960334029228 0.006493506493506493 0.01304801670146138
7 0.8780148423005566 0.11691022964509395 0.008348794063079777 0.013569937369519834
7 0.8678107606679035 0.11664926931106473 0.01020408163265306 0.012004175365344469
7 0.8446196660482373 0.15187891440501045 0.01020408163265306 0.013569937369519834
7 0.8344155844155844 0.15083507306889354 0.01020408163265306 0.014613778705636744
3 0.988517745302714 0.0640074211502783 0.022964509394572025 0.011131725417439703
9 0.8993506493506493 0.0634133611691023 0.03061224489795918 0.008872651356993737
7 0.8622448979591837 0.06132567849686848 0.004638218923933209 0.009916492693110648
7 0.8506493506493505 0.06210855949895617 0.0055658627087198514 0.009394572025052193
7 0.8566790352504637 0.06811064718162839 0.008348794063079777 0.01096033402922756
7 0.8631725417439703 0.06837160751565763 0.008348794063079777 0.011482254697286014
7 0.8325602968460111 0.061847599164926936 0.004638218923933209 0.007828810020876828
7 0.8260667903525046 0.06106471816283925 0.004638218923933209 0.007306889352818372
7 0.8228200371057514 0.061847599164926936 0.007421150278293135 0.006784968684759917
7 0.8126159554730983 0.06132567849686848 0.0037105751391465673 0.005741127348643007
7 0.8144712430426715 0.06080375782881002 0.0055658627087198514 0.007828810020876828
8 0.8033395176252318 0.06106471816283925 0.0055658627087198514 0.0062630480167014625
8 0.7611317254174396 0.06132567849686848 0.006493506493506493 0.004697286012526097
8 0.7583487940630798 0.06210855949895617 0.006493506493506493 0.004175365344467641
8 0.7551020408163265 0.06028183716075158 0.007421150278293135 0.004697286012526097
7 0.7448979591836734 0.05819415448851775 0.0055658627087198514 0.007828810020876828
7 0.7333024118738404 0.05975991649269312 0.004638218923933209 0.008872651356993737
9 0.8344155844155844 0.06236951983298539 0.01948051948051948 0.004697286012526097
9 0.725417439703154 0.0605427974947808 0.01484230055658627 0.0062630480167014625
7 0.7073283858998144 0.058977035490605435 0.004638218923933209 0.0062630480167014625
7 0.7115027829313544 0.05741127348643007 0.0055658627087198514 0.007306889352818372
3 0.7217068645640073 0.057672233820459294 0.025974025974025972 0.009916492693110648
3 0.6827458256029684 0.05532359081419625 0.022263450834879406 0.008350730688935283
3 0.6725417439703154 0.05454070981210857 0.018552875695732836 0.006784968684759917
3 0.661873840445269 0.05245302713987474 0.017625231910946195 0.007828810020876828
3 0.6484230055658627 0.050887265135699376 0.018552875695732836 0.007828810020876828
3 0.5992578849721707 0.04645093945720251 0.016697588126159554 0.007306889352818372
3 0.5491651205936919 0.04645093945720251 0.01484230055658627 0.0062630480167014625
3 0.5561224489795917 0.048016701461377875 0.012059369202226345 0.005219206680584551
3 0.5667903525046382 0.049060542797494784 0.01484230055658627 0.008350730688935283
3 0.5742115027829313 0.05062630480167015 0.016697588126159554 0.007306889352818372
3 0.5923005565862708 0.0529749478079332 0.02133580705009276 0.008872651356993737
3 0.6066790352504637 0.05375782881002088 0.018552875695732836 0.007306889352818372
3 0.6201298701298701 0.05532359081419625 0.02133580705009276 0.008350730688935283
3 0.5751391465677179 0.05975991649269312 0.03525046382189239 0.009916492693110648
0 0.5435992578849722 0.060020876826722344 0.02411873840445269 0.009394572025052193
3 0.013569937369519834 0.06725417439703155 0.027139874739039668 0.013914656771799629
3 0.03571428571428571 0.06889352818371608 0.03061224489795918 0.012526096033402925
0 0.058905380333951755 0.06889352818371608 0.02504638218923933 0.012526096033402925
9 0.055658627087198514 0.06289144050104385 0.025974025974025972 0.007828810020876828
7 0.04962894248608534 0.06080375782881002 0.006493506493506493 0.007828810020876828
7 0.09693877551020406 0.06993736951983298 0.013914656771799629 0.011482254697286014
7 0.0844155844155844 0.07072025052192067 0.009276437847866418 0.01096033402922756
7 0.07699443413729128 0.06941544885177454 0.011131725417439703 0.011482254697286014
7 0.07282003710575138 0.06889352818371608 0.012059369202226345 0.011482254697286014
7 0.06307977736549165 0.06993736951983298 0.012987012987012986 0.009394572025052193
3 0.11595547309833022 0.06967640918580377 0.02968460111317254 0.01096033402922756
3 0.1377551020408163 0.06967640918580377 0.034322820037105746 0.01096033402922756
11 0.16651205936920221 0.06889352818371608 0.03617810760667903 0.013569937369519834
3 0.19341372912801483 0.07072025052192067 0.032467532467532464 0.012004175365344469
3 0.22031539888682744 0.07019832985386222 0.038033395176252316 0.012004175365344469
3 0.2541743970315399 0.06993736951983298 0.02968460111317254 0.011482254697286014
11 0.26298701298701294 0.06028183716075158 0.032467532467532464 0.01304801670146138
3 0.2342300556586271 0.060020876826722344 0.03617810760667903 0.011482254697286014
10 0.1590909090909091 0.059498956158663886 0.05658627087198515 0.014613778705636744
3 0.2935992578849722 0.061847599164926936 0.02504638218923933 0.012004175365344469
4 0.35064935064935066 0.06028183716075158 0.07421150278293134 0.009916492693110648
7 0.39100185528756953 0.06706680584551149 0.008348794063079777 0.008872651356993737
11 0.37105751391465674 0.06941544885177454 0.051948051948051945 0.013569937369519834
7 0.5185528756957328 0.06732776617954071 0.009276437847866418 0.010438413361169102
9 0.514378478664193 0.06863256784968685 0.03061224489795918 0.007828810020876828
9 0.4754174397031539 0.0691544885177453 0.032467532467532464 0.009916492693110648
7 0.4805194805194805 0.06811064718162839 0.007421150278293135 0.008872651356993737
7 0.43460111317254174 0.06706680584551149 0.006493506493506493 0.009916492693110648
8 0.4591836734693877 0.06080375782881002 0.009276437847866418 0.008872651356993737
5 0.4582560296846011 0.061847599164926936 0.009276437847866418 0.005741127348643007
7 0.4206864564007421 0.06106471816283925 0.008348794063079777 0.008350730688935283
9 0.4165120593692022 0.0634133611691023 0.027829313543599257 0.008872651356993737
4 0.42486085343228197 0.07045929018789145 0.02411873840445269 0.010438413361169102
7 0.49999999999999994 0.06367432150313154 0.009276437847866418 0.007306889352818372
7 0.5524118738404452 0.06784968684759918 0.008348794063079777 0.008350730688935283
9 0.5487012987012986 0.06863256784968685 0.03061224489795918 0.009916492693110648
7 0.5848794063079776 0.06758872651356994 0.01020408163265306 0.009916492693110648
7 0.6076066790352505 0.0634133611691023 0.007421150278293135 0.006784968684759917
3 0.5769944341372912 0.05923799582463466 0.03153988868274583 0.009916492693110648
7 0.6182745825602969 0.07019832985386222 0.006493506493506493 0.007828810020876828