8 0.8014842300556586 0.48643006263048016 0.02040816326530612 0.027139874739039668
8 0.9559369202226344 0.47051148225469736 0.013914656771799629 0.01304801670146138
8 0.956864564007421 0.46816283924843427 0.015769944341372914 0.019832985386221295
8 0.9290352504638218 0.4373695198329854 0.015769944341372914 0.015657620041753657
8 0.9271799628942485 0.43606471816283926 0.012059369202226345 0.01722338204592902
5 0.9294990723562152 0.44206680584551156 0.018552875695732836 0.02192066805845512
5 0.9573283858998144 0.4725991649269311 0.02040816326530612 0.024530271398747392
9 0.7759740259740259 0.39979123173277664 0.08070500927643784 0.024008350730688938
0 0.8042671614100185 0.3786534446764092 0.03710575139146567 0.029749478079331943
0 0.7838589981447124 0.3350730688935282 0.051948051948051945 0.02296450939457203
5 0.7875695732838589 0.3048016701461378 0.02968460111317254 0.014613778705636744
8 0.8256029684601113 0.2797494780793319 0.011131725417439703 0.013569937369519834
5 0.8256029684601113 0.28157620041753656 0.018552875695732836 0.01304801670146138
5 0.7801484230055659 0.24556367432150317 0.02040816326530612 0.008872651356993737
5 0.7894248608534322 0.23903966597077247 0.02040816326530612 0.010438413361169102
5 0.7727272727272727 0.2374739039665971 0.022263450834879406 0.009394572025052193
5 0.7551020408163265 0.23695198329853864 0.02411873840445269 0.009394572025052193
9 0.7843228200371056 0.22442588726513574 0.0398886827458256 0.013569937369519834
5 0.7820037105751391 0.21450939457202509 0.02040816326530612 0.007306889352818372
9 0.7741187384044527 0.21059498956158665 0.034322820037105746 0.009916492693110648
11 0.7806122448979591 0.19702505219206684 0.04916512059369202 0.0151356993736952
9 0.7773654916512059 0.1855427974947808 0.02040816326530612 0.008872651356993737
8 0.7773654916512059 0.18502087682672236 0.009276437847866418 0.005741127348643007
5 0.7922077922077922 0.16257828810020877 0.018552875695732836 0.006784968684759917
6 0.8348794063079776 0.1552713987473904 0.06679035250463822 0.020354906054279753
5 0.7940630797773655 0.1552713987473904 0.018552875695732836 0.006784968684759917
5 0.8038033395176252 0.1542275574112735 0.013914656771799629 0.007828810020876828
0 0.7871057513914657 0.1477035490605428 0.01948051948051948 0.011482254697286014
9 0.8645640074211502 0.14535490605427975 0.012987012987012986 0.008872651356993737
5 0.8557513914656771 0.1388308977035491 0.017625231910946195 0.0062630480167014625
8 0.9276437847866418 0.14665970772442588 0.009276437847866418 0.007306889352818372
6 0.9327458256029684 0.15161795407098122 0.02504638218923933 0.01931106471816284
8 0.9410946196660481 0.17327766179540713 0.006493506493506493 0.0062630480167014625
6 0.9457328385899814 0.17745302713987474 0.017625231910946195 0.015657620041753657
3 0.9953027139874739 0.21196660482374768 0.009394572025052192 0.01855287569573284
6 0.9986951983298539 0.25788497217068646 0.0026096033402922755 0.038033395176252316
0 0.8344155844155844 0.12526096033402925 0.017625231910946195 0.011482254697286014
0 0.8682745825602969 0.1127348643006263 0.012987012987012986 0.010438413361169102
3 0.9350649350649349 0.10046972860125263 0.02040816326530612 0.012004175365344469
11 0.852504638218924 0.107776617954071 0.016697588126159554 0.012004175365344469
3 0.8307050092764379 0.10960334029227559 0.017625231910946195 0.010438413361169102
0 0.7935992578849722 0.10960334029227559 0.028756957328385898 0.010438413361169102
7 0.810760667903525 0.10177453027139875 0.007421150278293135 0.0062630480167014625
7 0.801948051948052 0.1002087682672234 0.004638218923933209 0.007306889352818372
7 0.8070500927643783 0.10046972860125263 0.007421150278293135 0.006784968684759917
0 0.852504638218924 0.09394572025052193 0.016697588126159554 0.010438413361169102
0 0.8344155844155844 0.09864300626304803 0.01948051948051948 0.008350730688935283
4 0.8330241187384044 0.09055323590814197 0.018552875695732836 0.008872651356993737
9 0.8079777365491652 0.07072025052192067 0.02040816326530612 0.006784968684759917
0 0.8724489795918366 0.06367432150313154 0.01020408163265306 0.007306889352818372
9 0.8919294990723562 0.07489561586638832 0.008348794063079777 0.007828810020876828
8 0.8942486085343228 0.08115866388308977 0.0055658627087198514 0.004697286012526097
5 0.8937847866419294 0.08220250521920669 0.006493506493506493 0.005741127348643007
8 0.9030612244897959 0.07567849686847601 0.006493506493506493 0.004175365344467641
9 0.9035250463821891 0.07750521920668059 0.009276437847866418 0.005741127348643007
9 0.9615027829313543 0.11299582463465555 0.032467532467532464 0.008872651356993737
5 0.9383116883116883 0.07541753653444677 0.012059369202226345 0.004697286012526097
0 0.9318181818181818 0.07254697286012526 0.01020408163265306 0.008350730688935283
5 0.9058441558441559 0.06367432150313154 0.006493506493506493 0.005219206680584551
8 0.8589981447124303 0.06471816283924843 0.0037105751391465673 0.004175365344467641
5 0.858534322820037 0.06576200417536535 0.004638218923933209 0.004175365344467641
8 0.884508348794063 0.05532359081419625 0.004638218923933209 0.004175365344467641
5 0.8849721706864564 0.056106471816283934 0.0055658627087198514 0.003653444676409186
9 0.9285714285714286 0.06445720250521922 0.007421150278293135 0.004697286012526097
7 0.8223562152133581 0.05532359081419625 0.004638218923933209 0.0062630480167014625
5 0.8130797773654915 0.060020876826722344 0.006493506493506493 0.005219206680584551
7 0.8330241187384044 0.055584551148225476 0.0055658627087198514 0.005741127348643007
9 0.8362708719851576 0.056628392484342385 0.01020408163265306 0.004697286012526097
11 0.8172541743970315 0.04618997912317328 0.02040816326530612 0.007828810020876828
5 0.9884044526901669 0.11769311064718163 0.006493506493506493 0.006784968684759917
5 0.9786641929499071 0.13804801670146138 0.007421150278293135 0.006784968684759917
9 0.8436920222634507 0.029749478079331943 0.008348794063079777 0.0062630480167014625
8 0.8515769944341371 0.029749478079331943 0.0037105751391465673 0.0031315240083507312
5 0.8520408163265305 0.030793319415448855 0.004638218923933209 0.0031315240083507312
6 0.8919294990723562 0.03262004175365345 0.008348794063079777 0.006784968684759917
8 0.8608534322820037 0.0227035490605428 0.0037105751391465673 0.0026096033402922755
5 0.8608534322820037 0.024008350730688938 0.0037105751391465673 0.0031315240083507312
8 0.8668831168831168 0.018789144050104387 0.0027829313543599257 0.0020876826722338207
5 0.8673469387755101 0.019832985386221295 0.0037105751391465673 0.0031315240083507312
11 0.8937847866419294 0.021398747390396662 0.013914656771799629 0.005219206680584551
11 0.9021335807050093 0.030793319415448855 0.012059369202226345 0.0062630480167014625