11 0.8433333333333333 0.61225 0.049333333333333326 0.1085
3 0.12633333333333333 0.697 0.12066666666666666 0.101
3 0.25766666666666665 0.53425 0.08733333333333333 0.0765
7 0.21933333333333332 0.4725 0.026666666666666665 0.026
4 0.48666666666666664 0.3395 0.034666666666666665 0.029
4 0.3946666666666666 0.385 0.025333333333333333 0.023
11 0.493 0.2445 0.058 0.051
3 0.6003333333333333 0.11525 0.03133333333333333 0.0245
3 0.6236666666666666 0.08525 0.028666666666666663 0.0215
3 0.5806666666666667 0.0385 0.025333333333333333 0.018
3 0.5516666666666666 0.0335 0.028666666666666663 0.019
3 0.5533333333333332 0.07325 0.04 0.0235
11 0.987 0.19666666666666666 0.026 0.034
3 0.989 0.23566666666666666 0.022 0.030666666666666665
3 0.7893333333333332 0.41575 0.04666666666666666 0.0745
3 0.8336666666666667 0.201 0.034 0.042
3 0.8896666666666666 0.12275 0.028666666666666663 0.0295
3 0.841 0.115 0.026 0.031
3 0.9776666666666667 0.08225 0.024666666666666663 0.0195
3 0.883 0.047 0.026 0.025
3 0.8386666666666667 0.04775 0.024 0.0215
3 0.9733333333333333 0.0285 0.025333333333333333 0.02
3 0.9733333333333333 0.01325 0.018666666666666665 0.0105
3 0.8816666666666666 0.012 0.024666666666666663 0.021
3 0.9766666666666667 0.00325 0.021333333333333333 0.0045
3 0.9833333333333333 0.1275 0.024 0.023
7 0.964 0.1325 0.009333333333333332 0.016
7 0.99975 0.119 0.0005 0.021333333333333333
8 0.983 0.10625 0.01 0.0085
8 0.9473333333333332 0.11775 0.006666666666666666 0.0095
1 0.975 0.114 0.011333333333333332 0.009
1 0.9433333333333332 0.128 0.008 0.008
4 0.6746666666666666 0.0615 0.02 0.018