3 0.259047619047619 0.09035714285714286 0.09333333333333332 0.03214285714285714
9 0.4823809523809523 0.17464285714285716 0.04285714285714286 0.02642857142857143
9 0.5533333333333333 0.17821428571428571 0.05904761904761904 0.03357142857142857
7 0.54 0.16178571428571428 0.013333333333333332 0.012142857142857143
7 0.5757142857142857 0.22107142857142856 0.01619047619047619 0.015
7 0.4995238095238095 0.21571428571428572 0.014285714285714285 0.015714285714285715
3 0.6528571428571428 0.22857142857142856 0.052380952380952375 0.06714285714285714
4 0.4352380952380952 0.2825 0.019047619047619046 0.013571428571428571
7 0.47952380952380946 0.3132142857142857 0.014285714285714285 0.012142857142857143
7 0.5176190476190476 0.32107142857142856 0.01619047619047619 0.009285714285714286
7 0.6019047619047618 0.33464285714285713 0.009523809523809523 0.009285714285714286
7 0.61 0.34 0.008571428571428572 0.007142857142857143
1 0.6114285714285714 0.3532142857142857 0.005714285714285714 0.016428571428571428
4 0.5842857142857143 0.37642857142857145 0.010476190476190476 0.01
3 0.8514285714285714 0.16178571428571428 0.07619047619047618 0.04928571428571429
3 0.948095238095238 0.12178571428571429 0.06571428571428571 0.029285714285714286
7 0.9490476190476189 0.1525 0.018095238095238095 0.016428571428571428
7 0.7752380952380952 0.20535714285714285 0.017142857142857144 0.017857142857142856
11 0.7585714285714286 0.3485714285714286 0.035238095238095235 0.05714285714285714
10 0.7 0.455 0.043809523809523805 0.10571428571428572
3 0.758095238095238 0.5592857142857143 0.03809523809523809 0.06571428571428571
7 0.7514285714285714 0.7328571428571429 0.013333333333333332 0.02142857142857143
4 0.7695238095238095 0.7339285714285714 0.011428571428571429 0.02214285714285714
7 0.9457142857142857 0.6942857142857143 0.02857142857142857 0.012857142857142857
4 0.9214285714285714 0.6428571428571429 0.02 0.012857142857142857
5 0.8923809523809523 0.4207142857142857 0.03238095238095238 0.008571428571428572
5 0.9214285714285714 0.45964285714285713 0.01619047619047619 0.023571428571428573
5 0.869047619047619 0.3717857142857143 0.039047619047619046 0.010714285714285714
5 0.9357142857142857 0.42428571428571427 0.02952380952380952 0.011428571428571429
7 0.47333333333333333 0.7135714285714285 0.017142857142857144 0.011428571428571429
7 0.45952380952380945 0.715 0.014285714285714285 0.01
7 0.45809523809523806 0.6339285714285714 0.022857142857142857 0.010714285714285714
5 0.44047619047619047 0.6878571428571428 0.014285714285714285 0.022857142857142857
7 0.37476190476190474 0.7042857142857143 0.027619047619047616 0.02142857142857143