7 0.89 0.4325 0.052380952380952375 0.09357142857142857
7 0.6342857142857142 0.48857142857142855 0.05333333333333333 0.09285714285714286
7 0.59 0.48857142857142855 0.052380952380952375 0.09142857142857143
7 0.7047619047619047 0.31 0.045714285714285714 0.06142857142857143
7 0.7719047619047618 0.25607142857142856 0.03142857142857143 0.05785714285714286
7 0.8109523809523809 0.19107142857142856 0.02952380952380952 0.045
7 0.6376190476190476 0.45035714285714284 0.054285714285714284 0.07214285714285715
7 0.5842857142857143 0.44392857142857145 0.04476190476190476 0.07785714285714286
8 0.9717857142857143 0.45571428571428574 0.056428571428571425 0.08761904761904762
5 0.9760714285714286 0.4747619047619048 0.047857142857142855 0.08666666666666667
8 0.9338095238095238 0.12428571428571429 0.01619047619047619 0.018571428571428572
1 0.9371428571428572 0.1325 0.026666666666666665 0.017857142857142856
3 0.99 0.07238095238095238 0.02 0.01619047619047619
3 0.9442857142857143 0.06035714285714286 0.02 0.010714285714285714
3 0.27904761904761904 0.08357142857142857 0.045714285714285714 0.014285714285714285
3 0.4333333333333333 0.08678571428571429 0.05523809523809523 0.016428571428571428
7 0.35285714285714287 0.10714285714285714 0.010476190476190476 0.022857142857142857
8 0.31476190476190474 0.10321428571428572 0.01238095238095238 0.012142857142857143
8 0.41285714285714287 0.10357142857142858 0.01238095238095238 0.011428571428571429
5 0.3176190476190476 0.1075 0.025714285714285714 0.010714285714285714
5 0.4157142857142857 0.1075 0.021904761904761903 0.010714285714285714
7 0.29 0.10785714285714286 0.014285714285714285 0.027142857142857142