3 0.5184010152284264 0.32035714285714284 0.02918781725888325 0.026428571428571426
3 0.46446700507614214 0.33428571428571424 0.027918781725888325 0.027142857142857142
3 0.4689086294416243 0.30392857142857144 0.026649746192893398 0.02214285714285714
3 0.47652284263959394 0.19214285714285714 0.02918781725888325 0.017142857142857144
3 0.3629441624365482 0.11499999999999999 0.02030456852791878 0.011428571428571429
3 0.45368020304568524 0.095 0.019035532994923856 0.008571428571428572
3 0.49238578680203043 0.1025 0.02284263959390863 0.010714285714285714
3 0.4428934010152284 0.07785714285714286 0.02284263959390863 0.007142857142857143
3 0.9935714285714285 0.3166243654822335 0.012857142857142857 0.024111675126903553
3 0.6472081218274112 0.27714285714285714 0.030456852791878174 0.018571428571428572
10 0.5615482233502538 0.20357142857142857 0.0317258883248731 0.025714285714285714
3 0.18527918781725888 0.007500000000000001 0.017766497461928935 0.0064285714285714285
3 0.28109137055837563 0.0325 0.019035532994923856 0.0064285714285714285
3 0.27855329949238583 0.025357142857142856 0.019035532994923856 0.0064285714285714285
3 0.3166243654822335 0.03357142857142857 0.019035532994923856 0.007142857142857143
3 0.36548223350253806 0.048571428571428564 0.02030456852791878 0.007142857142857143
3 0.3477157360406091 0.05071428571428571 0.015228426395939087 0.007142857142857143
11 0.24048223350253806 0.02214285714285714 0.019035532994923856 0.007142857142857143
3 0.14022842639593908 0.0032142857142857142 0.01649746192893401 0.005
3 0.033629441624365486 0.0475 0.03426395939086294 0.0064285714285714285
3 0.024746192893401013 0.04607142857142857 0.026649746192893398 0.0064285714285714285
3 0.03426395939086294 0.052142857142857144 0.027918781725888325 0.007142857142857143
3 0.04758883248730964 0.0525 0.03426395939086294 0.007857142857142858
3 0.05583756345177665 0.05607142857142857 0.03299492385786802 0.007857142857142858
3 0.01892857142857143 0.23540609137055837 0.03785714285714286 0.01649746192893401
10 0.36421319796954316 0.06142857142857142 0.04568527918781726 0.018571428571428572
9 0.39213197969543145 0.2764285714285714 0.017766497461928935 0.017142857142857144
8 0.9397208121827412 0.40178571428571425 0.011421319796954314 0.012142857142857141
8 0.9194162436548223 0.39178571428571424 0.011421319796954314 0.012142857142857141
5 0.940989847715736 0.4057142857142857 0.01649746192893401 0.014285714285714285
5 0.9181472081218275 0.39464285714285713 0.01649746192893401 0.012142857142857141
10 0.799492385786802 0.029285714285714286 0.0634517766497462 0.014285714285714285
11 0.052664974619289345 0.28607142857142853 0.06725888324873097 0.017857142857142856
3 0.04321428571428571 0.3800761421319797 0.08642857142857142 0.024111675126903553
3 0.02857142857142857 0.39911167512690354 0.05714285714285714 0.021573604060913704
7 0.0064285714285714285 0.26015228426395937 0.012857142857142857 0.017766497461928935