3 0.5973333333333333 0.67375 0.084 0.0845
3 0.682 0.49225 0.050666666666666665 0.0475
3 0.726 0.39975 0.033333333333333326 0.0275
3 0.845 0.366 0.02733333333333333 0.019
7 0.8966666666666666 0.449 0.012 0.019
7 0.9223333333333332 0.44825 0.01 0.0175
1 0.8983333333333332 0.4545 0.008666666666666666 0.014
1 0.9233333333333332 0.45425 0.008 0.0175
11 0.8346666666666667 0.2205 0.012 0.011
3 0.8293333333333333 0.227 0.013333333333333332 0.008
10 0.8236666666666667 0.233 0.015333333333333332 0.011
10 0.8183333333333332 0.24325 0.018 0.0135
10 0.8116666666666666 0.253 0.012666666666666666 0.012
11 0.8236666666666667 0.257 0.01 0.013
3 0.8126666666666666 0.262 0.014666666666666666 0.007
3 0.797 0.26725 0.016666666666666663 0.0175
10 0.8013333333333332 0.28275 0.025333333333333333 0.0265
3 0.7833333333333332 0.2825 0.009333333333333332 0.011
10 0.7773333333333332 0.289 0.016 0.019
3 0.812 0.295 0.013333333333333332 0.01
3 0.8156666666666667 0.30425 0.016666666666666663 0.0095
3 0.8513333333333333 0.23375 0.009333333333333332 0.0085
3 0.8353333333333333 0.234 0.009333333333333332 0.007
3 0.8823333333333333 0.24275 0.01933333333333333 0.0065
3 0.9046666666666666 0.24325 0.016 0.0085
2 0.866 0.22775 0.009333333333333332 0.0105
3 0.8573333333333333 0.22425 0.009333333333333332 0.0055
0 0.9196666666666666 0.29975 0.020666666666666663 0.0095
6 0.9183333333333332 0.2915 0.018 0.011
6 0.9183333333333332 0.2915 0.018 0.011
6 0.828 0.34225 0.022666666666666665 0.0195
4 0.8726666666666666 0.20175 0.028 0.0265
2 0.851 0.21225 0.012666666666666666 0.0075
3 0.8446666666666667 0.207 0.008 0.004
3 0.908 0.22525 0.017333333333333333 0.0035
7 0.767 0.27475 0.007333333333333333 0.0085
3 0.07166666666666666 0.4565 0.078 0.024
3 0.2033333333333333 0.42125 0.042666666666666665 0.0225
1 0.12733333333333333 0.4295 0.028 0.017
1 0.15666666666666665 0.42325 0.033333333333333326 0.0215
3 0.049 0.5715 0.08466666666666665 0.044
3 0.09266666666666666 0.554 0.084 0.038
3 0.142 0.53925 0.10533333333333333 0.0425
3 0.17666666666666667 0.52075 0.092 0.0415
3 0.2533333333333333 0.482 0.08266666666666665 0.025
7 0.15066666666666667 0.49725 0.017333333333333333 0.0135
3 0.034666666666666665 0.50075 0.06666666666666665 0.0445
3 0.31666666666666665 0.44375 0.07866666666666666 0.0275
3 0.3423333333333333 0.43225 0.06466666666666666 0.0225
3 0.3866666666666666 0.41675 0.050666666666666665 0.0215
7 0.253 0.449 0.01933333333333333 0.023
3 0.406 0.405 0.057333333333333326 0.021
3 0.4443333333333333 0.38475 0.05533333333333333 0.0155
3 0.4313333333333333 0.39275 0.050666666666666665 0.0175
3 0.4633333333333333 0.37325 0.056 0.0175
3 0.48066666666666663 0.3655 0.052 0.015
3 0.4903333333333333 0.36125 0.04733333333333333 0.0145
5 0.3446666666666666 0.3705 0.013333333333333332 0.011
5 0.36566666666666664 0.37075 0.014 0.0115
6 0.3873333333333333 0.3635 0.022666666666666665 0.018
1 0.37366666666666665 0.3625 0.012666666666666666 0.008
1 0.44666666666666666 0.33225 0.03733333333333333 0.0135
3 0.503 0.35175 0.042 0.0185
1 0.485 0.42375 0.024666666666666663 0.0105