7 0.5285714285714286 0.6435714285714286 0.013333333333333332 0.011428571428571429
7 0.5538095238095238 0.64 0.014285714285714285 0.011428571428571429
3 0.679047619047619 0.6542857142857142 0.05523809523809523 0.06571428571428571
3 0.629047619047619 0.5803571428571429 0.04095238095238095 0.06928571428571428
7 0.5242857142857142 0.49 0.01619047619047619 0.011428571428571429
5 0.5614285714285714 0.4164285714285714 0.014285714285714285 0.025714285714285714
8 0.5619047619047619 0.4160714285714286 0.013333333333333332 0.013571428571428571
5 0.46 0.47714285714285715 0.026666666666666665 0.015714285714285715
7 0.45714285714285713 0.4789285714285714 0.013333333333333332 0.009285714285714286
7 0.42714285714285716 0.44607142857142856 0.014285714285714285 0.007857142857142858
7 0.44190476190476186 0.4332142857142857 0.019047619047619046 0.009285714285714286
7 0.4757142857142857 0.3246428571428571 0.014285714285714285 0.007857142857142858
7 0.4666666666666666 0.2910714285714286 0.015238095238095238 0.0064285714285714285
5 0.42857142857142855 0.2978571428571429 0.019047619047619046 0.008571428571428572
9 0.5071428571428571 0.24071428571428571 0.023809523809523805 0.037142857142857144
7 0.5385714285714286 0.2382142857142857 0.01238095238095238 0.009285714285714286
7 0.6504761904761904 0.26107142857142857 0.013333333333333332 0.007857142857142858
7 0.6580952380952381 0.3171428571428571 0.011428571428571429 0.007142857142857143
7 0.639047619047619 0.3275 0.013333333333333332 0.010714285714285714
5 0.49761904761904757 0.175 0.037142857142857144 0.011428571428571429
7 0.47333333333333333 0.14 0.013333333333333332 0.011428571428571429
7 0.53 0.1432142857142857 0.014285714285714285 0.013571428571428571
7 0.5480952380952381 0.11357142857142857 0.01619047619047619 0.015714285714285715
3 0.6385714285714286 0.13714285714285715 0.04095238095238095 0.06857142857142857
7 0.46 0.08142857142857143 0.009523809523809523 0.011428571428571429
7 0.45571428571428574 0.01107142857142857 0.010476190476190476 0.017857142857142856
7 0.4714285714285714 0.018571428571428572 0.013333333333333332 0.014285714285714285
5 0.5171428571428571 0.007142857142857143 0.03238095238095238 0.01
5 0.5057142857142857 0.031785714285714285 0.03238095238095238 0.012142857142857143
5 0.5066666666666666 0.09142857142857143 0.030476190476190476 0.012857142857142857
5 0.599047619047619 0.031785714285714285 0.013333333333333332 0.029285714285714286
7 0.6704761904761904 0.075 0.011428571428571429 0.018571428571428572
1 0.7109523809523809 0.12821428571428573 0.02952380952380952 0.009285714285714286
1 0.7147619047619047 0.12 0.02952380952380952 0.012857142857142857
3 0.7028571428571428 0.1492857142857143 0.07619047619047618 0.027142857142857142
5 0.4961904761904762 0.3410714285714286 0.030476190476190476 0.009285714285714286
8 0.6761904761904761 0.3517857142857143 0.013333333333333332 0.010714285714285714
8 0.6952380952380952 0.3464285714285714 0.013333333333333332 0.008571428571428572
8 0.6933333333333334 0.38392857142857145 0.017142857142857144 0.009285714285714286
8 0.7004761904761905 0.40964285714285714 0.01238095238095238 0.007857142857142858