3 0.2265228426395939 0.1925 0.049492385786802026 0.012142857142857141
3 0.3026649746192894 0.16892857142857143 0.04695431472081218 0.009285714285714286
3 0.8781725888324874 0.3267857142857143 0.02538071065989848 0.026428571428571426
3 0.8635786802030457 0.42178571428571426 0.026649746192893398 0.029285714285714286
3 0.03236040609137056 0.1807142857142857 0.049492385786802026 0.012857142857142857
2 0.9308375634517766 0.2592857142857143 0.03934010152284264 0.037142857142857144
3 0.8280456852791879 0.18107142857142858 0.049492385786802026 0.013571428571428571
11 0.9701776649746193 0.1717857142857143 0.049492385786802026 0.013571428571428571
3 0.9568527918781725 0.13892857142857143 0.04060913705583756 0.013571428571428571
6 0.6928934010152283 0.039285714285714285 0.08375634517766498 0.025714285714285714
6 0.8654822335025381 0.051071428571428566 0.053299492385786795 0.034999999999999996
3 0.5913705583756346 0.005357142857142857 0.015228426395939087 0.007857142857142858
7 0.8432741116751268 0.2764285714285714 0.008883248730964468 0.008571428571428572
7 0.858502538071066 0.26571428571428574 0.00634517766497462 0.008571428571428572
7 0.8267766497461928 0.2646428571428571 0.008883248730964468 0.009285714285714286
7 0.8381979695431473 0.23785714285714285 0.008883248730964468 0.007142857142857143
3 0.9143401015228426 0.23392857142857143 0.02918781725888325 0.016428571428571428
7 0.75 0.3025 0.01015228426395939 0.009285714285714286
7 0.7411167512690355 0.29892857142857143 0.007614213197969543 0.007857142857142858