3 0.6440355329949239 0.2714285714285714 0.04187817258883249 0.049999999999999996
3 0.6986040609137056 0.27214285714285713 0.03680203045685279 0.049999999999999996
3 0.7639593908629442 0.27214285714285713 0.04568527918781726 0.054285714285714284
3 0.8229695431472082 0.2617857142857143 0.04187817258883249 0.04642857142857142
3 0.8857868020304568 0.2675 0.03807106598984771 0.042142857142857135
3 0.9397208121827412 0.2646428571428571 0.049492385786802026 0.05071428571428571
3 0.9892857142857143 0.26015228426395937 0.02142857142857143 0.05203045685279188
3 0.2760152284263959 0.2671428571428571 0.10025380710659898 0.024285714285714282
3 0.1548223350253807 0.27214285714285713 0.09898477157360405 0.022857142857142857
3 0.4187817258883249 0.21285714285714283 0.04568527918781726 0.05714285714285714
3 0.3699238578680203 0.215 0.044416243654822336 0.055714285714285716
3 0.31408629441624364 0.20964285714285713 0.044416243654822336 0.052142857142857144
3 0.26649746192893403 0.21714285714285714 0.04568527918781726 0.055714285714285716
3 0.21763959390862944 0.2214285714285714 0.04695431472081218 0.05857142857142857
3 0.15672588832487308 0.22107142857142856 0.04695431472081218 0.062142857142857146
3 0.10152284263959392 0.22714285714285712 0.053299492385786795 0.05285714285714285
3 0.05012690355329949 0.22607142857142856 0.044416243654822336 0.045
3 0.3889593908629442 0.10678571428571428 0.08756345177664974 0.027857142857142858
3 0.791243654822335 0.13499999999999998 0.09263959390862944 0.024285714285714282
3 0.9617857142857142 0.17893401015228427 0.07642857142857143 0.02030456852791878
3 0.8546954314720813 0.08428571428571427 0.09263959390862944 0.025714285714285714
3 0.6015228426395939 0.04071428571428572 0.04568527918781726 0.04428571428571428
3 0.2899746192893401 0.05928571428571428 0.052030456852791875 0.045714285714285714
3 0.23413705583756345 0.06142857142857142 0.049492385786802026 0.05714285714285714
3 0.18591370558375636 0.06857142857142857 0.052030456852791875 0.060000000000000005
3 0.1218274111675127 0.06821428571428571 0.0583756345177665 0.056428571428571425
3 0.05583756345177665 0.07821428571428571 0.06598984771573604 0.05499999999999999
3 0.013214285714285715 0.22906091370558376 0.02642857142857143 0.05583756345177665
7 0.38451776649746194 0.06964285714285715 0.02284263959390863 0.010714285714285714
7 0.4067258883248731 0.0625 0.021573604060913708 0.010714285714285714
7 0.4022842639593909 0.048571428571428564 0.02284263959390863 0.007142857142857143