11 0.025714285714285714 0.03666666666666667 0.05142857142857143 0.047619047619047616
3 0.06285714285714286 0.07952380952380952 0.12571428571428572 0.04857142857142857
7 0.02238095238095238 0.09714285714285714 0.039047619047619046 0.03
3 0.27619047619047615 0.054642857142857146 0.12571428571428572 0.045
7 0.4576190476190476 0.055 0.021904761904761903 0.03428571428571429
7 0.38047619047619047 0.13464285714285715 0.027619047619047616 0.029285714285714286
7 0.4014285714285714 0.13285714285714287 0.02 0.02857142857142857
7 0.1833333333333333 0.28035714285714286 0.037142857142857144 0.030714285714285715
1 0.379047619047619 0.455 0.02476190476190476 0.041428571428571426
8 0.38047619047619047 0.43464285714285716 0.023809523809523805 0.030714285714285715
10 0.0325 0.45904761904761904 0.065 0.08666666666666667
7 0.36523809523809525 0.5957142857142858 0.04285714285714286 0.041428571428571426
7 0.5223809523809523 0.5535714285714286 0.035238095238095235 0.03
7 0.1352380952380952 0.7192857142857143 0.05142857142857143 0.047142857142857146
7 0.948095238095238 0.5307142857142857 0.02952380952380952 0.022857142857142857
3 0.88 0.3 0.1352380952380952 0.10142857142857142
3 0.5942857142857143 0.010476190476190476 0.05357142857142857 0.02095238095238095
11 0.7914285714285715 0.021904761904761906 0.047857142857142855 0.04380952380952381
3 0.8828571428571429 0.025238095238095237 0.05142857142857143 0.05047619047619047
3 0.9717857142857143 0.023809523809523808 0.056428571428571425 0.047619047619047616
3 0.9438095238095238 0.1425 0.11047619047619046 0.052142857142857144