8 0.4295238095238095 0.46464285714285714 0.022857142857142857 0.02642857142857143
1 0.43 0.4764285714285714 0.02 0.02142857142857143
3 0.4352380952380952 0.3964285714285714 0.06476190476190476 0.04428571428571428
3 0.45 0.3603571428571429 0.039047619047619046 0.02642857142857143
3 0.4776190476190476 0.31785714285714284 0.023809523809523805 0.02
3 0.5952380952380952 0.3817857142857143 0.045714285714285714 0.03214285714285714
3 0.6328571428571429 0.41464285714285715 0.050476190476190466 0.03357142857142857
3 0.5214285714285715 0.5135714285714286 0.07714285714285714 0.07857142857142857
3 0.8504761904761904 0.4417857142857143 0.11619047619047618 0.039285714285714285
3 0.8414285714285714 0.4789285714285714 0.11904761904761904 0.045
3 0.9128571428571428 0.5123809523809524 0.1742857142857143 0.058095238095238096
3 0.9628571428571429 0.6352380952380953 0.07428571428571429 0.09619047619047619
3 0.96 0.4423809523809524 0.08 0.0380952380952381