7 0.39904761904761904 0.7060714285714286 0.022857142857142857 0.04214285714285714
7 0.42142857142857143 0.7021428571428572 0.021904761904761903 0.045714285714285714
7 0.4409523809523809 0.7082142857142857 0.02095238095238095 0.045
7 0.46714285714285714 0.7192857142857143 0.023809523809523805 0.04285714285714286
7 0.47380952380952374 0.6667857142857143 0.021904761904761903 0.045
7 0.4442857142857143 0.6635714285714286 0.021904761904761903 0.041428571428571426
7 0.42428571428571427 0.6628571428571428 0.023809523809523805 0.03857142857142857
7 0.4876190476190476 0.5596428571428571 0.015238095238095238 0.03214285714285714
7 0.4747619047619047 0.5607142857142857 0.018095238095238095 0.02857142857142857
7 0.5433333333333333 0.49607142857142855 0.014285714285714285 0.029285714285714286
7 0.5376190476190476 0.45 0.010476190476190476 0.022857142857142857
7 0.5495238095238094 0.4471428571428571 0.011428571428571429 0.022857142857142857
7 0.559047619047619 0.45107142857142857 0.011428571428571429 0.023571428571428573
7 0.5085714285714286 0.43964285714285717 0.009523809523809523 0.02214285714285714
7 0.5157142857142857 0.43857142857142856 0.010476190476190476 0.02142857142857143
7 0.5523809523809523 0.4117857142857143 0.009523809523809523 0.020714285714285713
7 0.5533333333333333 0.39321428571428574 0.011428571428571429 0.017857142857142856
7 0.5866666666666666 0.3921428571428571 0.009523809523809523 0.02
7 0.6504761904761904 0.36357142857142855 0.007619047619047619 0.015714285714285715
7 0.5638095238095238 0.3578571428571429 0.007619047619047619 0.017142857142857144
7 0.5704761904761905 0.35428571428571426 0.007619047619047619 0.015714285714285715
7 0.5566666666666666 0.3510714285714286 0.0047619047619047615 0.013571428571428571
7 0.5523809523809523 0.34464285714285714 0.005714285714285714 0.012142857142857143
7 0.5604761904761905 0.3342857142857143 0.0047619047619047615 0.011428571428571429
7 0.5609523809523809 0.3435714285714286 0.007619047619047619 0.012857142857142857
7 0.5666666666666667 0.3360714285714286 0.005714285714285714 0.013571428571428571
7 0.5714285714285714 0.3367857142857143 0.007619047619047619 0.013571428571428571
4 0.5704761904761905 0.32 0.026666666666666665 0.018571428571428572
7 0.6557142857142857 0.31357142857142856 0.006666666666666666 0.01
7 0.6614285714285715 0.30607142857142855 0.006666666666666666 0.010714285714285714
7 0.5595238095238094 0.3053571428571429 0.006666666666666666 0.010714285714285714
3 0.62 0.29392857142857143 0.030476190476190476 0.010714285714285714
7 0.6833333333333333 0.29464285714285715 0.0047619047619047615 0.009285714285714286
5 0.6833333333333333 0.2960714285714286 0.014285714285714285 0.005
7 0.6880952380952381 0.29214285714285715 0.0047619047619047615 0.01
6 0.5542857142857143 0.29392857142857143 0.015238095238095238 0.0064285714285714285
7 0.3985714285714286 0.2985714285714286 0.006666666666666666 0.01
7 0.41380952380952374 0.2985714285714286 0.006666666666666666 0.01
7 0.4466666666666666 0.2975 0.007619047619047619 0.010714285714285714
7 0.45714285714285713 0.2925 0.005714285714285714 0.010714285714285714
7 0.4514285714285714 0.2910714285714286 0.005714285714285714 0.010714285714285714
7 0.49714285714285716 0.28714285714285714 0.005714285714285714 0.01
5 0.7038095238095238 0.29214285714285715 0.013333333333333332 0.008571428571428572
7 0.9757142857142858 0.2785714285714286 0.006666666666666666 0.011428571428571429
4 0.8752380952380951 0.2557142857142857 0.02476190476190476 0.018571428571428572
11 0.8633333333333332 0.22 0.010476190476190476 0.008571428571428572
4 0.4776190476190476 0.21214285714285713 0.09428571428571429 0.015714285714285715