3 0.8661904761904761 0.6442857142857142 0.21238095238095236 0.08857142857142856
3 0.8752380952380951 0.5732142857142857 0.19238095238095237 0.07642857142857143
3 0.6366666666666666 0.4760714285714286 0.09619047619047619 0.08357142857142857
3 0.5085714285714286 0.6828571428571428 0.15619047619047619 0.13285714285714287
3 0.1261904761904762 0.5789285714285715 0.19142857142857142 0.12928571428571428
3 0.3052380952380952 0.44107142857142856 0.11904761904761904 0.07928571428571428
3 0.11380952380952379 0.42464285714285716 0.1495238095238095 0.085
3 0.16666666666666666 0.45607142857142857 0.14476190476190476 0.08642857142857142
3 0.6719047619047619 0.3914285714285714 0.06952380952380952 0.06714285714285714
3 0.7066666666666667 0.3289285714285714 0.05904761904761904 0.05357142857142857
3 0.748095238095238 0.28214285714285714 0.050476190476190466 0.032857142857142856
3 0.5328571428571428 0.3364285714285714 0.07333333333333332 0.047142857142857146
3 0.25857142857142856 0.3460714285714286 0.1038095238095238 0.062142857142857146
3 0.3152380952380952 0.3610714285714286 0.09714285714285714 0.060714285714285714
2 0.44047619047619047 0.31 0.18571428571428572 0.14285714285714285
8 0.679047619047619 0.5789285714285715 0.04 0.047857142857142855
5 0.6809523809523809 0.5807142857142857 0.030476190476190476 0.06428571428571428
1 0.8766666666666666 0.4228571428571429 0.04857142857142857 0.017142857142857144
5 0.8719047619047618 0.4142857142857143 0.054285714285714284 0.024285714285714285
3 0.8914285714285715 0.38107142857142856 0.14476190476190476 0.04357142857142857
7 0.8276190476190475 0.3264285714285714 0.019047619047619046 0.032857142857142856
7 0.7795238095238095 0.3289285714285714 0.02 0.029285714285714286
7 0.79 0.33 0.01619047619047619 0.02857142857142857
7 0.878095238095238 0.29928571428571427 0.017142857142857144 0.02857142857142857
7 0.958095238095238 0.3107142857142857 0.017142857142857144 0.03
3 0.7761904761904761 0.2257142857142857 0.05142857142857143 0.041428571428571426
3 0.7880952380952381 0.21071428571428572 0.03333333333333333 0.027142857142857142
3 0.7890476190476189 0.17964285714285713 0.03333333333333333 0.025
3 0.8290476190476189 0.18357142857142858 0.03142857142857143 0.024285714285714285
3 0.8614285714285714 0.2367857142857143 0.037142857142857144 0.03357142857142857
3 0.93 0.2546428571428571 0.07904761904761905 0.030714285714285715
3 0.9347619047619047 0.24428571428571427 0.08666666666666667 0.022857142857142857
3 0.9304761904761903 0.2357142857142857 0.08571428571428572 0.025714285714285714
3 0.8966666666666666 0.22214285714285714 0.07142857142857142 0.024285714285714285
3 0.8804761904761904 0.21357142857142858 0.0676190476190476 0.018571428571428572
3 0.8933333333333332 0.20214285714285715 0.06857142857142857 0.02142857142857143
8 0.8242857142857143 0.2117857142857143 0.010476190476190476 0.016428571428571428
5 0.826190476190476 0.21535714285714286 0.014285714285714285 0.017857142857142856
8 0.8552380952380951 0.12785714285714286 0.007619047619047619 0.012857142857142857
8 0.8838095238095237 0.11178571428571428 0.007619047619047619 0.010714285714285714
8 0.9066666666666666 0.11392857142857143 0.007619047619047619 0.009285714285714286
8 0.9557142857142857 0.08464285714285714 0.0047619047619047615 0.007857142857142858
8 0.9585714285714285 0.07035714285714285 0.0047619047619047615 0.0064285714285714285
8 0.998095238095238 0.05035714285714286 0.0038095238095238095 0.0035714285714285713
1 0.8542857142857143 0.13071428571428573 0.009523809523809523 0.011428571428571429
1 0.8828571428571429 0.115 0.005714285714285714 0.008571428571428572
1 0.9057142857142857 0.11678571428571428 0.005714285714285714 0.007857142857142858
1 0.9590476190476189 0.07285714285714286 0.0038095238095238095 0.005714285714285714
1 0.9976190476190475 0.052142857142857144 0.002857142857142857 0.004285714285714286
7 0.998095238095238 0.046785714285714285 0.0038095238095238095 0.005
7 0.9952380952380951 0.04857142857142857 0.0038095238095238095 0.005714285714285714
7 0.9885714285714285 0.05714285714285714 0.0038095238095238095 0.005714285714285714
7 0.9923809523809524 0.05714285714285714 0.0038095238095238095 0.007142857142857143
7 0.9261904761904761 0.10857142857142857 0.006666666666666666 0.012857142857142857
7 0.9647619047619046 0.07464285714285715 0.005714285714285714 0.007857142857142858
7 0.9766666666666666 0.07357142857142857 0.0047619047619047615 0.008571428571428572
7 0.9742857142857143 0.07071428571428572 0.005714285714285714 0.007142857142857143
7 0.9857142857142858 0.06535714285714286 0.0038095238095238095 0.007857142857142858
1 0.9557142857142857 0.08678571428571429 0.0047619047619047615 0.0064285714285714285
3 0.9433333333333332 0.07535714285714286 0.018095238095238095 0.010714285714285714
7 0.8619047619047618 0.10785714285714286 0.005714285714285714 0.008571428571428572
3 0.9428571428571428 0.1275 0.04952380952380952 0.015
3 0.9471428571428572 0.1225 0.04476190476190476 0.015
3 0.9471428571428572 0.11928571428571429 0.04285714285714286 0.014285714285714285
3 0.9523809523809523 0.1175 0.0419047619047619 0.013571428571428571
3 0.9523809523809523 0.11571428571428571 0.03809523809523809 0.014285714285714285
3 0.9571428571428572 0.11321428571428571 0.03809523809523809 0.013571428571428571
3 0.96 0.10857142857142857 0.0419047619047619 0.015714285714285715
11 0.9771428571428571 0.10238095238095238 0.045714285714285714 0.02
4 0.9882142857142857 0.07476190476190477 0.023571428571428573 0.030476190476190476
3 0.5628571428571428 0.20035714285714284 0.04761904761904761 0.027857142857142858
7 0.6319047619047619 0.1407142857142857 0.008571428571428572 0.011428571428571429
5 0.6323809523809524 0.1442857142857143 0.011428571428571429 0.011428571428571429
7 0.6709523809523809 0.10714285714285714 0.006666666666666666 0.011428571428571429
7 0.6166666666666666 0.12428571428571429 0.006666666666666666 0.011428571428571429
7 0.22904761904761903 0.29678571428571426 0.02 0.027857142857142858
7 0.22285714285714286 0.29214285714285715 0.022857142857142857 0.03
7 0.24571428571428572 0.2885714285714286 0.02095238095238095 0.03
3 0.033928571428571426 0.3157142857142857 0.06785714285714285 0.0419047619047619
3 0.05952380952380952 0.29892857142857143 0.11523809523809522 0.04071428571428572
3 0.1 0.2835714285714286 0.11238095238095237 0.03571428571428571
3 0.1361904761904762 0.26821428571428574 0.10095238095238093 0.03357142857142857
3 0.259047619047619 0.22642857142857142 0.0838095238095238 0.02857142857142857
3 0.3457142857142857 0.21892857142857142 0.05904761904761904 0.035
3 0.3442857142857143 0.19035714285714286 0.07333333333333332 0.029285714285714286
3 0.36476190476190473 0.18357142857142858 0.07428571428571429 0.03
3 0.37714285714285717 0.17714285714285713 0.07809523809523809 0.027142857142857142
3 0.38857142857142857 0.17 0.07619047619047618 0.025714285714285714
3 0.4147619047619047 0.16785714285714284 0.05809523809523809 0.018571428571428572
3 0.43 0.16035714285714286 0.052380952380952375 0.020714285714285713
3 0.47285714285714286 0.1675 0.04285714285714286 0.023571428571428573
3 0.4566666666666666 0.14785714285714285 0.050476190476190466 0.02
3 0.4752380952380952 0.14464285714285716 0.05333333333333333 0.02214285714285714
3 0.5461904761904761 0.13714285714285715 0.03333333333333333 0.018571428571428572
3 0.579047619047619 0.1125 0.045714285714285714 0.019285714285714285
3 0.6309523809523809 0.11285714285714285 0.03142857142857143 0.015714285714285715
4 0.6214285714285714 0.09821428571428571 0.039047619047619046 0.012142857142857143
8 0.6776190476190476 0.09642857142857143 0.006666666666666666 0.008571428571428572
5 0.6771428571428572 0.10142857142857142 0.013333333333333332 0.007142857142857143
3 0.699047619047619 0.09285714285714286 0.02476190476190476 0.012857142857142857
7 0.7061904761904761 0.10678571428571429 0.0047619047619047615 0.013571428571428571
7 0.7104761904761905 0.10535714285714286 0.005714285714285714 0.012142857142857143