10 0.741 0.10425 0.1713333333333333 0.0285
10 0.8186666666666667 0.09575 0.08933333333333333 0.0305
3 0.792 0.12075 0.050666666666666665 0.0175
3 0.658 0.1535 0.044 0.021
3 0.616 0.128 0.058666666666666666 0.016
3 0.5533333333333332 0.1045 0.041333333333333326 0.014
3 0.5186666666666666 0.13975 0.05466666666666666 0.0235
3 0.482 0.1065 0.04533333333333333 0.015
3 0.3386666666666666 0.10575 0.04666666666666666 0.0165
8 0.402 0.10575 0.010666666666666666 0.0135
1 0.4036666666666666 0.1115 0.022 0.01
3 0.4373333333333333 0.124 0.05333333333333333 0.018
3 0.4423333333333333 0.14125 0.04733333333333333 0.0185
3 0.435 0.16075 0.066 0.0295
3 0.574 0.137 0.06266666666666666 0.02
3 0.7136666666666667 0.14625 0.024666666666666663 0.0235
3 0.5846666666666667 0.18425 0.07733333333333332 0.0245
3 0.572 0.19325 0.07466666666666666 0.0225
3 0.5563333333333332 0.20125 0.08066666666666665 0.0225
3 0.743 0.219 0.058 0.03
3 0.7166666666666667 0.168 0.034666666666666665 0.021
3 0.7693333333333332 0.1325 0.041333333333333326 0.017
3 0.7513333333333333 0.14375 0.052 0.0215
3 0.8663333333333333 0.141 0.04066666666666666 0.022
3 0.9046666666666666 0.13675 0.03866666666666666 0.0215
11 0.8596666666666666 0.194 0.07 0.028
11 0.8083333333333332 0.1385 0.048666666666666664 0.023
11 0.8386666666666667 0.17625 0.07866666666666666 0.0365
11 0.7296666666666666 0.18425 0.03533333333333333 0.0355
11 0.585 0.15475 0.07533333333333334 0.0235
11 0.5773333333333333 0.16675 0.076 0.0275
11 0.737 0.24875 0.03933333333333333 0.0405
11 0.56 0.26575 0.092 0.0365
1 0.4473333333333333 0.27625 0.018666666666666665 0.0255
8 0.6896666666666667 0.15225 0.008666666666666666 0.0155
8 0.621 0.3385 0.018 0.023
1 0.6856666666666666 0.2505 0.016666666666666663 0.021
1 0.6943333333333332 0.15875 0.01 0.0185
8 0.8433333333333333 0.25875 0.022666666666666665 0.0175
8 0.859 0.24575 0.016666666666666663 0.0155
8 0.9293333333333332 0.24525 0.014666666666666666 0.0175
7 0.926 0.28375 0.022666666666666665 0.0295
7 0.756 0.2725 0.014666666666666666 0.031
7 0.8863333333333333 0.29225 0.014 0.0375
7 0.6583333333333332 0.248 0.012666666666666666 0.03
7 0.679 0.247 0.012666666666666666 0.032
7 0.6746666666666666 0.25575 0.012 0.0315
7 0.674 0.27575 0.013333333333333332 0.0285
7 0.63 0.27125 0.016 0.0315
7 0.7146666666666667 0.33675 0.017333333333333333 0.0405
7 0.672 0.3235 0.02 0.036
7 0.691 0.28225 0.014 0.0325
7 0.6606666666666666 0.26875 0.010666666666666666 0.0315
7 0.6706666666666666 0.28425 0.013333333333333332 0.0325
7 0.718 0.351 0.018666666666666665 0.04
11 0.765 0.324 0.03933333333333333 0.056
11 0.9183333333333332 0.3375 0.12466666666666666 0.04
11 0.8613333333333333 0.31925 0.104 0.0415
8 0.6123333333333333 0.418 0.024666666666666663 0.03
8 0.768 0.51275 0.025333333333333333 0.0475
8 0.6433333333333333 0.55625 0.042666666666666665 0.0345
1 0.7693333333333332 0.53075 0.018666666666666665 0.0505
5 0.6683333333333332 0.5075 0.03 0.051
5 0.603 0.48325 0.024666666666666663 0.0365
7 0.6856666666666666 0.50425 0.02333333333333333 0.0465
7 0.7186666666666667 0.51 0.022666666666666665 0.056
7 0.8346666666666667 0.62425 0.028 0.0545
7 0.795 0.61925 0.028666666666666663 0.0515
7 0.745 0.63 0.02733333333333333 0.056
7 0.5996666666666667 0.7185 0.028666666666666663 0.058
7 0.66 0.73575 0.036 0.0275
7 0.757 0.72625 0.04066666666666666 0.0465
9 0.21433333333333332 0.655 0.13666666666666666 0.083
5 0.2636666666666666 0.56625 0.056666666666666664 0.0555
5 0.017 0.559 0.034 0.04533333333333334
5 0.036 0.55925 0.04666666666666666 0.0455
5 0.05566666666666666 0.55375 0.05266666666666667 0.0435
5 0.08166666666666665 0.55975 0.04733333333333333 0.0465
5 0.10233333333333333 0.56675 0.054 0.0505
5 0.1393333333333333 0.562 0.050666666666666665 0.048
5 0.167 0.56425 0.04466666666666667 0.0475
5 0.21133333333333332 0.5605 0.04 0.06
7 0.489 0.2195 0.01933333333333333 0.027
7 0.5673333333333332 0.29025 0.010666666666666666 0.0175
3 0.18333333333333332 0.06225 0.03866666666666666 0.0115
3 0.42766666666666664 0.0655 0.03933333333333333 0.014
4 0.106 0.452 0.212 0.096