2 0.08392857142857142 0.4086294416243655 0.16785714285714284 0.05583756345177665
3 0.9441624365482234 0.4471428571428571 0.043147208121827416 0.037142857142857144
11 0.9917857142857143 0.24048223350253808 0.016428571428571428 0.024111675126903553
3 0.950507614213198 0.22749999999999998 0.03807106598984771 0.023571428571428573
2 0.8236040609137056 0.22107142857142856 0.048223350253807105 0.034999999999999996
3 0.9092639593908629 0.18357142857142858 0.03934010152284264 0.025714285714285714
3 0.8515228426395939 0.16785714285714287 0.03553299492385787 0.02142857142857143
3 0.9975 0.1814720812182741 0.005 0.021573604060913704
3 0.9105329949238579 0.07535714285714286 0.03426395939086294 0.020714285714285713
3 0.8673857868020304 0.0725 0.03426395939086294 0.017857142857142856
3 0.7963197969543147 0.059642857142857136 0.03426395939086294 0.017857142857142856
3 0.6440355329949239 0.09035714285714284 0.03426395939086294 0.016428571428571428
3 0.6154822335025381 0.044642857142857144 0.03299492385786802 0.015000000000000001
5 0.6148477157360407 0.03142857142857143 0.01649746192893401 0.008571428571428572
2 0.8058375634517766 0.01 0.043147208121827416 0.017142857142857144
11 0.7411167512690355 0.026785714285714288 0.03299492385786802 0.017857142857142856
11 0.6389593908629442 0.007857142857142858 0.02918781725888325 0.012857142857142857
11 0.5583756345177665 0.015000000000000001 0.030456852791878174 0.015714285714285715