7 0.5513333333333332 0.5145 0.04 0.076
7 0.99875 0.5706666666666667 0.0025 0.08933333333333333
3 0.649 0.47625 0.146 0.1635
7 0.859 0.33075 0.028666666666666663 0.0525
7 0.8373333333333333 0.3285 0.02 0.045
5 0.921 0.32525 0.066 0.0405
3 0.8653333333333333 0.2695 0.07866666666666666 0.061
8 0.7523333333333333 0.28975 0.026 0.0305
9 0.604 0.30825 0.057333333333333326 0.0575
8 0.6133333333333333 0.28825 0.030666666666666665 0.0275
7 0.4526666666666666 0.26975 0.04 0.0485
10 0.418 0.264 0.12666666666666665 0.086
10 0.7756666666666666 0.19075 0.1353333333333333 0.0535
7 0.7006666666666667 0.18775 0.013333333333333332 0.0305
3 0.7226666666666667 0.16425 0.049333333333333326 0.0365
3 0.657 0.18125 0.058 0.0385
10 0.5956666666666667 0.1365 0.05133333333333333 0.039
10 0.8033333333333332 0.134 0.09333333333333332 0.031
3 0.7963333333333332 0.1255 0.06866666666666665 0.024
1 0.6576666666666666 0.117 0.011333333333333332 0.019
8 0.658 0.11 0.010666666666666666 0.019
5 0.6466666666666666 0.1145 0.02 0.017
8 0.647 0.1075 0.014 0.018
8 0.6536666666666666 0.10025 0.012666666666666666 0.0145
11 0.635 0.09475 0.028666666666666663 0.0275
10 0.6176666666666666 0.0805 0.07266666666666666 0.035
7 0.693 0.09625 0.011333333333333332 0.0205
3 0.6706666666666666 0.0665 0.026666666666666665 0.021
5 0.688 0.07875 0.012 0.0155
8 0.689 0.07625 0.01 0.0185
10 0.7413333333333333 0.0895 0.034666666666666665 0.029
10 0.8056666666666666 0.05625 0.03666666666666667 0.0405
3 0.6736666666666666 0.0565 0.046 0.015
3 0.6956666666666667 0.04375 0.016666666666666663 0.0135
3 0.704 0.04025 0.016 0.0115
3 0.7056666666666667 0.0355 0.016666666666666663 0.011
4 0.7296666666666666 0.01725 0.03933333333333333 0.0245