7 0.21714285714285714 0.005714285714285714 0.007619047619047619 0.008571428571428572
7 0.3395238095238095 0.0032142857142857142 0.008571428571428572 0.005
7 0.05095238095238095 0.06142857142857143 0.01238095238095238 0.005714285714285714
3 0.10952380952380951 0.04214285714285714 0.04 0.017142857142857144
3 0.21428571428571427 0.13857142857142857 0.04 0.02142857142857143
3 0.24095238095238095 0.15214285714285714 0.0419047619047619 0.02142857142857143
3 0.42857142857142855 0.105 0.04 0.02142857142857143
3 0.09809523809523808 0.20964285714285713 0.0419047619047619 0.027857142857142858
3 0.4019047619047619 0.21321428571428572 0.03238095238095238 0.029285714285714286
3 0.3909523809523809 0.2571428571428571 0.025714285714285714 0.02857142857142857
3 0.3742857142857143 0.3175 0.02095238095238095 0.030714285714285715
3 0.024285714285714285 0.2525 0.03333333333333333 0.02642857142857143
5 0.35666666666666663 0.0775 0.01238095238095238 0.0064285714285714285
5 0.3338095238095238 0.095 0.014285714285714285 0.007142857142857143
5 0.3061904761904762 0.29714285714285715 0.008571428571428572 0.011428571428571429
5 0.39476190476190476 0.555 0.010476190476190476 0.01
7 0.16333333333333333 0.1475 0.014285714285714285 0.005
2 0.379047619047619 0.4639285714285714 0.07047619047619047 0.07357142857142857
3 0.5409523809523809 0.08392857142857142 0.04 0.013571428571428571
3 0.5995238095238095 0.06678571428571428 0.04095238095238095 0.016428571428571428
10 0.7042857142857143 0.010714285714285714 0.04666666666666666 0.02
3 0.7967857142857143 0.006666666666666667 0.039285714285714285 0.013333333333333334
3 0.9875 0.23285714285714285 0.025 0.02761904761904762
8 0.35428571428571426 0.07571428571428572 0.011428571428571429 0.007142857142857143
8 0.3342857142857143 0.09428571428571429 0.009523809523809523 0.005714285714285714
8 0.3057142857142857 0.2957142857142857 0.009523809523809523 0.007142857142857143
8 0.3942857142857143 0.5546428571428571 0.007619047619047619 0.010714285714285714