3 0.6338095238095237 0.18357142857142858 0.05809523809523809 0.04428571428571428
3 0.7823809523809523 0.3782142857142857 0.08285714285714285 0.06928571428571428
3 0.6885714285714286 0.44892857142857145 0.08571428571428572 0.09642857142857143
3 0.3323809523809524 0.2475 0.05523809523809523 0.06785714285714285
3 0.9085714285714286 0.4139285714285714 0.07428571428571429 0.05928571428571429
3 0.9276190476190476 0.505 0.0838095238095238 0.07285714285714286
3 0.5542857142857143 0.019642857142857142 0.04952380952380952 0.03357142857142857
11 0.47047619047619044 0.02892857142857143 0.04952380952380952 0.039285714285714285
7 0.209047619047619 0.29642857142857143 0.01238095238095238 0.015714285714285715
7 0.5380952380952381 0.4742857142857143 0.022857142857142857 0.04428571428571428
7 0.6066666666666666 0.5035714285714286 0.022857142857142857 0.045714285714285714