3 0.46809523809523806 0.7167857142857142 0.06571428571428571 0.065
3 0.8133333333333332 0.6932142857142857 0.08952380952380952 0.09357142857142857
3 0.7642857142857142 0.5860714285714286 0.07714285714285714 0.07928571428571428
3 0.75 0.5125 0.06 0.06785714285714285
3 0.4709523809523809 0.6425 0.06 0.08071428571428571
3 0.48 0.5660714285714286 0.05523809523809523 0.07642857142857143
3 0.2533333333333333 0.2639285714285714 0.04761904761904761 0.020714285714285713
3 0.359047619047619 0.2714285714285714 0.05714285714285714 0.02142857142857143
3 0.4233333333333333 0.2742857142857143 0.0619047619047619 0.022857142857142857
3 0.4361904761904762 0.2978571428571429 0.07047619047619047 0.024285714285714285
3 0.4961904761904762 0.2757142857142857 0.06476190476190476 0.02142857142857143
3 0.5285714285714286 0.26571428571428574 0.04952380952380952 0.018571428571428572
3 0.5504761904761905 0.2567857142857143 0.05142857142857143 0.017857142857142856
3 0.5557142857142857 0.24285714285714285 0.06 0.017142857142857144
3 0.5585714285714286 0.23392857142857143 0.050476190476190466 0.017857142857142856
3 0.5604761904761905 0.21571428571428572 0.050476190476190466 0.017142857142857144
3 0.5685714285714286 0.2025 0.04761904761904761 0.016428571428571428
3 0.57 0.1957142857142857 0.04285714285714286 0.015714285714285715
3 0.579047619047619 0.19071428571428573 0.045714285714285714 0.015714285714285715
7 0.6061904761904762 0.19071428571428573 0.006666666666666666 0.015714285714285715
3 0.5833333333333333 0.18107142857142858 0.04095238095238095 0.013571428571428571
3 0.5833333333333333 0.17535714285714285 0.039047619047619046 0.012142857142857143
3 0.588095238095238 0.16714285714285715 0.04095238095238095 0.014285714285714285
11 0.5861904761904762 0.15857142857142856 0.037142857142857144 0.012857142857142857
3 0.5885714285714285 0.15357142857142858 0.03809523809523809 0.015714285714285715
3 0.5976190476190476 0.14857142857142858 0.037142857142857144 0.014285714285714285
3 0.6023809523809524 0.1417857142857143 0.039047619047619046 0.013571428571428571
11 0.6047619047619047 0.1325 0.043809523809523805 0.017857142857142856
3 0.6071428571428571 0.12357142857142857 0.04285714285714286 0.01
3 0.6128571428571429 0.11964285714285715 0.037142857142857144 0.013571428571428571
3 0.6166666666666666 0.11535714285714285 0.03142857142857143 0.013571428571428571
3 0.6157142857142858 0.11142857142857143 0.035238095238095235 0.012857142857142857
3 0.618095238095238 0.10392857142857143 0.03619047619047619 0.010714285714285714
3 0.6147619047619047 0.10178571428571428 0.035238095238095235 0.010714285714285714
3 0.6314285714285715 0.09321428571428571 0.03238095238095238 0.015
3 0.6266666666666666 0.09142857142857143 0.03428571428571429 0.015714285714285715
3 0.6347619047619047 0.07857142857142857 0.025714285714285714 0.012857142857142857
3 0.639047619047619 0.06964285714285715 0.022857142857142857 0.012142857142857143
3 0.6404761904761904 0.06464285714285714 0.021904761904761903 0.010714285714285714
3 0.6409523809523809 0.061785714285714284 0.02095238095238095 0.012142857142857143
4 0.6476190476190475 0.04285714285714286 0.017142857142857144 0.02142857142857143
3 0.6309523809523809 0.032857142857142856 0.01238095238095238 0.007142857142857143
3 0.5895238095238095 0.024642857142857143 0.019047619047619046 0.0064285714285714285
10 0.4542857142857143 0.031785714285714285 0.026666666666666665 0.007857142857142858
3 0.6738095238095237 0.05678571428571429 0.018095238095238095 0.013571428571428571
3 0.6476190476190475 0.10142857142857142 0.022857142857142857 0.012857142857142857
3 0.6657142857142857 0.12857142857142856 0.02095238095238095 0.015714285714285715
7 0.6523809523809523 0.12571428571428572 0.005714285714285714 0.01
3 0.5 0.3225 0.05142857142857143 0.03642857142857143
3 0.5238095238095237 0.3425 0.03809523809523809 0.03642857142857143
3 0.5123809523809524 0.3807142857142857 0.030476190476190476 0.03857142857142857
3 0.4966666666666666 0.4328571428571429 0.039047619047619046 0.05
3 0.488095238095238 0.4878571428571429 0.04476190476190476 0.05714285714285714
11 0.7214285714285714 0.45071428571428573 0.07523809523809523 0.05714285714285714
3 0.7123809523809523 0.4067857142857143 0.03809523809523809 0.04357142857142857
3 0.7033333333333333 0.36428571428571427 0.03333333333333333 0.03571428571428571
3 0.6957142857142857 0.33035714285714285 0.035238095238095235 0.029285714285714286
3 0.67 0.3057142857142857 0.06 0.02857142857142857
3 0.7504761904761904 0.30107142857142855 0.06666666666666667 0.023571428571428573
3 0.7171428571428572 0.2667857142857143 0.06095238095238095 0.027857142857142858
3 0.6880952380952381 0.24607142857142858 0.023809523809523805 0.025
3 0.6804761904761905 0.2292857142857143 0.037142857142857144 0.018571428571428572
3 0.6852380952380952 0.2042857142857143 0.021904761904761903 0.02
3 0.6809523809523809 0.18928571428571428 0.030476190476190476 0.017142857142857144
3 0.6804761904761905 0.17464285714285716 0.027619047619047616 0.015
3 0.6823809523809523 0.165 0.027619047619047616 0.015714285714285715
3 0.6971428571428572 0.15642857142857142 0.02857142857142857 0.011428571428571429
3 0.6809523809523809 0.1467857142857143 0.03809523809523809 0.015
3 0.6914285714285714 0.13785714285714284 0.019047619047619046 0.015714285714285715
3 0.6942857142857143 0.12321428571428572 0.017142857142857144 0.013571428571428571
3 0.6938095238095238 0.1125 0.01619047619047619 0.012142857142857143
3 0.6942857142857143 0.10535714285714286 0.015238095238095238 0.010714285714285714
3 0.7061904761904761 0.09785714285714285 0.02 0.01
11 0.699047619047619 0.08964285714285715 0.02857142857142857 0.013571428571428571
3 0.7004761904761905 0.08 0.01619047619047619 0.011428571428571429
3 0.6985714285714286 0.07 0.01619047619047619 0.011428571428571429
3 0.7028571428571428 0.06142857142857143 0.013333333333333332 0.01
7 0.6914285714285714 0.05892857142857143 0.005714285714285714 0.0064285714285714285
3 0.7028571428571428 0.0525 0.011428571428571429 0.007857142857142858
3 0.6957142857142857 0.03892857142857143 0.008571428571428572 0.0064285714285714285
3 0.6995238095238094 0.04535714285714286 0.01619047619047619 0.0064285714285714285
3 0.7066666666666667 0.04214285714285714 0.013333333333333332 0.007142857142857143
3 0.709047619047619 0.03678571428571428 0.008571428571428572 0.0064285714285714285
3 0.7061904761904761 0.03214285714285714 0.010476190476190476 0.007142857142857143
3 0.7042857142857143 0.0275 0.008571428571428572 0.0064285714285714285
3 0.7104761904761905 0.025357142857142856 0.007619047619047619 0.0064285714285714285