3 0.6040609137055838 0.5389285714285714 0.07106598984771574 0.045
3 0.8559644670050761 0.45499999999999996 0.05710659898477158 0.049999999999999996
3 0.8667512690355329 0.3171428571428571 0.03807106598984771 0.024285714285714282
3 0.7303299492385787 0.30642857142857144 0.03426395939086294 0.02142857142857143
3 0.8743654822335025 0.2567857142857143 0.027918781725888325 0.020714285714285713
3 0.9143401015228426 0.23785714285714285 0.026649746192893398 0.018571428571428572
3 0.8972081218274113 0.19892857142857143 0.02284263959390863 0.013571428571428571
3 0.8185279187817259 0.20607142857142857 0.02284263959390863 0.013571428571428571
3 0.8064720812182741 0.17357142857142854 0.019035532994923856 0.011428571428571429
3 0.8483502538071066 0.1632142857142857 0.01649746192893401 0.009285714285714286
3 0.8730964467005077 0.1632142857142857 0.017766497461928935 0.012142857142857141
3 0.7956852791878173 0.14892857142857144 0.015228426395939087 0.007857142857142858
3 0.8242385786802031 0.13107142857142856 0.01649746192893401 0.007857142857142858
3 0.7189086294416244 0.18142857142857144 0.013959390862944163 0.008571428571428572
3 0.7208121827411168 0.1692857142857143 0.01015228426395939 0.005714285714285714
3 0.7208121827411168 0.17392857142857143 0.01269035532994924 0.007857142857142858
3 0.7049492385786802 0.1692857142857143 0.013959390862944163 0.007142857142857143
3 0.6706852791878173 0.17678571428571427 0.011421319796954314 0.007857142857142858
3 0.6453045685279188 0.17750000000000002 0.013959390862944163 0.007857142857142858
3 0.7842639593908629 0.12964285714285714 0.015228426395939087 0.007857142857142858
3 0.7785532994923858 0.11678571428571427 0.011421319796954314 0.0064285714285714285
3 0.7620558375634517 0.11285714285714285 0.011421319796954314 0.005714285714285714
3 0.8077411167512691 0.11321428571428571 0.008883248730964468 0.005
3 0.8128172588832486 0.10285714285714286 0.008883248730964468 0.005714285714285714
3 0.8489847715736041 0.09392857142857142 0.01269035532994924 0.005
3 0.8832487309644669 0.09142857142857143 0.01015228426395939 0.005714285714285714
3 0.7899746192893401 0.10071428571428571 0.011421319796954314 0.005714285714285714
3 0.7804568527918782 0.09892857142857142 0.01015228426395939 0.005
3 0.8007614213197969 0.09678571428571428 0.01269035532994924 0.005
3 0.8096446700507615 0.09142857142857143 0.01269035532994924 0.005714285714285714
3 0.8356598984771574 0.09035714285714284 0.011421319796954314 0.005
3 0.8661167512690355 0.08678571428571427 0.011421319796954314 0.0064285714285714285
3 0.8788071065989848 0.08785714285714286 0.011421319796954314 0.004285714285714286
3 0.9149746192893401 0.08107142857142857 0.015228426395939087 0.005
3 0.9079949238578681 0.08607142857142856 0.011421319796954314 0.005
3 0.9302030456852792 0.08464285714285714 0.01269035532994924 0.0035714285714285713
3 0.9435279187817259 0.08214285714285714 0.011421319796954314 0.004285714285714286
3 0.9822335025380712 0.07821428571428571 0.01269035532994924 0.005
11 0.8616751269035533 0.18964285714285714 0.02030456852791878 0.016428571428571428
3 0.995 0.383248730964467 0.01 0.024111675126903553
10 0.934010152284264 0.33499999999999996 0.05076142131979696 0.048571428571428564
10 0.7975888324873097 0.26607142857142857 0.04187817258883249 0.03785714285714285
10 0.7817258883248732 0.19821428571428573 0.02284263959390863 0.020714285714285713
2 0.7715736040609137 0.2292857142857143 0.04060913705583756 0.04428571428571428
2 0.8267766497461928 0.11499999999999999 0.01649746192893401 0.015714285714285715
2 0.9403553299492385 0.15892857142857142 0.02284263959390863 0.016428571428571428
11 0.39720812182741116 0.155 0.02538071065989848 0.007142857142857143
3 0.4302030456852792 0.15214285714285714 0.02030456852791878 0.005714285714285714
3 0.4352791878172589 0.14892857142857144 0.02284263959390863 0.005
3 0.4428934010152284 0.1475 0.027918781725888325 0.0064285714285714285
4 0.40545685279187815 0.14892857142857144 0.026649746192893398 0.005