11 0.12933333333333333 0.517 0.07333333333333333 0.03
3 0.03875 0.649 0.0775 0.048
11 0.8703333333333333 0.35725 0.04733333333333333 0.0625
3 0.8656666666666666 0.301 0.074 0.029
3 0.98725 0.28 0.0255 0.025333333333333333
3 0.98725 0.253 0.0255 0.027333333333333334
3 0.977 0.194 0.046 0.024
3 0.8356666666666667 0.199 0.05266666666666667 0.023
11 0.8516666666666667 0.2555 0.056666666666666664 0.026
11 0.5616666666666666 0.058 0.018 0.027
3 0.789 0.04575 0.048666666666666664 0.0165
3 0.935 0.11075 0.054 0.0175
3 0.949 0.128 0.046 0.017
3 0.9523333333333333 0.1535 0.06066666666666667 0.022
7 0.8586666666666666 0.22025 0.004 0.0135
7 0.8746666666666666 0.2155 0.008 0.015
7 0.9406666666666667 0.25475 0.006666666666666666 0.0155