3 0.40964285714285714 0.007619047619047619 0.020714285714285713 0.015238095238095238
11 0.44571428571428573 0.026071428571428572 0.02476190476190476 0.03214285714285714
7 0.4709523809523809 0.03 0.008571428571428572 0.015714285714285715
7 0.30857142857142855 0.08071428571428571 0.009523809523809523 0.012857142857142857
7 0.30761904761904757 0.10071428571428571 0.009523809523809523 0.017142857142857144
7 0.259047619047619 0.13607142857142857 0.011428571428571429 0.015
8 0.40619047619047616 0.10964285714285714 0.010476190476190476 0.009285714285714286
8 0.5514285714285714 0.12464285714285714 0.007619047619047619 0.009285714285714286
8 0.33285714285714285 0.1682142857142857 0.01238095238095238 0.015
8 0.41047619047619044 0.18892857142857142 0.011428571428571429 0.012142857142857143
8 0.44 0.2025 0.011428571428571429 0.012142857142857143
7 0.32857142857142857 0.23392857142857143 0.015238095238095238 0.017857142857142856
7 0.27714285714285714 0.2007142857142857 0.011428571428571429 0.015714285714285715
8 0.43380952380952376 0.35678571428571426 0.014285714285714285 0.013571428571428571
7 0.04523809523809524 0.2860714285714286 0.014285714285714285 0.015
7 0.029047619047619044 0.37357142857142855 0.014285714285714285 0.015714285714285715
8 0.012857142857142857 0.4667857142857143 0.018095238095238095 0.013571428571428571
7 0.36857142857142855 0.4042857142857143 0.017142857142857144 0.024285714285714285
7 0.3447619047619047 0.4042857142857143 0.015238095238095238 0.018571428571428572
8 0.41952380952380947 0.6639285714285714 0.018095238095238095 0.015
8 0.419047619047619 0.6567857142857143 0.019047619047619046 0.010714285714285714
7 0.6938095238095238 0.7375 0.01238095238095238 0.013571428571428571
7 0.7323809523809524 0.7439285714285714 0.011428571428571429 0.010714285714285714
8 0.6242857142857143 0.44607142857142856 0.01238095238095238 0.015
7 0.6866666666666666 0.3917857142857143 0.009523809523809523 0.016428571428571428
7 0.6504761904761904 0.37892857142857145 0.009523809523809523 0.016428571428571428
8 0.6028571428571429 0.2282142857142857 0.007619047619047619 0.013571428571428571
5 0.6147619047619047 0.07964285714285714 0.021904761904761903 0.015
5 0.5514285714285714 0.125 0.009523809523809523 0.017142857142857144
0 0.409047619047619 0.11392857142857143 0.01619047619047619 0.017857142857142856
5 0.41047619047619044 0.19357142857142856 0.017142857142857144 0.017142857142857144
5 0.4409523809523809 0.2075 0.011428571428571429 0.017857142857142856
1 0.6033333333333333 0.2317857142857143 0.006666666666666666 0.016428571428571428
5 0.65 0.30357142857142855 0.023809523809523805 0.018571428571428572
5 0.69 0.27464285714285713 0.014285714285714285 0.020714285714285713
5 0.6857142857142857 0.24214285714285713 0.011428571428571429 0.015714285714285715
5 0.6695238095238095 0.395 0.030476190476190476 0.02142857142857143
5 0.6619047619047619 0.4025 0.02857142857142857 0.013571428571428571
5 0.6785714285714286 0.4185714285714286 0.02952380952380952 0.017142857142857144
5 0.6761904761904761 0.4275 0.03428571428571429 0.015
5 0.6761904761904761 0.435 0.03428571428571429 0.012857142857142857
5 0.6785714285714286 0.44571428571428573 0.037142857142857144 0.015714285714285715
5 0.6719047619047619 0.45571428571428574 0.037142857142857144 0.012857142857142857
5 0.68 0.46285714285714286 0.03619047619047619 0.012857142857142857
5 0.6809523809523809 0.475 0.030476190476190476 0.02
5 0.6247619047619047 0.44821428571428573 0.013333333333333332 0.025
5 0.6623809523809523 0.52 0.014285714285714285 0.03428571428571429
5 0.41952380952380947 0.6657142857142857 0.018095238095238095 0.03857142857142857
5 0.018214285714285714 0.4695238095238095 0.03642857142857143 0.024761904761904763
5 0.4342857142857143 0.36 0.017142857142857144 0.027142857142857142
1 0.3338095238095238 0.17142857142857143 0.01619047619047619 0.02
5 0.12523809523809523 0.26035714285714284 0.03142857142857143 0.017857142857142856
5 0.13333333333333333 0.2542857142857143 0.03238095238095238 0.017142857142857144
3 0.11571428571428571 0.3003571428571429 0.056190476190476187 0.039285714285714285
10 0.1933333333333333 0.2375 0.08 0.05785714285714286
3 0.2509523809523809 0.2007142857142857 0.054285714285714284 0.03857142857142857
5 0.28238095238095234 0.15285714285714286 0.021904761904761903 0.012857142857142857
3 0.319047619047619 0.15 0.05142857142857143 0.03857142857142857
3 0.23619047619047617 0.1682142857142857 0.05142857142857143 0.03214285714285714
5 0.3414285714285714 0.10642857142857143 0.01619047619047619 0.017142857142857144
5 0.2723809523809524 0.10678571428571429 0.007619047619047619 0.015
3 0.3776190476190476 0.10571428571428572 0.03142857142857143 0.032857142857142856
5 0.34619047619047616 0.07142857142857142 0.010476190476190476 0.015714285714285715
3 0.38285714285714284 0.07714285714285714 0.022857142857142857 0.027142857142857142
3 0.38142857142857145 0.05285714285714286 0.023809523809523805 0.02857142857142857
3 0.4614285714285714 0.07892857142857143 0.027619047619047616 0.03214285714285714
10 0.508095238095238 0.07035714285714285 0.02952380952380952 0.03214285714285714
3 0.4766666666666666 0.13964285714285715 0.027619047619047616 0.035
3 0.4876190476190476 0.25285714285714284 0.030476190476190476 0.04285714285714286
3 0.4919047619047619 0.3707142857142857 0.02952380952380952 0.04857142857142857
3 0.7019047619047619 0.67 0.05142857142857143 0.09
3 0.6328571428571429 0.24857142857142858 0.03142857142857143 0.041428571428571426
10 0.628095238095238 0.2057142857142857 0.035238095238095235 0.04
3 0.6133333333333333 0.17 0.030476190476190476 0.032857142857142856
3 0.6066666666666666 0.13857142857142857 0.03428571428571429 0.03
10 0.5685714285714286 0.05142857142857143 0.026666666666666665 0.027142857142857142
5 0.5657142857142857 0.0325 0.02095238095238095 0.010714285714285714
10 0.5514285714285714 0.010952380952380953 0.02857142857142857 0.021904761904761906
7 0.8071428571428572 0.30178571428571427 0.010476190476190476 0.015
7 0.8009523809523809 0.4592857142857143 0.013333333333333332 0.017142857142857144
3 0.868095238095238 0.055357142857142855 0.054285714285714284 0.017857142857142856
3 0.8704761904761904 0.06928571428571428 0.05142857142857143 0.015714285714285715
11 0.8795238095238095 0.08321428571428571 0.04666666666666666 0.02642857142857143
3 0.9385714285714286 0.065 0.052380952380952375 0.018571428571428572
3 0.9352380952380952 0.07928571428571428 0.05523809523809523 0.02142857142857143
3 0.9361904761904761 0.09214285714285714 0.05714285714285714 0.02
11 0.9228571428571428 0.10785714285714286 0.06285714285714286 0.018571428571428572
3 0.32142857142857145 0.21714285714285714 0.06 0.04