10 0.47866666666666663 0.673 0.25866666666666666 0.101
9 0.31566666666666665 0.636 0.05533333333333333 0.061
11 0.6693333333333332 0.6715 0.08 0.116
11 0.7496666666666666 0.63525 0.07533333333333334 0.1045
11 0.8516666666666667 0.59 0.10466666666666666 0.081
11 0.979 0.727 0.042 0.04533333333333334
3 0.918 0.728 0.088 0.043
3 0.904 0.653 0.12533333333333332 0.085
3 0.9483333333333333 0.352 0.03933333333333333 0.024
3 0.9226666666666666 0.32175 0.056 0.0205
11 0.529 0.62175 0.15266666666666664 0.0655
11 0.4543333333333333 0.59225 0.166 0.0605
3 0.453 0.5565 0.142 0.048
3 0.472 0.521 0.1373333333333333 0.043
3 0.4993333333333333 0.488 0.12133333333333333 0.043
3 0.47866666666666663 0.4715 0.11733333333333333 0.04
10 0.6026666666666667 0.4975 0.06933333333333333 0.073
3 0.559 0.43525 0.09666666666666665 0.0425
3 0.48966666666666664 0.4145 0.094 0.036
3 0.5593333333333332 0.40525 0.09066666666666666 0.0325
11 0.7636666666666666 0.389 0.06866666666666665 0.037
11 0.7303333333333333 0.35475 0.05933333333333333 0.0295
3 0.5016666666666666 0.38075 0.09133333333333332 0.0265
10 0.516 0.36425 0.1413333333333333 0.0385
3 0.719 0.34575 0.058 0.0215
11 0.753 0.328 0.07533333333333334 0.026
10 0.73 0.3145 0.092 0.037
10 0.7013333333333333 0.303 0.057333333333333326 0.02
11 0.5926666666666667 0.334 0.028 0.031
4 0.683 0.2235 0.10866666666666666 0.15
11 0.5716666666666667 0.31575 0.06866666666666665 0.0255
11 0.5536666666666666 0.30975 0.04733333333333333 0.0205
11 0.515 0.30125 0.04733333333333333 0.0205
3 0.5263333333333332 0.29525 0.054 0.0195
3 0.54 0.291 0.05333333333333333 0.017
10 0.5403333333333332 0.278 0.07533333333333334 0.027
3 0.52 0.271 0.04533333333333333 0.02
11 0.54 0.2655 0.036 0.015
11 0.553 0.2595 0.04066666666666666 0.012
7 0.5926666666666667 0.2845 0.010666666666666666 0.016
7 0.6036666666666666 0.23675 0.008666666666666666 0.0125
11 0.59 0.2385 0.016 0.015
2 0.563 0.235 0.03666666666666667 0.027
11 0.597 0.22725 0.014 0.0135
3 0.5976666666666667 0.218 0.014 0.012
4 0.5723333333333332 0.2125 0.03133333333333333 0.016
7 0.6096666666666666 0.22825 0.007333333333333333 0.0135
7 0.6093333333333333 0.22475 0.008 0.0115
7 0.6046666666666666 0.1975 0.005333333333333333 0.007
8 0.6066666666666666 0.20075 0.005333333333333333 0.0045
1 0.6056666666666666 0.20325 0.006 0.0055
3 0.6223333333333333 0.198 0.014 0.008
3 0.604 0.1605 0.013333333333333332 0.005