10 0.6185714285714285 0.6571428571428571 0.22761904761904758 0.18428571428571427
3 0.4909523809523809 0.42392857142857143 0.08285714285714285 0.07214285714285715
2 0.22238095238095237 0.335 0.11142857142857143 0.12857142857142856
3 0.93 0.5676190476190476 0.14 0.1180952380952381
3 0.8295238095238094 0.48 0.13714285714285715 0.08571428571428572
7 0.7514285714285714 0.43892857142857145 0.022857142857142857 0.04357142857142857
3 0.9717857142857143 0.43952380952380954 0.056428571428571425 0.0761904761904762
3 0.9128571428571428 0.38 0.11142857142857143 0.05714285714285714
3 0.6571428571428571 0.34214285714285714 0.07619047619047618 0.04285714285714286
3 0.5604761904761905 0.325 0.0676190476190476 0.04285714285714286
3 0.6147619047619047 0.30607142857142855 0.06 0.03785714285714286
3 0.5842857142857143 0.28035714285714286 0.056190476190476187 0.035
3 0.5561904761904761 0.25642857142857145 0.04761904761904761 0.03142857142857143
3 0.5247619047619048 0.2375 0.0419047619047619 0.02642857142857143
10 0.3933333333333333 0.2639285714285714 0.06857142857142857 0.05357142857142857
3 0.4614285714285714 0.22 0.037142857142857144 0.024285714285714285
3 0.45238095238095233 0.2032142857142857 0.02857142857142857 0.019285714285714285
11 0.024285714285714285 0.3080952380952381 0.04857142857142857 0.04666666666666667
3 0.12095238095238094 0.32071428571428573 0.07428571428571429 0.04
11 0.6842857142857143 0.25821428571428573 0.04666666666666666 0.02642857142857143
11 0.7009523809523809 0.21428571428571427 0.043809523809523805 0.022857142857142857
7 0.7328571428571429 0.23964285714285713 0.014285714285714285 0.02642857142857143
11 0.7728571428571429 0.24035714285714285 0.056190476190476187 0.03214285714285714
3 0.14809523809523809 0.2885714285714286 0.052380952380952375 0.03428571428571429
7 0.06904761904761904 0.2960714285714286 0.023809523809523805 0.02642857142857143
7 0.11285714285714285 0.28714285714285714 0.018095238095238095 0.025714285714285714
7 0.14047619047619048 0.3317857142857143 0.018095238095238095 0.030714285714285715
7 0.17285714285714285 0.295 0.02 0.025714285714285714
7 0.17619047619047618 0.2760714285714286 0.017142857142857144 0.023571428571428573
7 0.20047619047619045 0.2692857142857143 0.014285714285714285 0.02
7 0.2576190476190476 0.2367857142857143 0.014285714285714285 0.019285714285714285
3 0.669047619047619 0.2032142857142857 0.039047619047619046 0.020714285714285713
11 0.04428571428571428 0.275 0.04857142857142857 0.03142857142857143
3 0.17142857142857143 0.25392857142857145 0.04 0.023571428571428573
7 0.11619047619047618 0.265 0.017142857142857144 0.025714285714285714
3 0.18142857142857144 0.2342857142857143 0.04285714285714286 0.022857142857142857
3 0.22619047619047616 0.2125 0.03142857142857143 0.02214285714285714
3 0.2742857142857143 0.2 0.030476190476190476 0.018571428571428572
3 0.23619047619047617 0.19214285714285714 0.02476190476190476 0.015714285714285715
11 0.21 0.1875 0.023809523809523805 0.019285714285714285
11 0.2438095238095238 0.17214285714285715 0.017142857142857144 0.011428571428571429
3 0.2552380952380952 0.1657142857142857 0.017142857142857144 0.012857142857142857
11 0.25476190476190474 0.15178571428571427 0.021904761904761903 0.016428571428571428
4 0.22047619047619044 0.16428571428571428 0.03333333333333333 0.02857142857142857
4 0.26380952380952377 0.11142857142857143 0.02857142857142857 0.022857142857142857
3 0.25047619047619046 0.12642857142857142 0.013333333333333332 0.008571428571428572
3 0.26142857142857145 0.14392857142857143 0.01619047619047619 0.009285714285714286
11 0.2671428571428571 0.12821428571428573 0.014285714285714285 0.009285714285714286
3 0.34 0.13607142857142857 0.019047619047619046 0.010714285714285714
3 0.3323809523809524 0.12571428571428572 0.011428571428571429 0.008571428571428572
4 0.3233333333333333 0.10107142857142858 0.02952380952380952 0.03642857142857143
11 0.43142857142857144 0.18285714285714286 0.022857142857142857 0.02
11 0.42 0.17892857142857144 0.017142857142857144 0.019285714285714285
3 0.5076190476190476 0.22392857142857142 0.03619047619047619 0.023571428571428573
3 0.49809523809523804 0.21071428571428572 0.03238095238095238 0.02142857142857143
3 0.4757142857142857 0.1957142857142857 0.02952380952380952 0.02142857142857143
3 0.4614285714285714 0.185 0.025714285714285714 0.018571428571428572
3 0.45238095238095233 0.17714285714285713 0.019047619047619046 0.015714285714285715
3 0.44380952380952376 0.17107142857142857 0.02095238095238095 0.016428571428571428
3 0.4357142857142857 0.1632142857142857 0.02 0.012142857142857143
3 0.42761904761904757 0.15714285714285714 0.017142857142857144 0.011428571428571429
3 0.4209523809523809 0.15214285714285714 0.019047619047619046 0.01
11 0.4147619047619047 0.1457142857142857 0.014285714285714285 0.014285714285714285
3 0.3833333333333333 0.13785714285714284 0.014285714285714285 0.01
3 0.36761904761904757 0.12214285714285714 0.013333333333333332 0.008571428571428572
3 0.36142857142857143 0.11928571428571429 0.010476190476190476 0.008571428571428572
11 0.3823809523809523 0.12107142857142857 0.010476190476190476 0.009285714285714286
4 0.3985714285714286 0.13607142857142857 0.027619047619047616 0.020714285714285713
2 0.3442857142857143 0.0925 0.014285714285714285 0.010714285714285714
4 0.36047619047619045 0.10714285714285714 0.035238095238095235 0.02
11 0.49047619047619045 0.15464285714285714 0.022857142857142857 0.017857142857142856
11 0.5295238095238095 0.17714285714285713 0.02476190476190476 0.014285714285714285
4 0.44809523809523805 0.13714285714285715 0.050476190476190466 0.03142857142857143
3 0.429047619047619 0.11178571428571428 0.021904761904761903 0.0064285714285714285
5 0.42809523809523803 0.2357142857142857 0.014285714285714285 0.015714285714285715
8 0.4261904761904762 0.23035714285714284 0.014285714285714285 0.017857142857142856