10 0.6747619047619048 0.6064285714285714 0.052380952380952375 0.08857142857142856
10 0.7947619047619047 0.47035714285714286 0.050476190476190466 0.05785714285714286
10 0.739047619047619 0.19214285714285714 0.03238095238095238 0.05285714285714286
10 0.5161904761904762 0.04535714285714286 0.03238095238095238 0.015
10 0.4747619047619047 0.03964285714285714 0.02952380952380952 0.015
10 0.9414285714285714 0.6366666666666667 0.11714285714285715 0.045714285714285714
3 0.9985714285714286 0.4423809523809524 0.002857142857142857 0.02666666666666667
3 0.9932142857142857 0.4147619047619048 0.013571428571428571 0.023809523809523808
3 0.9832142857142857 0.37761904761904763 0.03357142857142857 0.021904761904761906
3 0.9542857142857143 0.31607142857142856 0.05142857142857143 0.019285714285714285
3 0.9903571428571428 0.25523809523809526 0.019285714285714285 0.021904761904761906
3 0.8923809523809523 0.12857142857142856 0.019047619047619046 0.012857142857142857
3 0.7176190476190476 0.30357142857142855 0.023809523809523805 0.024285714285714285
3 0.6247619047619047 0.38392857142857145 0.026666666666666665 0.03214285714285714
3 0.8319047619047618 0.11107142857142857 0.027619047619047616 0.009285714285714286
3 0.8276190476190475 0.10107142857142858 0.02857142857142857 0.010714285714285714
3 0.8233333333333333 0.09571428571428571 0.025714285714285714 0.01
3 0.8185714285714286 0.09071428571428572 0.027619047619047616 0.008571428571428572
3 0.8133333333333332 0.08 0.026666666666666665 0.01
3 0.8109523809523809 0.07535714285714286 0.025714285714285714 0.007857142857142858
3 0.8052380952380952 0.06464285714285714 0.023809523809523805 0.010714285714285714
3 0.8490476190476189 0.07285714285714286 0.01619047619047619 0.01
3 0.8223809523809523 0.036071428571428574 0.01238095238095238 0.010714285714285714
3 0.05142857142857143 0.3892857142857143 0.05142857142857143 0.03142857142857143
3 0.022857142857142857 0.39285714285714285 0.045714285714285714 0.04
3 0.0819047619047619 0.25607142857142856 0.03809523809523809 0.025
3 0.09857142857142857 0.2375 0.04476190476190476 0.015
3 0.20238095238095236 0.19035714285714286 0.027619047619047616 0.02214285714285714
3 0.22619047619047616 0.18892857142857142 0.02952380952380952 0.023571428571428573
3 0.25190476190476185 0.18785714285714286 0.02952380952380952 0.024285714285714285
3 0.2776190476190476 0.15928571428571428 0.023809523809523805 0.014285714285714285
3 0.29619047619047617 0.17392857142857143 0.02095238095238095 0.019285714285714285
3 0.3595238095238095 0.17464285714285716 0.02 0.016428571428571428
3 0.3871428571428571 0.09214285714285714 0.027619047619047616 0.01
3 0.38809523809523805 0.08892857142857143 0.023809523809523805 0.012142857142857143
3 0.38857142857142857 0.08607142857142858 0.02476190476190476 0.010714285714285714
3 0.38904761904761903 0.08214285714285714 0.025714285714285714 0.01
3 0.39238095238095233 0.07714285714285714 0.02857142857142857 0.01
3 0.44619047619047614 0.08321428571428571 0.010476190476190476 0.010714285714285714
3 0.4647619047619047 0.07392857142857143 0.013333333333333332 0.010714285714285714
3 0.46809523809523806 0.04607142857142857 0.02 0.009285714285714286
3 0.40380952380952373 0.0625 0.026666666666666665 0.009285714285714286
3 0.43380952380952376 0.0675 0.01238095238095238 0.010714285714285714
7 0.7447619047619046 0.3817857142857143 0.009523809523809523 0.013571428571428571
7 0.7819047619047618 0.41928571428571426 0.009523809523809523 0.012857142857142857
5 0.6766666666666666 0.4232142857142857 0.010476190476190476 0.016428571428571428
7 0.9257142857142857 0.14142857142857143 0.007619047619047619 0.008571428571428572
5 0.6666666666666666 0.11785714285714285 0.005714285714285714 0.01
5 0.6623809523809523 0.0525 0.006666666666666666 0.007857142857142858
5 0.6466666666666666 0.04964285714285714 0.005714285714285714 0.009285714285714286
0 0.018214285714285714 0.49 0.03642857142857143 0.022857142857142857
5 0.23 0.6553571428571429 0.023809523809523805 0.03642857142857143
8 0.22857142857142856 0.6528571428571428 0.017142857142857144 0.015714285714285715
8 0.6766666666666666 0.42214285714285715 0.010476190476190476 0.01
7 0.9957142857142857 0.22 0.008571428571428572 0.011428571428571429