3 0.9934759916492694 0.25 0.013048016701461378 0.016697588126159554
3 0.9754697286012526 0.30844155844155846 0.049060542797494784 0.013914656771799629
9 0.9968684759916493 0.29035250463821893 0.006263048016701462 0.012059369202226345
5 0.9846938775510203 0.29358037578288104 0.013914656771799629 0.007828810020876828
5 0.9846938775510203 0.29201461377870563 0.013914656771799629 0.006784968684759917
9 0.9717068645640073 0.3207202505219207 0.028756957328385898 0.01096033402922756
5 0.9939979123173278 0.3320964749536178 0.012004175365344467 0.012987012987012988
8 0.9536178107606679 0.3329853862212944 0.009276437847866418 0.0062630480167014625
5 0.9735621521335805 0.33089770354906056 0.023191094619666047 0.010438413361169102
0 0.9777365491651205 0.3131524008350731 0.03525046382189239 0.012526096033402925
5 0.9415584415584415 0.39222338204592905 0.011131725417439703 0.009916492693110648
3 0.9531539888682745 0.4339770354906055 0.07884972170686455 0.02244258872651357
9 0.9053803339517624 0.13491649269311065 0.02040816326530612 0.008872651356993737
7 0.9935064935064934 0.12473903966597077 0.0055658627087198514 0.0062630480167014625