3 0.07964285714285714 0.5680952380952381 0.15928571428571428 0.12095238095238095
3 0.15857142857142856 0.4725 0.22952380952380952 0.11785714285714285
11 0.4633333333333333 0.38857142857142857 0.17047619047619048 0.13142857142857142
3 0.9803571428571428 0.6647619047619048 0.039285714285714285 0.16952380952380952
3 0.6347619047619047 0.48678571428571427 0.1819047619047619 0.15642857142857142
3 0.8304761904761904 0.44357142857142856 0.1276190476190476 0.11285714285714285
3 0.7547619047619046 0.3585714285714286 0.13047619047619047 0.11285714285714285
3 0.8995238095238095 0.3432142857142857 0.11333333333333333 0.095
7 0.7057142857142857 0.3 0.02476190476190476 0.04285714285714286
3 0.6757142857142857 0.22321428571428573 0.13428571428571429 0.09214285714285714
3 0.8366666666666666 0.26607142857142857 0.11904761904761904 0.09357142857142857
3 0.7890476190476189 0.14785714285714285 0.09047619047619047 0.06428571428571428
3 0.9123809523809523 0.18892857142857142 0.08761904761904761 0.07214285714285715
3 0.9617857142857142 0.24952380952380954 0.07642857142857143 0.07523809523809524
3 0.9967857142857143 0.16047619047619047 0.0064285714285714285 0.05619047619047619
3 0.9660714285714286 0.1219047619047619 0.06785714285714285 0.06952380952380953
3 0.8638095238095238 0.09107142857142857 0.07428571428571429 0.056428571428571425
3 0.8419047619047618 0.05 0.09333333333333332 0.03428571428571429
3 0.8709523809523809 0.039285714285714285 0.08666666666666667 0.03
3 0.8671428571428571 0.0225 0.07904761904761905 0.027857142857142858