2 0.28238095238095234 0.49892857142857144 0.06952380952380952 0.056428571428571425
1 0.6047619047619047 0.3775 0.005714285714285714 0.009285714285714286
8 0.6047619047619047 0.37535714285714283 0.005714285714285714 0.007857142857142858
3 0.6095238095238095 0.25 0.007619047619047619 0.005714285714285714
3 0.71 0.24 0.006666666666666666 0.004285714285714286
3 0.6480952380952381 0.22142857142857142 0.002857142857142857 0.002857142857142857
11 0.8595238095238095 0.42928571428571427 0.04285714285714286 0.014285714285714285
3 0.8714285714285714 0.43857142857142856 0.03428571428571429 0.011428571428571429
3 0.9461904761904761 0.4232142857142857 0.025714285714285714 0.007857142857142858
3 0.9385714285714286 0.415 0.025714285714285714 0.011428571428571429
3 0.9352380952380952 0.40714285714285714 0.03428571428571429 0.011428571428571429
3 0.9061904761904761 0.385 0.027619047619047616 0.011428571428571429
3 0.899047619047619 0.38035714285714284 0.022857142857142857 0.007857142857142858
3 0.8947619047619046 0.37607142857142856 0.02952380952380952 0.009285714285714286
3 0.9185714285714286 0.3942857142857143 0.037142857142857144 0.008571428571428572
3 0.8547619047619046 0.42214285714285715 0.037142857142857144 0.011428571428571429
6 0.2757142857142857 0.3414285714285714 0.11333333333333333 0.08285714285714285
7 0.33809523809523806 0.3632142857142857 0.005714285714285714 0.010714285714285714
11 0.34523809523809523 0.3092857142857143 0.027619047619047616 0.01
3 0.3638095238095238 0.3053571428571429 0.019047619047619046 0.007857142857142858
3 0.34095238095238095 0.31285714285714283 0.02476190476190476 0.007142857142857143
5 0.4223809523809523 0.3432142857142857 0.01238095238095238 0.007857142857142858
8 0.4223809523809523 0.3417857142857143 0.0047619047619047615 0.007857142857142858
3 0.32857142857142857 0.27035714285714285 0.017142857142857144 0.0064285714285714285
10 0.3442857142857143 0.2671428571428571 0.014285714285714285 0.008571428571428572
11 0.4876190476190476 0.2332142857142857 0.011428571428571429 0.005
4 0.7723809523809523 0.21714285714285714 0.03238095238095238 0.018571428571428572
4 0.7185714285714285 0.18214285714285713 0.023809523809523805 0.024285714285714285
3 0.968095238095238 0.24035714285714285 0.014285714285714285 0.005
3 0.9842857142857143 0.24071428571428571 0.010476190476190476 0.004285714285714286
3 0.7842857142857143 0.24607142857142858 0.021904761904761903 0.0064285714285714285
3 0.7890476190476189 0.24321428571428572 0.01238095238095238 0.0064285714285714285