3 0.5301484230055659 0.3752609603340292 0.08070500927643784 0.04384133611691024
3 0.8172541743970315 0.5135699373695198 0.07606679035250463 0.054279749478079335
3 0.6224489795918366 0.49791231732776625 0.10946196660482374 0.03131524008350731
3 0.6048237476808905 0.5396659707724426 0.11873840445269015 0.03340292275574113
11 0.9869519832985386 0.23376623376623376 0.026096033402922755 0.027829313543599257
3 0.7193877551020408 0.09055323590814197 0.04359925788497217 0.028705636743215034
3 0.7244897959183674 0.056106471816283934 0.04638218923933209 0.026617954070981213
3 0.4814471243042671 0.05975991649269312 0.06122448979591836 0.018267223382045932
3 0.3747680890538033 0.16101252609603342 0.04081632653061224 0.026617954070981213
3 0.2820037105751391 0.1751043841336117 0.04267161410018552 0.029749478079331943
3 0.1989795918367347 0.18736951983298542 0.04359925788497217 0.02922755741127349
3 0.05473098330241187 0.2118997912317328 0.04638218923933209 0.032359081419624215
3 0.3140074211502783 0.08898747390396661 0.062152133580705 0.01931106471816284
3 0.3432282003710575 0.07959290187891441 0.05936920222634508 0.01931106471816284
3 0.15352504638218922 0.0738517745302714 0.0640074211502783 0.018267223382045932
3 0.07699443413729128 0.09942588726513571 0.06679035250463822 0.020354906054279753
3 0.10760667903525047 0.09029227557411275 0.057513914656771796 0.02192066805845512
3 0.26159554730983303 0.46294363256784976 0.06493506493506493 0.053235908141962426