7 0.5023809523809524 0.2 0.010476190476190476 0.008571428571428572
7 0.5457142857142857 0.25642857142857145 0.009523809523809523 0.007142857142857143
7 0.3842857142857143 0.2978571428571429 0.014285714285714285 0.007142857142857143
7 0.3795238095238095 0.29285714285714287 0.010476190476190476 0.007142857142857143
7 0.7233333333333333 0.5114285714285715 0.006666666666666666 0.007142857142857143
7 0.7285714285714285 0.5121428571428571 0.005714285714285714 0.01
7 0.7890476190476189 0.27464285714285713 0.008571428571428572 0.007857142857142858
3 0.9814285714285714 0.31523809523809526 0.037142857142857144 0.02095238095238095
7 0.9547619047619047 0.2282142857142857 0.01238095238095238 0.009285714285714286
7 0.9176190476190476 0.18964285714285714 0.008571428571428572 0.010714285714285714
7 0.9242857142857143 0.18821428571428572 0.010476190476190476 0.009285714285714286
7 0.9333333333333332 0.185 0.007619047619047619 0.01
7 0.9623809523809523 0.3732142857142857 0.010476190476190476 0.007857142857142858
3 0.35619047619047617 0.4175 0.03428571428571429 0.02214285714285714