7 0.7147619047619047 0.42714285714285716 0.027619047619047616 0.054285714285714284
7 0.8071428571428572 0.46785714285714286 0.04285714285714286 0.06285714285714286
7 0.7361904761904761 0.49142857142857144 0.030476190476190476 0.06428571428571428
7 0.770952380952381 0.49142857142857144 0.03333333333333333 0.045714285714285714
7 0.5847619047619047 0.48928571428571427 0.030476190476190476 0.06142857142857143
7 0.5576190476190476 0.42464285714285716 0.027619047619047616 0.056428571428571425
7 0.5109523809523809 0.41714285714285715 0.027619047619047616 0.041428571428571426
8 0.5409523809523809 0.4125 0.03428571428571429 0.035
7 0.6142857142857143 0.49 0.026666666666666665 0.045714285714285714
7 0.47 0.3757142857142857 0.027619047619047616 0.054285714285714284
7 0.5138095238095237 0.37785714285714284 0.03333333333333333 0.05142857142857143
8 0.5704761904761905 0.3925 0.0419047619047619 0.04928571428571429
5 0.5804761904761905 0.40035714285714286 0.07333333333333332 0.04357142857142857
7 0.7757142857142857 0.44107142857142856 0.027619047619047616 0.05928571428571429
11 0.07035714285714285 0.32666666666666666 0.1407142857142857 0.08666666666666667
7 0.5152380952380952 0.4007142857142857 0.030476190476190476 0.04857142857142857