3 0.2714285714285714 0.3821428571428571 0.05904761904761904 0.02857142857142857
3 0.7633333333333332 0.6914285714285714 0.056190476190476187 0.06571428571428571
3 0.5928571428571429 0.37857142857142856 0.03142857142857143 0.03571428571428571
3 0.5476190476190476 0.3025 0.02476190476190476 0.027857142857142858
3 0.6414285714285715 0.2857142857142857 0.03142857142857143 0.024285714285714285
3 0.6038095238095238 0.23892857142857143 0.026666666666666665 0.02214285714285714
3 0.6209523809523809 0.2625 0.030476190476190476 0.023571428571428573
3 0.5119047619047619 0.11142857142857143 0.018095238095238095 0.014285714285714285
3 0.5266666666666666 0.25642857142857145 0.02476190476190476 0.02142857142857143
3 0.54 0.27714285714285714 0.026666666666666665 0.027142857142857142
11 0.6357142857142857 0.45785714285714285 0.03333333333333333 0.04
11 0.6114285714285714 0.415 0.030476190476190476 0.041428571428571426
11 0.5104761904761904 0.23 0.02476190476190476 0.025714285714285714
11 0.49714285714285716 0.2042857142857143 0.02857142857142857 0.025714285714285714
11 0.44571428571428573 0.11428571428571428 0.015238095238095238 0.014285714285714285
10 0.5685714285714286 0.33964285714285714 0.03428571428571429 0.03357142857142857
10 0.7142857142857143 0.29285714285714287 0.04952380952380952 0.025714285714285714
10 0.4657142857142857 0.14535714285714285 0.026666666666666665 0.030714285714285715
10 0.7976190476190476 0.7375 0.050476190476190466 0.023571428571428573
9 0.7204761904761905 0.6067857142857143 0.02952380952380952 0.039285714285714285
9 0.698095238095238 0.5575 0.03238095238095238 0.03214285714285714
9 0.698095238095238 0.3625 0.02476190476190476 0.027857142857142858
5 0.7619047619047618 0.45714285714285713 0.015238095238095238 0.018571428571428572
5 0.7233333333333333 0.40035714285714286 0.023809523809523805 0.015
5 0.7185714285714285 0.39107142857142857 0.02 0.010714285714285714
5 0.7409523809523809 0.30464285714285716 0.019047619047619046 0.012142857142857143
5 0.7438095238095238 0.4257142857142857 0.019047619047619046 0.014285714285714285
5 0.7523809523809524 0.43464285714285716 0.022857142857142857 0.015
5 0.7247619047619047 0.4475 0.009523809523809523 0.015
5 0.6571428571428571 0.42 0.013333333333333332 0.018571428571428572
5 0.659047619047619 0.36 0.007619047619047619 0.015714285714285715
5 0.6757142857142857 0.3464285714285714 0.010476190476190476 0.014285714285714285
5 0.7057142857142857 0.32535714285714284 0.011428571428571429 0.013571428571428571
1 0.7585714285714286 0.5307142857142857 0.01238095238095238 0.017142857142857144
1 0.7985714285714286 0.5685714285714286 0.014285714285714285 0.02
7 0.8195238095238094 0.5082142857142857 0.010476190476190476 0.015
7 0.7966666666666666 0.4567857142857143 0.006666666666666666 0.013571428571428571
7 0.8104761904761904 0.46035714285714285 0.009523809523809523 0.013571428571428571
7 0.7657142857142857 0.41535714285714287 0.005714285714285714 0.010714285714285714
7 0.7695238095238095 0.4160714285714286 0.005714285714285714 0.0064285714285714285
7 0.7157142857142857 0.3335714285714286 0.0047619047619047615 0.012857142857142857
7 0.1795238095238095 0.39071428571428574 0.014285714285714285 0.014285714285714285
7 0.4919047619047619 0.08321428571428571 0.006666666666666666 0.010714285714285714
7 0.6023809523809524 0.26571428571428574 0.006666666666666666 0.012857142857142857
1 0.6819047619047619 0.2767857142857143 0.017142857142857144 0.007857142857142858
5 0.73 0.27071428571428574 0.018095238095238095 0.011428571428571429
8 0.7990476190476189 0.5685714285714286 0.009523809523809523 0.011428571428571429
8 0.759047619047619 0.53 0.007619047619047619 0.011428571428571429
8 0.6566666666666666 0.4175 0.008571428571428572 0.009285714285714286
8 0.7252380952380952 0.44642857142857145 0.006666666666666666 0.01
8 0.6585714285714286 0.3585714285714286 0.006666666666666666 0.011428571428571429
8 0.6761904761904761 0.3460714285714286 0.007619047619047619 0.009285714285714286
8 0.7061904761904761 0.32535714285714284 0.006666666666666666 0.012142857142857143
8 0.7442857142857143 0.30464285714285716 0.008571428571428572 0.009285714285714286
10 0.47380952380952374 0.16285714285714287 0.021904761904761903 0.017142857142857144