8 0.6086666666666666 0.728 0.06133333333333333 0.04
7 0.48466666666666663 0.729 0.07066666666666666 0.041
9 0.7716666666666666 0.4425 0.04333333333333333 0.058
8 0.7716666666666666 0.42425 0.03933333333333333 0.0435
7 0.693 0.43025 0.04066666666666666 0.0615
7 0.6413333333333333 0.40725 0.03866666666666666 0.0585
7 0.6066666666666666 0.3985 0.028 0.051
7 0.5746666666666667 0.4175 0.032 0.054
7 0.5466666666666666 0.229 0.017333333333333333 0.034
7 0.5706666666666667 0.2245 0.021333333333333333 0.045
7 0.4066666666666666 0.232 0.036 0.044
7 0.4983333333333333 0.2785 0.026 0.051
1 0.5176666666666666 0.30325 0.054 0.0335
8 0.41 0.2725 0.034666666666666665 0.023
8 0.6236666666666666 0.18275 0.024666666666666663 0.0395
5 0.6253333333333333 0.19725 0.02 0.0325
1 0.6646666666666666 0.03725 0.014666666666666666 0.0225
8 0.664 0.02825 0.013333333333333332 0.0255
7 0.527 0.02125 0.014 0.0315
7 0.7246666666666667 0.0845 0.018666666666666665 0.039
7 0.7673333333333333 0.098 0.012 0.04
8 0.8283333333333333 0.2165 0.026 0.032
3 0.21266666666666667 0.0245 0.09733333333333333 0.031
3 0.093 0.029 0.102 0.031
11 0.35175 0.017333333333333333 0.09 0.034666666666666665
11 0.3773333333333333 0.05 0.108 0.056
11 0.3413333333333333 0.237 0.092 0.108
11 0.856 0.15775 0.06266666666666666 0.0715
11 0.2876666666666666 0.52575 0.17266666666666666 0.1955