3 0.7709390862944162 0.49357142857142855 0.04695431472081218 0.049999999999999996
3 0.7772842639593908 0.42464285714285716 0.03934010152284264 0.039285714285714285
3 0.8572335025380712 0.4317857142857142 0.04187817258883249 0.04642857142857142
11 0.8407360406091371 0.51 0.049492385786802026 0.05714285714285714
11 0.8153553299492385 0.28357142857142853 0.04187817258883249 0.037142857142857144
3 0.19035532994923857 0.3146428571428571 0.07360406091370558 0.020714285714285713
3 0.5006345177664975 0.27464285714285713 0.044416243654822336 0.03214285714285715
3 0.5310913705583756 0.2996428571428571 0.0799492385786802 0.02214285714285714
3 0.58248730964467 0.33964285714285714 0.05076142131979696 0.03214285714285715
3 0.5977157360406091 0.3171428571428571 0.08121827411167512 0.02142857142857143
3 0.6091370558375634 0.30357142857142855 0.08121827411167512 0.018571428571428572
3 0.5488578680203046 0.2867857142857143 0.07487309644670051 0.020714285714285713
3 0.6218274111675127 0.2914285714285714 0.07106598984771574 0.015714285714285715
3 0.5640862944162437 0.27499999999999997 0.06472081218274112 0.017142857142857144
3 0.6300761421319797 0.27714285714285714 0.07233502538071065 0.017142857142857144
3 0.5697969543147209 0.2592857142857143 0.07360406091370558 0.018571428571428572
3 0.6402284263959391 0.2632142857142857 0.07487309644670051 0.016428571428571428
3 0.575507614213198 0.25 0.06725888324873097 0.017142857142857144
3 0.6465736040609137 0.2521428571428571 0.07233502538071065 0.015714285714285715
3 0.5818527918781726 0.23750000000000002 0.06725888324873097 0.016428571428571428
3 0.6516497461928934 0.23857142857142855 0.07487309644670051 0.018571428571428572
3 0.5907360406091371 0.2239285714285714 0.07233502538071065 0.016428571428571428
3 0.6802030456852791 0.21749999999999997 0.05583756345177665 0.015000000000000001
3 0.6053299492385787 0.21464285714285714 0.06598984771573604 0.013571428571428571
3 0.6687817258883249 0.2075 0.06598984771573604 0.016428571428571428
3 0.5989847715736041 0.2039285714285714 0.06852791878172589 0.015000000000000001
3 0.6763959390862944 0.19678571428571426 0.06852791878172589 0.02214285714285714
3 0.5704314720812182 0.17642857142857143 0.03934010152284264 0.027142857142857142
3 0.6154822335025381 0.15535714285714286 0.027918781725888325 0.020714285714285713
3 0.5552030456852791 0.15714285714285714 0.03934010152284264 0.030000000000000002
3 0.6656091370558376 0.18142857142857144 0.10279187817258882 0.027142857142857142
2 0.5057106598984772 0.16035714285714284 0.09263959390862944 0.0707142857142857
2 0.7969543147208121 0.35000000000000003 0.05076142131979696 0.060000000000000005
2 0.7715736040609137 0.2542857142857143 0.05076142131979696 0.049999999999999996
10 0.13261421319796954 0.3564285714285714 0.19923857868020303 0.047142857142857146
10 0.13959390862944163 0.39178571428571424 0.11421319796954316 0.03785714285714285
3 0.052030456852791875 0.5060714285714286 0.10152284263959392 0.027857142857142858
3 0.048214285714285716 0.5399746192893401 0.09642857142857143 0.030456852791878174
3 0.83248730964467 0.24857142857142858 0.03299492385786802 0.025714285714285714
3 0.875 0.29678571428571426 0.03426395939086294 0.03071428571428571
3 0.8921319796954316 0.2571428571428572 0.03299492385786802 0.03142857142857143
10 0.8623096446700507 0.35428571428571426 0.05964467005076142 0.08714285714285713
3 0.9321065989847717 0.07035714285714285 0.0317258883248731 0.019285714285714285
3 0.9536802030456853 0.026428571428571426 0.026649746192893398 0.015714285714285715
3 0.3756345177664974 0.08285714285714285 0.0583756345177665 0.014285714285714285
3 0.44416243654822335 0.08785714285714286 0.05583756345177665 0.015714285714285715
3 0.4790609137055838 0.11214285714285714 0.06979695431472081 0.015714285714285715
2 0.41751269035532995 0.09535714285714285 0.08375634517766498 0.020714285714285713
2 0.5431472081218274 0.09107142857142855 0.1548223350253807 0.034999999999999996
10 0.28870558375634514 0.08785714285714286 0.06979695431472081 0.024285714285714282
11 0.2956852791878173 0.07964285714285714 0.0583756345177665 0.017857142857142856
3 0.09517766497461928 0.08607142857142856 0.053299492385786795 0.015000000000000001
2 0.04631979695431472 0.07214285714285713 0.08248730964467005 0.02
3 0.16878172588832485 0.06678571428571428 0.048223350253807105 0.017857142857142856
3 0.037436548223350255 0.06321428571428571 0.05710659898477158 0.016428571428571428
2 0.6802030456852791 0.08 0.15228426395939085 0.037142857142857144
11 0.23413705583756345 0.06821428571428571 0.05710659898477158 0.016428571428571428
11 0.4847715736040609 0.1475 0.03299492385786802 0.027857142857142858