7 0.5663333333333332 0.68525 0.038 0.0425
7 0.6676666666666666 0.60925 0.024666666666666663 0.0355
7 0.666 0.43975 0.012 0.0305
7 0.6526666666666666 0.4405 0.014666666666666666 0.035
10 0.5763333333333333 0.61825 0.09133333333333332 0.1625
7 0.6293333333333333 0.683 0.021333333333333333 0.036
10 0.8886666666666666 0.494 0.14266666666666666 0.076
3 0.8106666666666666 0.43775 0.058666666666666666 0.0665
3 0.72 0.44425 0.052 0.0695
10 0.6126666666666666 0.48 0.052 0.096
10 0.759 0.30725 0.04466666666666667 0.0475
3 0.5676666666666667 0.313 0.086 0.031
3 0.636 0.2845 0.033333333333333326 0.036
10 0.6083333333333333 0.25075 0.07533333333333334 0.0225
3 0.578 0.2265 0.028 0.025
3 0.6406666666666666 0.199 0.024 0.02
3 0.6436666666666666 0.184 0.022 0.016
3 0.7133333333333333 0.17975 0.02 0.0155
3 0.677 0.14475 0.016666666666666663 0.0115
3 0.6876666666666666 0.10475 0.011333333333333332 0.0065
3 0.6106666666666666 0.13625 0.017333333333333333 0.0135
3 0.6006666666666667 0.1165 0.025333333333333333 0.01
3 0.609 0.12 0.020666666666666663 0.011
3 0.583 0.1125 0.02733333333333333 0.008
3 0.6543333333333332 0.10375 0.01 0.0095
3 0.6676666666666666 0.09775 0.01 0.0065
3 0.664 0.08425 0.008 0.0065
3 0.6746666666666666 0.07775 0.009333333333333332 0.0055
3 0.687 0.0805 0.008666666666666666 0.006
7 0.5903333333333333 0.18875 0.008666666666666666 0.0165
7 0.5833333333333333 0.189 0.005333333333333333 0.015
7 0.578 0.19025 0.006666666666666666 0.0165
7 0.6646666666666666 0.1815 0.005333333333333333 0.014
7 0.6603333333333332 0.1845 0.004666666666666666 0.008
7 0.6976666666666667 0.16225 0.006 0.0135
7 0.7116666666666667 0.16225 0.006 0.0135
7 0.7113333333333333 0.1515 0.005333333333333333 0.01
7 0.696 0.131 0.004 0.012
7 0.7023333333333333 0.12825 0.004666666666666666 0.0115
7 0.6873333333333332 0.137 0.006666666666666666 0.01
8 0.757 0.405 0.016666666666666663 0.018
8 0.7556666666666666 0.39725 0.012666666666666666 0.0165
8 0.6816666666666666 0.37225 0.014 0.0205
8 0.6056666666666666 0.369 0.014 0.016
8 0.6263333333333333 0.372 0.01933333333333333 0.013
8 0.7296666666666666 0.3245 0.014 0.016
8 0.7736666666666666 0.33025 0.020666666666666663 0.0235
8 0.666 0.29975 0.013333333333333332 0.0185
8 0.647 0.315 0.014 0.022
8 0.6703333333333332 0.2485 0.012666666666666666 0.016
8 0.7123333333333333 0.2395 0.01 0.015
8 0.7133333333333333 0.24325 0.006666666666666666 0.0105
8 0.711 0.208 0.007333333333333333 0.013
5 0.7566666666666666 0.4035 0.010666666666666666 0.026
5 0.681 0.37875 0.011333333333333332 0.0245
5 0.6023333333333333 0.38975 0.01933333333333333 0.0255
5 0.6453333333333332 0.31875 0.012 0.0175
5 0.6663333333333332 0.30425 0.011333333333333332 0.0185
5 0.7293333333333333 0.33 0.014666666666666666 0.018
7 0.711 0.28625 0.01 0.0205
7 0.7313333333333333 0.24275 0.009333333333333332 0.0215
8 0.69 0.1645 0.006666666666666666 0.011
8 0.6786666666666666 0.1615 0.005333333333333333 0.01
8 0.648 0.15825 0.006666666666666666 0.0095
5 0.689 0.168 0.006 0.009
9 0.6796666666666666 0.1635 0.01 0.014
5 0.648 0.16025 0.006666666666666666 0.0095
8 0.621 0.223 0.008666666666666666 0.01
3 0.555 0.11725 0.02333333333333333 0.0075
3 0.661 0.061 0.006 0.005
3 0.6723333333333332 0.062 0.006 0.004
3 0.6813333333333332 0.07375 0.006666666666666666 0.0065
3 0.682 0.0685 0.005333333333333333 0.003
3 0.6793333333333332 0.05625 0.005333333333333333 0.0045
3 0.665 0.04875 0.006 0.0035