3 0.19428571428571428 0.048214285714285716 0.06857142857142857 0.08214285714285714
3 0.23142857142857143 0.15071428571428572 0.07047619047619047 0.08428571428571428
3 0.3333333333333333 0.19 0.06095238095238095 0.08285714285714285
3 0.38571428571428573 0.06821428571428571 0.06095238095238095 0.08214285714285714
7 0.26904761904761904 0.2357142857142857 0.023809523809523805 0.017142857142857144
3 0.35714285714285715 0.32785714285714285 0.05142857142857143 0.08285714285714285
3 0.2933333333333333 0.37 0.045714285714285714 0.08571428571428572
3 0.34238095238095234 0.46035714285714285 0.0638095238095238 0.08642857142857142
3 0.18095238095238095 0.465 0.11428571428571428 0.05857142857142857
3 0.20714285714285716 0.5489285714285714 0.12095238095238094 0.055
11 0.2542857142857143 0.5939285714285715 0.10857142857142857 0.056428571428571425
3 0.4423809523809523 0.5210714285714285 0.09238095238095237 0.07642857142857143
7 0.2680952380952381 0.2557142857142857 0.018095238095238095 0.015714285714285715
7 0.4052380952380952 0.2960714285714286 0.021904761904761903 0.016428571428571428
7 0.16714285714285715 0.42428571428571427 0.04285714285714286 0.012857142857142857
5 0.4228571428571429 0.3692857142857143 0.026666666666666665 0.027142857142857142
7 0.42380952380952375 0.37142857142857144 0.02095238095238095 0.015714285714285715
3 0.0575 0.6404761904761904 0.115 0.047619047619047616
3 0.05714285714285714 0.569047619047619 0.11428571428571428 0.05333333333333334
3 0.03857142857142857 0.7085714285714285 0.07714285714285714 0.04857142857142857
11 0.3447619047619047 0.6642857142857143 0.10666666666666666 0.047142857142857146
3 0.48666666666666664 0.6482142857142857 0.1219047619047619 0.04928571428571429
5 0.8071428571428572 0.5464285714285714 0.037142857142857144 0.014285714285714285
8 0.8066666666666666 0.545 0.015238095238095238 0.01
5 0.98 0.5217857142857143 0.04 0.015
8 0.9889285714285714 0.5195238095238095 0.02214285714285714 0.010476190476190476
3 0.9617857142857142 0.5647619047619048 0.07642857142857143 0.0419047619047619
9 0.5947619047619047 0.4039285714285714 0.01619047619047619 0.029285714285714286
8 0.5933333333333333 0.4039285714285714 0.011428571428571429 0.010714285714285714
3 0.7995238095238094 0.32107142857142856 0.0676190476190476 0.07357142857142857
7 0.7004761904761905 0.27285714285714285 0.014285714285714285 0.015714285714285715
7 0.6895238095238094 0.22035714285714286 0.013333333333333332 0.016428571428571428
3 0.5057142857142857 0.14142857142857143 0.05904761904761904 0.08571428571428572
11 0.8495238095238095 0.16178571428571428 0.10476190476190475 0.085
3 0.7795238095238095 0.13857142857142857 0.09047619047619047 0.07142857142857142
8 0.7238095238095238 0.06035714285714286 0.015238095238095238 0.019285714285714285
5 0.7242857142857143 0.06857142857142857 0.021904761904761903 0.037142857142857144
5 0.7614285714285715 0.04535714285714286 0.04095238095238095 0.019285714285714285
5 0.7523809523809524 0.023214285714285715 0.03428571428571429 0.025
11 0.6239285714285714 0.022857142857142857 0.055 0.045714285714285714
3 0.1352380952380952 0.1625 0.06666666666666667 0.09071428571428572