3 0.7438095238095238 0.43142857142857144 0.10666666666666666 0.07142857142857142
3 0.568095238095238 0.54 0.10761904761904761 0.09714285714285714
3 0.5633333333333334 0.3057142857142857 0.08095238095238094 0.04857142857142857
3 0.3142857142857143 0.3578571428571429 0.07619047619047618 0.06
3 0.3595238095238095 0.3267857142857143 0.0676190476190476 0.05357142857142857
3 0.23666666666666666 0.21785714285714286 0.052380952380952375 0.03857142857142857
3 0.309047619047619 0.18464285714285714 0.054285714285714284 0.029285714285714286
3 0.14523809523809522 0.14607142857142857 0.04095238095238095 0.02642857142857143
3 0.09619047619047619 0.15607142857142858 0.045714285714285714 0.03214285714285714
3 0.07571428571428572 0.09714285714285714 0.039047619047619046 0.025714285714285714
3 0.4309523809523809 0.18285714285714286 0.050476190476190466 0.03142857142857143
3 0.3233333333333333 0.14821428571428572 0.052380952380952375 0.030714285714285715
3 0.13285714285714287 0.07285714285714286 0.03333333333333333 0.022857142857142857
11 0.039523809523809524 0.07464285714285715 0.03142857142857143 0.02214285714285714
2 0.24476190476190474 0.09214285714285714 0.09714285714285714 0.06142857142857143
7 0.11095238095238094 0.24214285714285713 0.02 0.022857142857142857
5 0.2676190476190476 0.6371428571428571 0.0419047619047619 0.02857142857142857
5 0.33619047619047615 0.5528571428571428 0.030476190476190476 0.02857142857142857
4 0.38904761904761903 0.5414285714285715 0.04476190476190476 0.03571428571428571
8 0.32904761904761903 0.5464285714285714 0.023809523809523805 0.02
8 0.26190476190476186 0.6328571428571429 0.02857142857142857 0.024285714285714285
3 0.07964285714285714 0.006190476190476191 0.027857142857142858 0.012380952380952381
5 0.5571428571428572 0.16892857142857143 0.02857142857142857 0.013571428571428571
5 0.5638095238095238 0.19142857142857142 0.02095238095238095 0.014285714285714285
5 0.4033333333333333 0.12214285714285714 0.021904761904761903 0.011428571428571429
8 0.5552380952380952 0.1632142857142857 0.013333333333333332 0.015
8 0.5652380952380952 0.18607142857142858 0.01238095238095238 0.013571428571428571
8 0.40285714285714286 0.11678571428571428 0.009523809523809523 0.013571428571428571
4 0.4114285714285714 0.6278571428571429 0.0419047619047619 0.03857142857142857