4 0.11928934010152284 0.0067857142857142855 0.007614213197969543 0.007857142857142858
2 0.116751269035533 0.024642857142857143 0.007614213197969543 0.0064285714285714285
2 0.1351522842639594 0.03321428571428572 0.011421319796954314 0.009285714285714286
2 0.12246192893401016 0.04 0.008883248730964468 0.008571428571428572
2 0.13388324873096447 0.027142857142857142 0.008883248730964468 0.007142857142857143
4 0.13261421319796954 0.047142857142857146 0.008883248730964468 0.01
3 0.1516497461928934 0.06749999999999999 0.013959390862944163 0.0035714285714285713
3 0.024111675126903553 0.4178571428571428 0.02030456852791878 0.011428571428571429
11 0.008928571428571428 0.40545685279187815 0.017857142857142856 0.012690355329949238
11 0.15672588832487308 0.4757142857142857 0.04187817258883249 0.018571428571428572
7 0.013959390862944163 0.5446428571428571 0.007614213197969543 0.0064285714285714285
7 0.014593908629441625 0.5442857142857143 0.0038071065989847717 0.004285714285714286
7 0.018401015228426396 0.5482142857142857 0.00634517766497462 0.005
7 0.008883248730964468 0.5525 0.01015228426395939 0.007857142857142858
11 0.4473350253807107 0.5546428571428571 0.024111675126903553 0.013571428571428571
7 0.3559644670050761 0.5460714285714285 0.00634517766497462 0.0064285714285714285
7 0.3553299492385787 0.5425 0.005076142131979695 0.0064285714285714285
7 0.4651015228426396 0.4828571428571429 0.00634517766497462 0.005714285714285714
7 0.4803299492385787 0.4717857142857143 0.00634517766497462 0.005
2 0.4949238578680203 0.4757142857142857 0.04060913705583756 0.025714285714285714
2 0.7963197969543147 0.5492857142857143 0.024111675126903553 0.024285714285714282
7 0.6040609137055838 0.4714285714285714 0.005076142131979695 0.005714285714285714
7 0.5831218274111675 0.5271428571428571 0.0038071065989847717 0.005714285714285714
7 0.5901015228426396 0.5282142857142857 0.005076142131979695 0.0035714285714285713
7 0.5913705583756346 0.5335714285714285 0.005076142131979695 0.004285714285714286
2 0.6148477157360407 0.5164285714285713 0.07233502538071065 0.04
2 0.6243654822335025 0.5032142857142857 0.07106598984771574 0.03785714285714285
2 0.6389593908629442 0.49321428571428566 0.07233502538071065 0.039285714285714285
2 0.5615482233502538 0.4685714285714286 0.05456852791878173 0.032857142857142856
2 0.5780456852791879 0.4764285714285714 0.04695431472081218 0.030000000000000002
2 0.6281725888324873 0.4389285714285714 0.053299492385786795 0.04071428571428572
2 0.6548223350253808 0.48464285714285715 0.05583756345177665 0.03071428571428571
2 0.6751269035532994 0.4771428571428571 0.048223350253807105 0.024285714285714282
2 0.675761421319797 0.4617857142857143 0.07233502538071065 0.039285714285714285
2 0.6852791878172589 0.45071428571428573 0.07106598984771574 0.03857142857142857
2 0.6725888324873097 0.40714285714285714 0.03807106598984771 0.027142857142857142
2 0.6928934010152283 0.43785714285714283 0.06852791878172589 0.03571428571428571
2 0.6986040609137056 0.4275 0.07233502538071065 0.034999999999999996
2 0.7195431472081218 0.42178571428571426 0.05583756345177665 0.029285714285714286
2 0.7303299492385787 0.41178571428571425 0.06979695431472081 0.03357142857142857
2 0.7030456852791879 0.3628571428571429 0.05583756345177665 0.03571428571428571
3 0.8242385786802031 0.4860714285714286 0.01649746192893401 0.019285714285714285
7 0.7772842639593908 0.40714285714285714 0.0038071065989847717 0.005714285714285714
7 0.7823604060913705 0.40714285714285714 0.0038071065989847717 0.005714285714285714
7 0.7874365482233502 0.3921428571428571 0.0038071065989847717 0.004285714285714286
2 0.8077411167512691 0.3960714285714286 0.026649746192893398 0.03785714285714285
7 0.49746192893401014 0.31607142857142856 0.005076142131979695 0.005
7 0.5044416243654822 0.3146428571428571 0.0038071065989847717 0.0035714285714285713
3 0.5139593908629442 0.34 0.030456852791878174 0.01
3 0.6199238578680203 0.3207142857142857 0.026649746192893398 0.007142857142857143
11 0.6376903553299492 0.3092857142857143 0.0317258883248731 0.008571428571428572
11 0.47144670050761417 0.24357142857142855 0.024111675126903553 0.007142857142857143
11 0.524746192893401 0.26 0.026649746192893398 0.007142857142857143
3 0.5285532994923858 0.25535714285714284 0.024111675126903553 0.0064285714285714285
11 0.5704314720812182 0.2564285714285714 0.02918781725888325 0.008571428571428572
3 0.5793147208121827 0.2464285714285714 0.02918781725888325 0.008571428571428572
3 0.6554568527918782 0.2464285714285714 0.024111675126903553 0.007142857142857143
3 0.6510152284263959 0.25071428571428567 0.02538071065989848 0.005714285714285714
3 0.6472081218274112 0.25535714285714284 0.02284263959390863 0.0064285714285714285
11 0.6300761421319797 0.27178571428571424 0.03426395939086294 0.009285714285714286
3 0.5761421319796954 0.2978571428571429 0.017766497461928935 0.01
3 0.8242385786802031 0.3464285714285714 0.013959390862944163 0.011428571428571429
11 0.8362944162436547 0.3207142857142857 0.015228426395939087 0.011428571428571429
3 0.8508883248730964 0.28928571428571426 0.013959390862944163 0.008571428571428572
7 0.7982233502538072 0.26035714285714284 0.0025380710659898475 0.0035714285714285713
4 0.8052030456852792 0.2646428571428571 0.008883248730964468 0.005
7 0.8052030456852792 0.26035714285714284 0.0038071065989847717 0.0035714285714285713
3 0.8699238578680203 0.29464285714285715 0.013959390862944163 0.007857142857142858
3 0.8648477157360406 0.27249999999999996 0.013959390862944163 0.007857142857142858
3 0.8883248730964467 0.24785714285714286 0.01269035532994924 0.005714285714285714
3 0.8946700507614214 0.2592857142857143 0.01269035532994924 0.007142857142857143
3 0.8604060913705583 0.20678571428571427 0.02030456852791878 0.0064285714285714285
2 0.8229695431472082 0.19285714285714284 0.07233502538071065 0.014285714285714285
11 0.9086294416243655 0.2425 0.01269035532994924 0.0064285714285714285
11 0.9022842639593908 0.2317857142857143 0.01269035532994924 0.007857142857142858
11 0.9346446700507615 0.2117857142857143 0.011421319796954314 0.0064285714285714285
3 0.9073604060913705 0.21857142857142856 0.01015228426395939 0.007142857142857143
3 0.9384517766497462 0.19785714285714284 0.008883248730964468 0.007142857142857143
3 0.9517766497461928 0.17250000000000001 0.01015228426395939 0.0064285714285714285
3 0.9689086294416244 0.17392857142857143 0.011421319796954314 0.0064285714285714285
3 0.9543147208121827 0.15392857142857141 0.007614213197969543 0.005
7 0.9041878172588833 0.17785714285714285 0.0038071065989847717 0.002857142857142857
2 0.9638324873096447 0.12285714285714285 0.011421319796954314 0.01
2 0.9492385786802031 0.09321428571428571 0.03807106598984771 0.009285714285714286
2 0.9822335025380712 0.13142857142857142 0.015228426395939087 0.01
4 0.9752538071065989 0.11321428571428571 0.01649746192893401 0.007857142857142858
3 0.9219543147208121 0.09535714285714285 0.021573604060913708 0.005
3 0.9352791878172588 0.09107142857142855 0.017766497461928935 0.005
10 0.9708121827411167 0.08642857142857142 0.02538071065989848 0.007142857142857143