3 0.9109523809523808 0.3314285714285714 0.04476190476190476 0.06428571428571428
3 0.85 0.33464285714285713 0.04666666666666666 0.062142857142857146
3 0.5128571428571429 0.66 0.14 0.06142857142857143
10 0.2695238095238095 0.5996428571428571 0.18666666666666665 0.08071428571428571
3 0.06678571428571428 0.7223809523809523 0.13357142857142856 0.054285714285714284
3 0.6 0.7360714285714286 0.13904761904761903 0.02642857142857143
3 0.9389285714285714 0.7314285714285714 0.12214285714285714 0.03619047619047619
7 0.419047619047619 0.39464285714285713 0.015238095238095238 0.017857142857142856
7 0.57 0.42642857142857143 0.010476190476190476 0.015714285714285715
7 0.6976190476190476 0.3335714285714286 0.010476190476190476 0.02
3 0.8142857142857143 0.037142857142857144 0.05904761904761904 0.027142857142857142
7 0.9557142857142857 0.44857142857142857 0.02 0.018571428571428572