11 0.4623333333333333 0.684 0.126 0.097
3 0.7533333333333333 0.68325 0.07866666666666666 0.1025
7 0.5856666666666667 0.44075 0.011333333333333332 0.0205
3 0.99725 0.25733333333333336 0.0055 0.011333333333333334
7 0.9593333333333333 0.3265 0.008 0.016
1 0.9616666666666667 0.30475 0.008666666666666666 0.0105
8 0.9646666666666667 0.3035 0.006666666666666666 0.008
8 0.9626666666666667 0.302 0.009333333333333332 0.011
3 0.9583333333333333 0.27075 0.01933333333333333 0.0135
3 0.9306666666666666 0.2675 0.021333333333333333 0.014
5 0.9906666666666666 0.25425 0.006666666666666666 0.0105
3 0.978 0.25325 0.014666666666666666 0.0105
3 0.9566666666666667 0.2525 0.017333333333333333 0.011
11 0.9353333333333332 0.25075 0.02 0.0135
3 0.8836666666666666 0.2485 0.016666666666666663 0.011
3 0.8626666666666666 0.247 0.016 0.01
5 0.8296666666666667 0.253 0.014 0.007
8 0.8303333333333333 0.2505 0.007333333333333333 0.008
3 0.805 0.2435 0.03 0.01
3 0.7206666666666667 0.265 0.03733333333333333 0.012
3 0.7786666666666666 0.23725 0.029333333333333333 0.0095
3 0.732 0.24675 0.030666666666666665 0.0125
3 0.7186666666666667 0.24225 0.030666666666666665 0.0105
3 0.6953333333333332 0.2355 0.029333333333333333 0.01
3 0.741 0.22675 0.028666666666666663 0.0095
3 0.7296666666666666 0.2255 0.020666666666666663 0.008
3 0.662 0.22575 0.030666666666666665 0.0085
3 0.651 0.22175 0.02733333333333333 0.0095
3 0.6966666666666667 0.21575 0.025333333333333333 0.0085
3 0.6873333333333332 0.21425 0.022666666666666665 0.0085
3 0.6703333333333332 0.20925 0.02333333333333333 0.0075
3 0.6326666666666666 0.217 0.026666666666666665 0.008
3 0.6386666666666666 0.266 0.025333333333333333 0.015
3 0.5943333333333333 0.266 0.022 0.012
10 0.47 0.2895 0.04533333333333333 0.022
10 0.5303333333333332 0.28625 0.02733333333333333 0.0275
10 0.477 0.22375 0.03933333333333333 0.0315
10 0.5173333333333333 0.223 0.028 0.019
10 0.497 0.21525 0.01933333333333333 0.0115
10 0.4313333333333333 0.214 0.032 0.025
3 0.4496666666666666 0.2115 0.015333333333333332 0.008
3 0.43566666666666665 0.1945 0.011333333333333332 0.007
3 0.4656666666666666 0.2005 0.012666666666666666 0.007
3 0.36566666666666664 0.19125 0.016666666666666663 0.0075
3 0.36466666666666664 0.1885 0.017333333333333333 0.007
8 0.3673333333333333 0.26 0.008 0.006
7 0.35233333333333333 0.258 0.008666666666666666 0.01
7 0.3163333333333333 0.29425 0.008666666666666666 0.0135
6 0.18766666666666665 0.2605 0.05266666666666667 0.023
7 0.22 0.248 0.008 0.01
6 0.336 0.22975 0.064 0.0315
10 0.28833333333333333 0.222 0.034 0.012
6 0.315 0.21175 0.062 0.0315
6 0.2616666666666666 0.18825 0.04466666666666667 0.0215
3 0.7066666666666667 0.322 0.036 0.018
3 0.74 0.33825 0.041333333333333326 0.0195
3 0.773 0.35575 0.04466666666666667 0.0215
3 0.819 0.38175 0.056666666666666664 0.0255
3 0.6506666666666666 0.20425 0.024 0.0085
3 0.6126666666666666 0.211 0.022666666666666665 0.007
3 0.5996666666666667 0.20675 0.024666666666666663 0.0075
3 0.5823333333333333 0.2 0.016666666666666663 0.009
3 0.6166666666666666 0.1955 0.021333333333333333 0.007
3 0.6053333333333333 0.1925 0.02 0.006
3 0.5933333333333333 0.19 0.02 0.007
3 0.588 0.188 0.021333333333333333 0.007
3 0.557 0.18825 0.012666666666666666 0.0065
3 0.578 0.1855 0.017333333333333333 0.006
3 0.57 0.18375 0.016 0.0055
3 0.5893333333333333 0.17725 0.017333333333333333 0.0065
3 0.5306666666666666 0.18625 0.013333333333333332 0.0065
3 0.5336666666666666 0.1835 0.016666666666666663 0.006
4 0.4893333333333333 0.16525 0.144 0.0325
3 0.3873333333333333 0.171 0.010666666666666666 0.006