7 0.4511421319796954 0.2932142857142857 0.011421319796954314 0.016428571428571428
7 0.458756345177665 0.2867857142857143 0.01649746192893401 0.016428571428571428
7 0.7601522842639594 0.04678571428571428 0.007614213197969543 0.010714285714285714
5 0.7626903553299493 0.09285714285714285 0.007614213197969543 0.014285714285714285
3 0.6338832487309645 0.09642857142857142 0.05964467005076142 0.012857142857142857
10 0.9132142857142858 0.006979695431472081 0.02142857142857143 0.013959390862944163
10 0.8959390862944162 0.08821428571428572 0.03553299492385787 0.03785714285714285
10 0.8730964467005077 0.1225 0.030456852791878174 0.034999999999999996
10 0.8394670050761421 0.2142857142857143 0.04187817258883249 0.045714285714285714
10 0.8553299492385786 0.1782142857142857 0.04060913705583756 0.042142857142857135
2 0.9041878172588833 0.05178571428571428 0.026649746192893398 0.03071428571428571