7 0.7957142857142857 0.3557142857142857 0.010476190476190476 0.014285714285714285
7 0.8252380952380952 0.35928571428571426 0.008571428571428572 0.007142857142857143
7 0.8542857142857143 0.3457142857142857 0.011428571428571429 0.008571428571428572
7 0.8376190476190475 0.33785714285714286 0.008571428571428572 0.005714285714285714
7 0.8866666666666666 0.32535714285714284 0.011428571428571429 0.0064285714285714285
7 0.9104761904761903 0.3560714285714286 0.009523809523809523 0.0064285714285714285
7 0.8642857142857143 0.29464285714285715 0.008571428571428572 0.007857142857142858
7 0.8719047619047618 0.26571428571428574 0.008571428571428572 0.008571428571428572
7 0.86 0.2639285714285714 0.007619047619047619 0.007857142857142858
7 0.03666666666666666 0.4060714285714286 0.010476190476190476 0.0064285714285714285
7 0.18428571428571427 0.31107142857142855 0.01619047619047619 0.010714285714285714
7 0.1119047619047619 0.21321428571428572 0.014285714285714285 0.013571428571428571
7 0.0938095238095238 0.18964285714285714 0.018095238095238095 0.012142857142857143
7 0.07952380952380952 0.2075 0.018095238095238095 0.010714285714285714
7 0.06904761904761904 0.21642857142857144 0.01619047619047619 0.008571428571428572
7 0.06428571428571428 0.21035714285714285 0.01619047619047619 0.007857142857142858
7 0.2180952380952381 0.30178571428571427 0.015238095238095238 0.013571428571428571
7 0.2561904761904762 0.1632142857142857 0.013333333333333332 0.015
7 0.07904761904761905 0.12678571428571428 0.02095238095238095 0.007857142857142858
7 0.008571428571428572 0.12107142857142857 0.015238095238095238 0.010714285714285714
7 0.10952380952380951 0.155 0.017142857142857144 0.008571428571428572
7 0.21571428571428572 0.21321428571428572 0.014285714285714285 0.013571428571428571
7 0.24666666666666665 0.1625 0.013333333333333332 0.013571428571428571
7 0.2238095238095238 0.2082142857142857 0.013333333333333332 0.010714285714285714
4 0.49 0.5617857142857143 0.023809523809523805 0.020714285714285713
4 0.35523809523809524 0.47535714285714287 0.03809523809523809 0.02642857142857143
7 0.4047619047619047 0.6128571428571429 0.009523809523809523 0.007142857142857143
7 0.4157142857142857 0.6517857142857143 0.008571428571428572 0.009285714285714286
7 0.4476190476190476 0.5753571428571429 0.007619047619047619 0.007857142857142858
8 0.38380952380952377 0.6460714285714285 0.011428571428571429 0.009285714285714286
7 0.8557142857142858 0.5125 0.01238095238095238 0.007857142857142858
7 0.6947619047619047 0.10285714285714286 0.0047619047619047615 0.004285714285714286
7 0.7076190476190476 0.0775 0.005714285714285714 0.005