7 0.8616751269035533 0.3707142857142857 0.030456852791878174 0.032857142857142856
3 0.21319796954314718 0.20857142857142857 0.09898477157360405 0.08428571428571427
3 0.17766497461928935 0.3714285714285714 0.09390862944162436 0.09571428571428571
3 0.641497461928934 0.42071428571428565 0.10786802030456853 0.09571428571428571
10 0.9728571428571429 0.12626903553299493 0.054285714285714284 0.13705583756345177
3 0.5184010152284264 0.4467857142857143 0.10279187817258882 0.12357142857142855
3 0.39847715736040606 0.4614285714285714 0.11928934010152284 0.13285714285714287
3 0.2601522842639594 0.4803571428571428 0.1319796954314721 0.14214285714285715
3 0.14403553299492386 0.48321428571428565 0.11294416243654823 0.13357142857142856
3 0.47144670050761417 0.1657142857142857 0.09771573604060915 0.09
3 0.3883248730964467 0.3264285714285714 0.1269035532994924 0.13857142857142857
11 0.49873096446700504 0.3142857142857143 0.13959390862944163 0.13285714285714287
11 0.11421319796954316 0.20357142857142857 0.1116751269035533 0.10428571428571429
3 0.036071428571428574 0.2233502538071066 0.07214285714285715 0.08629441624365482
3 0.04 0.5063451776649747 0.08 0.11040609137055837