8 0.9473333333333332 0.481 0.016 0.022
11 0.9143333333333332 0.43275 0.11933333333333333 0.0625
8 0.7456666666666666 0.36425 0.020666666666666663 0.0195
11 0.758 0.33725 0.036 0.0365
5 0.619 0.399 0.01933333333333333 0.022
8 0.6186666666666666 0.3895 0.017333333333333333 0.027
5 0.6516666666666666 0.348 0.020666666666666663 0.021
1 0.643 0.313 0.011333333333333332 0.018
8 0.6543333333333332 0.345 0.016666666666666663 0.021
8 0.6433333333333333 0.30825 0.012 0.0175
7 0.7073333333333333 0.339 0.009333333333333332 0.02
6 0.6976666666666667 0.333 0.012666666666666666 0.017
8 0.699 0.33475 0.008666666666666666 0.0115
7 0.697 0.32675 0.011333333333333332 0.0225
7 0.7016666666666667 0.304 0.01 0.024
7 0.665 0.3055 0.012666666666666666 0.024
7 0.6156666666666666 0.24475 0.007333333333333333 0.0155
5 0.5866666666666667 0.22275 0.009333333333333332 0.0105
8 0.5863333333333333 0.22025 0.008666666666666666 0.0105
5 0.5243333333333332 0.216 0.008666666666666666 0.01
8 0.524 0.21275 0.008 0.0095
3 0.5106666666666666 0.2285 0.02 0.017
3 0.553 0.195 0.018 0.011
3 0.5373333333333332 0.183 0.016 0.01
3 0.5336666666666666 0.17725 0.014 0.0075
4 0.5356666666666666 0.195 0.016666666666666663 0.013
8 0.5223333333333332 0.188 0.007333333333333333 0.009
1 0.5213333333333332 0.1915 0.008 0.008
4 0.501 0.1465 0.086 0.055
8 0.534 0.5065 0.022666666666666665 0.02
11 0.489 0.49175 0.066 0.0805
8 0.5043333333333333 0.39675 0.016666666666666663 0.0155
8 0.5056666666666666 0.38675 0.020666666666666663 0.0185
11 0.4643333333333333 0.3795 0.04733333333333333 0.057
11 0.47533333333333333 0.31525 0.03866666666666666 0.0385
11 0.43966666666666665 0.2905 0.06866666666666665 0.032
11 0.4106666666666666 0.273 0.06133333333333333 0.025
3 0.315 0.27925 0.06466666666666666 0.0195
3 0.37566666666666665 0.2565 0.062 0.019
10 0.19666666666666666 0.2865 0.09466666666666666 0.026
3 0.2343333333333333 0.28175 0.062 0.0185
3 0.16766666666666666 0.269 0.06866666666666665 0.02
3 0.07233333333333333 0.27325 0.06733333333333333 0.0215
3 0.028333333333333332 0.24625 0.03133333333333333 0.0225
3 0.141 0.23925 0.046 0.0185
3 0.154 0.23025 0.048 0.0185
3 0.1623333333333333 0.22375 0.05133333333333333 0.0165
3 0.114 0.22575 0.034666666666666665 0.0165
3 0.12666666666666665 0.2195 0.033333333333333326 0.014
11 0.14733333333333332 0.2145 0.034666666666666665 0.017
3 0.1613333333333333 0.21225 0.033333333333333326 0.0135
3 0.08666666666666666 0.213 0.030666666666666665 0.014
3 0.10566666666666666 0.20725 0.03 0.0135
7 0.12566666666666665 0.20625 0.008666666666666666 0.0125
11 0.03133333333333333 0.22725 0.050666666666666665 0.0215
3 0.16366666666666665 0.20375 0.03533333333333333 0.0135
11 0.204 0.207 0.03733333333333333 0.016
3 0.17966666666666667 0.20275 0.03266666666666666 0.0135
3 0.189 0.1985 0.03 0.011
3 0.19566666666666666 0.195 0.03133333333333333 0.013
3 0.1623333333333333 0.18725 0.02333333333333333 0.0135
3 0.18233333333333332 0.18425 0.020666666666666663 0.0105
3 0.199 0.179 0.020666666666666663 0.01