3 0.87 0.56 0.04285714285714286 0.04428571428571428
3 0.7995238095238094 0.6925 0.04857142857142857 0.07357142857142857
3 0.6347619047619047 0.6235714285714286 0.035238095238095235 0.05714285714285714
3 0.6738095238095237 0.4975 0.02952380952380952 0.03357142857142857
3 0.7023809523809523 0.3842857142857143 0.021904761904761903 0.02142857142857143
3 0.7514285714285714 0.4114285714285714 0.022857142857142857 0.02142857142857143
3 0.6876190476190476 0.4303571428571429 0.022857142857142857 0.023571428571428573
3 0.8533333333333333 0.43357142857142855 0.026666666666666665 0.024285714285714285
3 0.8523809523809524 0.3628571428571429 0.022857142857142857 0.014285714285714285
3 0.8228571428571428 0.30642857142857144 0.013333333333333332 0.011428571428571429
3 0.758095238095238 0.32142857142857145 0.015238095238095238 0.012857142857142857
3 0.7552380952380952 0.3489285714285714 0.015238095238095238 0.015
3 0.7328571428571429 0.34714285714285714 0.018095238095238095 0.012857142857142857
11 0.729047619047619 0.38321428571428573 0.021904761904761903 0.02214285714285714
4 0.9828571428571429 0.19952380952380952 0.03428571428571429 0.029523809523809525
3 0.8514285714285714 0.2835714285714286 0.013333333333333332 0.008571428571428572
3 0.9076190476190475 0.2225 0.011428571428571429 0.0035714285714285713
4 0.9461904761904761 0.23107142857142857 0.02 0.0064285714285714285
11 0.7504761904761904 0.5367857142857143 0.030476190476190476 0.04214285714285714
4 0.9928571428571429 0.5166666666666667 0.014285714285714285 0.01904761904761905
4 0.95 0.43964285714285717 0.01238095238095238 0.017857142857142856