3 0.7696700507614214 0.49857142857142855 0.03934010152284264 0.025714285714285714
3 0.7277918781725888 0.39535714285714285 0.021573604060913708 0.020714285714285713
3 0.7131979695431472 0.4471428571428571 0.02538071065989848 0.02142857142857143
3 0.8420050761421319 0.41 0.021573604060913708 0.02142857142857143
3 0.8521573604060915 0.3578571428571429 0.019035532994923856 0.018571428571428572
3 0.7715736040609137 0.33892857142857147 0.017766497461928935 0.013571428571428571
3 0.8356598984771574 0.26571428571428574 0.013959390862944163 0.012857142857142857
3 0.7842639593908629 0.22749999999999998 0.01269035532994924 0.010714285714285714
3 0.9181472081218275 0.21214285714285713 0.013959390862944163 0.011428571428571429
3 0.8496192893401016 0.16428571428571428 0.01649746192893401 0.01
3 0.7880710659898478 0.1825 0.01015228426395939 0.0064285714285714285
3 0.8052030456852792 0.1882142857142857 0.011421319796954314 0.007857142857142858
3 0.5177664974619289 0.16749999999999998 0.027918781725888325 0.007857142857142858
3 0.690989847715736 0.5342857142857143 0.02918781725888325 0.025714285714285714
11 0.756979695431472 0.4325 0.021573604060913708 0.017857142857142856
11 0.8267766497461928 0.33285714285714285 0.01649746192893401 0.018571428571428572
11 0.7563451776649746 0.2810714285714286 0.017766497461928935 0.013571428571428571
11 0.7823604060913705 0.26035714285714284 0.013959390862944163 0.012142857142857141
11 0.7861675126903553 0.19464285714285715 0.011421319796954314 0.010714285714285714
3 0.8477157360406092 0.20857142857142857 0.015228426395939087 0.012857142857142857
11 0.9149746192893401 0.1857142857142857 0.01269035532994924 0.012857142857142857
2 0.7645939086294417 0.21214285714285713 0.021573604060913708 0.03142857142857143
2 0.8032994923857867 0.20964285714285713 0.02284263959390863 0.034999999999999996
3 0.7055837563451777 0.17607142857142855 0.02030456852791878 0.009285714285714286
3 0.8166243654822335 0.12607142857142856 0.024111675126903553 0.005
3 0.9289340101522843 0.12285714285714285 0.02030456852791878 0.005714285714285714
10 0.8426395939086295 0.13107142857142856 0.043147208121827416 0.013571428571428571
11 0.5964467005076142 0.054285714285714284 0.017766497461928935 0.01
11 0.5875634517766498 0.06178571428571428 0.007614213197969543 0.005
3 0.6053299492385787 0.048571428571428564 0.007614213197969543 0.005714285714285714
3 0.6065989847715736 0.045714285714285714 0.01015228426395939 0.007142857142857143
3 0.6123096446700508 0.042142857142857135 0.011421319796954314 0.004285714285714286
7 0.6288071065989848 0.5496428571428571 0.00634517766497462 0.009285714285714286