4 0.5528571428571428 0.04642857142857143 0.01238095238095238 0.012857142857142857
3 0.5623809523809523 0.06357142857142857 0.006666666666666666 0.005714285714285714
4 0.5652380952380952 0.0725 0.006666666666666666 0.007857142857142858
3 0.578095238095238 0.09071428571428572 0.0038095238095238095 0.004285714285714286
3 0.578095238095238 0.09678571428571428 0.005714285714285714 0.0035714285714285713
3 0.5723809523809523 0.0825 0.0038095238095238095 0.0035714285714285713
3 0.5942857142857143 0.11571428571428571 0.005714285714285714 0.004285714285714286
3 0.59 0.12392857142857143 0.006666666666666666 0.0035714285714285713
3 0.5933333333333333 0.13357142857142856 0.005714285714285714 0.002857142857142857
3 0.5909523809523809 0.12857142857142856 0.0047619047619047615 0.004285714285714286
3 0.6028571428571429 0.13035714285714287 0.005714285714285714 0.0035714285714285713
11 0.6438095238095237 0.2814285714285714 0.015238095238095238 0.015714285714285715
3 0.6152380952380951 0.18285714285714286 0.009523809523809523 0.008571428571428572
3 0.61 0.16 0.006666666666666666 0.005714285714285714
7 0.6809523809523809 0.1767857142857143 0.0019047619047619048 0.0035714285714285713
7 0.7347619047619046 0.21 0.002857142857142857 0.005714285714285714
3 0.6495238095238095 0.32 0.013333333333333332 0.015714285714285715
3 0.6761904761904761 0.36142857142857143 0.019047619047619046 0.022857142857142857
3 0.5728571428571428 0.33535714285714285 0.01619047619047619 0.019285714285714285
3 0.7019047619047619 0.42642857142857143 0.022857142857142857 0.03
3 0.6985714285714286 0.48642857142857143 0.023809523809523805 0.04285714285714286
3 0.846190476190476 0.6632142857142858 0.04666666666666666 0.04928571428571429