3 0.14142857142857143 0.3433333333333333 0.28285714285714286 0.12095238095238095
3 0.42142857142857143 0.24785714285714286 0.2238095238095238 0.09857142857142857
3 0.9653571428571428 0.16238095238095238 0.06928571428571428 0.09333333333333334
3 0.34523809523809523 0.19642857142857142 0.23714285714285716 0.08428571428571428
3 0.39523809523809517 0.08 0.18476190476190474 0.05285714285714286
3 0.11380952380952379 0.12428571428571429 0.21619047619047616 0.06857142857142857
3 0.08964285714285715 0.23952380952380953 0.1792857142857143 0.06476190476190476
3 0.09964285714285714 0.18142857142857144 0.1992857142857143 0.06190476190476191
3 0.33904761904761904 0.12642857142857142 0.1657142857142857 0.07571428571428572
11 0.15857142857142856 0.06892857142857142 0.18380952380952378 0.062142857142857146
8 0.17857142857142858 0.5464285714285714 0.07142857142857142 0.054285714285714284
8 0.6285714285714286 0.5735714285714286 0.07047619047619047 0.05285714285714286
8 0.7671428571428571 0.06928571428571428 0.021904761904761903 0.04428571428571428
8 0.8747619047619046 0.08071428571428571 0.02952380952380952 0.047142857142857146
8 0.9423809523809523 0.09392857142857143 0.025714285714285714 0.04071428571428572
7 0.7933333333333332 0.5039285714285714 0.043809523809523805 0.065
7 0.6985714285714286 0.19607142857142856 0.037142857142857144 0.056428571428571425
7 0.6971428571428572 0.245 0.03238095238095238 0.05714285714285714
7 0.7447619047619046 0.24035714285714285 0.026666666666666665 0.05071428571428571
7 0.8519047619047618 0.3492857142857143 0.023809523809523805 0.041428571428571426
7 0.8719047619047618 0.3339285714285714 0.04095238095238095 0.052142857142857144
1 0.4928571428571429 0.6882142857142857 0.1438095238095238 0.08071428571428571
1 0.20142857142857143 0.5585714285714286 0.11714285714285715 0.06571428571428571
1 0.768095238095238 0.08214285714285714 0.04476190476190476 0.03571428571428571
1 0.8719047619047618 0.095 0.054285714285714284 0.03428571428571429
5 0.9390476190476189 0.11107142857142857 0.043809523809523805 0.03214285714285714