10 0.5052380952380952 0.6071428571428571 0.056190476190476187 0.09142857142857143
10 0.5133333333333333 0.36392857142857143 0.03619047619047619 0.039285714285714285
3 0.478095238095238 0.48035714285714287 0.03428571428571429 0.04214285714285714
3 0.5371428571428571 0.26857142857142857 0.019047619047619046 0.02
11 0.5604761904761905 0.18821428571428572 0.01238095238095238 0.013571428571428571
2 0.5761904761904761 0.20464285714285715 0.02095238095238095 0.03357142857142857
10 0.699047619047619 0.06 0.007619047619047619 0.007142857142857143
11 0.7009523809523809 0.06714285714285714 0.005714285714285714 0.004285714285714286
6 0.6047619047619047 0.0725 0.017142857142857144 0.013571428571428571
11 0.3938095238095238 0.06892857142857142 0.01238095238095238 0.005
4 0.7252380952380952 0.045 0.014285714285714285 0.008571428571428572
4 0.7628571428571429 0.046785714285714285 0.009523809523809523 0.009285714285714286
4 0.6538095238095237 0.027142857142857142 0.06571428571428571 0.04857142857142857
11 0.5985714285714285 0.0575 0.0047619047619047615 0.0035714285714285713
3 0.6252380952380951 0.5332142857142858 0.027619047619047616 0.019285714285714285