7 0.9932142857142857 0.7038095238095238 0.013571428571428571 0.049523809523809526
7 0.9747619047619046 0.7085714285714285 0.04095238095238095 0.04428571428571428
7 0.9323809523809523 0.7317857142857143 0.03428571428571429 0.035
7 0.9271428571428572 0.7057142857142857 0.035238095238095235 0.032857142857142856
7 0.7595238095238095 0.6903571428571429 0.035238095238095235 0.055
5 0.5061904761904762 0.5853571428571429 0.04285714285714286 0.056428571428571425
8 0.5109523809523809 0.5864285714285714 0.039047619047619046 0.027142857142857142
8 0.5095238095238095 0.5796428571428571 0.04 0.035
7 0.6323809523809524 0.5042857142857143 0.02476190476190476 0.03857142857142857
7 0.6085714285714285 0.49107142857142855 0.02095238095238095 0.04214285714285714
7 0.6419047619047619 0.4882142857142857 0.022857142857142857 0.04071428571428572
7 0.7533333333333332 0.48678571428571427 0.02476190476190476 0.03642857142857143
7 0.780952380952381 0.48214285714285715 0.019047619047619046 0.037142857142857144
7 0.7961904761904761 0.4742857142857143 0.019047619047619046 0.03571428571428571
7 0.82 0.4725 0.02095238095238095 0.03642857142857143
7 0.3895238095238095 0.4325 0.022857142857142857 0.039285714285714285
7 0.5614285714285714 0.41678571428571426 0.021904761904761903 0.03785714285714286
7 0.5833333333333333 0.41535714285714287 0.023809523809523805 0.04214285714285714
7 0.6052380952380951 0.41714285714285715 0.02 0.03571428571428571
7 0.6176190476190476 0.4157142857142857 0.02 0.032857142857142856
7 0.639047619047619 0.4064285714285714 0.017142857142857144 0.03142857142857143
7 0.6542857142857142 0.3985714285714286 0.015238095238095238 0.03142857142857143
7 0.6652380952380952 0.3939285714285714 0.018095238095238095 0.035
7 0.6861904761904761 0.3485714285714286 0.01619047619047619 0.032857142857142856
7 0.6661904761904761 0.3557142857142857 0.02 0.03571428571428571
7 0.6357142857142857 0.3625 0.01619047619047619 0.030714285714285715
7 0.6361904761904762 0.3475 0.015238095238095238 0.025
7 0.6223809523809524 0.37107142857142855 0.018095238095238095 0.03785714285714286
7 0.6076190476190476 0.37 0.015238095238095238 0.032857142857142856
7 0.5914285714285714 0.36964285714285716 0.017142857142857144 0.030714285714285715
7 0.5771428571428572 0.3692857142857143 0.019047619047619046 0.032857142857142856
7 0.6042857142857143 0.3517857142857143 0.014285714285714285 0.029285714285714286
7 0.6195238095238095 0.34714285714285714 0.018095238095238095 0.027142857142857142
7 0.5138095238095237 0.35714285714285715 0.018095238095238095 0.032857142857142856
7 0.478095238095238 0.39035714285714285 0.022857142857142857 0.03214285714285714
7 0.5333333333333333 0.35535714285714287 0.017142857142857144 0.030714285714285715
7 0.5485714285714286 0.35214285714285715 0.015238095238095238 0.03
7 0.5214285714285715 0.31285714285714283 0.01619047619047619 0.03142857142857143
7 0.58 0.3028571428571429 0.015238095238095238 0.024285714285714285
7 0.589047619047619 0.3025 0.014285714285714285 0.025
8 0.5376190476190476 0.2757142857142857 0.01619047619047619 0.02
5 0.5380952380952381 0.2807142857142857 0.019047619047619046 0.024285714285714285
7 0.6004761904761905 0.26857142857142857 0.014285714285714285 0.02857142857142857
7 0.5976190476190476 0.26035714285714284 0.014285714285714285 0.023571428571428573
7 0.6219047619047618 0.26035714285714284 0.015238095238095238 0.027857142857142858
7 0.6333333333333333 0.22857142857142856 0.011428571428571429 0.022857142857142857
7 0.6176190476190476 0.22714285714285715 0.01238095238095238 0.025714285714285714
7 0.5838095238095238 0.23535714285714285 0.013333333333333332 0.023571428571428573
7 0.5938095238095238 0.23285714285714285 0.014285714285714285 0.025714285714285714
7 0.5914285714285714 0.21107142857142858 0.013333333333333332 0.02214285714285714
7 0.5757142857142857 0.2117857142857143 0.014285714285714285 0.02642857142857143
7 0.5623809523809523 0.22285714285714286 0.01619047619047619 0.024285714285714285
7 0.5566666666666666 0.19357142857142856 0.010476190476190476 0.022857142857142857
7 0.549047619047619 0.195 0.01238095238095238 0.024285714285714285
7 0.5361904761904762 0.19535714285714287 0.013333333333333332 0.02214285714285714
7 0.08904761904761904 0.08 0.010476190476190476 0.011428571428571429
7 0.1219047619047619 0.10785714285714286 0.013333333333333332 0.015714285714285715
3 0.7195238095238095 0.2517857142857143 0.08095238095238094 0.035