3 0.24111675126903553 0.5499999999999999 0.11928934010152284 0.022857142857142857
3 0.2100253807106599 0.5339285714285714 0.13071065989847716 0.05499999999999999
3 0.18083756345177665 0.5085714285714286 0.12309644670050761 0.055714285714285716
3 0.15545685279187818 0.47821428571428565 0.1434010152284264 0.05785714285714286
3 0.5621827411167513 0.4164285714285714 0.08629441624365483 0.055714285714285716
3 0.07614213197969542 0.4371428571428571 0.07614213197969542 0.05714285714285714
3 0.13388324873096447 0.4185714285714286 0.08756345177664974 0.0642857142857143
3 0.19670050761421318 0.40499999999999997 0.08375634517766498 0.0642857142857143
3 0.25317258883248733 0.3867857142857143 0.08502538071065989 0.062142857142857146
3 0.3623096446700508 0.3625 0.08248730964467005 0.05499999999999999
3 0.3699238578680203 0.3082142857142857 0.06472081218274112 0.039285714285714285
3 0.41941624365482233 0.2957142857142857 0.06979695431472081 0.04285714285714286
3 0.15545685279187818 0.3564285714285714 0.06725888324873097 0.047142857142857146
3 0.2151015228426396 0.3414285714285714 0.06725888324873097 0.04285714285714286
3 0.08756345177664974 0.2882142857142857 0.1116751269035533 0.039285714285714285
3 0.05012690355329949 0.24000000000000002 0.09771573604060915 0.037142857142857144
3 0.6091370558375634 0.2675 0.10152284263959392 0.04071428571428572
3 0.6522842639593909 0.3021428571428571 0.09898477157360405 0.041428571428571426
3 0.684010152284264 0.31821428571428567 0.09898477157360405 0.045
3 0.7328680203045684 0.35428571428571426 0.10279187817258882 0.05142857142857143
3 0.7937817258883249 0.39464285714285713 0.12055837563451777 0.05928571428571428
3 0.8178934010152283 0.4228571428571428 0.12309644670050761 0.05857142857142857
3 0.7436548223350254 0.5446428571428571 0.08375634517766498 0.03357142857142857
3 0.8921319796954316 0.4689285714285714 0.11928934010152284 0.05785714285714286
11 0.3153553299492386 0.31857142857142856 0.07741116751269035 0.05142857142857143
11 0.5031725888324873 0.43464285714285716 0.10279187817258882 0.06357142857142857
11 0.7081218274111675 0.33249999999999996 0.11421319796954316 0.052142857142857144
11 0.5894670050761421 0.2482142857142857 0.10532994923857869 0.04928571428571429
11 0.19479695431472083 0.2589285714285714 0.11294416243654823 0.04071428571428572
11 0.1878172588832487 0.23928571428571427 0.116751269035533 0.03571428571428571
11 0.15672588832487308 0.22999999999999998 0.10532994923857869 0.037142857142857144
11 0.14657360406091371 0.21357142857142855 0.11294416243654823 0.03857142857142857
3 0.141497461928934 0.20249999999999999 0.08756345177664974 0.026428571428571426
11 0.12373096446700507 0.18607142857142858 0.08756345177664974 0.027857142857142858
3 0.07931472081218274 0.1407142857142857 0.08756345177664974 0.027142857142857142
11 0.06218274111675127 0.1285714285714286 0.10152284263959392 0.037142857142857144
3 0.23604060913705585 0.09571428571428571 0.07614213197969542 0.02857142857142857
3 0.38451776649746194 0.21678571428571428 0.10152284263959392 0.045
3 0.47652284263959394 0.19642857142857142 0.08756345177664974 0.03571428571428571
3 0.3045685279187817 0.14785714285714285 0.07614213197969542 0.03142857142857143
3 0.47144670050761417 0.06178571428571428 0.07487309644670051 0.029285714285714286
3 0.5926395939086294 0.075 0.07360406091370558 0.024285714285714282
3 0.6459390862944162 0.15821428571428572 0.07106598984771574 0.027857142857142858
3 0.3616751269035533 0.20464285714285715 0.10406091370558375 0.03642857142857143
3 0.350253807106599 0.18785714285714283 0.08883248730964467 0.03428571428571429
3 0.3331218274111675 0.17392857142857143 0.08756345177664974 0.03357142857142857
3 0.28870558375634514 0.13892857142857143 0.09263959390862944 0.03214285714285715
3 0.2703045685279188 0.12785714285714284 0.08375634517766498 0.03142857142857143
3 0.2626903553299492 0.11499999999999999 0.07360406091370558 0.025714285714285714
3 0.4581218274111675 0.18178571428571427 0.09137055837563451 0.029285714285714286
11 0.4403553299492386 0.16499999999999998 0.09390862944162436 0.03428571428571429
3 0.41941624365482233 0.15535714285714286 0.08756345177664974 0.029285714285714286
3 0.4060913705583757 0.14357142857142857 0.08883248730964467 0.025714285714285714
3 0.39276649746192893 0.13285714285714287 0.08248730964467005 0.024285714285714282
3 0.37753807106598986 0.12142857142857143 0.08502538071065989 0.03142857142857143
3 0.3610406091370558 0.10999999999999999 0.09263959390862944 0.025714285714285714
3 0.34010152284263956 0.09999999999999999 0.07106598984771574 0.022857142857142857
3 0.6129441624365483 0.14392857142857143 0.08121827411167512 0.03214285714285715
3 0.5926395939086294 0.13214285714285712 0.08375634517766498 0.03428571428571429
3 0.5685279187817259 0.11857142857142856 0.08375634517766498 0.04
3 0.5609137055837563 0.10642857142857141 0.07614213197969542 0.032857142857142856
3 0.5348984771573604 0.10035714285714287 0.07233502538071065 0.027857142857142858
3 0.516497461928934 0.08821428571428572 0.06091370558375635 0.026428571428571426
3 0.49555837563451777 0.07821428571428571 0.07233502538071065 0.026428571428571426
7 0.4758883248730964 0.09428571428571429 0.01015228426395939 0.014285714285714285
7 0.48223350253807107 0.09285714285714285 0.01269035532994924 0.012857142857142857
3 0.5786802030456852 0.06392857142857142 0.07360406091370558 0.023571428571428573
3 0.6275380710659899 0.09535714285714285 0.05964467005076142 0.024999999999999998
3 0.7233502538071066 0.04678571428571428 0.0583756345177665 0.026428571428571426
3 0.7563451776649746 0.065 0.07106598984771574 0.024285714285714282
3 0.8229695431472082 0.09 0.07487309644670051 0.030000000000000002
10 0.725253807106599 0.22678571428571428 0.13324873096446702 0.052142857142857144
10 0.9475 0.16370558375634517 0.105 0.05964467005076142
10 0.9214285714285714 0.350253807106599 0.15714285714285714 0.07868020304568528
10 0.8508883248730964 0.3071428571428571 0.1611675126903553 0.06999999999999999
10 0.8102791878172588 0.2867857142857143 0.13578680203045684 0.06642857142857143
10 0.9967857142857143 0.21256345177664976 0.0064285714285714285 0.06725888324873096
10 0.9810714285714286 0.1947969543147208 0.03785714285714286 0.06725888324873096
2 0.9764285714285714 0.05456852791878172 0.047142857142857146 0.07487309644670051
11 0.4593908629441624 0.047857142857142855 0.07360406091370558 0.027142857142857142
3 0.4390862944162437 0.04392857142857143 0.08121827411167512 0.024999999999999998
11 0.6928934010152283 0.12571428571428572 0.10913705583756346 0.02857142857142857
3 0.25444162436548223 0.034999999999999996 0.07487309644670051 0.025714285714285714
3 0.17956852791878172 0.03607142857142857 0.06472081218274112 0.02214285714285714