3 0.555 0.6815 0.1433333333333333 0.123
3 0.8396666666666667 0.332 0.06066666666666667 0.039
3 0.6536666666666666 0.2795 0.05933333333333333 0.041
3 0.20366666666666666 0.68725 0.1953333333333333 0.1245
3 0.06325 0.49966666666666665 0.1265 0.058
10 0.1673333333333333 0.612 0.21466666666666664 0.137
11 0.5533333333333332 0.35625 0.08133333333333333 0.0605
2 0.7586666666666666 0.23875 0.112 0.0915
10 0.9263333333333332 0.212 0.054 0.037
10 0.815 0.17225 0.04733333333333333 0.0275
11 0.99575 0.12466666666666666 0.0085 0.018666666666666668
11 0.9816666666666666 0.11875 0.026 0.0165
10 0.89 0.1225 0.068 0.041
10 0.9333333333333332 0.09425 0.04533333333333333 0.0325
10 0.9643333333333333 0.07375 0.03933333333333333 0.0245
3 0.9416666666666667 0.117 0.02733333333333333 0.016
3 0.968 0.0975 0.025333333333333333 0.014
10 0.9873333333333333 0.06075 0.022666666666666665 0.0175
10 0.99125 0.04833333333333333 0.0175 0.023333333333333334
3 0.99975 0.050666666666666665 0.0005 0.008666666666666666