7 0.9871428571428571 0.1625 0.01238095238095238 0.019285714285714285
10 0.7952380952380952 0.08142857142857143 0.07047619047619047 0.032857142857142856
10 0.6861904761904761 0.11571428571428571 0.037142857142857144 0.025714285714285714
3 0.65 0.13142857142857142 0.03333333333333333 0.017142857142857144
4 0.6138095238095238 0.11642857142857142 0.056190476190476187 0.02142857142857143
7 0.6195238095238095 0.1417857142857143 0.006666666666666666 0.013571428571428571
7 0.6147619047619047 0.1407142857142857 0.006666666666666666 0.014285714285714285
7 0.5795238095238094 0.14 0.008571428571428572 0.015714285714285715
7 0.5933333333333333 0.16357142857142856 0.011428571428571429 0.018571428571428572
7 0.5861904761904762 0.16357142857142856 0.008571428571428572 0.015714285714285715
5 0.5628571428571428 0.16035714285714286 0.013333333333333332 0.012142857142857143
4 0.4257142857142857 0.14785714285714285 0.07619047619047618 0.03428571428571429
3 0.47619047619047616 0.18714285714285714 0.04761904761904761 0.024285714285714285
7 0.5033333333333333 0.19857142857142857 0.008571428571428572 0.017142857142857144
7 0.499047619047619 0.19857142857142857 0.009523809523809523 0.017142857142857144
7 0.4185714285714286 0.22464285714285714 0.010476190476190476 0.020714285714285713
7 0.40952380952380946 0.22357142857142856 0.011428571428571429 0.022857142857142857
7 0.36809523809523803 0.20035714285714284 0.010476190476190476 0.019285714285714285
7 0.3776190476190476 0.20035714285714284 0.01238095238095238 0.020714285714285713
7 0.3871428571428571 0.19964285714285715 0.01238095238095238 0.020714285714285713
7 0.3976190476190476 0.20035714285714284 0.010476190476190476 0.019285714285714285
7 0.4066666666666666 0.19964285714285715 0.011428571428571429 0.019285714285714285
7 0.4185714285714286 0.18571428571428572 0.010476190476190476 0.017142857142857144
7 0.4047619047619047 0.18571428571428572 0.009523809523809523 0.017142857142857144
7 0.39285714285714285 0.18821428571428572 0.010476190476190476 0.016428571428571428
7 0.3823809523809523 0.18785714285714286 0.010476190476190476 0.014285714285714285
7 0.36857142857142855 0.23285714285714285 0.013333333333333332 0.02142857142857143
7 0.3519047619047619 0.23357142857142857 0.01238095238095238 0.018571428571428572
7 0.36 0.25035714285714283 0.015238095238095238 0.02214285714285714
7 0.3757142857142857 0.2542857142857143 0.010476190476190476 0.02142857142857143
7 0.3485714285714286 0.25142857142857145 0.013333333333333332 0.02142857142857143
7 0.3357142857142857 0.25214285714285717 0.01619047619047619 0.022857142857142857
7 0.3342857142857143 0.22607142857142856 0.011428571428571429 0.017857142857142856
7 0.3419047619047619 0.23535714285714285 0.011428571428571429 0.017857142857142856
7 0.3242857142857143 0.2357142857142857 0.014285714285714285 0.02
7 0.31857142857142856 0.22535714285714287 0.014285714285714285 0.019285714285714285
7 0.38142857142857145 0.27785714285714286 0.01238095238095238 0.022857142857142857
7 0.3695238095238095 0.2785714285714286 0.015238095238095238 0.02142857142857143
7 0.35523809523809524 0.2757142857142857 0.011428571428571429 0.02
7 0.3466666666666667 0.2757142857142857 0.011428571428571429 0.02
7 0.3180952380952381 0.2710714285714286 0.013333333333333332 0.023571428571428573
7 0.3061904761904762 0.27035714285714285 0.01238095238095238 0.02214285714285714
7 0.31190476190476185 0.2792857142857143 0.014285714285714285 0.02142857142857143
7 0.3333333333333333 0.2875 0.013333333333333332 0.02214285714285714
7 0.34238095238095234 0.2914285714285714 0.014285714285714285 0.02142857142857143
7 0.35285714285714287 0.2889285714285714 0.01619047619047619 0.020714285714285713
7 0.32619047619047614 0.29464285714285715 0.01619047619047619 0.020714285714285713
7 0.3557142857142857 0.30964285714285716 0.01238095238095238 0.020714285714285713
7 0.3395238095238095 0.31107142857142855 0.014285714285714285 0.02214285714285714
7 0.32857142857142857 0.31142857142857144 0.013333333333333332 0.022857142857142857
7 0.3195238095238095 0.3142857142857143 0.014285714285714285 0.022857142857142857
7 0.30047619047619045 0.33035714285714285 0.01619047619047619 0.023571428571428573
7 0.2957142857142857 0.3221428571428571 0.014285714285714285 0.02
7 0.2742857142857143 0.32107142857142856 0.017142857142857144 0.02214285714285714
7 0.2538095238095238 0.32285714285714284 0.014285714285714285 0.02
7 0.2571428571428571 0.32071428571428573 0.02095238095238095 0.022857142857142857
5 0.2776190476190476 0.3092857142857143 0.03333333333333333 0.02
8 0.2757142857142857 0.3067857142857143 0.01619047619047619 0.016428571428571428
8 0.26904761904761904 0.30607142857142855 0.018095238095238095 0.019285714285714285
7 0.22619047619047616 0.3067857142857143 0.018095238095238095 0.023571428571428573
7 0.21333333333333332 0.3117857142857143 0.02476190476190476 0.025
7 0.6238095238095237 0.7264285714285714 0.022857142857142857 0.025714285714285714
7 0.6385714285714286 0.7064285714285714 0.023809523809523805 0.027142857142857142
7 0.5166666666666666 0.5889285714285715 0.021904761904761903 0.035
7 0.4919047619047619 0.6007142857142858 0.018095238095238095 0.02857142857142857
7 0.3776190476190476 0.6092857142857143 0.023809523809523805 0.032857142857142856
7 0.23857142857142857 0.7182142857142857 0.025714285714285714 0.035
7 0.22666666666666666 0.7175 0.022857142857142857 0.030714285714285715
7 0.2523809523809524 0.6582142857142858 0.030476190476190476 0.03357142857142857
7 0.30047619047619045 0.6782142857142858 0.023809523809523805 0.02642857142857143
7 0.28285714285714286 0.6685714285714286 0.02476190476190476 0.025714285714285714
7 0.2876190476190476 0.6453571428571429 0.02857142857142857 0.02642857142857143
7 0.3433333333333333 0.5142857142857142 0.018095238095238095 0.027142857142857142
7 0.4452380952380952 0.5 0.018095238095238095 0.03428571428571429
7 0.4633333333333333 0.49642857142857144 0.02 0.02857142857142857
7 0.49380952380952375 0.5075 0.018095238095238095 0.027857142857142858
7 0.5057142857142857 0.5064285714285715 0.015238095238095238 0.02857142857142857
7 0.5271428571428571 0.4957142857142857 0.01619047619047619 0.025714285714285714
7 0.5404761904761904 0.48928571428571427 0.01619047619047619 0.02857142857142857
7 0.4861904761904762 0.49178571428571427 0.01619047619047619 0.027857142857142858
7 0.4952380952380952 0.4757142857142857 0.017142857142857144 0.03
7 0.3985714285714286 0.44357142857142856 0.021904761904761903 0.03
7 0.4252380952380952 0.43535714285714283 0.018095238095238095 0.030714285714285715
7 0.4452380952380952 0.43464285714285716 0.01619047619047619 0.029285714285714286
7 0.47619047619047616 0.42678571428571427 0.015238095238095238 0.023571428571428573
7 0.48952380952380947 0.42607142857142855 0.015238095238095238 0.023571428571428573
7 0.46285714285714286 0.4142857142857143 0.015238095238095238 0.02857142857142857
7 0.4828571428571429 0.4085714285714286 0.015238095238095238 0.02142857142857143
7 0.5052380952380952 0.4064285714285714 0.018095238095238095 0.02857142857142857
7 0.52 0.4035714285714286 0.017142857142857144 0.03
7 0.5514285714285714 0.39107142857142857 0.019047619047619046 0.025
7 0.5576190476190476 0.38857142857142857 0.014285714285714285 0.025714285714285714
7 0.4142857142857143 0.36714285714285716 0.017142857142857144 0.027142857142857142
7 0.4019047619047619 0.35964285714285715 0.017142857142857144 0.025
7 0.39238095238095233 0.3517857142857143 0.015238095238095238 0.02214285714285714
7 0.40047619047619043 0.3482142857142857 0.01619047619047619 0.02214285714285714
7 0.4357142857142857 0.36464285714285716 0.01619047619047619 0.025
7 0.4395238095238095 0.34785714285714286 0.01238095238095238 0.02142857142857143
7 0.429047619047619 0.3489285714285714 0.014285714285714285 0.019285714285714285
5 0.5280952380952381 0.3492857142857143 0.02952380952380952 0.018571428571428572
8 0.5271428571428571 0.3439285714285714 0.014285714285714285 0.019285714285714285
8 0.5219047619047619 0.3432142857142857 0.017142857142857144 0.020714285714285713
7 0.1338095238095238 0.3246428571428571 0.02 0.02214285714285714
7 0.1442857142857143 0.32 0.023809523809523805 0.025714285714285714
7 0.16 0.27464285714285713 0.02095238095238095 0.025
7 0.14476190476190476 0.2757142857142857 0.019047619047619046 0.022857142857142857
7 0.13714285714285715 0.245 0.017142857142857144 0.022857142857142857
7 0.11238095238095237 0.24678571428571427 0.019047619047619046 0.02214285714285714
7 0.09714285714285714 0.25 0.019047619047619046 0.022857142857142857
7 0.08428571428571428 0.22678571428571428 0.018095238095238095 0.02214285714285714
7 0.09333333333333332 0.22607142857142856 0.019047619047619046 0.020714285714285713
7 0.9438095238095238 0.7353571428571428 0.030476190476190476 0.02642857142857143