11 0.31393528183716074 0.02829313543599258 0.1289144050104384 0.05658627087198516
3 0.10204081632653061 0.1503131524008351 0.16141001855287568 0.048016701461377875
3 0.670686456400742 0.1560542797494781 0.12430426716141 0.08559498956158665
3 0.31307977736549164 0.3645615866388309 0.12337662337662336 0.03914405010438414
8 0.42996289424860856 0.29566805845511485 0.0398886827458256 0.01722338204592902
8 0.5960111317254174 0.3645615866388309 0.034322820037105746 0.016179540709812108
5 0.43552875695732834 0.29566805845511485 0.06586270871985157 0.020354906054279753
5 0.6015769944341373 0.3645615866388309 0.06586270871985157 0.014091858037578288
7 0.34461966604823746 0.49582463465553245 0.03617810760667903 0.015657620041753657
11 0.8325602968460111 0.37343423799582465 0.09183673469387754 0.027661795407098125
3 0.7908163265306122 0.25939457202505223 0.15677179962894247 0.03966597077244259
8 0.8603896103896104 0.3160229645093946 0.028756957328385898 0.012004175365344469
1 0.861317254174397 0.31550104384133615 0.05102040816326531 0.009916492693110648
8 0.8784786641929498 0.18867432150313154 0.027829313543599257 0.018267223382045932
5 0.87430426716141 0.18945720250521922 0.05473098330241187 0.017745302713987474