3 0.9982142857142857 0.3477157360406091 0.0035714285714285713 0.03553299492385787
3 0.9282994923857867 0.27714285714285714 0.02918781725888325 0.024285714285714282
3 0.9460659898477157 0.20142857142857143 0.026649746192893398 0.02
3 0.9022842639593908 0.1910714285714286 0.02284263959390863 0.017857142857142856
3 0.9048223350253807 0.17428571428571427 0.017766497461928935 0.015714285714285715
3 0.9054568527918782 0.1575 0.024111675126903553 0.013571428571428571
3 0.9371827411167514 0.13142857142857142 0.019035532994923856 0.014285714285714285
3 0.9321065989847717 0.10285714285714286 0.019035532994923856 0.012857142857142857
3 0.8318527918781725 0.14178571428571426 0.01649746192893401 0.013571428571428571
3 0.5862944162436549 0.21321428571428572 0.05583756345177665 0.013571428571428571
3 0.9295685279187818 0.07964285714285714 0.01649746192893401 0.012142857142857141
3 0.9606598984771574 0.09535714285714285 0.015228426395939087 0.012142857142857141
3 0.8705583756345178 0.04928571428571429 0.015228426395939087 0.008571428571428572
3 0.8756345177664975 0.018928571428571427 0.01015228426395939 0.0064285714285714285
3 0.9098984771573604 0.012142857142857141 0.01015228426395939 0.005714285714285714
3 0.8730964467005077 0.01 0.01015228426395939 0.007142857142857143
3 0.9257614213197969 0.007500000000000001 0.008883248730964468 0.0064285714285714285
3 0.9682741116751268 0.1285714285714286 0.017766497461928935 0.015714285714285715
11 0.8312182741116751 0.39999999999999997 0.030456852791878174 0.02857142857142857
11 0.733502538071066 0.36714285714285716 0.03299492385786802 0.030000000000000002
11 0.8654822335025381 0.11035714285714286 0.017766497461928935 0.012142857142857141
11 0.9251269035532995 0.018928571428571427 0.01269035532994924 0.010714285714285714
3 0.9321065989847717 0.013928571428571429 0.011421319796954314 0.007857142857142858
3 0.9435279187817259 0.02321428571428571 0.011421319796954314 0.009285714285714286
3 0.9536802030456853 0.06392857142857142 0.013959390862944163 0.013571428571428571
3 0.9238578680203046 0.03321428571428572 0.015228426395939087 0.010714285714285714
3 0.9130710659898478 0.5485714285714286 0.044416243654822336 0.025714285714285714
7 0.4980964467005076 0.24607142857142858 0.00634517766497462 0.010714285714285714
7 0.5006345177664975 0.24535714285714286 0.011421319796954314 0.012142857142857141
10 0.9676395939086295 0.3682142857142857 0.04695431472081218 0.0707142857142857