3 0.7804568527918782 0.5317857142857143 0.06852791878172589 0.047857142857142855
3 0.8147208121827412 0.3678571428571428 0.03553299492385787 0.04
3 0.8470812182741116 0.3003571428571429 0.03934010152284264 0.03785714285714285
3 0.8546954314720813 0.15821428571428572 0.02918781725888325 0.027857142857142858
3 0.8686548223350254 0.12285714285714285 0.024111675126903553 0.025714285714285714
3 0.8762690355329948 0.08285714285714285 0.021573604060913708 0.024285714285714282
3 0.8914285714285715 0.00951776649746193 0.024285714285714285 0.01903553299492386
10 0.8458121827411167 0.22249999999999998 0.03426395939086294 0.052142857142857144
3 0.8388324873096447 0.26928571428571424 0.030456852791878174 0.03428571428571429
11 0.7880710659898478 0.4703571428571428 0.04060913705583756 0.04928571428571429
6 0.9928571428571429 0.23540609137055837 0.014285714285714285 0.22715736040609136
7 0.7328680203045684 0.5317857142857143 0.011421319796954314 0.012142857142857141
7 0.7227157360406091 0.5314285714285715 0.011421319796954314 0.011428571428571429