5 0.027829313543599257 0.21816283924843427 0.02411873840445269 0.010438413361169102
3 0.04452690166975881 0.24504175365344472 0.08534322820037105 0.018267223382045932
0 0.07142857142857142 0.23695198329853864 0.04452690166975881 0.015657620041753657
3 0.08302411873840446 0.23225469728601253 0.05102040816326531 0.017745302713987474
7 0.07838589981447124 0.36273486430062635 0.01948051948051948 0.02296450939457203
7 0.11178107606679034 0.354384133611691 0.023191094619666047 0.027139874739039668
5 0.4410946196660482 0.5506263048016702 0.04359925788497217 0.014613778705636744
5 0.45454545454545453 0.5394050104384134 0.03710575139146567 0.014091858037578288
5 0.4684601113172542 0.524008350730689 0.04081632653061224 0.015657620041753657
5 0.4786641929499072 0.5026096033402924 0.04267161410018552 0.014613778705636744
5 0.5292207792207791 0.4358037578288101 0.034322820037105746 0.013569937369519834
5 0.5227272727272727 0.44493736951983304 0.0398886827458256 0.012004175365344469
1 0.6660482374768089 0.48486430062630487 0.04081632653061224 0.014613778705636744
1 0.6711502782931354 0.46790187891440504 0.041743970315398886 0.014091858037578288
9 0.6822820037105751 0.44911273486430064 0.05844155844155843 0.0255741127348643
3 0.6794990723562152 0.3971816283924844 0.10111317254174397 0.0302713987473904
3 0.7133580705009276 0.32228601252609607 0.08905380333951762 0.02244258872651357
10 0.6938775510204082 0.1985908141962422 0.04081632653061224 0.024530271398747392
0 0.6915584415584415 0.19024008350730692 0.0398886827458256 0.014091858037578288
6 0.7708719851576994 0.21424843423799586 0.06493506493506493 0.020354906054279753
8 0.7653061224489796 0.171972860125261 0.007421150278293135 0.007828810020876828
5 0.764378478664193 0.17327766179540713 0.016697588126159554 0.008350730688935283
10 0.7653061224489796 0.1477035490605428 0.03710575139146567 0.02296450939457203
10 0.8218923933209646 0.119258872651357 0.051948051948051945 0.009916492693110648
7 0.8423005565862708 0.11325678496868477 0.007421150278293135 0.008350730688935283
3 0.7880333951762523 0.056106471816283934 0.015769944341372914 0.006784968684759917
3 0.8042671614100185 0.05636743215031315 0.01484230055658627 0.0062630480167014625
3 0.8320964749536178 0.05636743215031315 0.01484230055658627 0.008350730688935283
9 0.8075139146567718 0.05062630480167015 0.017625231910946195 0.007306889352818372
8 0.9475881261595547 0.07254697286012526 0.006493506493506493 0.004175365344467641
5 0.9471243042671613 0.07332985386221294 0.0055658627087198514 0.004697286012526097
8 0.8974953617810759 0.08898747390396661 0.006493506493506493 0.005741127348643007
8 0.9596474953617811 0.10151356993736953 0.006493506493506493 0.006784968684759917
8 0.9805194805194805 0.10960334029227559 0.0055658627087198514 0.005219206680584551
8 0.9151205936920223 0.14248434237995827 0.006493506493506493 0.007306889352818372
8 0.9160482374768089 0.09994780793319416 0.006493506493506493 0.004697286012526097
8 0.9638218923933208 0.15996868475991652 0.007421150278293135 0.005741127348643007
8 0.9313543599257884 0.23695198329853864 0.009276437847866418 0.009394572025052193
8 0.8942486085343228 0.2505219206680585 0.011131725417439703 0.009394572025052193
8 0.9090909090909091 0.2526096033402923 0.011131725417439703 0.011482254697286014
3 0.9791231732776617 0.3715213358070501 0.04175365344467641 0.036178107606679034
5 0.9313543599257884 0.23930062630480167 0.01484230055658627 0.01096033402922756
5 0.9095547309833023 0.25495824634655534 0.012059369202226345 0.01304801670146138
5 0.8933209647495362 0.2536534446764092 0.011131725417439703 0.014613778705636744
7 0.8664192949907235 0.19885177453027142 0.007421150278293135 0.012526096033402925
9 0.8784786641929498 0.20172233820459293 0.018552875695732836 0.01304801670146138
5 0.9169758812615955 0.14431106471816285 0.008348794063079777 0.006784968684759917
9 0.9638218923933208 0.16257828810020877 0.011131725417439703 0.008872651356993737
7 0.8719851576994434 0.15266179540709815 0.0055658627087198514 0.007828810020876828
0 0.881725417439703 0.1534446764091858 0.013914656771799629 0.011482254697286014
3 0.9485157699443413 0.15213987473903967 0.02133580705009276 0.012004175365344469
3 0.9383116883116883 0.13935281837160754 0.02133580705009276 0.010438413361169102
0 0.9508348794063078 0.11299582463465555 0.007421150278293135 0.008872651356993737
0 0.9800556586270871 0.11664926931106473 0.012059369202226345 0.01096033402922756
0 0.9656771799628941 0.107776617954071 0.011131725417439703 0.007828810020876828
11 0.933673469387755 0.09029227557411275 0.013914656771799629 0.011482254697286014
9 0.9165120593692022 0.09916492693110648 0.011131725417439703 0.010438413361169102
5 0.8984230055658627 0.09029227557411275 0.006493506493506493 0.007306889352818372
3 0.9652133580705008 0.04671189979123174 0.01020408163265306 0.004697286012526097
9 0.924860853432282 0.049060542797494784 0.007421150278293135 0.0062630480167014625
0 0.9169758812615955 0.04749478079331942 0.004638218923933209 0.004175365344467641
7 0.9730983302411873 0.0454070981210856 0.0037105751391465673 0.005219206680584551
8 0.9564007421150278 0.0425365344467641 0.0037105751391465673 0.003653444676409186
5 0.9564007421150278 0.04358037578288101 0.0055658627087198514 0.003653444676409186
5 0.9415584415584415 0.036012526096033406 0.0037105751391465673 0.0031315240083507312
5 0.9494434137291279 0.036012526096033406 0.004638218923933209 0.004175365344467641
8 0.9415584415584415 0.03549060542797495 0.0037105751391465673 0.004175365344467641
8 0.9489795918367346 0.03522964509394572 0.0037105751391465673 0.003653444676409186
4 0.9132653061224488 0.03992693110647182 0.008348794063079777 0.008872651356993737
3 0.9401669758812615 0.024530271398747392 0.008348794063079777 0.004175365344467641
3 0.9341372912801483 0.0227035490605428 0.007421150278293135 0.005741127348643007
3 0.9313543599257884 0.020876826722338204 0.007421150278293135 0.004175365344467641
3 0.9299628942486086 0.018789144050104387 0.008348794063079777 0.004175365344467641
8 0.9211502782931354 0.03288100208768267 0.0018552875695732837 0.0020876826722338207
8 0.9202226345083487 0.031054279749478084 0.0037105751391465673 0.0026096033402922755
8 0.9137291280148423 0.027661795407098125 0.0037105751391465673 0.0031315240083507312
8 0.9355287569573283 0.030010438413361172 0.0027829313543599257 0.0026096033402922755
5 0.9346011131725417 0.030793319415448855 0.004638218923933209 0.0031315240083507312
5 0.920686456400742 0.03392484342379959 0.0027829313543599257 0.0031315240083507312
5 0.9197588126159554 0.03157620041753654 0.004638218923933209 0.0026096033402922755
5 0.9137291280148423 0.028444676409185805 0.0055658627087198514 0.0026096033402922755
5 0.9448051948051948 0.028966597077244263 0.006493506493506493 0.0026096033402922755
0 0.9341372912801483 0.027139874739039668 0.0055658627087198514 0.0031315240083507312
3 0.9230055658627087 0.014613778705636744 0.0055658627087198514 0.0031315240083507312