4 0.656 0.3455 0.049333333333333326 0.018
3 0.6316666666666666 0.363 0.006 0.005
3 0.628 0.37 0.006666666666666666 0.007
10 0.6503333333333332 0.3645 0.01 0.011
10 0.6596666666666666 0.367 0.012666666666666666 0.011
3 0.6493333333333332 0.374 0.012 0.011
10 0.6606666666666666 0.37875 0.014666666666666666 0.0155
10 0.6433333333333333 0.38325 0.008 0.0075
3 0.6453333333333332 0.38975 0.010666666666666666 0.0065
11 0.662 0.39025 0.010666666666666666 0.0095
3 0.6463333333333332 0.3985 0.014 0.008
11 0.6606666666666666 0.41 0.014666666666666666 0.011
3 0.6396666666666666 0.41425 0.015333333333333332 0.0085
3 0.6363333333333333 0.4305 0.01933333333333333 0.012
10 0.6653333333333332 0.47875 0.04533333333333333 0.0705
10 0.494 0.5605 0.06133333333333333 0.047
3 0.994 0.46166666666666667 0.012 0.015333333333333332
3 0.991 0.44666666666666666 0.018 0.015333333333333332
3 0.99025 0.43 0.0195 0.011333333333333334
7 0.9803333333333333 0.4325 0.006 0.011
3 0.8156666666666667 0.386 0.01933333333333333 0.006
3 0.7896666666666666 0.37775 0.011333333333333332 0.0065
7 0.7903333333333332 0.379 0.003333333333333333 0.006
3 0.7833333333333332 0.37275 0.012 0.0055
3 0.854 0.39125 0.02 0.0075
4 0.779 0.3575 0.06333333333333332 0.02