3 0.5809523809523809 0.7214285714285714 0.21333333333333332 0.055714285714285716
3 0.9657142857142857 0.7223809523809523 0.06857142857142857 0.05333333333333334
3 0.95 0.6452380952380953 0.1 0.06476190476190476
3 0.9871428571428571 0.27380952380952384 0.025714285714285714 0.04
3 0.9682142857142857 0.2957142857142857 0.06357142857142857 0.0419047619047619
3 0.9475 0.3161904761904762 0.105 0.04666666666666667
3 0.8876190476190475 0.25392857142857145 0.08952380952380952 0.03357142857142857
3 0.8004761904761903 0.29464285714285715 0.08095238095238094 0.03785714285714286
3 0.909047619047619 0.235 0.08666666666666667 0.041428571428571426
3 0.6914285714285714 0.27535714285714286 0.08761904761904761 0.03785714285714286
3 0.7495238095238095 0.25821428571428573 0.08 0.027857142857142858
3 0.7571428571428571 0.23464285714285715 0.0819047619047619 0.03357142857142857
3 0.6695238095238095 0.22321428571428573 0.06476190476190476 0.029285714285714286
11 0.7338095238095238 0.21285714285714286 0.07333333333333332 0.024285714285714285
11 0.58 0.2592857142857143 0.07428571428571429 0.03428571428571429
11 0.6057142857142858 0.19464285714285715 0.07047619047619047 0.029285714285714286
3 0.9528571428571428 0.1732142857142857 0.0638095238095238 0.02214285714285714
3 0.8742857142857143 0.17 0.06476190476190476 0.025714285714285714
7 0.956190476190476 0.15428571428571428 0.009523809523809523 0.017142857142857144
3 0.9914285714285714 0.11857142857142858 0.017142857142857144 0.024761904761904763
3 0.9619047619047618 0.11428571428571428 0.02857142857142857 0.018571428571428572
3 0.899047619047619 0.11035714285714286 0.02857142857142857 0.025
3 0.7885714285714286 0.15857142857142856 0.06285714285714286 0.02142857142857143
3 0.7161904761904762 0.15107142857142858 0.05142857142857143 0.020714285714285713
3 0.6466666666666666 0.14357142857142857 0.05523809523809523 0.022857142857142857
7 0.6404761904761904 0.12714285714285714 0.014285714285714285 0.017142857142857144
3 0.5676190476190476 0.15107142857142858 0.06476190476190476 0.025
3 0.4809523809523809 0.1982142857142857 0.07047619047619047 0.027857142857142858
3 0.579047619047619 0.13607142857142857 0.05333333333333333 0.017857142857142856
11 0.5009523809523809 0.12821428571428573 0.04952380952380952 0.020714285714285713
3 0.44619047619047614 0.12464285714285714 0.04857142857142857 0.017857142857142856
3 0.4014285714285714 0.12 0.04476190476190476 0.017142857142857144
3 0.359047619047619 0.11571428571428571 0.045714285714285714 0.018571428571428572
3 0.2876190476190476 0.10678571428571429 0.03619047619047619 0.017857142857142856
3 0.24523809523809523 0.10357142857142858 0.039047619047619046 0.017142857142857144
3 0.20047619047619045 0.09785714285714285 0.039047619047619046 0.014285714285714285
7 0.06523809523809523 0.37107142857142855 0.025714285714285714 0.027857142857142858
7 0.08571428571428572 0.35714285714285715 0.03238095238095238 0.03
7 0.33095238095238094 0.2675 0.021904761904761903 0.027857142857142858
7 0.6104761904761904 0.35642857142857143 0.019047619047619046 0.02142857142857143
8 0.2480952380952381 0.22892857142857143 0.008571428571428572 0.010714285714285714
5 0.24857142857142858 0.23285714285714285 0.019047619047619046 0.011428571428571429
3 0.10523809523809523 0.07 0.04476190476190476 0.014285714285714285
3 0.9142857142857143 0.062142857142857146 0.043809523809523805 0.015714285714285715
4 0.6219047619047618 0.05607142857142857 0.07428571428571429 0.019285714285714285
7 0.7352380952380951 0.060714285714285714 0.007619047619047619 0.012857142857142857
3 0.638095238095238 0.09 0.02857142857142857 0.014285714285714285
3 0.8157142857142857 0.06821428571428571 0.021904761904761903 0.013571428571428571
3 0.7919047619047618 0.06464285714285714 0.023809523809523805 0.010714285714285714
3 0.7723809523809523 0.07285714285714286 0.030476190476190476 0.015714285714285715
3 0.7485714285714286 0.07107142857142858 0.02476190476190476 0.016428571428571428
3 0.7285714285714285 0.07035714285714285 0.022857142857142857 0.012142857142857143
3 0.7066666666666667 0.07035714285714285 0.022857142857142857 0.013571428571428571
3 0.7076190476190476 0.05928571428571429 0.02857142857142857 0.014285714285714285
3 0.7671428571428571 0.061785714285714284 0.02952380952380952 0.013571428571428571