3 0.8826530612244897 0.47025052192066813 0.062152133580705 0.0511482254697286
3 0.988517745302714 0.3395176252319109 0.022964509394572025 0.03432282003710575
3 0.9926931106471816 0.22402597402597402 0.014613778705636743 0.01948051948051948
3 0.962430426716141 0.21920668058455117 0.026901669758812616 0.02296450939457203
3 0.9846938775510203 0.18919624217119 0.026901669758812616 0.01722338204592902
3 0.9968684759916493 0.15213358070500926 0.006263048016701462 0.014842300556586271
3 0.9735621521335805 0.13465553235908143 0.032467532467532464 0.011482254697286014
3 0.7319109461966605 0.17823590814196244 0.04081632653061224 0.012004175365344469
3 0.6730055658627087 0.16022964509394572 0.038033395176252316 0.010438413361169102
4 0.9735621521335805 0.09185803757828812 0.02133580705009276 0.012526096033402925
8 0.9628942486085342 0.10281837160751567 0.0037105751391465673 0.0031315240083507312
8 0.9508348794063078 0.1229123173277662 0.0055658627087198514 0.0026096033402922755
8 0.9155844155844155 0.14509394572025053 0.0055658627087198514 0.0031315240083507312
8 0.9025974025974025 0.1388308977035491 0.007421150278293135 0.0031315240083507312
8 0.7898886827458256 0.2810542797494781 0.006493506493506493 0.007828810020876828
8 0.6280148423005566 0.47468684759916496 0.011131725417439703 0.01096033402922756
8 0.5691094619666047 0.49556367432150317 0.013914656771799629 0.009916492693110648
5 0.9628942486085342 0.1059498956158664 0.0037105751391465673 0.004175365344467641
5 0.9508348794063078 0.1268267223382046 0.007421150278293135 0.005219206680584551
5 0.9137291280148423 0.1492693110647182 0.0055658627087198514 0.004175365344467641
5 0.9016697588126159 0.14248434237995827 0.007421150278293135 0.004175365344467641
5 0.7880333951762523 0.2883611691022965 0.01020408163265306 0.004697286012526097
5 0.6238404452690166 0.4835594989561587 0.015769944341372914 0.01304801670146138
5 0.564935064935065 0.5057411273486431 0.011131725417439703 0.012526096033402925