3 0.867 0.72075 0.046 0.0465
3 0.8386666666666667 0.645 0.033333333333333326 0.035
3 0.559 0.72625 0.03666666666666667 0.0465
3 0.515 0.68025 0.03133333333333333 0.0465
3 0.572 0.61025 0.028 0.0405
3 0.6996666666666667 0.582 0.026 0.028
1 0.3833333333333333 0.6915 0.026666666666666665 0.014
1 0.3923333333333333 0.67425 0.02333333333333333 0.0125
1 0.3973333333333333 0.6615 0.024 0.012
1 0.3986666666666666 0.6505 0.022666666666666665 0.011
1 0.4043333333333333 0.648 0.02333333333333333 0.011
1 0.406 0.64025 0.021333333333333333 0.0115
3 0.2833333333333333 0.67575 0.076 0.0255
3 0.29133333333333333 0.65375 0.06666666666666665 0.0265
3 0.29833333333333334 0.6325 0.07 0.022
5 0.308 0.58475 0.021333333333333333 0.0105
7 0.3956666666666666 0.577 0.008666666666666666 0.017
7 0.4033333333333333 0.57625 0.008 0.0135
8 0.4526666666666666 0.5735 0.010666666666666666 0.013
8 0.4633333333333333 0.58325 0.009333333333333332 0.0145
1 0.463 0.58725 0.01 0.0135
1 0.4533333333333333 0.57825 0.009333333333333332 0.0135
3 0.333 0.5585 0.058 0.019
3 0.3373333333333333 0.54375 0.057333333333333326 0.0195
3 0.3476666666666666 0.5285 0.056666666666666664 0.018
3 0.36466666666666664 0.5155 0.057333333333333326 0.018
7 0.41133333333333333 0.51325 0.009333333333333332 0.0145
3 0.36766666666666664 0.50075 0.03266666666666666 0.0155
5 0.3936666666666666 0.49925 0.015333333333333332 0.0095
7 0.4343333333333333 0.47725 0.007333333333333333 0.0155
7 0.414 0.472 0.009333333333333332 0.014
1 0.458 0.49875 0.017333333333333333 0.0095
3 0.483 0.50025 0.02333333333333333 0.0275
3 0.4913333333333333 0.47775 0.025333333333333333 0.0255
3 0.546 0.52275 0.024 0.0265
3 0.3963333333333333 0.467 0.05133333333333333 0.016
3 0.469 0.46275 0.024666666666666663 0.0255
3 0.4056666666666666 0.447 0.04466666666666667 0.015
3 0.42266666666666663 0.42625 0.04533333333333333 0.0135
1 0.4433333333333333 0.422 0.016 0.007
3 0.481 0.434 0.020666666666666663 0.021
3 0.5083333333333333 0.42375 0.020666666666666663 0.0215
5 0.533 0.43025 0.006 0.0115
8 0.5326666666666666 0.4275 0.006666666666666666 0.011
3 0.42366666666666664 0.41625 0.03666666666666667 0.0145
3 0.43 0.40925 0.041333333333333326 0.0135
3 0.44266666666666665 0.38825 0.042666666666666665 0.0125
3 0.44366666666666665 0.38075 0.038 0.0115
3 0.4513333333333333 0.375 0.03733333333333333 0.011
7 0.48066666666666663 0.37875 0.006666666666666666 0.0105
3 0.4566666666666666 0.3685 0.03866666666666666 0.011
3 0.462 0.36225 0.03733333333333333 0.0115
3 0.4636666666666666 0.3565 0.038 0.01
3 0.4643333333333333 0.35 0.03533333333333333 0.011
3 0.467 0.3455 0.03666666666666667 0.01
3 0.4696666666666666 0.34 0.03133333333333333 0.011
3 0.4686666666666666 0.33575 0.029333333333333333 0.0105
3 0.4696666666666666 0.33025 0.03 0.0085
3 0.397 0.373 0.03 0.015
3 0.3883333333333333 0.36425 0.020666666666666663 0.0175
3 0.3683333333333333 0.3495 0.038 0.011
3 0.404 0.35025 0.032 0.0115
1 0.42966666666666664 0.35075 0.006 0.0085
7 0.4293333333333333 0.3485 0.006666666666666666 0.008
3 0.402 0.34275 0.03733333333333333 0.0105
3 0.4083333333333333 0.33675 0.034 0.0115
3 0.421 0.31825 0.034 0.0105
3 0.6153333333333333 0.441 0.021333333333333333 0.027
3 0.7846666666666666 0.47 0.024 0.02
3 0.778 0.44975 0.021333333333333333 0.0185
3 0.7723333333333332 0.42975 0.022 0.0185
3 0.7653333333333333 0.412 0.022666666666666665 0.018
3 0.7606666666666666 0.397 0.02 0.013
3 0.7556666666666666 0.38225 0.018 0.0135
3 0.7516666666666666 0.368 0.016666666666666663 0.013
3 0.7483333333333333 0.35675 0.015333333333333332 0.0105
8 0.748 0.42225 0.006666666666666666 0.0085
5 0.7476666666666666 0.425 0.007333333333333333 0.009
3 0.696 0.36275 0.016 0.0125
3 0.598 0.381 0.017333333333333333 0.017
3 0.6213333333333333 0.3635 0.016 0.015
3 0.5823333333333333 0.3545 0.016666666666666663 0.015
3 0.534 0.355 0.017333333333333333 0.016
3 0.5383333333333332 0.3335 0.015333333333333332 0.015
8 0.5526666666666666 0.343 0.005333333333333333 0.008
1 0.553 0.34625 0.006 0.0085
1 0.5616666666666666 0.3435 0.006 0.008
8 0.5613333333333332 0.34125 0.005333333333333333 0.0085
3 0.5473333333333332 0.30775 0.014666666666666666 0.0135
3 0.59 0.30925 0.014666666666666666 0.0125
3 0.6263333333333333 0.3245 0.015333333333333332 0.014
3 0.6093333333333333 0.299 0.014666666666666666 0.015
3 0.5546666666666666 0.29925 0.012 0.0115
3 0.7326666666666666 0.30925 0.014666666666666666 0.0115
3 0.731 0.29875 0.014 0.0095
3 0.727 0.28975 0.012666666666666666 0.0095
3 0.7243333333333333 0.2815 0.012666666666666666 0.009
11 0.6086666666666666 0.26725 0.012 0.0135
3 0.566 0.25625 0.013333333333333332 0.0105
3 0.5713333333333332 0.24125 0.012 0.0095
3 0.6283333333333333 0.2555 0.011333333333333332 0.01
3 0.614 0.2465 0.012 0.01
2 0.6043333333333333 0.21625 0.016666666666666663 0.0205
3 0.4493333333333333 0.2825 0.025333333333333333 0.009
3 0.4513333333333333 0.27975 0.030666666666666665 0.0085
3 0.454 0.276 0.030666666666666665 0.008
3 0.4573333333333333 0.2725 0.026666666666666665 0.009
3 0.459 0.2685 0.02733333333333333 0.007
3 0.4623333333333333 0.2655 0.026 0.009
3 0.48133333333333334 0.2675 0.016 0.014
4 0.5066666666666666 0.2165 0.10666666666666666 0.088
3 0.12633333333333333 0.37025 0.034 0.0135
3 0.10566666666666666 0.35875 0.03533333333333333 0.0115
3 0.151 0.3465 0.03666666666666667 0.013
3 0.11933333333333333 0.35375 0.03733333333333333 0.0135
3 0.13866666666666666 0.36 0.030666666666666665 0.014
3 0.09566666666666666 0.347 0.03533333333333333 0.012
3 0.077 0.38575 0.02733333333333333 0.0165
3 0.063 0.3755 0.024666666666666663 0.014
3 0.041 0.36725 0.024666666666666663 0.0155
3 0.017333333333333333 0.35775 0.033333333333333326 0.0115
3 0.021666666666666664 0.346 0.03533333333333333 0.011
3 0.03833333333333333 0.3405 0.034 0.012
3 0.05033333333333333 0.33225 0.03666666666666667 0.0145
3 0.057666666666666665 0.32875 0.034 0.0135
3 0.08333333333333333 0.32 0.029333333333333333 0.013
3 0.091 0.3125 0.034 0.013
4 0.995 0.2846666666666667 0.01 0.066
3 0.6676666666666666 0.22075 0.01 0.0075
3 0.6533333333333332 0.213 0.009333333333333332 0.007
3 0.6376666666666666 0.2085 0.01 0.008
3 0.6253333333333333 0.207 0.010666666666666666 0.008
3 0.5816666666666667 0.21775 0.011333333333333332 0.0085
3 0.5846666666666667 0.2115 0.012 0.007
3 0.5876666666666667 0.20625 0.011333333333333332 0.0075
3 0.5946666666666667 0.196 0.010666666666666666 0.007
3 0.5973333333333333 0.19225 0.009333333333333332 0.0065
3 0.599 0.1885 0.008666666666666666 0.006
3 0.6023333333333333 0.1855 0.008666666666666666 0.006
3 0.6316666666666666 0.19725 0.01 0.0085
3 0.6566666666666666 0.20225 0.009333333333333332 0.0075
3 0.6683333333333332 0.2055 0.008666666666666666 0.008
3 0.6793333333333332 0.20675 0.009333333333333332 0.0075
3 0.684 0.19975 0.009333333333333332 0.0075
3 0.6793333333333332 0.19375 0.008 0.0065
3 0.6896666666666667 0.193 0.008666666666666666 0.007
3 0.67 0.1995 0.009333333333333332 0.007
3 0.6693333333333332 0.19375 0.009333333333333332 0.0065
3 0.6586666666666666 0.193 0.008 0.007
3 0.6446666666666666 0.193 0.009333333333333332 0.007
3 0.634 0.186 0.009333333333333332 0.007
3 0.6463333333333332 0.18325 0.008666666666666666 0.0065
3 0.63 0.174 0.009333333333333332 0.006
4 0.606 0.16475 0.028 0.0315
3 0.662 0.17975 0.009333333333333332 0.0065
4 0.687 0.15625 0.03933333333333333 0.0675
4 0.6286666666666666 0.132 0.07866666666666666 0.048