10 0.5604761904761905 0.4175 0.0676190476190476 0.10214285714285715
3 0.8404761904761904 0.6210714285714286 0.07333333333333332 0.105
3 0.6961904761904761 0.19142857142857142 0.07619047619047618 0.09285714285714286
10 0.9446428571428571 0.42238095238095236 0.11071428571428571 0.039047619047619046
11 0.9714285714285714 0.26666666666666666 0.05714285714285714 0.05904761904761905
3 0.9703571428571428 0.07095238095238095 0.05928571428571429 0.08476190476190476
7 0.8147619047619047 0.2910714285714286 0.014285714285714285 0.015
7 0.8252380952380952 0.29214285714285715 0.008571428571428572 0.007142857142857143
5 0.9946428571428572 0.4680952380952381 0.010714285714285714 0.013333333333333334
8 0.6133333333333333 0.4692857142857143 0.02476190476190476 0.015714285714285715
8 0.6109523809523809 0.4810714285714286 0.02 0.007857142857142858
5 0.6119047619047618 0.46785714285714286 0.018095238095238095 0.041428571428571426
5 0.13238095238095238 0.4117857142857143 0.026666666666666665 0.03214285714285714
0 0.19857142857142857 0.17285714285714285 0.09238095238095237 0.03