3 0.9967857142857143 0.5852380952380952 0.0064285714285714285 0.040952380952380955
3 0.966190476190476 0.5442857142857143 0.056190476190476187 0.037142857142857144
3 0.8519047619047618 0.54 0.04666666666666666 0.03571428571428571
3 0.9071428571428571 0.5017857142857143 0.054285714285714284 0.03642857142857143
3 0.7880952380952381 0.4975 0.04857142857142857 0.03357142857142857
3 0.8566666666666666 0.4635714285714286 0.04666666666666666 0.032857142857142856
3 0.7066666666666667 0.42964285714285716 0.0419047619047619 0.030714285714285715
3 0.6614285714285715 0.39571428571428574 0.037142857142857144 0.027142857142857142
3 0.7095238095238094 0.3575 0.04 0.027857142857142858
3 0.6219047619047618 0.36714285714285716 0.04 0.027142857142857142
11 0.589047619047619 0.3382142857142857 0.039047619047619046 0.02642857142857143
3 0.5542857142857143 0.31285714285714283 0.03619047619047619 0.02857142857142857
3 0.5157142857142857 0.27285714285714285 0.035238095238095235 0.024285714285714285
5 0.5861904761904762 0.24035714285714285 0.01619047619047619 0.012142857142857143