5 0.026071428571428572 0.6347619047619047 0.052142857142857144 0.06095238095238095
3 0.1795238095238095 0.7085714285714285 0.13238095238095238 0.07857142857142857
10 0.7223809523809523 0.5557142857142857 0.1019047619047619 0.1757142857142857
1 0.1195238095238095 0.31035714285714283 0.0638095238095238 0.02642857142857143
11 0.3171428571428571 0.39035714285714285 0.09904761904761904 0.09071428571428572
3 0.5723809523809523 0.3275 0.14857142857142858 0.07214285714285715
1 0.9657142857142857 0.4253571428571429 0.02476190476190476 0.04357142857142857
7 0.9790476190476189 0.4225 0.02476190476190476 0.03214285714285714
8 0.93 0.4035714285714286 0.035238095238095235 0.03
5 0.9314285714285714 0.4064285714285714 0.04 0.03857142857142857
3 0.7209523809523809 0.27714285714285714 0.06095238095238095 0.08571428571428572
3 0.35619047619047617 0.26571428571428574 0.08952380952380952 0.08285714285714285
3 0.38523809523809516 0.14964285714285713 0.0638095238095238 0.06785714285714285
3 0.4442857142857143 0.03964285714285714 0.050476190476190466 0.04357142857142857
3 0.5923809523809523 0.15928571428571428 0.1219047619047619 0.05142857142857143
3 0.5995238095238095 0.1225 0.11333333333333333 0.047857142857142855
3 0.598095238095238 0.05928571428571429 0.10857142857142857 0.054285714285714284
3 0.6019047619047618 0.03321428571428572 0.09333333333333332 0.039285714285714285
7 0.8357142857142857 0.21107142857142858 0.01619047619047619 0.035
3 0.9710714285714286 0.1838095238095238 0.05785714285714286 0.07523809523809524
3 0.8733333333333332 0.1992857142857143 0.1295238095238095 0.05857142857142857
3 0.8628571428571429 0.15928571428571428 0.1219047619047619 0.05285714285714286
3 0.8509523809523809 0.1275 0.10952380952380951 0.055
3 0.8442857142857143 0.06928571428571428 0.08476190476190476 0.05285714285714286
11 0.9614285714285714 0.0980952380952381 0.07714285714285714 0.06476190476190476
3 0.9882142857142857 0.09285714285714286 0.023571428571428573 0.06761904761904762