10 0.321 0.468 0.29933333333333334 0.141
10 0.977 0.6766666666666666 0.046 0.136
11 0.979 0.514 0.042 0.072
11 0.8946666666666666 0.5085 0.18133333333333332 0.118
3 0.8776666666666666 0.44 0.1753333333333333 0.078
11 0.8016666666666666 0.379 0.16066666666666665 0.069
3 0.9076666666666666 0.32625 0.14066666666666666 0.0575
11 0.7626666666666666 0.334 0.14666666666666667 0.074
7 0.6966666666666667 0.37825 0.022666666666666665 0.0405
7 0.6786666666666666 0.403 0.022666666666666665 0.043
11 0.791 0.2835 0.14466666666666667 0.05
11 0.6916666666666667 0.26775 0.06333333333333332 0.0695
11 0.672 0.20625 0.06133333333333333 0.0705
11 0.7883333333333332 0.2415 0.12066666666666666 0.045
10 0.7763333333333332 0.1645 0.126 0.109
3 0.709 0.1485 0.10466666666666666 0.044
3 0.807 0.067 0.07933333333333333 0.032
10 0.6606666666666666 0.09 0.08266666666666665 0.05
7 0.5656666666666667 0.07575 0.018 0.0345
7 0.799 0.0995 0.014 0.029
3 0.886 0.011666666666666667 0.0935 0.023333333333333334
7 0.735 0.034 0.01 0.021
7 0.719 0.03125 0.015333333333333332 0.0265
3 0.3966666666666666 0.11575 0.08933333333333333 0.0455
3 0.4066666666666666 0.29225 0.148 0.0735
3 0.398 0.2465 0.164 0.065
3 0.41233333333333333 0.20925 0.11666666666666665 0.0515
11 0.37366666666666665 0.1825 0.11 0.063
3 0.283 0.188 0.06066666666666667 0.063
3 0.25266666666666665 0.11925 0.112 0.0395
3 0.21266666666666667 0.172 0.09866666666666665 0.059
3 0.12766666666666665 0.16875 0.094 0.0565
3 0.031 0.02033333333333333 0.062 0.03666666666666667
3 0.02375 0.17966666666666667 0.0475 0.04133333333333333
10 0.25566666666666665 0.345 0.098 0.132
9 0.35133333333333333 0.38475 0.08 0.0365