11 0.8666666666666666 0.6392857142857142 0.19238095238095237 0.15
3 0.9304761904761903 0.36357142857142855 0.10285714285714286 0.09571428571428571
3 0.7961904761904761 0.06607142857142857 0.043809523809523805 0.03642857142857143
3 0.44619047619047614 0.3989285714285714 0.12476190476190475 0.125
3 0.6333333333333333 0.07428571428571429 0.05142857142857143 0.04
3 0.6361904761904762 0.04392857142857143 0.0419047619047619 0.030714285714285715
3 0.8033333333333332 0.2292857142857143 0.0619047619047619 0.06285714285714286
11 0.7985714285714286 0.09928571428571428 0.04095238095238095 0.047142857142857146
11 0.5747619047619047 0.15678571428571428 0.0676190476190476 0.05357142857142857
11 0.5428571428571428 0.215 0.08 0.06428571428571428
11 0.6019047619047618 0.1075 0.05333333333333333 0.060714285714285714
11 0.6585714285714286 0.012857142857142857 0.04071428571428572 0.025714285714285714
11 0.5066666666666666 0.2882142857142857 0.09523809523809522 0.10214285714285715
3 0.3580952380952381 0.5492857142857143 0.16952380952380952 0.16714285714285715
7 0.6204761904761904 0.40035714285714286 0.035238095238095235 0.04642857142857143
7 0.6338095238095237 0.3742857142857143 0.027619047619047616 0.041428571428571426
8 0.7271428571428571 0.21892857142857142 0.023809523809523805 0.035
1 0.7242857142857143 0.2292857142857143 0.018095238095238095 0.03142857142857143
7 0.5657142857142857 0.25 0.02095238095238095 0.037142857142857144
0 0.8061904761904761 0.4446428571428571 0.056190476190476187 0.08071428571428571
1 0.7914285714285715 0.3921428571428571 0.026666666666666665 0.05
7 0.6666666666666666 0.07928571428571428 0.017142857142857144 0.032857142857142856
7 0.6942857142857143 0.02035714285714286 0.013333333333333332 0.02642857142857143
7 0.8052380952380952 0.03785714285714286 0.01238095238095238 0.024285714285714285