3 0.03125 0.6523333333333333 0.0625 0.06133333333333333
3 0.14766666666666667 0.5935 0.12333333333333332 0.072
1 0.25 0.51075 0.017333333333333333 0.0245
1 0.262 0.5045 0.016 0.025
1 0.29633333333333334 0.48675 0.01933333333333333 0.0225
3 0.36133333333333334 0.45875 0.08266666666666665 0.0485
3 0.41566666666666663 0.415 0.020666666666666663 0.017
3 0.22166666666666665 0.31875 0.011333333333333332 0.0185
3 0.22866666666666666 0.33275 0.012 0.0135
3 0.7053333333333333 0.59525 0.052 0.0505
3 0.6573333333333332 0.292 0.044 0.025
3 0.7516666666666666 0.2365 0.03 0.019
3 0.8373333333333333 0.197 0.030666666666666665 0.018
3 0.8593333333333333 0.1875 0.029333333333333333 0.017
3 0.904 0.1695 0.029333333333333333 0.017
3 0.9366666666666666 0.155 0.025333333333333333 0.014
4 0.98025 0.13566666666666666 0.0395 0.023333333333333334