2 0.26649746192893403 0.16285714285714287 0.19289340101522842 0.12428571428571429
11 0.4073604060913706 0.1932142857142857 0.07360406091370558 0.047857142857142855
2 0.6808375634517767 0.11285714285714285 0.1637055837563452 0.13142857142857142
3 0.5380710659898478 0.02142857142857143 0.053299492385786795 0.03857142857142857
11 0.5678934010152283 0.11857142857142856 0.06725888324873097 0.03857142857142857
3 0.5063451776649747 0.06392857142857142 0.0583756345177665 0.043571428571428567
3 0.6503807106598984 0.17142857142857143 0.06979695431472081 0.047142857142857146
11 0.7208121827411168 0.2342857142857143 0.0634517766497462 0.041428571428571426
11 0.8140862944162437 0.23392857142857143 0.07487309644670051 0.053571428571428575
3 0.8236040609137056 0.3096428571428571 0.08121827411167512 0.053571428571428575
5 0.9168781725888324 0.3003571428571429 0.0317258883248731 0.024999999999999998
8 0.9225888324873097 0.30178571428571427 0.017766497461928935 0.010714285714285714
11 0.9689285714285715 0.3604060913705584 0.062142857142857146 0.05964467005076142
11 0.9689285714285715 0.4302030456852792 0.062142857142857146 0.06345177664974619
3 0.9853571428571428 0.233502538071066 0.029285714285714286 0.03680203045685279
3 0.9671428571428572 0.2100253807106599 0.06571428571428571 0.03553299492385787
3 0.9517857142857142 0.18591370558375633 0.09642857142857143 0.04060913705583756
3 0.8527918781725887 0.12678571428571428 0.07106598984771574 0.029285714285714286
3 0.8927664974619288 0.145 0.08756345177664974 0.037142857142857144
3 0.7760152284263959 0.045 0.07233502538071065 0.03428571428571429
3 0.7982233502538072 0.06392857142857142 0.07360406091370558 0.03214285714285715
11 0.8229695431472082 0.08107142857142857 0.08502538071065989 0.039285714285714285