11 0.03571428571428571 0.2774008350730689 0.06957328385899814 0.020354906054279753
3 0.2342300556586271 0.5441022964509394 0.09369202226345083 0.03392484342379959
3 0.29035250463821893 0.5279227557411273 0.09647495361781076 0.04123173277661796
3 0.4851576994434137 0.454070981210856 0.0797773654916512 0.036534446764091864
9 0.4754174397031539 0.4209290187891441 0.05287569573283859 0.03392484342379959
3 0.6512059369202226 0.3974425887265136 0.07421150278293134 0.026617954070981213
11 0.7152133580705008 0.37369519832985393 0.06122448979591836 0.02505219206680585
3 0.810760667903525 0.33272442588726514 0.05936920222634508 0.020354906054279753
3 0.7773654916512059 0.34185803757828814 0.06307977736549165 0.02192066805845512
3 0.8576066790352503 0.31993736951983304 0.06586270871985157 0.019832985386221295
3 0.8678107606679035 0.3081941544885178 0.062152133580705 0.01722338204592902
3 0.8951762523191094 0.2998434237995825 0.06122448979591836 0.01722338204592902