2 0.7626903553299493 0.5207142857142857 0.07868020304568528 0.08142857142857143
3 0.6719543147208121 0.4621428571428571 0.06472081218274112 0.06285714285714286
3 0.5901015228426396 0.5432142857142856 0.08121827411167512 0.03642857142857143
3 0.9130710659898478 0.3857142857142857 0.05964467005076142 0.06857142857142857
10 0.9814285714285714 0.3895939086294416 0.037142857142857144 0.13451776649746192
11 0.6053299492385787 0.2803571428571428 0.0583756345177665 0.053571428571428575
10 0.6890862944162437 0.27035714285714285 0.08121827411167512 0.10785714285714286
11 0.9428934010152283 0.12142857142857143 0.04568527918781726 0.047142857142857146
11 0.99 0.07423857868020305 0.02 0.04314720812182741
10 0.7131979695431472 0.047142857142857146 0.0634517766497462 0.06571428571428571
10 0.6548223350253808 0.03071428571428571 0.048223350253807105 0.05285714285714285