11 0.7379441624365483 0.43642857142857144 0.09771573604060915 0.06142857142857142
11 0.8515228426395939 0.3489285714285714 0.06598984771573604 0.043571428571428567
11 0.8248730964467005 0.2807142857142857 0.030456852791878174 0.024285714285714282
11 0.8692893401015228 0.3207142857142857 0.043147208121827416 0.030000000000000002
3 0.8426395939086295 0.3082142857142857 0.07614213197969542 0.023571428571428573
10 0.8001269035532995 0.2607142857142857 0.03680203045685279 0.027142857142857142
10 0.7861675126903553 0.2496428571428571 0.04695431472081218 0.023571428571428573
7 0.17258883248730966 0.3564285714285714 0.02284263959390863 0.024285714285714282
7 0.21065989847715738 0.3382142857142857 0.02030456852791878 0.023571428571428573
7 0.41053299492385786 0.255 0.00634517766497462 0.008571428571428572
7 0.4022842639593909 0.25392857142857145 0.01015228426395939 0.013571428571428571
7 0.41243654822335024 0.24392857142857144 0.01015228426395939 0.012142857142857141
7 0.43337563451776645 0.24214285714285713 0.008883248730964468 0.011428571428571429
7 0.49428934010152287 0.20785714285714282 0.00634517766497462 0.007142857142857143
7 0.39149746192893403 0.25392857142857145 0.008883248730964468 0.009285714285714286
7 0.37944162436548223 0.2546428571428571 0.01015228426395939 0.013571428571428571
7 0.38451776649746194 0.2525 0.007614213197969543 0.012142857142857141
7 0.5145939086294417 0.1957142857142857 0.00634517766497462 0.005714285714285714
7 0.5126903553299492 0.19535714285714284 0.005076142131979695 0.0064285714285714285
3 0.5875634517766498 0.19428571428571426 0.015228426395939087 0.005714285714285714
7 0.5970812182741116 0.19428571428571426 0.0038071065989847717 0.007142857142857143
7 0.5006345177664975 0.1957142857142857 0.0038071065989847717 0.004285714285714286
7 0.475253807106599 0.19785714285714284 0.0038071065989847717 0.004285714285714286
7 0.23857868020304568 0.28607142857142853 0.01015228426395939 0.013571428571428571