7 0.977 0.3335 0.008666666666666666 0.019
8 0.9816666666666666 0.33075 0.006 0.0115
8 0.997 0.3423333333333333 0.006 0.010666666666666666
7 0.9876666666666666 0.347 0.012666666666666666 0.017
7 0.99625 0.3466666666666667 0.0075 0.020666666666666667
1 0.5356666666666666 0.316 0.016666666666666663 0.014
1 0.47966666666666663 0.345 0.022 0.017
1 0.36566666666666664 0.361 0.03266666666666666 0.018
1 0.36966666666666664 0.3555 0.03666666666666667 0.019
8 0.45 0.374 0.012 0.016
8 0.49766666666666665 0.35375 0.01 0.0105
8 0.508 0.47275 0.013333333333333332 0.0125
7 0.4943333333333333 0.363 0.008666666666666666 0.01
7 0.499 0.35925 0.007333333333333333 0.0105
7 0.48633333333333334 0.4475 0.011333333333333332 0.019
7 0.47533333333333333 0.452 0.012 0.016
7 0.478 0.45575 0.008 0.0115
7 0.447 0.46475 0.008666666666666666 0.0195
8 0.4516666666666666 0.46175 0.006 0.0095
8 0.4673333333333333 0.464 0.014666666666666666 0.014
8 0.48133333333333334 0.4645 0.009333333333333332 0.011
8 0.42133333333333334 0.505 0.012 0.012
8 0.428 0.50075 0.009333333333333332 0.0125
7 0.41633333333333333 0.49925 0.008666666666666666 0.0115
7 0.415 0.48925 0.012666666666666666 0.0215
7 0.4053333333333333 0.49375 0.010666666666666666 0.0195
7 0.42266666666666663 0.54975 0.014666666666666666 0.0225
7 0.3673333333333333 0.54175 0.017333333333333333 0.0225
1 0.3693333333333333 0.5395 0.03733333333333333 0.013
1 0.42466666666666664 0.5475 0.04 0.014
1 0.1383333333333333 0.7035 0.03133333333333333 0.017
8 0.1343333333333333 0.704 0.012666666666666666 0.014
7 0.12833333333333333 0.692 0.024666666666666663 0.018