10 0.13964285714285715 0.4498730964467005 0.2792857142857143 0.10279187817258884
10 0.1148477157360406 0.4107142857142857 0.22715736040609139 0.06571428571428571
10 0.08892857142857143 0.38451776649746194 0.17785714285714285 0.06472081218274112
10 0.09464285714285714 0.35152284263959394 0.18928571428571428 0.05964467005076142
2 0.08 0.32614213197969544 0.16 0.050761421319796954
2 0.44416243654822335 0.16749999999999998 0.1649746192893401 0.1107142857142857
2 0.5095177664974619 0.15535714285714286 0.1611675126903553 0.09928571428571428
2 0.6770304568527918 0.11535714285714285 0.1611675126903553 0.09785714285714285
2 0.7290609137055838 0.105 0.15862944162436549 0.09714285714285713
2 0.9219543147208121 0.05928571428571428 0.15609137055837563 0.07428571428571429
11 0.42131979695431476 0.2607142857142857 0.09390862944162436 0.06142857142857142
11 0.9029187817258884 0.5007142857142857 0.11294416243654823 0.0757142857142857
11 0.8661167512690355 0.525 0.10786802030456853 0.07285714285714286
11 0.799492385786802 0.535 0.10659898477157359 0.05285714285714285
11 0.9478571428571428 0.48350253807106597 0.10428571428571429 0.07487309644670051
11 0.9156091370558376 0.2807142857142857 0.09263959390862944 0.05714285714285714
11 0.9567857142857142 0.2715736040609137 0.08642857142857142 0.0532994923857868
11 0.9728571428571429 0.2569796954314721 0.054285714285714284 0.0583756345177665
11 0.9928571428571429 0.24492385786802032 0.014285714285714285 0.05203045685279188
3 0.7220812182741116 0.2867857142857143 0.08629441624365483 0.04642857142857142
3 0.7398477157360406 0.33571428571428574 0.09137055837563451 0.06285714285714286
3 0.6338832487309645 0.31571428571428567 0.07741116751269035 0.047142857142857146
3 0.5241116751269036 0.3489285714285714 0.08121827411167512 0.047857142857142855
3 0.5913705583756346 0.39464285714285713 0.10152284263959392 0.06785714285714285
3 0.8769035532994923 0.43142857142857144 0.09898477157360405 0.05714285714285714
3 0.7208121827411168 0.4878571428571429 0.10406091370558375 0.06714285714285714
3 0.233502538071066 0.4703571428571428 0.13705583756345177 0.06642857142857143
3 0.8540609137055838 0.15678571428571428 0.08883248730964467 0.047857142857142855
3 1 0.08692893401015228 0 0.03426395939086294
3 0.3699238578680203 0.4732142857142857 0.13578680203045684 0.05785714285714286
3 0.39657360406091374 0.5035714285714286 0.13578680203045684 0.055714285714285716
3 0.21065989847715738 0.5410714285714285 0.14720812182741116 0.04071428571428572
3 0.31408629441624364 0.5503571428571429 0.13324873096446702 0.02214285714285714
10 0.7925 0.01649746192893401 0.095 0.03299492385786802
10 0.8610714285714286 0.017766497461928935 0.105 0.03553299492385787
10 0.08107142857142857 0.2906091370558376 0.16214285714285714 0.07106598984771574
10 0.06035714285714286 0.26903553299492383 0.12071428571428572 0.07233502538071065
10 0.08428571428571428 0.233502538071066 0.16857142857142857 0.07360406091370558