3 0.018095238095238095 0.7 0.026666666666666665 0.032857142857142856
3 0.043333333333333335 0.7132142857142857 0.027619047619047616 0.03785714285714286
3 0.0619047619047619 0.7235714285714285 0.026666666666666665 0.03428571428571429
3 0.0819047619047619 0.735 0.03238095238095238 0.02857142857142857
3 0.10619047619047618 0.7332142857142857 0.039047619047619046 0.03214285714285714
7 0.2571428571428571 0.7189285714285715 0.011428571428571429 0.0064285714285714285
8 0.28714285714285714 0.7225 0.008571428571428572 0.005
7 0.24619047619047615 0.4878571428571429 0.008571428571428572 0.004285714285714286
5 0.5828571428571429 0.5135714285714286 0.011428571428571429 0.005714285714285714
5 0.5866666666666666 0.5164285714285715 0.009523809523809523 0.005714285714285714
5 0.5919047619047618 0.5196428571428572 0.010476190476190476 0.0064285714285714285
5 0.5966666666666666 0.5246428571428572 0.010476190476190476 0.0064285714285714285
1 0.21714285714285714 0.3653571428571429 0.013333333333333332 0.0035714285714285713
1 0.21666666666666665 0.36178571428571427 0.01238095238095238 0.002142857142857143
5 0.21238095238095236 0.3578571428571429 0.013333333333333332 0.002857142857142857
5 0.21190476190476187 0.3439285714285714 0.01238095238095238 0.002142857142857143
5 0.21571428571428572 0.3392857142857143 0.01238095238095238 0.004285714285714286
9 0.2233333333333333 0.3289285714285714 0.02 0.009285714285714286
1 0.22619047619047616 0.3392857142857143 0.010476190476190476 0.002857142857142857
7 0.7985714285714286 0.3292857142857143 0.0047619047619047615 0.005714285714285714
7 0.8 0.3246428571428571 0.0038095238095238095 0.005
7 0.7961904761904761 0.3217857142857143 0.0038095238095238095 0.005
3 0.9023809523809523 0.24392857142857144 0.014285714285714285 0.019285714285714285
11 0.8871428571428571 0.24428571428571427 0.018095238095238095 0.022857142857142857
3 0.9552380952380952 0.24392857142857144 0.017142857142857144 0.016428571428571428
3 0.9932142857142857 0.24333333333333335 0.013571428571428571 0.018095238095238095
3 0.9042857142857142 0.20714285714285716 0.014285714285714285 0.02142857142857143
3 0.9519047619047618 0.20464285714285715 0.01619047619047619 0.020714285714285713
3 0.9728571428571429 0.20535714285714285 0.018095238095238095 0.020714285714285713
11 0.9889285714285714 0.2042857142857143 0.02214285714285714 0.022857142857142857
3 0.9989285714285714 0.20333333333333334 0.002142857142857143 0.018095238095238095
10 0.5833333333333333 0.08857142857142856 0.025714285714285714 0.011428571428571429
3 0.6157142857142858 0.08928571428571429 0.025714285714285714 0.01
3 0.649047619047619 0.08964285714285715 0.025714285714285714 0.009285714285714286
3 0.6795238095238094 0.08892857142857143 0.025714285714285714 0.009285714285714286
3 0.7114285714285714 0.08892857142857143 0.02476190476190476 0.009285714285714286
10 0.7452380952380951 0.085 0.035238095238095235 0.017142857142857144
3 0.7766666666666666 0.08821428571428572 0.021904761904761903 0.009285714285714286
3 0.81 0.08821428571428572 0.027619047619047616 0.009285714285714286
3 0.8423809523809523 0.0875 0.025714285714285714 0.010714285714285714
3 0.8709523809523809 0.08785714285714286 0.027619047619047616 0.01
3 0.9080952380952381 0.0875 0.027619047619047616 0.010714285714285714
3 0.9409523809523809 0.0875 0.02857142857142857 0.010714285714285714
3 0.9771428571428571 0.0875 0.02476190476190476 0.009285714285714286
3 0.9996428571428572 0.08666666666666667 0.0007142857142857143 0.010476190476190476
3 0.9609523809523809 0.02107142857142857 0.026666666666666665 0.009285714285714286
3 0.9619047619047618 0.013571428571428571 0.02476190476190476 0.007142857142857143
3 0.9547619047619047 0.007857142857142858 0.025714285714285714 0.01
3 0.9539285714285715 0.002380952380952381 0.025714285714285714 0.004761904761904762
3 0.6876190476190476 0.03357142857142857 0.017142857142857144 0.014285714285714285
3 0.7614285714285715 0.027142857142857142 0.025714285714285714 0.01
3 0.7461904761904761 0.04642857142857143 0.01238095238095238 0.015714285714285715
3 0.76 0.0125 0.022857142857142857 0.010714285714285714
3 0.5310714285714285 0.0033333333333333335 0.02 0.006666666666666667
3 0.5223809523809523 0.045 0.021904761904761903 0.008571428571428572
3 0.5257142857142857 0.03785714285714286 0.026666666666666665 0.008571428571428572
3 0.4757142857142857 0.054285714285714284 0.025714285714285714 0.008571428571428572
3 0.4752380952380952 0.04642857142857143 0.026666666666666665 0.008571428571428572
3 0.479047619047619 0.04 0.022857142857142857 0.007142857142857143
3 0.49380952380952375 0.056428571428571425 0.008571428571428572 0.011428571428571429
11 0.38047619047619047 0.026785714285714284 0.02 0.010714285714285714
3 0.3271428571428571 0.010714285714285714 0.027619047619047616 0.01
3 0.3289285714285714 0.0038095238095238095 0.025714285714285714 0.007619047619047619
3 0.08857142857142856 0.011785714285714287 0.026666666666666665 0.010714285714285714
3 0.1652380952380952 0.0225 0.01238095238095238 0.016428571428571428
11 0.17904761904761904 0.02214285714285714 0.013333333333333332 0.015714285714285715
3 0.15619047619047619 0.008928571428571428 0.015238095238095238 0.013571428571428571