3 0.8857142857142857 0.47214285714285714 0.1676190476190476 0.22428571428571428
3 0.8466666666666666 0.2375 0.1238095238095238 0.165
3 0.5509523809523809 0.49857142857142855 0.21047619047619046 0.15428571428571428
3 0.24095238095238095 0.5325 0.15238095238095237 0.215
3 0.5352380952380952 0.13464285714285715 0.17333333333333334 0.13357142857142856
3 0.5523809523809523 0.2914285714285714 0.1657142857142857 0.16714285714285715
3 0.3842857142857143 0.40285714285714286 0.11333333333333333 0.17
3 0.38142857142857145 0.06333333333333334 0.09428571428571429 0.12666666666666668
11 0.3628571428571429 0.22107142857142856 0.11238095238095237 0.13785714285714284
3 0.3609523809523809 0.67 0.14476190476190476 0.15857142857142856
3 0.7928571428571428 0.05952380952380952 0.10214285714285715 0.11904761904761904
7 0.74 0.2975 0.03619047619047619 0.047857142857142855
3 0.5719047619047619 0.6882142857142857 0.15714285714285714 0.12214285714285714
3 0.9271428571428572 0.6752380952380952 0.1457142857142857 0.1419047619047619