4 0.7376190476190475 0.09821428571428571 0.021904761904761903 0.019285714285714285
4 0.6085714285714285 0.14785714285714285 0.005714285714285714 0.007142857142857143
4 0.6642857142857143 0.12392857142857143 0.01238095238095238 0.02642857142857143
4 0.6471428571428571 0.07821428571428571 0.052380952380952375 0.025
4 0.7119047619047619 0.053214285714285714 0.01238095238095238 0.012142857142857143
4 0.5385714285714286 0.07607142857142857 0.035238095238095235 0.017857142857142856
10 0.629047619047619 0.09714285714285714 0.008571428571428572 0.012857142857142857
10 0.6323809523809524 0.11571428571428571 0.011428571428571429 0.014285714285714285
5 0.3719047619047619 0.28714285714285714 0.0047619047619047615 0.012857142857142857
5 0.6776190476190476 0.2817857142857143 0.0047619047619047615 0.007857142857142858
8 0.6780952380952381 0.2789285714285714 0.0038095238095238095 0.0064285714285714285
8 0.37142857142857144 0.28714285714285714 0.007619047619047619 0.007142857142857143
3 0.9910714285714286 0.2604761904761905 0.017857142857142856 0.012380952380952381
3 0.93 0.2225 0.023809523809523805 0.009285714285714286
3 0.9166666666666666 0.21964285714285714 0.02 0.007857142857142858
3 0.9085714285714286 0.21321428571428572 0.026666666666666665 0.010714285714285714
3 0.9214285714285714 0.26285714285714284 0.03333333333333333 0.011428571428571429
10 0.34047619047619043 0.19785714285714287 0.037142857142857144 0.012857142857142857
11 0.46952380952380945 0.105 0.007619047619047619 0.005714285714285714
10 0.7538095238095237 0.1175 0.02 0.009285714285714286
10 0.052380952380952375 0.3007142857142857 0.06095238095238095 0.03142857142857143
10 0.508095238095238 0.09857142857142857 0.02 0.008571428571428572