3 0.2819047619047619 0.5071428571428571 0.08571428571428572 0.02857142857142857
3 0.09952380952380951 0.4357142857142857 0.07142857142857142 0.022857142857142857
3 0.6976190476190476 0.4010714285714286 0.04666666666666666 0.019285714285714285
3 0.4533333333333333 0.3992857142857143 0.02857142857142857 0.02142857142857143
3 0.3171428571428571 0.4035714285714286 0.03238095238095238 0.017142857142857144
3 0.3666666666666666 0.39 0.02857142857142857 0.018571428571428572
3 0.4257142857142857 0.35035714285714287 0.02095238095238095 0.012142857142857143
3 0.9832142857142857 0.4166666666666667 0.03357142857142857 0.021904761904761906
3 0.6633333333333333 0.375 0.018095238095238095 0.012857142857142857
3 0.9560714285714286 0.7071428571428572 0.08785714285714286 0.08476190476190476
10 0.8714285714285714 0.42892857142857144 0.1352380952380952 0.04214285714285714
10 0.6076190476190476 0.4175 0.10666666666666666 0.04642857142857143
4 0.5671428571428572 0.2621428571428571 0.03333333333333333 0.018571428571428572
10 0.5785714285714286 0.27714285714285714 0.010476190476190476 0.008571428571428572
3 0.5609523809523809 0.2885714285714286 0.007619047619047619 0.004285714285714286
3 0.5485714285714286 0.30428571428571427 0.011428571428571429 0.008571428571428572
4 0.5238095238095237 0.2839285714285714 0.02095238095238095 0.015
4 0.5033333333333333 0.29642857142857143 0.014285714285714285 0.012857142857142857
4 0.5909523809523809 0.30428571428571427 0.006666666666666666 0.037142857142857144
3 0.5847619047619047 0.32821428571428574 0.013333333333333332 0.007857142857142858
3 0.5014285714285714 0.3067857142857143 0.010476190476190476 0.0064285714285714285
3 0.49142857142857144 0.3082142857142857 0.009523809523809523 0.0064285714285714285
3 0.4876190476190476 0.31107142857142855 0.009523809523809523 0.0064285714285714285
3 0.4847619047619047 0.3125 0.009523809523809523 0.007857142857142858
3 0.478095238095238 0.3157142857142857 0.009523809523809523 0.005714285714285714
3 0.4757142857142857 0.31785714285714284 0.010476190476190476 0.007142857142857143
3 0.4666666666666666 0.32357142857142857 0.011428571428571429 0.008571428571428572
3 0.4576190476190476 0.33107142857142857 0.014285714285714285 0.009285714285714286
10 0.44571428571428573 0.3364285714285714 0.019047619047619046 0.018571428571428572
3 0.5328571428571428 0.34535714285714286 0.01619047619047619 0.012142857142857143
3 0.59 0.34214285714285714 0.01619047619047619 0.008571428571428572
11 0.5904761904761905 0.3489285714285714 0.013333333333333332 0.012142857142857143
3 0.5933333333333333 0.35678571428571426 0.013333333333333332 0.009285714285714286
3 0.5895238095238095 0.36392857142857143 0.015238095238095238 0.010714285714285714
3 0.5909523809523809 0.37142857142857144 0.01619047619047619 0.012857142857142857
3 0.5904761904761905 0.38285714285714284 0.019047619047619046 0.012857142857142857
3 0.6585714285714286 0.36607142857142855 0.018095238095238095 0.012142857142857143
3 0.6528571428571428 0.36 0.014285714285714285 0.011428571428571429
10 0.6947619047619047 0.3707142857142857 0.037142857142857144 0.02857142857142857
7 0.5714285714285714 0.3842857142857143 0.007619047619047619 0.015714285714285715
7 0.5480952380952381 0.385 0.008571428571428572 0.014285714285714285
8 0.5595238095238094 0.38642857142857145 0.008571428571428572 0.01
8 0.5295238095238095 0.38785714285714284 0.009523809523809523 0.01
5 0.53 0.3914285714285714 0.008571428571428572 0.012857142857142857
5 0.56 0.3896428571428571 0.011428571428571429 0.013571428571428571
3 0.24904761904761902 0.3871428571428571 0.04857142857142857 0.015714285714285715
3 0.31 0.3707142857142857 0.02952380952380952 0.012857142857142857
3 0.3938095238095238 0.37285714285714283 0.021904761904761903 0.014285714285714285
2 0.4109523809523809 0.38642857142857145 0.056190476190476187 0.04285714285714286
3 0.34619047619047616 0.37857142857142856 0.023809523809523805 0.015714285714285715
3 0.3585714285714286 0.37 0.023809523809523805 0.012857142857142857
3 0.3709523809523809 0.3603571428571429 0.02 0.012142857142857143
3 0.38476190476190475 0.3557142857142857 0.019047619047619046 0.011428571428571429
3 0.3976190476190476 0.34785714285714286 0.02 0.011428571428571429
3 0.409047619047619 0.3425 0.01619047619047619 0.012142857142857143
3 0.41714285714285715 0.3382142857142857 0.015238095238095238 0.012142857142857143
3 0.4652380952380952 0.31285714285714283 0.021904761904761903 0.01
3 0.44476190476190475 0.32071428571428573 0.015238095238095238 0.01
3 0.33476190476190476 0.3582142857142857 0.021904761904761903 0.013571428571428571
7 0.34 0.3678571428571429 0.007619047619047619 0.011428571428571429
7 0.33285714285714285 0.36892857142857144 0.006666666666666666 0.010714285714285714