4 0.6904761904761905 0.08285714285714285 0.030476190476190476 0.024285714285714285
2 0.6866666666666666 0.10178571428571428 0.007619047619047619 0.0064285714285714285
2 0.6680952380952381 0.09821428571428571 0.006666666666666666 0.0064285714285714285
3 0.5842857142857143 0.5671428571428572 0.035238095238095235 0.06
3 0.779047619047619 0.20214285714285715 0.011428571428571429 0.008571428571428572
7 0.6904761904761905 0.13035714285714287 0.0019047619047619048 0.0035714285714285713
7 0.7147619047619047 0.19535714285714287 0.002857142857142857 0.0064285714285714285
7 0.7166666666666666 0.225 0.002857142857142857 0.007142857142857143
6 0.6376190476190476 0.2357142857142857 0.02 0.03428571428571429
10 0.6085714285714285 0.24892857142857142 0.017142857142857144 0.017857142857142856
11 0.6057142857142858 0.22 0.011428571428571429 0.012857142857142857
11 0.5866666666666666 0.24892857142857142 0.017142857142857144 0.016428571428571428
7 0.5928571428571429 0.31607142857142856 0.0047619047619047615 0.009285714285714286
7 0.5652380952380952 0.37357142857142855 0.008571428571428572 0.015714285714285715
8 0.6623809523809523 0.30214285714285716 0.0047619047619047615 0.008571428571428572
5 0.6628571428571428 0.30607142857142855 0.009523809523809523 0.0064285714285714285
7 0.5666666666666667 0.23714285714285716 0.005714285714285714 0.011428571428571429
7 0.5576190476190476 0.255 0.0047619047619047615 0.01
7 0.5276190476190475 0.27785714285714286 0.007619047619047619 0.01
7 0.5428571428571428 0.25857142857142856 0.0038095238095238095 0.011428571428571429
7 0.5509523809523809 0.255 0.0047619047619047615 0.01
7 0.5638095238095238 0.2542857142857143 0.005714285714285714 0.011428571428571429
7 0.55 0.48464285714285715 0.01238095238095238 0.016428571428571428
7 0.549047619047619 0.4764285714285714 0.008571428571428572 0.015714285714285715
8 0.8304761904761904 0.42142857142857143 0.007619047619047619 0.01
1 0.8295238095238094 0.4257142857142857 0.005714285714285714 0.015714285714285715
3 0.7604761904761904 0.1775 0.018095238095238095 0.007857142857142858
3 0.7566666666666666 0.1725 0.02 0.0064285714285714285
3 0.9038095238095237 0.1992857142857143 0.02476190476190476 0.008571428571428572
4 0.6904761904761905 0.11821428571428572 0.007619047619047619 0.016428571428571428
6 0.5704761904761905 0.0825 0.03428571428571429 0.017857142857142856
3 0.5314285714285715 0.2571428571428571 0.017142857142857144 0.012857142857142857
3 0.5395238095238095 0.24464285714285713 0.014285714285714285 0.013571428571428571