3 0.29095238095238096 0.18678571428571428 0.039047619047619046 0.012142857142857143
3 0.29714285714285715 0.2067857142857143 0.03238095238095238 0.012142857142857143
3 0.3323809523809524 0.18678571428571428 0.02857142857142857 0.012142857142857143
3 0.27714285714285714 0.20035714285714284 0.03238095238095238 0.010714285714285714
3 0.3795238095238095 0.19892857142857143 0.039047619047619046 0.012142857142857143
3 0.4442857142857143 0.18464285714285714 0.027619047619047616 0.015
3 0.4152380952380952 0.18607142857142858 0.026666666666666665 0.012142857142857143
3 0.39238095238095233 0.2117857142857143 0.03809523809523809 0.013571428571428571
3 0.4233333333333333 0.25642857142857145 0.023809523809523805 0.02142857142857143
7 0.4352380952380952 0.22035714285714286 0.005714285714285714 0.009285714285714286
7 0.44571428571428573 0.21821428571428572 0.005714285714285714 0.009285714285714286
7 0.45476190476190476 0.21642857142857144 0.0047619047619047615 0.008571428571428572
7 0.47380952380952374 0.22535714285714287 0.0047619047619047615 0.010714285714285714
7 0.4666666666666666 0.22535714285714287 0.0038095238095238095 0.010714285714285714
7 0.36047619047619045 0.2671428571428571 0.0047619047619047615 0.011428571428571429
7 0.34809523809523807 0.26107142857142857 0.0047619047619047615 0.007857142857142858
7 0.3352380952380952 0.255 0.005714285714285714 0.008571428571428572
7 0.4152380952380952 0.2864285714285714 0.005714285714285714 0.011428571428571429
7 0.41047619047619044 0.27071428571428574 0.005714285714285714 0.011428571428571429
7 0.35333333333333333 0.23357142857142857 0.0038095238095238095 0.008571428571428572
7 0.3966666666666666 0.315 0.0047619047619047615 0.008571428571428572
7 0.3485714285714286 0.3867857142857143 0.005714285714285714 0.010714285714285714
7 0.35714285714285715 0.38392857142857145 0.0038095238095238095 0.010714285714285714
7 0.3666666666666666 0.37535714285714283 0.005714285714285714 0.010714285714285714
7 0.3809523809523809 0.3507142857142857 0.0038095238095238095 0.01
3 0.32476190476190475 0.7135714285714285 0.06285714285714286 0.07142857142857142
3 0.35285714285714287 0.6325 0.052380952380952375 0.06928571428571428
3 0.379047619047619 0.565 0.05142857142857143 0.055714285714285716
3 0.41285714285714287 0.48464285714285715 0.039047619047619046 0.047857142857142855
7 0.3338095238095238 0.3757142857142857 0.0047619047619047615 0.01
7 0.5471428571428572 0.07107142857142858 0.002857142857142857 0.0035714285714285713
3 0.5333333333333333 0.06928571428571428 0.005714285714285714 0.004285714285714286
3 0.5933333333333333 0.0775 0.007619047619047619 0.005
3 0.5633333333333334 0.07821428571428571 0.006666666666666666 0.005
4 0.6104761904761904 0.0035714285714285713 0.011428571428571429 0.005714285714285714
4 0.6066666666666666 0.025714285714285714 0.019047619047619046 0.03428571428571429
3 0.6109523809523809 0.0525 0.006666666666666666 0.005
3 0.6076190476190476 0.09928571428571428 0.009523809523809523 0.007142857142857143
3 0.6095238095238095 0.07785714285714286 0.007619047619047619 0.005714285714285714
3 0.6104761904761904 0.060714285714285714 0.007619047619047619 0.005714285714285714
3 0.5733333333333334 0.05 0.005714285714285714 0.004285714285714286
4 0.5695238095238094 0.06464285714285714 0.013333333333333332 0.02214285714285714
3 0.5904761904761905 0.08821428571428572 0.009523809523809523 0.0064285714285714285
3 0.6095238095238095 0.085 0.009523809523809523 0.005714285714285714
3 0.6061904761904762 0.11 0.008571428571428572 0.008571428571428572
3 0.6038095238095238 0.125 0.009523809523809523 0.007142857142857143
3 0.6042857142857143 0.13285714285714287 0.010476190476190476 0.005714285714285714
3 0.5947619047619047 0.14035714285714285 0.018095238095238095 0.009285714285714286
3 0.6033333333333333 0.14785714285714285 0.01238095238095238 0.008571428571428572
3 0.6038095238095238 0.15714285714285714 0.013333333333333332 0.008571428571428572
3 0.6023809523809524 0.1657142857142857 0.01238095238095238 0.007142857142857143
2 0.6004761904761905 0.17607142857142857 0.01238095238095238 0.012142857142857143
3 0.5552380952380952 0.10071428571428571 0.009523809523809523 0.007142857142857143
3 0.5533333333333333 0.10678571428571429 0.009523809523809523 0.0064285714285714285
3 0.5495238095238094 0.11357142857142857 0.009523809523809523 0.007142857142857143
3 0.5480952380952381 0.12107142857142857 0.010476190476190476 0.0064285714285714285
3 0.5442857142857143 0.12607142857142858 0.010476190476190476 0.0064285714285714285
3 0.5414285714285715 0.13035714285714287 0.010476190476190476 0.005
3 0.5409523809523809 0.13714285714285715 0.007619047619047619 0.007142857142857143
3 0.5380952380952381 0.14607142857142857 0.011428571428571429 0.0064285714285714285
3 0.5361904761904762 0.15142857142857144 0.011428571428571429 0.005714285714285714
3 0.5333333333333333 0.15607142857142858 0.013333333333333332 0.007857142857142858
3 0.5323809523809523 0.1632142857142857 0.011428571428571429 0.009285714285714286
3 0.5047619047619047 0.15964285714285714 0.013333333333333332 0.010714285714285714
11 0.5233333333333333 0.11392857142857143 0.008571428571428572 0.007857142857142858
3 0.5138095238095237 0.12571428571428572 0.008571428571428572 0.007142857142857143
3 0.5066666666666666 0.15142857142857144 0.009523809523809523 0.007142857142857143
7 0.5138095238095237 0.09392857142857143 0.002857142857142857 0.005
7 0.5157142857142857 0.1025 0.002857142857142857 0.005
7 0.520952380952381 0.10285714285714286 0.0019047619047619048 0.004285714285714286
7 0.520952380952381 0.10785714285714286 0.0019047619047619048 0.002857142857142857
7 0.5019047619047619 0.125 0.0019047619047619048 0.005714285714285714
7 0.4957142857142857 0.12321428571428572 0.002857142857142857 0.0064285714285714285
3 0.5347619047619048 0.07821428571428571 0.010476190476190476 0.005
5 0.5514285714285714 0.1767857142857143 0.005714285714285714 0.009285714285714286
5 0.5419047619047619 0.17821428571428571 0.005714285714285714 0.009285714285714286
8 0.5514285714285714 0.1742857142857143 0.0038095238095238095 0.004285714285714286
8 0.5409523809523809 0.1767857142857143 0.005714285714285714 0.005
3 0.49714285714285716 0.2575 0.02095238095238095 0.017857142857142856
3 0.5904761904761905 0.3460714285714286 0.022857142857142857 0.027857142857142858
3 0.5838095238095238 0.39964285714285713 0.026666666666666665 0.03214285714285714
3 0.4752380952380952 0.31785714285714284 0.02095238095238095 0.018571428571428572
3 0.46619047619047616 0.34214285714285714 0.023809523809523805 0.024285714285714285
3 0.4576190476190476 0.36714285714285716 0.027619047619047616 0.02857142857142857
3 0.42809523809523803 0.44107142857142856 0.037142857142857144 0.03642857142857143
11 0.5861904761904762 0.45321428571428574 0.027619047619047616 0.03642857142857143
11 0.5857142857142857 0.5021428571428571 0.03428571428571429 0.04428571428571428
3 0.599047619047619 0.645 0.0419047619047619 0.07571428571428572
3 0.5028571428571429 0.685 0.05333333333333333 0.07857142857142857
11 0.6528571428571428 0.27214285714285713 0.018095238095238095 0.017142857142857144
11 0.6523809523809523 0.25785714285714284 0.017142857142857144 0.014285714285714285
3 0.7195238095238095 0.19214285714285714 0.02952380952380952 0.011428571428571429
11 0.6242857142857143 0.1717857142857143 0.014285714285714285 0.013571428571428571
7 0.7109523809523809 0.18 0.002857142857142857 0.005714285714285714
3 0.6404761904761904 0.1225 0.010476190476190476 0.007857142857142858
3 0.6876190476190476 0.11285714285714285 0.007619047619047619 0.004285714285714286
4 0.6928571428571428 0.12571428571428572 0.010476190476190476 0.015714285714285715
3 0.6271428571428571 0.09464285714285714 0.008571428571428572 0.007857142857142858
3 0.6447619047619048 0.11071428571428571 0.009523809523809523 0.007142857142857143
3 0.6371428571428571 0.07964285714285714 0.007619047619047619 0.0064285714285714285
3 0.6852380952380952 0.10857142857142857 0.008571428571428572 0.004285714285714286
3 0.6657142857142857 0.06607142857142857 0.007619047619047619 0.0035714285714285713
3 0.6633333333333333 0.06285714285714286 0.006666666666666666 0.004285714285714286
3 0.6595238095238095 0.055714285714285716 0.0047619047619047615 0.004285714285714286
3 0.6309523809523809 0.06 0.006666666666666666 0.005714285714285714
3 0.6238095238095237 0.045 0.005714285714285714 0.004285714285714286
3 0.6328571428571429 0.04642857142857143 0.0047619047619047615 0.004285714285714286
3 0.6228571428571429 0.008214285714285714 0.0038095238095238095 0.0035714285714285713
3 0.6190476190476191 0.008214285714285714 0.0038095238095238095 0.0035714285714285713
3 0.62 0.023571428571428573 0.0038095238095238095 0.004285714285714286
3 0.6261904761904762 0.023214285714285715 0.0047619047619047615 0.0035714285714285713
3 0.628095238095238 0.03142857142857143 0.0047619047619047615 0.004285714285714286
4 0.6552380952380952 0.045 0.005714285714285714 0.01
3 0.6680952380952381 0.030714285714285715 0.010476190476190476 0.004285714285714286
3 0.6742857142857143 0.03857142857142857 0.009523809523809523 0.002857142857142857
3 0.6747619047619048 0.04107142857142857 0.01238095238095238 0.0035714285714285713
3 0.6738095238095237 0.04285714285714286 0.014285714285714285 0.004285714285714286
3 0.6761904761904761 0.045 0.015238095238095238 0.004285714285714286
3 0.6880952380952381 0.038214285714285715 0.0047619047619047615 0.002142857142857143
3 0.7157142857142857 0.07392857142857143 0.006666666666666666 0.0035714285714285713
7 0.7109523809523809 0.06392857142857143 0.002857142857142857 0.0035714285714285713
7 0.7247619047619047 0.07821428571428571 0.0019047619047619048 0.005
3 0.6880952380952381 0.06 0.010476190476190476 0.004285714285714286
3 0.6914285714285714 0.06285714285714286 0.013333333333333332 0.004285714285714286
3 0.6704761904761904 0.07714285714285714 0.007619047619047619 0.004285714285714286
3 0.6671428571428571 0.07214285714285715 0.006666666666666666 0.002857142857142857
3 0.6714285714285714 0.08071428571428571 0.007619047619047619 0.004285714285714286
3 0.6742857142857143 0.085 0.009523809523809523 0.004285714285714286
3 0.6747619047619048 0.08892857142857143 0.006666666666666666 0.0035714285714285713
3 0.6933333333333334 0.06821428571428571 0.015238095238095238 0.0035714285714285713
3 0.6961904761904761 0.07107142857142858 0.011428571428571429 0.0035714285714285713
11 0.699047619047619 0.07535714285714286 0.013333333333333332 0.0035714285714285713
11 0.7028571428571428 0.07857142857142857 0.013333333333333332 0.005714285714285714
3 0.708095238095238 0.08178571428571428 0.010476190476190476 0.0035714285714285713
3 0.709047619047619 0.08607142857142858 0.010476190476190476 0.0035714285714285713
3 0.7133333333333333 0.09071428571428572 0.011428571428571429 0.002857142857142857
3 0.7071428571428572 0.095 0.010476190476190476 0.004285714285714286
3 0.7171428571428572 0.10035714285714285 0.013333333333333332 0.0035714285714285713
3 0.7228571428571429 0.10392857142857143 0.011428571428571429 0.0035714285714285713
3 0.7242857142857143 0.10785714285714286 0.014285714285714285 0.004285714285714286
3 0.7252380952380952 0.11107142857142857 0.010476190476190476 0.0035714285714285713
3 0.73 0.12214285714285714 0.018095238095238095 0.005714285714285714
2 0.8433333333333333 0.45321428571428574 0.021904761904761903 0.023571428571428573
11 0.8247619047619047 0.4039285714285714 0.045714285714285714 0.030714285714285715
3 0.8585714285714285 0.4125 0.050476190476190466 0.023571428571428573
3 0.7985714285714286 0.35714285714285715 0.021904761904761903 0.018571428571428572
7 0.8528571428571429 0.30142857142857143 0.0047619047619047615 0.01
7 0.846190476190476 0.30107142857142855 0.0047619047619047615 0.009285714285714286
7 0.84 0.2860714285714286 0.0038095238095238095 0.010714285714285714
7 0.8319047619047618 0.28714285714285714 0.0047619047619047615 0.008571428571428572
11 0.8471428571428572 0.26035714285714284 0.023809523809523805 0.020714285714285713
3 0.7795238095238095 0.19785714285714287 0.037142857142857144 0.011428571428571429
3 0.8014285714285714 0.18464285714285714 0.01238095238095238 0.010714285714285714
11 0.8171428571428572 0.18321428571428572 0.015238095238095238 0.012142857142857143
3 0.858095238095238 0.18321428571428572 0.017142857142857144 0.012142857142857143
3 0.8633333333333332 0.21107142857142858 0.037142857142857144 0.010714285714285714
3 0.8742857142857143 0.18321428571428572 0.011428571428571429 0.009285714285714286
3 0.84 0.1725 0.022857142857142857 0.009285714285714286
7 0.7885714285714286 0.19 0.0038095238095238095 0.008571428571428572
3 0.7414285714285714 0.12857142857142856 0.02 0.004285714285714286
3 0.7438095238095238 0.13214285714285715 0.02095238095238095 0.007142857142857143
3 0.7485714285714286 0.1375 0.017142857142857144 0.007857142857142858
3 0.7509523809523809 0.1417857142857143 0.023809523809523805 0.005
3 0.7571428571428571 0.14785714285714285 0.02476190476190476 0.007142857142857143
3 0.7604761904761904 0.15357142857142858 0.027619047619047616 0.005714285714285714
3 0.7647619047619046 0.16035714285714286 0.02857142857142857 0.0064285714285714285
3 0.7757142857142857 0.1667857142857143 0.027619047619047616 0.0064285714285714285
3 0.7838095238095237 0.17357142857142857 0.03238095238095238 0.008571428571428572
3 0.7957142857142857 0.12678571428571428 0.021904761904761903 0.005
3 0.7980952380952381 0.13142857142857142 0.022857142857142857 0.007142857142857143
3 0.8009523809523809 0.1367857142857143 0.022857142857142857 0.0064285714285714285
3 0.8214285714285714 0.15821428571428572 0.023809523809523805 0.009285714285714286
3 0.8433333333333333 0.16107142857142856 0.01619047619047619 0.009285714285714286
3 0.8609523809523809 0.16178571428571428 0.015238095238095238 0.009285714285714286
3 0.7971428571428572 0.14535714285714285 0.013333333333333332 0.009285714285714286
3 0.7704761904761903 0.13107142857142856 0.011428571428571429 0.007857142857142858
3 0.67 0.005 0.008571428571428572 0.004285714285714286
7 0.7523809523809524 0.10714285714285714 0.0038095238095238095 0.005714285714285714
8 0.7461904761904761 0.11178571428571428 0.002857142857142857 0.005
5 0.7466666666666666 0.1125 0.0038095238095238095 0.0064285714285714285
3 0.8871428571428571 0.1632142857142857 0.02952380952380952 0.010714285714285714
3 0.8971428571428571 0.18357142857142858 0.017142857142857144 0.011428571428571429
3 0.9166666666666666 0.18214285714285713 0.018095238095238095 0.012857142857142857
5 0.8933333333333332 0.21571428571428572 0.011428571428571429 0.01
8 0.8923809523809523 0.21392857142857144 0.009523809523809523 0.007857142857142858
3 0.9376190476190475 0.1825 0.014285714285714285 0.012142857142857143
3 0.9566666666666667 0.18178571428571427 0.01619047619047619 0.015
3 0.9709523809523809 0.18142857142857144 0.014285714285714285 0.014285714285714285
3 0.9909523809523809 0.18285714285714286 0.01619047619047619 0.012857142857142857
7 0.9957142857142857 0.16392857142857142 0.002857142857142857 0.005
7 0.9471428571428572 0.22678571428571428 0.0047619047619047615 0.007857142857142858
7 0.9647619047619046 0.19285714285714287 0.0038095238095238095 0.005714285714285714
7 0.9076190476190475 0.3325 0.007619047619047619 0.013571428571428571
7 0.8742857142857143 0.3314285714285714 0.007619047619047619 0.011428571428571429
3 0.8842857142857142 0.42214285714285715 0.050476190476190466 0.024285714285714285
3 0.8985714285714286 0.4432142857142857 0.050476190476190466 0.029285714285714286
3 0.9123809523809523 0.4689285714285714 0.05523809523809523 0.03214285714285714
3 0.9276190476190476 0.5014285714285714 0.05714285714285714 0.03571428571428571
3 0.9485714285714286 0.5339285714285714 0.06285714285714286 0.04214285714285714
3 0.9657142857142857 0.5652380952380952 0.06857142857142857 0.04476190476190476
3 0.9910714285714286 0.638095238095238 0.017857142857142856 0.049523809523809526