3 0.9871428571428571 0.20857142857142857 0.025714285714285714 0.024761904761904763
3 0.9438095238095238 0.205 0.03428571428571429 0.025714285714285714
3 0.8985714285714286 0.2 0.03142857142857143 0.025714285714285714
3 0.7223809523809523 0.18285714285714286 0.04095238095238095 0.025714285714285714
3 0.7571428571428571 0.1875 0.03428571428571429 0.02214285714285714
3 0.72 0.25785714285714284 0.0819047619047619 0.02857142857142857
3 0.5071428571428571 0.29428571428571426 0.09619047619047619 0.03142857142857143
3 0.2723809523809524 0.4860714285714286 0.14095238095238094 0.05928571428571429
3 0.5509523809523809 0.2082142857142857 0.06571428571428571 0.02642857142857143
3 0.5914285714285714 0.18857142857142858 0.06857142857142857 0.02142857142857143
3 0.598095238095238 0.17642857142857143 0.06666666666666667 0.02142857142857143
3 0.38190476190476186 0.40214285714285714 0.11428571428571428 0.04428571428571428