3 0.718095238095238 0.5742857142857143 0.04952380952380952 0.07857142857142857
3 0.6176190476190476 0.4857142857142857 0.03142857142857143 0.055714285714285716
3 0.7347619047619046 0.33285714285714285 0.025714285714285714 0.032857142857142856
3 0.73 0.2764285714285714 0.021904761904761903 0.03
3 0.7047619047619047 0.1682142857142857 0.015238095238095238 0.017857142857142856
3 0.72 0.23107142857142857 0.02095238095238095 0.020714285714285713
7 0.46904761904761905 0.3925 0.006666666666666666 0.016428571428571428
7 0.4176190476190476 0.6132142857142857 0.006666666666666666 0.019285714285714285
3 0.6 0.6546428571428572 0.045714285714285714 0.10071428571428571
3 0.6128571428571429 0.5528571428571428 0.039047619047619046 0.07
3 0.6219047619047618 0.43857142857142856 0.030476190476190476 0.041428571428571426
3 0.6233333333333333 0.3982142857142857 0.02952380952380952 0.03785714285714286
3 0.628095238095238 0.3314285714285714 0.027619047619047616 0.032857142857142856
5 0.6752380952380952 0.4739285714285714 0.017142857142857144 0.03357142857142857
5 0.7838095238095237 0.41785714285714287 0.007619047619047619 0.015714285714285715
7 0.6609523809523808 0.3625 0.009523809523809523 0.020714285714285713
7 0.65 0.30428571428571427 0.008571428571428572 0.014285714285714285
7 0.6795238095238094 0.275 0.006666666666666666 0.014285714285714285
7 0.559047619047619 0.2860714285714286 0.007619047619047619 0.015
7 0.5342857142857143 0.2225 0.005714285714285714 0.010714285714285714
7 0.5457142857142857 0.22392857142857142 0.005714285714285714 0.012142857142857143
5 0.6557142857142857 0.2767857142857143 0.010476190476190476 0.017857142857142856
5 0.6680952380952381 0.26107142857142857 0.01238095238095238 0.016428571428571428
5 0.7619047619047618 0.22892857142857143 0.005714285714285714 0.013571428571428571
5 0.719047619047619 0.14892857142857144 0.005714285714285714 0.012142857142857143
3 0.6319047619047619 0.2692857142857143 0.023809523809523805 0.027142857142857142
3 0.6347619047619047 0.24285714285714285 0.021904761904761903 0.022857142857142857
3 0.6314285714285715 0.22178571428571428 0.019047619047619046 0.020714285714285713
3 0.6309523809523809 0.19892857142857143 0.02 0.02214285714285714
3 0.629047619047619 0.17892857142857144 0.02 0.020714285714285713
3 0.6328571428571429 0.15678571428571428 0.02 0.020714285714285713
3 0.6333333333333333 0.14 0.02095238095238095 0.015714285714285715
3 0.6352380952380952 0.115 0.017142857142857144 0.018571428571428572
3 0.6366666666666666 0.09892857142857144 0.02 0.012142857142857143
3 0.639047619047619 0.0875 0.017142857142857144 0.012142857142857143
3 0.64 0.07392857142857143 0.013333333333333332 0.010714285714285714
3 0.6419047619047619 0.0475 0.011428571428571429 0.010714285714285714
3 0.64 0.031785714285714285 0.011428571428571429 0.010714285714285714
3 0.6704761904761904 0.018214285714285714 0.011428571428571429 0.012142857142857143
3 0.6666666666666666 0.03 0.009523809523809523 0.01
3 0.7185714285714285 0.06785714285714285 0.01238095238095238 0.011428571428571429
3 0.7233333333333333 0.08428571428571428 0.01238095238095238 0.012857142857142857
3 0.7228571428571429 0.10607142857142857 0.013333333333333332 0.009285714285714286
3 0.6423809523809523 0.024642857142857143 0.01238095238095238 0.007857142857142858
3 0.6419047619047619 0.015714285714285715 0.011428571428571429 0.01
3 0.7085714285714285 0.013571428571428571 0.009523809523809523 0.008571428571428572
3 0.718095238095238 0.05107142857142857 0.013333333333333332 0.012142857142857143
3 0.7152380952380952 0.041428571428571426 0.011428571428571429 0.007142857142857143
3 0.7109523809523809 0.03357142857142857 0.010476190476190476 0.008571428571428572
3 0.7109523809523809 0.023571428571428573 0.010476190476190476 0.008571428571428572
3 0.7209523809523809 0.10071428571428571 0.019047619047619046 0.008571428571428572
3 0.7319047619047618 0.12678571428571428 0.01619047619047619 0.013571428571428571
3 0.7395238095238095 0.15607142857142858 0.01619047619047619 0.016428571428571428
3 0.7428571428571429 0.17285714285714285 0.015238095238095238 0.014285714285714285
3 0.6442857142857142 0.002380952380952381 0.008571428571428572 0.004761904761904762
2 0.7060714285714286 0.005238095238095238 0.012142857142857143 0.010476190476190476
7 0.768095238095238 0.008571428571428572 0.002857142857142857 0.005714285714285714
7 0.7776190476190475 0.01892857142857143 0.002857142857142857 0.007857142857142858
7 0.7704761904761903 0.07821428571428571 0.0038095238095238095 0.007857142857142858
7 0.7776190476190475 0.054642857142857146 0.002857142857142857 0.0064285714285714285
7 0.7847619047619047 0.05285714285714286 0.0038095238095238095 0.007142857142857143
7 0.7928571428571428 0.1525 0.0047619047619047615 0.009285714285714286
7 0.6061904761904762 0.005357142857142857 0.002857142857142857 0.005
7 0.6157142857142858 0.025714285714285714 0.002857142857142857 0.005714285714285714
7 0.5909523809523809 0.04964285714285714 0.0047619047619047615 0.009285714285714286
7 0.5866666666666666 0.048928571428571425 0.0019047619047619048 0.007857142857142858
7 0.5809523809523809 0.0475 0.0038095238095238095 0.0064285714285714285
7 0.578095238095238 0.08285714285714285 0.0038095238095238095 0.01
7 0.5928571428571429 0.06357142857142857 0.002857142857142857 0.005714285714285714
7 0.5976190476190476 0.061785714285714284 0.002857142857142857 0.005
7 0.5742857142857143 0.06357142857142857 0.0038095238095238095 0.005714285714285714
3 0.6033333333333333 0.03857142857142857 0.027619047619047616 0.012857142857142857
7 0.9147619047619047 0.38142857142857145 0.0047619047619047615 0.014285714285714285
7 0.9061904761904761 0.37892857142857145 0.006666666666666666 0.013571428571428571
7 0.8347619047619047 0.2925 0.006666666666666666 0.013571428571428571
7 0.85 0.2767857142857143 0.0047619047619047615 0.012142857142857143
7 0.8657142857142858 0.20607142857142857 0.005714285714285714 0.012142857142857143
7 0.8042857142857143 0.11107142857142857 0.006666666666666666 0.009285714285714286
8 0.7195238095238095 0.1457142857142857 0.0047619047619047615 0.005714285714285714
8 0.7623809523809524 0.22607142857142856 0.0047619047619047615 0.007857142857142858
8 0.6676190476190476 0.2571428571428571 0.009523809523809523 0.008571428571428572
8 0.6566666666666666 0.2735714285714286 0.006666666666666666 0.008571428571428572
8 0.7838095238095237 0.4142857142857143 0.007619047619047619 0.008571428571428572
8 0.6752380952380952 0.4664285714285714 0.013333333333333332 0.015714285714285715