7 0.037619047619047614 0.5192857142857142 0.03333333333333333 0.027142857142857142
7 0.05095238095238095 0.49178571428571427 0.03142857142857143 0.02642857142857143
7 0.18571428571428572 0.4589285714285714 0.030476190476190476 0.025
7 0.32285714285714284 0.41678571428571426 0.015238095238095238 0.020714285714285713
7 0.32047619047619047 0.41214285714285714 0.014285714285714285 0.022857142857142857
7 0.15 0.42428571428571427 0.023809523809523805 0.027142857142857142
7 0.13904761904761903 0.4407142857142857 0.02095238095238095 0.02
7 0.11095238095238094 0.44035714285714284 0.027619047619047616 0.02642857142857143
7 0.03 0.49178571428571427 0.027619047619047616 0.025
7 0.026190476190476188 0.5096428571428572 0.025714285714285714 0.030714285714285715
7 0.016666666666666666 0.5053571428571428 0.02 0.027857142857142858
10 0.35095238095238096 0.37 0.25047619047619046 0.09714285714285714
7 0.43857142857142856 0.37392857142857144 0.014285714285714285 0.023571428571428573
7 0.46904761904761905 0.36857142857142855 0.01619047619047619 0.02142857142857143
7 0.4638095238095238 0.36392857142857143 0.015238095238095238 0.02214285714285714
7 0.4923809523809523 0.36392857142857143 0.019047619047619046 0.020714285714285713
7 0.4928571428571429 0.35642857142857143 0.018095238095238095 0.024285714285714285
7 0.07 0.2960714285714286 0.014285714285714285 0.016428571428571428
7 0.07761904761904762 0.29464285714285715 0.014285714285714285 0.017857142857142856
7 0.09619047619047619 0.3003571428571429 0.015238095238095238 0.017857142857142856
7 0.11142857142857143 0.2985714285714286 0.017142857142857144 0.018571428571428572
7 0.11523809523809522 0.29678571428571426 0.015238095238095238 0.017857142857142856
7 0.16238095238095238 0.2914285714285714 0.014285714285714285 0.017142857142857144
7 0.17857142857142858 0.2885714285714286 0.014285714285714285 0.017142857142857144
7 0.18380952380952378 0.3342857142857143 0.015238095238095238 0.018571428571428572
7 0.1933333333333333 0.33214285714285713 0.013333333333333332 0.02
7 0.19857142857142857 0.30964285714285716 0.014285714285714285 0.017857142857142856
7 0.22238095238095237 0.3289285714285714 0.014285714285714285 0.016428571428571428
7 0.2333333333333333 0.325 0.017142857142857144 0.017142857142857144
7 0.24857142857142858 0.3267857142857143 0.013333333333333332 0.019285714285714285
7 0.2576190476190476 0.31892857142857145 0.01619047619047619 0.020714285714285713
7 0.27190476190476187 0.32392857142857145 0.018095238095238095 0.019285714285714285
7 0.27619047619047615 0.32142857142857145 0.013333333333333332 0.02
7 0.2938095238095238 0.3335714285714286 0.023809523809523805 0.018571428571428572
7 0.30857142857142855 0.3296428571428571 0.015238095238095238 0.019285714285714285
7 0.3195238095238095 0.3246428571428571 0.01238095238095238 0.019285714285714285
7 0.3314285714285714 0.3410714285714286 0.011428571428571429 0.02214285714285714
7 0.3385714285714286 0.3339285714285714 0.01238095238095238 0.016428571428571428
7 0.3466666666666667 0.3325 0.011428571428571429 0.020714285714285713
7 0.32904761904761903 0.3192857142857143 0.014285714285714285 0.018571428571428572
7 0.027619047619047616 0.13071428571428573 0.007619047619047619 0.008571428571428572
7 0.4823809523809523 0.33107142857142857 0.010476190476190476 0.019285714285714285
7 0.4861904761904762 0.32821428571428574 0.01238095238095238 0.017857142857142856
7 0.5242857142857142 0.3575 0.010476190476190476 0.019285714285714285
7 0.5171428571428571 0.34714285714285714 0.009523809523809523 0.015714285714285715
7 0.5238095238095237 0.3417857142857143 0.009523809523809523 0.020714285714285713
7 0.53 0.35535714285714287 0.010476190476190476 0.019285714285714285
7 0.5438095238095237 0.3603571428571429 0.011428571428571429 0.016428571428571428
7 0.5642857142857143 0.3682142857142857 0.010476190476190476 0.02214285714285714
7 0.5747619047619047 0.3675 0.010476190476190476 0.023571428571428573
7 0.5819047619047619 0.36392857142857143 0.009523809523809523 0.020714285714285713
7 0.5938095238095238 0.36178571428571427 0.010476190476190476 0.023571428571428573
7 0.5838095238095238 0.3782142857142857 0.015238095238095238 0.02214285714285714
7 0.599047619047619 0.3817857142857143 0.013333333333333332 0.023571428571428573
7 0.6109523809523809 0.3792857142857143 0.01238095238095238 0.02142857142857143
7 0.64 0.4 0.013333333333333332 0.027142857142857142
7 0.6766666666666666 0.4017857142857143 0.018095238095238095 0.025
7 0.7242857142857143 0.4317857142857143 0.018095238095238095 0.027857142857142858
7 0.7376190476190475 0.4228571428571429 0.01619047619047619 0.027142857142857142
7 0.6276190476190476 0.3846428571428571 0.013333333333333332 0.02642857142857143
7 0.6257142857142857 0.3757142857142857 0.011428571428571429 0.022857142857142857
7 0.638095238095238 0.38142857142857145 0.013333333333333332 0.022857142857142857
7 0.6542857142857142 0.38357142857142856 0.011428571428571429 0.02
7 0.6519047619047619 0.3960714285714286 0.014285714285714285 0.02642857142857143
7 0.6642857142857143 0.38 0.014285714285714285 0.025714285714285714
7 0.6504761904761904 0.37357142857142855 0.013333333333333332 0.024285714285714285
7 0.5995238095238095 0.36678571428571427 0.010476190476190476 0.019285714285714285
7 0.6861904761904761 0.39714285714285713 0.010476190476190476 0.024285714285714285
7 0.7166666666666666 0.41714285714285715 0.01238095238095238 0.024285714285714285
7 0.7152380952380952 0.41 0.011428571428571429 0.022857142857142857
7 0.7219047619047618 0.4042857142857143 0.011428571428571429 0.024285714285714285
7 0.7266666666666666 0.4 0.009523809523809523 0.02142857142857143
7 0.769047619047619 0.4317857142857143 0.018095238095238095 0.027857142857142858
7 0.7804761904761903 0.4275 0.010476190476190476 0.027857142857142858
7 0.7747619047619047 0.4185714285714286 0.010476190476190476 0.02142857142857143
7 0.7838095238095237 0.4182142857142857 0.011428571428571429 0.023571428571428573
7 0.8152380952380952 0.4332142857142857 0.011428571428571429 0.027857142857142858
7 0.8266666666666667 0.43107142857142855 0.011428571428571429 0.025
7 0.8285714285714286 0.4275 0.009523809523809523 0.025
7 0.7990476190476189 0.4657142857142857 0.013333333333333332 0.027142857142857142
7 0.8123809523809523 0.46535714285714286 0.013333333333333332 0.02642857142857143
7 0.8242857142857143 0.4825 0.018095238095238095 0.03214285714285714
7 0.8476190476190475 0.46464285714285714 0.017142857142857144 0.027857142857142858
7 0.7880952380952381 0.5171428571428571 0.018095238095238095 0.025714285714285714
7 0.8042857142857143 0.5085714285714286 0.01619047619047619 0.02857142857142857
7 0.8609523809523809 0.4617857142857143 0.013333333333333332 0.027857142857142858
7 0.8914285714285715 0.4717857142857143 0.02095238095238095 0.027857142857142858
7 0.9004761904761903 0.4664285714285714 0.018095238095238095 0.027142857142857142
7 0.8923809523809523 0.4525 0.013333333333333332 0.025
7 0.9052380952380952 0.4496428571428571 0.01619047619047619 0.025
7 0.84 0.5296428571428572 0.022857142857142857 0.03357142857142857
7 0.8514285714285714 0.5142857142857142 0.02857142857142857 0.024285714285714285
7 0.8614285714285714 0.51 0.01238095238095238 0.02142857142857143
7 0.8657142857142858 0.5496428571428571 0.02095238095238095 0.03214285714285714
7 0.8747619047619046 0.5453571428571429 0.02 0.03214285714285714
7 0.8847619047619046 0.5382142857142858 0.02095238095238095 0.03214285714285714
7 0.9514285714285714 0.5303571428571429 0.019047619047619046 0.029285714285714286
7 0.9571428571428572 0.5285714285714286 0.017142857142857144 0.024285714285714285
7 0.9604761904761904 0.5167857142857143 0.02 0.029285714285714286
7 0.7533333333333332 0.2725 0.009523809523809523 0.017857142857142856
7 0.8938095238095237 0.24964285714285714 0.010476190476190476 0.016428571428571428
7 0.9147619047619047 0.24607142857142858 0.006666666666666666 0.015
7 0.9466666666666667 0.31464285714285717 0.011428571428571429 0.017857142857142856
7 0.9866666666666666 0.4017857142857143 0.017142857142857144 0.02214285714285714