3 0.02333333333333333 0.36275 0.041333333333333326 0.0255
3 0.11933333333333333 0.36875 0.042666666666666665 0.0285
3 0.058 0.31475 0.036 0.0235
3 0.12733333333333333 0.29675 0.034666666666666665 0.0215
3 0.175 0.268 0.03266666666666666 0.02
1 0.101 0.26375 0.011333333333333332 0.0085
1 0.09133333333333332 0.26125 0.009333333333333332 0.0075
1 0.08133333333333333 0.258 0.012 0.009
8 0.08033333333333333 0.2555 0.004666666666666666 0.011
8 0.091 0.25875 0.007333333333333333 0.0085
8 0.09933333333333333 0.261 0.005333333333333333 0.009
3 0.29633333333333334 0.33425 0.03133333333333333 0.0255
3 0.2726666666666666 0.24775 0.029333333333333333 0.0165
11 0.2656666666666666 0.203 0.026 0.02
11 0.2673333333333333 0.18875 0.022666666666666665 0.0145
3 0.3413333333333333 0.17175 0.018666666666666665 0.0135
1 0.22366666666666665 0.1835 0.01 0.007
8 0.223 0.18075 0.006 0.0065
11 0.429 0.14 0.016666666666666663 0.01
2 0.35833333333333334 0.133 0.04066666666666666 0.032
3 0.3366666666666666 0.134 0.016 0.012
3 0.389 0.11275 0.018 0.0105
3 0.42433333333333334 0.098 0.016666666666666663 0.013
3 0.408 0.08675 0.014666666666666666 0.0085
3 0.4563333333333333 0.08725 0.014 0.0105
3 0.4496666666666666 0.0605 0.014 0.009
3 0.4546666666666666 0.041 0.013333333333333332 0.007
2 0.511 0.0365 0.01933333333333333 0.017
3 0.532 0.03575 0.010666666666666666 0.0075
3 0.48133333333333334 0.026 0.012 0.008
3 0.501 0.01325 0.011333333333333332 0.0065
3 0.52 0.0026666666666666666 0.0105 0.005333333333333333
3 0.545 0.013 0.01 0.009
3 0.5613333333333332 0.01075 0.009333333333333332 0.0075
4 0.364 0.0975 0.026666666666666665 0.011
4 0.402 0.07325 0.005333333333333333 0.0075
7 0.8183333333333332 0.28925 0.007333333333333333 0.0105
7 0.8343333333333333 0.28175 0.006 0.0105
7 0.888 0.298 0.005333333333333333 0.011
7 0.8673333333333333 0.26175 0.005333333333333333 0.0105
7 0.8753333333333333 0.26475 0.005333333333333333 0.0105
3 0.789 0.29275 0.03933333333333333 0.0145
3 0.7966666666666666 0.284 0.04 0.014
3 0.8026666666666666 0.27425 0.041333333333333326 0.0145
3 0.845 0.323 0.03666666666666667 0.022
3 0.8806666666666666 0.326 0.04 0.022
3 0.8943333333333332 0.28725 0.018 0.0185
3 0.8933333333333333 0.26925 0.017333333333333333 0.0165
11 0.9036666666666666 0.24875 0.038 0.0155
3 0.9143333333333332 0.2705 0.016666666666666663 0.017
3 0.9166666666666666 0.29025 0.017333333333333333 0.0205
3 0.9073333333333332 0.23925 0.03866666666666666 0.0135
7 0.8816666666666666 0.23575 0.006 0.0085
7 0.913 0.2305 0.004666666666666666 0.009
7 0.9166666666666666 0.23025 0.004 0.0095
3 0.99575 0.731 0.0085 0.037333333333333336
7 0.1403333333333333 0.697 0.020666666666666663 0.018
3 0.06366666666666666 0.648 0.05 0.049
3 0.096 0.61825 0.056 0.0405
3 0.127 0.595 0.05 0.036
3 0.15533333333333332 0.53375 0.056 0.0405
3 0.072 0.45725 0.048 0.0325
7 0.249 0.53425 0.01 0.0155
4 0.3123333333333333 0.36175 0.020666666666666663 0.0165
4 0.30133333333333334 0.381 0.025333333333333333 0.016
4 0.3306666666666666 0.34775 0.021333333333333333 0.0165
3 0.21966666666666665 0.7185 0.06733333333333333 0.031
3 0.18466666666666665 0.74025 0.08266666666666665 0.0185
3 0.8626666666666666 0.09275 0.013333333333333332 0.0105
3 0.8743333333333333 0.0815 0.012666666666666666 0.008
7 0.8136666666666666 0.139 0.006 0.008
3 0.983 0.09025 0.02733333333333333 0.0095
3 0.975 0.06775 0.015333333333333332 0.0105
3 0.9796666666666666 0.0845 0.011333333333333332 0.009
3 0.99975 0.101 0.0005 0.008
3 0.99925 0.10533333333333333 0.0015 0.007333333333333333
11 0.9913333333333333 0.10925 0.014666666666666666 0.0115
3 0.9153333333333332 0.0305 0.012 0.006
3 0.9043333333333332 0.02975 0.01 0.0075
3 0.8936666666666666 0.03 0.015333333333333332 0.007
3 0.8813333333333333 0.0285 0.016 0.009
4 0.8876666666666666 0.05375 0.05266666666666667 0.0415
4 0.944 0.04925 0.032 0.0325