11 0.9397208121827412 0.3360714285714285 0.05964467005076142 0.062142857142857146
11 0.6637055837563451 0.2142857142857143 0.048223350253807105 0.04285714285714286
3 0.8007614213197969 0.17892857142857144 0.04060913705583756 0.034999999999999996
2 0.9721428571428572 0.13578680203045684 0.055714285714285716 0.10532994923857868
11 0.8978426395939085 0.08857142857142856 0.04187817258883249 0.03857142857142857
3 0.7563451776649746 0.08107142857142857 0.03553299492385787 0.024999999999999998
3 0.799492385786802 0.015714285714285715 0.03553299492385787 0.02
10 0.7107142857142857 0.017766497461928935 0.060714285714285714 0.03553299492385787
7 0.17385786802030456 0.5410714285714285 0.02284263959390863 0.020714285714285713
7 0.12309644670050761 0.4725 0.02030456852791878 0.016428571428571428
7 0.20558375634517764 0.36392857142857143 0.027918781725888325 0.017857142857142856
8 0.44923857868020306 0.23892857142857143 0.01269035532994924 0.012142857142857141
8 0.524746192893401 0.16142857142857142 0.021573604060913708 0.012857142857142857
8 0.5348984771573604 0.11571428571428571 0.013959390862944163 0.008571428571428572
7 0.5697969543147209 0.1075 0.015228426395939087 0.010714285714285714
7 0.5653553299492386 0.045 0.008883248730964468 0.011428571428571429
7 0.6281725888324873 0.025357142857142856 0.01015228426395939 0.0064285714285714285
4 0.5710659898477157 0.02 0.030456852791878174 0.01
7 0.5190355329949239 0.017142857142857144 0.01269035532994924 0.008571428571428572
4 0.5723350253807107 0.007857142857142858 0.05076142131979696 0.011428571428571429
7 0.48921319796954316 0.4614285714285714 0.019035532994923856 0.014285714285714285
7 0.49555837563451777 0.4771428571428571 0.019035532994923856 0.015714285714285715
7 0.48223350253807107 0.47285714285714286 0.015228426395939087 0.011428571428571429
7 0.09137055837563451 0.5175 0.027918781725888325 0.015000000000000001
7 0.0932741116751269 0.5346428571428571 0.026649746192893398 0.012142857142857141
7 0.15609137055837563 0.4875 0.02030456852791878 0.012142857142857141
7 0.14720812182741116 0.49321428571428566 0.015228426395939087 0.012142857142857141
7 0.1446700507614213 0.44999999999999996 0.02284263959390863 0.012857142857142857
7 0.14974619289340102 0.44321428571428567 0.027918781725888325 0.015000000000000001
7 0.25951776649746194 0.40142857142857147 0.021573604060913708 0.017142857142857144
7 0.2436548223350254 0.40678571428571425 0.02284263959390863 0.017857142857142856
7 0.17639593908629442 0.40678571428571425 0.02030456852791878 0.012142857142857141
7 0.18274111675126903 0.4010714285714286 0.02538071065989848 0.013571428571428571
7 0.2284263959390863 0.33535714285714285 0.017766497461928935 0.016428571428571428
7 0.29949238578680204 0.30142857142857143 0.015228426395939087 0.012857142857142857
7 0.2956852791878173 0.31535714285714284 0.017766497461928935 0.016428571428571428
7 0.31281725888324874 0.3117857142857143 0.013959390862944163 0.012142857142857141
8 0.5076142131979696 0.19892857142857143 0.01015228426395939 0.010714285714285714
8 0.4866751269035533 0.2039285714285714 0.011421319796954314 0.012142857142857141
7 0.625 0.12428571428571429 0.013959390862944163 0.011428571428571429
7 0.6173857868020304 0.12607142857142856 0.011421319796954314 0.013571428571428571
7 0.47652284263959394 0.0525 0.011421319796954314 0.010714285714285714
7 0.46637055837563457 0.05321428571428571 0.013959390862944163 0.009285714285714286
7 0.5596446700507614 0.04928571428571429 0.01015228426395939 0.01
8 0.6205583756345178 0.025357142857142856 0.01269035532994924 0.0064285714285714285
8 0.5653553299492386 0.11321428571428571 0.013959390862944163 0.0064285714285714285