8 0.5571065989847717 0.4146428571428571 0.02030456852791878 0.017857142857142856
8 0.5678934010152283 0.4064285714285714 0.02918781725888325 0.012857142857142857
8 0.6307106598984772 0.38607142857142857 0.02284263959390863 0.015000000000000001
7 0.774746192893401 0.45035714285714284 0.019035532994923856 0.023571428571428573
7 0.9181472081218275 0.5557142857142857 0.04695431472081218 0.011428571428571429
7 0.934010152284264 0.4303571428571428 0.017766497461928935 0.017857142857142856
7 0.8845177664974619 0.42 0.015228426395939087 0.02142857142857143
7 0.8197969543147208 0.4164285714285714 0.015228426395939087 0.022857142857142857
8 0.8077411167512691 0.43357142857142855 0.021573604060913708 0.014285714285714285
8 0.5323604060913706 0.32785714285714285 0.01649746192893401 0.011428571428571429
8 0.524746192893401 0.32571428571428573 0.013959390862944163 0.014285714285714285
8 0.6116751269035533 0.19178571428571428 0.02030456852791878 0.012142857142857141
7 0.8718274111675126 0.17035714285714285 0.017766497461928935 0.020714285714285713
7 0.8851522842639594 0.1692857142857143 0.013959390862944163 0.018571428571428572
7 0.9460659898477157 0.07821428571428571 0.01649746192893401 0.016428571428571428
7 0.9428934010152283 0.07142857142857142 0.01015228426395939 0.017142857142857144
7 0.891497461928934 0.05321428571428571 0.011421319796954314 0.019285714285714285
7 0.9441624365482234 0.03357142857142857 0.015228426395939087 0.017142857142857144
8 0.9346446700507615 0.012499999999999999 0.013959390862944163 0.010714285714285714
7 0.9447969543147208 0.012857142857142857 0.013959390862944163 0.014285714285714285
4 0.6548223350253808 0.11249999999999999 0.053299492385786795 0.03071428571428571