11 0.43142857142857144 0.021904761904761906 0.05714285714285714 0.04380952380952381
7 0.40380952380952373 0.09892857142857144 0.013333333333333332 0.016428571428571428
7 0.38380952380952377 0.09642857142857143 0.015238095238095238 0.02142857142857143
7 0.37285714285714283 0.1125 0.01619047619047619 0.016428571428571428
3 0.3342857142857143 0.09857142857142857 0.02095238095238095 0.02
8 0.21285714285714286 0.19 0.01238095238095238 0.008571428571428572
1 0.239047619047619 0.20607142857142857 0.026666666666666665 0.012142857142857143
7 0.3757142857142857 0.19642857142857142 0.014285714285714285 0.02
9 0.46 0.16107142857142856 0.04761904761904761 0.04357142857142857
3 0.4 0.22535714285714287 0.08761904761904761 0.04071428571428572
11 0.23714285714285716 0.2982142857142857 0.08 0.02642857142857143
3 0.4942857142857143 0.35642857142857143 0.07238095238095238 0.05714285714285714
3 0.5561904761904761 0.4275 0.03428571428571429 0.05071428571428571
11 0.4742857142857143 0.5742857142857143 0.03809523809523809 0.08
11 0.17333333333333334 0.6339285714285714 0.10666666666666666 0.029285714285714286
3 0.05678571428571429 0.6419047619047619 0.11357142857142857 0.039047619047619046
3 0.14714285714285713 0.7371428571428571 0.11142857142857143 0.024285714285714285
2 0.7195238095238095 0.5285714285714286 0.050476190476190466 0.09857142857142857
10 0.6633333333333333 0.36642857142857144 0.07714285714285714 0.07
7 0.8685714285714285 0.31892857142857145 0.013333333333333332 0.017857142857142856
11 0.9266666666666666 0.23642857142857143 0.09523809523809522 0.032857142857142856
7 0.8219047619047618 0.1775 0.009523809523809523 0.017857142857142856
7 0.8223809523809523 0.10392857142857143 0.006666666666666666 0.019285714285714285
7 0.7338095238095238 0.1925 0.008571428571428572 0.017857142857142856
0 0.7514285714285714 0.18178571428571427 0.03238095238095238 0.04071428571428572
0 0.7366666666666666 0.12214285714285714 0.02 0.03428571428571429
3 0.7160714285714286 0.008095238095238095 0.030714285714285715 0.01619047619047619
2 0.6553571428571429 0.06095238095238095 0.05714285714285714 0.1219047619047619