3 0.708756345177665 0.05464285714285714 0.024111675126903553 0.017857142857142856
3 0.6516497461928934 0.2482142857142857 0.02918781725888325 0.029285714285714286
3 0.7239847715736041 0.3610714285714286 0.04187817258883249 0.03785714285714285
3 0.8096446700507615 0.42607142857142855 0.05076142131979696 0.043571428571428567
11 0.6802030456852791 0.14607142857142857 0.02284263959390863 0.029285714285714286
11 0.7741116751269036 0.3625 0.048223350253807105 0.045
11 0.8857868020304568 0.5317857142857143 0.05076142131979696 0.05071428571428571
11 0.766497461928934 0.5307142857142857 0.05076142131979696 0.048571428571428564
11 0.692258883248731 0.305 0.03426395939086294 0.032857142857142856
11 0.7950507614213198 0.16249999999999998 0.03426395939086294 0.03071428571428571
11 0.7607868020304568 0.16249999999999998 0.02918781725888325 0.03357142857142857
2 0.7519035532994923 0.41178571428571425 0.06472081218274112 0.065
2 0.6694162436548223 0.3510714285714286 0.08502538071065989 0.10357142857142856
11 0.6256345177664975 0.2882142857142857 0.03299492385786802 0.03071428571428571
2 0.8191624365482234 0.5089285714285714 0.1281725888324873 0.105
3 0.33883248730964466 0.22035714285714286 0.06598984771573604 0.020714285714285713
3 0.25 0.22999999999999998 0.06091370558375635 0.014285714285714285