7 0.5281488549618321 0.48140200286123036 0.020038167938931296 0.02861230329041488
7 0.9131679389312978 0.4417024320457797 0.01717557251908397 0.022174535050071532
3 0.6068702290076335 0.43204577968526464 0.05916030534351145 0.04148783977110158
3 0.6808206106870229 0.42989985693848354 0.06583969465648855 0.04291845493562232
3 0.5104961832061069 0.2446351931330472 0.015267175572519085 0.011444921316165951
11 0.7748091603053436 0.347997138769671 0.0534351145038168 0.030758226037195996
3 0.5577290076335878 0.3093705293276109 0.031488549618320615 0.022174535050071532
3 0.5076335877862596 0.31223175965665234 0.03053435114503817 0.02074391988555079
3 0.7433206106870229 0.33261802575107297 0.03053435114503817 0.022889842632331903
3 0.7146946564885496 0.3165236051502146 0.03435114503816794 0.015021459227467813
3 0.6903625954198473 0.3061516452074392 0.027671755725190837 0.015736766809728183
3 0.663645038167939 0.29542203147353363 0.027671755725190837 0.012875536480686697
3 0.6502862595419848 0.2843347639484979 0.029580152671755726 0.01072961373390558
2 0.6116412213740458 0.3508583690987125 0.08969465648854963 0.0765379113018598
7 0.11975190839694658 0.550071530758226 0.020038167938931296 0.04864091559370529
7 0.1493320610687023 0.5525751072961373 0.021946564885496185 0.03934191702432046
7 0.24475190839694655 0.31831187410586553 0.01812977099236641 0.01859799713876967
7 0.2791030534351145 0.5507868383404865 0.025763358778625955 0.034334763948497854
7 0.2948473282442748 0.5393419170243204 0.019083969465648856 0.025751072961373394
5 0.33540076335877866 0.5200286123032903 0.044847328244274814 0.031473533619456366
1 0.29150763358778625 0.5497138769670958 0.044847328244274814 0.02074391988555079
5 0.8501908396946566 0.3651645207439199 0.0267175572519084 0.012160228898426323
5 0.8325381679389314 0.35872675250357655 0.025763358778625955 0.013590844062947067
5 0.8249045801526718 0.3540772532188841 0.01812977099236641 0.012875536480686697
5 0.8134541984732824 0.3497854077253219 0.01622137404580153 0.015736766809728183
3 0.6345419847328244 0.27646638054363376 0.02480916030534351 0.012160228898426323
3 0.6187977099236641 0.271101573676681 0.02385496183206107 0.011444921316165951
7 0.6235687022900764 0.2882689556509299 0.008587786259541985 0.011444921316165951
3 0.4642175572519084 0.3490701001430615 0.03530534351145038 0.03862660944206008
7 0.387881679389313 0.2825464949928469 0.004770992366412214 0.012875536480686697
11 0.3702290076335878 0.2170958512160229 0.019083969465648856 0.0064377682403433485
11 0.5920801526717557 0.25643776824034337 0.01431297709923664 0.013590844062947067
3 0.5625 0.2521459227467811 0.01622137404580153 0.013590844062947067
3 0.5534351145038168 0.23569384835479257 0.011450381679389313 0.009298998569384835
3 0.5801526717557252 0.25071530758226035 0.01717557251908397 0.007868383404864092
3 0.4627862595419847 0.2528612303290415 0.01717557251908397 0.012160228898426323
3 0.5791984732824428 0.2510729613733905 0.009541984732824428 0.008583690987124463
3 0.5443702290076335 0.23140200286123033 0.01622137404580153 0.012160228898426323
3 0.525763358778626 0.23104434907010016 0.0133587786259542 0.011444921316165951
3 0.5095419847328244 0.2292560801144492 0.0133587786259542 0.012160228898426323
3 0.4642175572519084 0.22889842632331903 0.012404580152671756 0.008583690987124463
3 0.4389312977099237 0.2446351931330472 0.01717557251908397 0.012875536480686697
11 0.5262404580152672 0.22103004291845493 0.01622137404580153 0.008583690987124463
11 0.4856870229007634 0.24320457796852646 0.01717557251908397 0.015736766809728183
3 0.5057251908396947 0.21316165951359087 0.011450381679389313 0.008583690987124463
3 0.4770992366412214 0.2120886981402003 0.009541984732824428 0.0064377682403433485
7 0.4375 0.22889842632331903 0.0066793893129771 0.00715307582260372
3 0.4293893129770992 0.22818311874105865 0.011450381679389313 0.010014306151645207
3 0.5033396946564886 0.2013590844062947 0.0066793893129771 0.007868383404864092
2 0.4360687022900763 0.2145922746781116 0.01717557251908397 0.01859799713876967
3 0.4613549618320611 0.2010014306151645 0.01049618320610687 0.00715307582260372
3 0.4890267175572519 0.20493562231759657 0.008587786259541985 0.0064377682403433485
3 0.4470419847328244 0.1988555078683834 0.008587786259541985 0.005722460658082976
11 0.4389312977099237 0.20278969957081544 0.009541984732824428 0.01072961373390558
4 0.471851145038168 0.18991416309012876 0.05438931297709924 0.01931330472103004
4 0.4208015267175573 0.18061516452074391 0.03625954198473282 0.02074391988555079