3 0.8178934010152283 0.25535714285714284 0.03934010152284264 0.03642857142857143
3 0.825507614213198 0.21071428571428572 0.03680203045685279 0.03142857142857143
3 0.8851522842639594 0.03571428571428571 0.021573604060913708 0.02
3 0.8857868020304568 0.012142857142857141 0.02538071065989848 0.015714285714285715
3 0.9213197969543147 0.08642857142857142 0.02538071065989848 0.017142857142857144
3 0.9149746192893401 0.06392857142857142 0.02284263959390863 0.02214285714285714
3 0.940989847715736 0.4446428571428572 0.05456852791878173 0.062142857142857146
3 0.9390862944162437 0.5189285714285714 0.0634517766497462 0.075
3 0.9225888324873097 0.17392857142857143 0.03299492385786802 0.027857142857142858
3 0.924492385786802 0.20357142857142857 0.03680203045685279 0.024285714285714282
3 0.9282994923857867 0.23464285714285713 0.03426395939086294 0.029285714285714286
3 0.9295685279187818 0.2760714285714286 0.03680203045685279 0.03357142857142857
3 0.8369289340101522 0.11464285714285714 0.02918781725888325 0.02214285714285714
3 0.8445431472081218 0.06571428571428571 0.026649746192893398 0.018571428571428572
3 0.9143401015228426 0.03464285714285714 0.024111675126903553 0.013571428571428571
3 0.9156091370558376 0.04821428571428571 0.026649746192893398 0.016428571428571428
3 0.9137055837563453 0.010357142857142856 0.02284263959390863 0.019285714285714285
11 0.8515228426395939 0.023571428571428573 0.02284263959390863 0.017142857142857144
11 0.8489847715736041 0.045714285714285714 0.02284263959390863 0.017142857142857144
11 0.9232233502538072 0.1414285714285714 0.02918781725888325 0.025714285714285714
11 0.8318527918781725 0.1357142857142857 0.0317258883248731 0.022857142857142857
11 0.8286802030456853 0.17928571428571427 0.03807106598984771 0.027142857142857142
11 0.8147208121827412 0.3092857142857143 0.04568527918781726 0.04285714285714286
11 0.9321065989847717 0.32 0.049492385786802026 0.048571428571428564
11 0.9187817258883249 0.11857142857142856 0.030456852791878174 0.024285714285714282
11 0.9365482233502538 0.3803571428571428 0.05076142131979696 0.05071428571428571
11 0.8407360406091371 0.08214285714285714 0.026649746192893398 0.018571428571428572
7 0.7728426395939085 0.3214285714285714 0.02030456852791878 0.017142857142857144