2 0.7147495361781075 0.4843423799582464 0.13821892393320964 0.049060542797494784
5 0.025974025974025972 0.30427974947807934 0.01484230055658627 0.013569937369519834
8 0.1196660482374768 0.3207202505219207 0.01484230055658627 0.008872651356993737
8 0.12059369202226344 0.3191544885177453 0.012987012987012986 0.006784968684759917
5 0.057513914656771796 0.31002087682672236 0.02411873840445269 0.012526096033402925
9 0.062152133580705 0.3063674321503132 0.03339517625231911 0.010438413361169102
5 0.10621521335807049 0.31837160751565763 0.02133580705009276 0.012526096033402925
5 0.14935064935064934 0.3131524008350731 0.012987012987012986 0.010438413361169102
0 0.19109461966604824 0.3105427974947808 0.03710575139146567 0.017745302713987474
0 0.3014842300556586 0.2961899791231733 0.03525046382189239 0.021398747390396662
0 0.30936920222634506 0.3053235908141963 0.03061224489795918 0.020876826722338204
0 0.3307050092764378 0.3063674321503132 0.032467532467532464 0.019832985386221295
0 0.3557513914656772 0.3068893528183716 0.034322820037105746 0.02192066805845512
3 0.3831168831168831 0.23877870563674325 0.03339517625231911 0.016179540709812108
10 0.4114100185528757 0.2254697286012526 0.04545454545454545 0.020876826722338204
0 0.4174397031539888 0.2886221294363257 0.02040816326530612 0.020876826722338204
0 0.400278293135436 0.287839248434238 0.02133580705009276 0.020354906054279753
0 0.37059369202226344 0.2867954070981211 0.028756957328385898 0.024530271398747392
9 0.41975881261595543 0.3102818371607516 0.03061224489795918 0.018267223382045932
9 0.40306122448979587 0.3102818371607516 0.02133580705009276 0.014091858037578288
5 0.37012987012987014 0.3105427974947808 0.02040816326530612 0.013569937369519834
5 0.3826530612244898 0.31263048016701467 0.017625231910946195 0.013569937369519834
5 0.27365491651205937 0.31837160751565763 0.018552875695732836 0.012526096033402925
5 0.28617810760667906 0.31967640918580376 0.01948051948051948 0.012004175365344469
5 0.2935992578849722 0.32019832985386226 0.01948051948051948 0.01304801670146138
5 0.30241187384044527 0.32098121085594994 0.018552875695732836 0.011482254697286014
5 0.3112244897959183 0.32045929018789143 0.02133580705009276 0.011482254697286014
5 0.3195732838589981 0.3215031315240084 0.02133580705009276 0.010438413361169102
5 0.3395176252319109 0.3217640918580376 0.018552875695732836 0.012004175365344469
5 0.35157699443413726 0.3217640918580376 0.018552875695732836 0.012004175365344469
5 0.3594619666048237 0.3217640918580376 0.023191094619666047 0.01304801670146138
5 0.3826530612244898 0.32202505219206684 0.01948051948051948 0.013569937369519834
5 0.39378478664192945 0.3215031315240084 0.015769944341372914 0.013569937369519834
1 0.27365491651205937 0.357776617954071 0.012987012987012986 0.01096033402922756
5 0.28756957328385896 0.3562108559498956 0.02040816326530612 0.0151356993736952
9 0.30473098330241183 0.3564718162839249 0.03061224489795918 0.019832985386221295
5 0.3246753246753247 0.354384133611691 0.022263450834879406 0.014613778705636744
8 0.2569573283858998 0.3919624217118998 0.012987012987012986 0.013569937369519834
8 0.2653061224489796 0.3953549060542798 0.01484230055658627 0.007828810020876828
8 0.2717996289424861 0.3917014613778706 0.011131725417439703 0.006784968684759917
9 0.2666975881261595 0.3950939457202506 0.034322820037105746 0.013569937369519834
10 0.30705009276437845 0.3791753653444677 0.13729128014842298 0.03392484342379959
5 0.45176252319109456 0.30271398747390404 0.016697588126159554 0.008350730688935283
3 0.6011131725417439 0.33194154488517746 0.07235621521335805 0.017745302713987474
11 0.6869202226345084 0.34525052192066813 0.06586270871985157 0.018267223382045932
0 0.6897031539888683 0.3355949895615867 0.04545454545454545 0.015657620041753657
0 0.5811688311688312 0.31002087682672236 0.0398886827458256 0.020876826722338204
4 0.6071428571428571 0.3008872651356994 0.0640074211502783 0.024530271398747392
0 0.75 0.3773486430062631 0.0398886827458256 0.02922755741127349
3 0.8474025974025974 0.3663883089770355 0.08070500927643784 0.020876826722338204