4 0.6566666666666666 0.30142857142857143 0.008571428571428572 0.012857142857142857
4 0.6347619047619047 0.12714285714285714 0.021904761904761903 0.022857142857142857
4 0.6466666666666666 0.10678571428571429 0.013333333333333332 0.016428571428571428
4 0.6028571428571429 0.16392857142857142 0.02095238095238095 0.013571428571428571
4 0.6433333333333333 0.21428571428571427 0.0047619047619047615 0.007142857142857143
4 0.6023809523809524 0.24071428571428571 0.006666666666666666 0.017142857142857144
4 0.6342857142857142 0.17892857142857144 0.005714285714285714 0.0035714285714285713
8 0.40619047619047616 0.6471428571428571 0.006666666666666666 0.008571428571428572
8 0.4142857142857143 0.6410714285714286 0.005714285714285714 0.009285714285714286
7 0.5628571428571428 0.5392857142857143 0.005714285714285714 0.008571428571428572
7 0.5576190476190476 0.5146428571428572 0.002857142857142857 0.007857142857142858
7 0.5623809523809523 0.4982142857142857 0.002857142857142857 0.007857142857142858
7 0.5638095238095238 0.48428571428571426 0.0038095238095238095 0.008571428571428572
7 0.6638095238095237 0.32285714285714284 0.0019047619047619048 0.004285714285714286
7 0.65 0.2882142857142857 0.002857142857142857 0.005
10 0.5342857142857143 0.2671428571428571 0.013333333333333332 0.018571428571428572
4 0.6904761904761905 0.25 0.02095238095238095 0.011428571428571429
10 0.6261904761904762 0.15464285714285714 0.0047619047619047615 0.0064285714285714285
10 0.6309523809523809 0.14714285714285713 0.002857142857142857 0.004285714285714286
5 0.6852380952380952 0.6775 0.006666666666666666 0.015
3 0.7476190476190475 0.5610714285714286 0.019047619047619046 0.019285714285714285
11 0.7723809523809523 0.6482142857142857 0.02476190476190476 0.02642857142857143
6 0.5652380952380952 0.6614285714285715 0.06571428571428571 0.032857142857142856
7 0.6038095238095238 0.6689285714285714 0.0019047619047619048 0.010714285714285714
3 0.94 0.5025 0.015238095238095238 0.016428571428571428
3 0.9219047619047618 0.5139285714285714 0.015238095238095238 0.017857142857142856
4 0.6847619047619047 0.4442857142857143 0.009523809523809523 0.012857142857142857
4 0.67 0.4139285714285714 0.008571428571428572 0.007857142857142858
6 0.5609523809523809 0.4275 0.03238095238095238 0.055
4 0.3333333333333333 0.6035714285714285 0.013333333333333332 0.015714285714285715
10 0.45571428571428574 0.4057142857142857 0.018095238095238095 0.024285714285714285