2 0.7723809523809523 0.5160714285714286 0.05904761904761904 0.06642857142857143
3 0.7076190476190476 0.7053571428571429 0.05142857142857143 0.06642857142857143
3 0.9846428571428572 0.5647619047619048 0.030714285714285715 0.039047619047619046
3 0.738095238095238 0.41714285714285715 0.019047619047619046 0.02142857142857143
3 0.79 0.7246428571428571 0.056190476190476187 0.04928571428571429
3 0.7504761904761904 0.46785714285714286 0.026666666666666665 0.02
3 0.7733333333333332 0.4157142857142857 0.022857142857142857 0.017142857142857144
3 0.780952380952381 0.3678571428571429 0.015238095238095238 0.012857142857142857
3 0.7780952380952381 0.3314285714285714 0.011428571428571429 0.008571428571428572
3 0.7933333333333332 0.30107142857142855 0.009523809523809523 0.005
3 0.7957142857142857 0.30714285714285716 0.008571428571428572 0.005714285714285714
3 0.7928571428571428 0.2935714285714286 0.01238095238095238 0.005714285714285714
3 0.7814285714285715 0.2875 0.0047619047619047615 0.0035714285714285713
3 0.7957142857142857 0.26285714285714284 0.006666666666666666 0.005714285714285714
5 0.6495238095238095 0.5225 0.011428571428571429 0.017857142857142856
8 0.65 0.5125 0.006666666666666666 0.009285714285714286
3 0.7614285714285715 0.4357142857142857 0.023809523809523805 0.02142857142857143
3 0.7880952380952381 0.35285714285714287 0.014285714285714285 0.01
2 0.7604761904761904 0.3742857142857143 0.01619047619047619 0.02
7 0.7776190476190475 0.31857142857142856 0.002857142857142857 0.007142857142857143
7 0.7733333333333332 0.31857142857142856 0.0019047619047619048 0.007142857142857143
5 0.7671428571428571 0.3196428571428571 0.002857142857142857 0.0064285714285714285
5 0.7714285714285715 0.3067857142857143 0.0038095238095238095 0.0064285714285714285
5 0.7804761904761903 0.3125 0.0047619047619047615 0.0064285714285714285
5 0.7857142857142857 0.2814285714285714 0.0038095238095238095 0.005714285714285714
8 0.7857142857142857 0.28035714285714286 0.005714285714285714 0.005
8 0.7719047619047618 0.3053571428571429 0.002857142857142857 0.0035714285714285713
8 0.7804761904761903 0.31107142857142855 0.002857142857142857 0.002142857142857143
8 0.7671428571428571 0.31607142857142856 0.002857142857142857 0.0035714285714285713
8 0.9019047619047618 0.335 0.0038095238095238095 0.004285714285714286
5 0.9014285714285715 0.3385714285714286 0.006666666666666666 0.01
3 0.8628571428571429 0.29285714285714287 0.007619047619047619 0.004285714285714286
3 0.8457142857142858 0.2817857142857143 0.007619047619047619 0.005
3 0.8314285714285714 0.26321428571428573 0.005714285714285714 0.0035714285714285713
3 0.828095238095238 0.2532142857142857 0.0047619047619047615 0.0035714285714285713
3 0.84 0.26071428571428573 0.0038095238095238095 0.002857142857142857